item_index,prompt_template,prime_condition,prime_structure,prime_sentence,target_active,target_passive,agent_det,agent_noun,patient_det,patient_noun,verb_lemma,active_verb_form,passive_verb_form,message_role_order_json,prompt,sentence_stub,choice_target,active_choice_logprob,passive_choice_logprob,passive_minus_active_logprob,chosen_structure,passive_choice_indicator
0,role_labeled,active,active,a student drags a teacher .,a girl drags a guest .,a guest is dragged by a girl .,a,girl,a,guest,drag,drags,dragged,"[""AGENT=girl"", ""VERB=drag"", ""PATIENT=guest""]","Prime sentence: a student drags a teacher .
Event roles: AGENT=girl; VERB=drag; PATIENT=guest
Sentence: the",Sentence: the,first_noun,-1.9329338073730469,-6.353037357330322,-4.420103549957275,active,0.0
0,role_labeled,passive,passive,a teacher is dragged by a student .,a girl drags a guest .,a guest is dragged by a girl .,a,girl,a,guest,drag,drags,dragged,"[""AGENT=girl"", ""VERB=drag"", ""PATIENT=guest""]","Prime sentence: a teacher is dragged by a student .
Event roles: AGENT=girl; VERB=drag; PATIENT=guest
Sentence: the",Sentence: the,first_noun,-2.0691092014312744,-6.406189918518066,-4.337080717086792,active,0.0
0,role_labeled,no_prime_eos,no_prime_eos,,a girl drags a guest .,a guest is dragged by a girl .,a,girl,a,guest,drag,drags,dragged,"[""AGENT=girl"", ""VERB=drag"", ""PATIENT=guest""]","Event roles: AGENT=girl; VERB=drag; PATIENT=guest
Sentence: the",Sentence: the,first_noun,-2.0062100887298584,-5.067277908325195,-3.061067819595337,active,0.0
0,role_labeled,filler,filler,The witness paused near the doorway .,a girl drags a guest .,a guest is dragged by a girl .,a,girl,a,guest,drag,drags,dragged,"[""AGENT=girl"", ""VERB=drag"", ""PATIENT=guest""]","Prime sentence: The witness paused near the doorway .
Event roles: AGENT=girl; VERB=drag; PATIENT=guest
Sentence: the",Sentence: the,first_noun,-1.5145776271820068,-6.024588584899902,-4.5100109577178955,active,0.0
1,role_labeled,active,active,a guest beats a guy .,a student beats a teacher .,a teacher is beaten by a student .,a,student,a,teacher,beat,beats,beaten,"[""AGENT=student"", ""VERB=beat"", ""PATIENT=teacher""]","Prime sentence: a guest beats a guy .
Event roles: AGENT=student; VERB=beat; PATIENT=teacher
Sentence: the",Sentence: the,first_noun,-1.935882806777954,-2.9728004932403564,-1.0369176864624023,active,0.0
1,role_labeled,passive,passive,a guy is beaten by a guest .,a student beats a teacher .,a teacher is beaten by a student .,a,student,a,teacher,beat,beats,beaten,"[""AGENT=student"", ""VERB=beat"", ""PATIENT=teacher""]","Prime sentence: a guy is beaten by a guest .
Event roles: AGENT=student; VERB=beat; PATIENT=teacher
Sentence: the",Sentence: the,first_noun,-2.4554390907287598,-2.898470401763916,-0.44303131103515625,active,0.0
1,role_labeled,no_prime_eos,no_prime_eos,,a student beats a teacher .,a teacher is beaten by a student .,a,student,a,teacher,beat,beats,beaten,"[""AGENT=student"", ""VERB=beat"", ""PATIENT=teacher""]","Event roles: AGENT=student; VERB=beat; PATIENT=teacher
Sentence: the",Sentence: the,first_noun,-2.515270233154297,-3.2328553199768066,-0.7175850868225098,active,0.0
1,role_labeled,filler,filler,The kettle whistled in the kitchen .,a student beats a teacher .,a teacher is beaten by a student .,a,student,a,teacher,beat,beats,beaten,"[""AGENT=student"", ""VERB=beat"", ""PATIENT=teacher""]","Prime sentence: The kettle whistled in the kitchen .
Event roles: AGENT=student; VERB=beat; PATIENT=teacher
Sentence: the",Sentence: the,first_noun,-3.8274199962615967,-3.6131532192230225,0.21426677703857422,passive,1.0
2,role_labeled,active,active,an aunt kills an author .,a mayor kills a minister .,a minister is killed by a mayor .,a,mayor,a,minister,kill,kills,killed,"[""VERB=kill"", ""AGENT=mayor"", ""PATIENT=minister""]","Prime sentence: an aunt kills an author .
Event roles: VERB=kill; AGENT=mayor; PATIENT=minister
Sentence: the",Sentence: the,first_noun,-2.7528791427612305,-4.745199680328369,-1.9923205375671387,active,0.0
2,role_labeled,passive,passive,an author is killed by an aunt .,a mayor kills a minister .,a minister is killed by a mayor .,a,mayor,a,minister,kill,kills,killed,"[""VERB=kill"", ""AGENT=mayor"", ""PATIENT=minister""]","Prime sentence: an author is killed by an aunt .
Event roles: VERB=kill; AGENT=mayor; PATIENT=minister
Sentence: the",Sentence: the,first_noun,-2.5691614151000977,-5.222960472106934,-2.653799057006836,active,0.0
2,role_labeled,no_prime_eos,no_prime_eos,,a mayor kills a minister .,a minister is killed by a mayor .,a,mayor,a,minister,kill,kills,killed,"[""VERB=kill"", ""AGENT=mayor"", ""PATIENT=minister""]","Event roles: VERB=kill; AGENT=mayor; PATIENT=minister
Sentence: the",Sentence: the,first_noun,-2.802337884902954,-5.147102355957031,-2.344764471054077,active,0.0
2,role_labeled,filler,filler,The sculpture stood in the hallway .,a mayor kills a minister .,a minister is killed by a mayor .,a,mayor,a,minister,kill,kills,killed,"[""VERB=kill"", ""AGENT=mayor"", ""PATIENT=minister""]","Prime sentence: The sculpture stood in the hallway .
Event roles: VERB=kill; AGENT=mayor; PATIENT=minister
Sentence: the",Sentence: the,first_noun,-3.8011019229888916,-6.315625190734863,-2.5145232677459717,active,0.0
3,role_labeled,active,active,a wife hurries a winner .,a hero hurries a husband .,a husband is hurried by a hero .,a,hero,a,husband,hurry,hurries,hurried,"[""AGENT=hero"", ""PATIENT=husband"", ""VERB=hurry""]","Prime sentence: a wife hurries a winner .
Event roles: AGENT=hero; PATIENT=husband; VERB=hurry
Sentence: the",Sentence: the,first_noun,-4.866459369659424,-3.682727336883545,1.183732032775879,passive,1.0
3,role_labeled,passive,passive,a winner is hurried by a wife .,a hero hurries a husband .,a husband is hurried by a hero .,a,hero,a,husband,hurry,hurries,hurried,"[""AGENT=hero"", ""PATIENT=husband"", ""VERB=hurry""]","Prime sentence: a winner is hurried by a wife .
Event roles: AGENT=hero; PATIENT=husband; VERB=hurry
Sentence: the",Sentence: the,first_noun,-4.7452287673950195,-3.9931302070617676,0.752098560333252,passive,1.0
3,role_labeled,no_prime_eos,no_prime_eos,,a hero hurries a husband .,a husband is hurried by a hero .,a,hero,a,husband,hurry,hurries,hurried,"[""AGENT=hero"", ""PATIENT=husband"", ""VERB=hurry""]","Event roles: AGENT=hero; PATIENT=husband; VERB=hurry
Sentence: the",Sentence: the,first_noun,-3.107334613800049,-5.059104919433594,-1.951770305633545,active,0.0
3,role_labeled,filler,filler,The tourist wandered through the plaza .,a hero hurries a husband .,a husband is hurried by a hero .,a,hero,a,husband,hurry,hurries,hurried,"[""AGENT=hero"", ""PATIENT=husband"", ""VERB=hurry""]","Prime sentence: The tourist wandered through the plaza .
Event roles: AGENT=hero; PATIENT=husband; VERB=hurry
Sentence: the",Sentence: the,first_noun,-5.489877700805664,-4.998023986816406,0.4918537139892578,passive,1.0
4,role_labeled,active,active,a wife judges a winner .,a hero judges a husband .,a husband is judged by a hero .,a,hero,a,husband,judg,judges,judged,"[""VERB=judg"", ""PATIENT=husband"", ""AGENT=hero""]","Prime sentence: a wife judges a winner .
Event roles: VERB=judg; PATIENT=husband; AGENT=hero
Sentence: the",Sentence: the,first_noun,-4.451576232910156,-3.8271965980529785,0.6243796348571777,passive,1.0
4,role_labeled,passive,passive,a winner is judged by a wife .,a hero judges a husband .,a husband is judged by a hero .,a,hero,a,husband,judg,judges,judged,"[""VERB=judg"", ""PATIENT=husband"", ""AGENT=hero""]","Prime sentence: a winner is judged by a wife .
Event roles: VERB=judg; PATIENT=husband; AGENT=hero
Sentence: the",Sentence: the,first_noun,-4.43923282623291,-3.991572856903076,0.447659969329834,passive,1.0
4,role_labeled,no_prime_eos,no_prime_eos,,a hero judges a husband .,a husband is judged by a hero .,a,hero,a,husband,judg,judges,judged,"[""VERB=judg"", ""PATIENT=husband"", ""AGENT=hero""]","Event roles: VERB=judg; PATIENT=husband; AGENT=hero
Sentence: the",Sentence: the,first_noun,-4.020665645599365,-5.2913498878479,-1.2706842422485352,active,0.0
4,role_labeled,filler,filler,The traveler rested beside the river .,a hero judges a husband .,a husband is judged by a hero .,a,hero,a,husband,judg,judges,judged,"[""VERB=judg"", ""PATIENT=husband"", ""AGENT=hero""]","Prime sentence: The traveler rested beside the river .
Event roles: VERB=judg; PATIENT=husband; AGENT=hero
Sentence: the",Sentence: the,first_noun,-5.59891414642334,-5.536623477935791,0.06229066848754883,passive,1.0
5,role_labeled,active,active,a president drags a priest .,a champion drags a chief .,a chief is dragged by a champion .,a,champion,a,chief,drag,drags,dragged,"[""VERB=drag"", ""PATIENT=chief"", ""AGENT=champion""]","Prime sentence: a president drags a priest .
Event roles: VERB=drag; PATIENT=chief; AGENT=champion
Sentence: the",Sentence: the,first_noun,-8.207857131958008,-5.018886566162109,3.1889705657958984,passive,1.0
5,role_labeled,passive,passive,a priest is dragged by a president .,a champion drags a chief .,a chief is dragged by a champion .,a,champion,a,chief,drag,drags,dragged,"[""VERB=drag"", ""PATIENT=chief"", ""AGENT=champion""]","Prime sentence: a priest is dragged by a president .
Event roles: VERB=drag; PATIENT=chief; AGENT=champion
Sentence: the",Sentence: the,first_noun,-7.425361633300781,-4.961844444274902,2.463517189025879,passive,1.0
5,role_labeled,no_prime_eos,no_prime_eos,,a champion drags a chief .,a chief is dragged by a champion .,a,champion,a,chief,drag,drags,dragged,"[""VERB=drag"", ""PATIENT=chief"", ""AGENT=champion""]","Event roles: VERB=drag; PATIENT=chief; AGENT=champion
Sentence: the",Sentence: the,first_noun,-5.622526168823242,-4.791573524475098,0.8309526443481445,passive,1.0
5,role_labeled,filler,filler,The package arrived before noon .,a champion drags a chief .,a chief is dragged by a champion .,a,champion,a,chief,drag,drags,dragged,"[""VERB=drag"", ""PATIENT=chief"", ""AGENT=champion""]","Prime sentence: The package arrived before noon .
Event roles: VERB=drag; PATIENT=chief; AGENT=champion
Sentence: the",Sentence: the,first_noun,-7.0889997482299805,-6.12601900100708,0.9629807472229004,passive,1.0
6,role_labeled,active,active,a buddy destroys a candidate .,a parent destroys a partner .,a partner is destroyed by a parent .,a,parent,a,partner,destroy,destroys,destroyed,"[""VERB=destroy"", ""AGENT=parent"", ""PATIENT=partner""]","Prime sentence: a buddy destroys a candidate .
Event roles: VERB=destroy; AGENT=parent; PATIENT=partner
Sentence: the",Sentence: the,first_noun,-5.171663284301758,-5.377479076385498,-0.20581579208374023,active,0.0
6,role_labeled,passive,passive,a candidate is destroyed by a buddy .,a parent destroys a partner .,a partner is destroyed by a parent .,a,parent,a,partner,destroy,destroys,destroyed,"[""VERB=destroy"", ""AGENT=parent"", ""PATIENT=partner""]","Prime sentence: a candidate is destroyed by a buddy .
Event roles: VERB=destroy; AGENT=parent; PATIENT=partner
Sentence: the",Sentence: the,first_noun,-5.104391098022461,-5.255727767944336,-0.151336669921875,active,0.0
6,role_labeled,no_prime_eos,no_prime_eos,,a parent destroys a partner .,a partner is destroyed by a parent .,a,parent,a,partner,destroy,destroys,destroyed,"[""VERB=destroy"", ""AGENT=parent"", ""PATIENT=partner""]","Event roles: VERB=destroy; AGENT=parent; PATIENT=partner
Sentence: the",Sentence: the,first_noun,-4.550610542297363,-6.9481892585754395,-2.397578716278076,active,0.0
6,role_labeled,filler,filler,The package arrived before noon .,a parent destroys a partner .,a partner is destroyed by a parent .,a,parent,a,partner,destroy,destroys,destroyed,"[""VERB=destroy"", ""AGENT=parent"", ""PATIENT=partner""]","Prime sentence: The package arrived before noon .
Event roles: VERB=destroy; AGENT=parent; PATIENT=partner
Sentence: the",Sentence: the,first_noun,-5.507434844970703,-7.672754287719727,-2.1653194427490234,active,0.0
7,role_labeled,active,active,a boy discovers a brother .,a nurse discovers an opponent .,an opponent is discovered by a nurse .,a,nurse,an,opponent,discover,discovers,discovered,"[""PATIENT=opponent"", ""AGENT=nurse"", ""VERB=discover""]","Prime sentence: a boy discovers a brother .
Event roles: PATIENT=opponent; AGENT=nurse; VERB=discover
Sentence: the",Sentence: the,first_noun,-4.057199478149414,-7.73062801361084,-3.673428535461426,active,0.0
7,role_labeled,passive,passive,a brother is discovered by a boy .,a nurse discovers an opponent .,an opponent is discovered by a nurse .,a,nurse,an,opponent,discover,discovers,discovered,"[""PATIENT=opponent"", ""AGENT=nurse"", ""VERB=discover""]","Prime sentence: a brother is discovered by a boy .
Event roles: PATIENT=opponent; AGENT=nurse; VERB=discover
Sentence: the",Sentence: the,first_noun,-3.869722843170166,-7.37253475189209,-3.502811908721924,active,0.0
7,role_labeled,no_prime_eos,no_prime_eos,,a nurse discovers an opponent .,an opponent is discovered by a nurse .,a,nurse,an,opponent,discover,discovers,discovered,"[""PATIENT=opponent"", ""AGENT=nurse"", ""VERB=discover""]","Event roles: PATIENT=opponent; AGENT=nurse; VERB=discover
Sentence: the",Sentence: the,first_noun,-3.1902565956115723,-6.273134231567383,-3.0828776359558105,active,0.0
7,role_labeled,filler,filler,The blanket dried on the line .,a nurse discovers an opponent .,an opponent is discovered by a nurse .,a,nurse,an,opponent,discover,discovers,discovered,"[""PATIENT=opponent"", ""AGENT=nurse"", ""VERB=discover""]","Prime sentence: The blanket dried on the line .
Event roles: PATIENT=opponent; AGENT=nurse; VERB=discover
Sentence: the",Sentence: the,first_noun,-4.3572998046875,-8.289918899536133,-3.932619094848633,active,0.0
8,role_labeled,active,active,an actress chases an adult .,a leader chases a man .,a man is chased by a leader .,a,leader,a,man,chas,chases,chased,"[""VERB=chas"", ""AGENT=leader"", ""PATIENT=man""]","Prime sentence: an actress chases an adult .
Event roles: VERB=chas; AGENT=leader; PATIENT=man
Sentence: the",Sentence: the,first_noun,-5.381277561187744,-4.168421268463135,1.2128562927246094,passive,1.0
8,role_labeled,passive,passive,an adult is chased by an actress .,a leader chases a man .,a man is chased by a leader .,a,leader,a,man,chas,chases,chased,"[""VERB=chas"", ""AGENT=leader"", ""PATIENT=man""]","Prime sentence: an adult is chased by an actress .
Event roles: VERB=chas; AGENT=leader; PATIENT=man
Sentence: the",Sentence: the,first_noun,-5.497783660888672,-3.8076486587524414,1.6901350021362305,passive,1.0
8,role_labeled,no_prime_eos,no_prime_eos,,a leader chases a man .,a man is chased by a leader .,a,leader,a,man,chas,chases,chased,"[""VERB=chas"", ""AGENT=leader"", ""PATIENT=man""]","Event roles: VERB=chas; AGENT=leader; PATIENT=man
Sentence: the",Sentence: the,first_noun,-4.079389572143555,-4.539772033691406,-0.46038246154785156,active,0.0
8,role_labeled,filler,filler,The teacher listened during assembly .,a leader chases a man .,a man is chased by a leader .,a,leader,a,man,chas,chases,chased,"[""VERB=chas"", ""AGENT=leader"", ""PATIENT=man""]","Prime sentence: The teacher listened during assembly .
Event roles: VERB=chas; AGENT=leader; PATIENT=man
Sentence: the",Sentence: the,first_noun,-3.0097126960754395,-4.1789774894714355,-1.169264793395996,active,0.0
9,role_labeled,active,active,a chief teaches a child .,a president teaches a priest .,a priest is taught by a president .,a,president,a,priest,teach,teaches,taught,"[""AGENT=president"", ""VERB=teach"", ""PATIENT=priest""]","Prime sentence: a chief teaches a child .
Event roles: AGENT=president; VERB=teach; PATIENT=priest
Sentence: the",Sentence: the,first_noun,-3.3883650302886963,-3.785022735595703,-0.39665770530700684,active,0.0
9,role_labeled,passive,passive,a child is taught by a chief .,a president teaches a priest .,a priest is taught by a president .,a,president,a,priest,teach,teaches,taught,"[""AGENT=president"", ""VERB=teach"", ""PATIENT=priest""]","Prime sentence: a child is taught by a chief .
Event roles: AGENT=president; VERB=teach; PATIENT=priest
Sentence: the",Sentence: the,first_noun,-3.6666693687438965,-3.7097973823547363,-0.043128013610839844,active,0.0
9,role_labeled,no_prime_eos,no_prime_eos,,a president teaches a priest .,a priest is taught by a president .,a,president,a,priest,teach,teaches,taught,"[""AGENT=president"", ""VERB=teach"", ""PATIENT=priest""]","Event roles: AGENT=president; VERB=teach; PATIENT=priest
Sentence: the",Sentence: the,first_noun,-3.3506762981414795,-4.168792724609375,-0.8181164264678955,active,0.0
9,role_labeled,filler,filler,The lantern glowed near sunset .,a president teaches a priest .,a priest is taught by a president .,a,president,a,priest,teach,teaches,taught,"[""AGENT=president"", ""VERB=teach"", ""PATIENT=priest""]","Prime sentence: The lantern glowed near sunset .
Event roles: AGENT=president; VERB=teach; PATIENT=priest
Sentence: the",Sentence: the,first_noun,-4.975815773010254,-4.764618873596191,0.2111968994140625,passive,1.0
10,role_labeled,active,active,a kid understands a king .,a winner understands a woman .,a woman is understood by a winner .,a,winner,a,woman,understand,understands,understood,"[""VERB=understand"", ""AGENT=winner"", ""PATIENT=woman""]","Prime sentence: a kid understands a king .
Event roles: VERB=understand; AGENT=winner; PATIENT=woman
Sentence: the",Sentence: the,first_noun,-6.970743179321289,-4.838105201721191,2.1326379776000977,passive,1.0
10,role_labeled,passive,passive,a king is understood by a kid .,a winner understands a woman .,a woman is understood by a winner .,a,winner,a,woman,understand,understands,understood,"[""VERB=understand"", ""AGENT=winner"", ""PATIENT=woman""]","Prime sentence: a king is understood by a kid .
Event roles: VERB=understand; AGENT=winner; PATIENT=woman
Sentence: the",Sentence: the,first_noun,-7.5349016189575195,-4.826061248779297,2.7088403701782227,passive,1.0
10,role_labeled,no_prime_eos,no_prime_eos,,a winner understands a woman .,a woman is understood by a winner .,a,winner,a,woman,understand,understands,understood,"[""VERB=understand"", ""AGENT=winner"", ""PATIENT=woman""]","Event roles: VERB=understand; AGENT=winner; PATIENT=woman
Sentence: the",Sentence: the,first_noun,-4.859649658203125,-3.456373929977417,1.403275728225708,passive,1.0
10,role_labeled,filler,filler,The pillow rested on the sofa .,a winner understands a woman .,a woman is understood by a winner .,a,winner,a,woman,understand,understands,understood,"[""VERB=understand"", ""AGENT=winner"", ""PATIENT=woman""]","Prime sentence: The pillow rested on the sofa .
Event roles: VERB=understand; AGENT=winner; PATIENT=woman
Sentence: the",Sentence: the,first_noun,-9.470009803771973,-4.807009696960449,4.663000106811523,passive,1.0
11,role_labeled,active,active,a king beats a lady .,a woman beats a worker .,a worker is beaten by a woman .,a,woman,a,worker,beat,beats,beaten,"[""VERB=beat"", ""AGENT=woman"", ""PATIENT=worker""]","Prime sentence: a king beats a lady .
Event roles: VERB=beat; AGENT=woman; PATIENT=worker
Sentence: the",Sentence: the,first_noun,-3.87908935546875,-6.5400800704956055,-2.6609907150268555,active,0.0
11,role_labeled,passive,passive,a lady is beaten by a king .,a woman beats a worker .,a worker is beaten by a woman .,a,woman,a,worker,beat,beats,beaten,"[""VERB=beat"", ""AGENT=woman"", ""PATIENT=worker""]","Prime sentence: a lady is beaten by a king .
Event roles: VERB=beat; AGENT=woman; PATIENT=worker
Sentence: the",Sentence: the,first_noun,-3.570889949798584,-6.0323991775512695,-2.4615092277526855,active,0.0
11,role_labeled,no_prime_eos,no_prime_eos,,a woman beats a worker .,a worker is beaten by a woman .,a,woman,a,worker,beat,beats,beaten,"[""VERB=beat"", ""AGENT=woman"", ""PATIENT=worker""]","Event roles: VERB=beat; AGENT=woman; PATIENT=worker
Sentence: the",Sentence: the,first_noun,-2.7985453605651855,-4.972169399261475,-2.173624038696289,active,0.0
11,role_labeled,filler,filler,The lantern glowed near sunset .,a woman beats a worker .,a worker is beaten by a woman .,a,woman,a,worker,beat,beats,beaten,"[""VERB=beat"", ""AGENT=woman"", ""PATIENT=worker""]","Prime sentence: The lantern glowed near sunset .
Event roles: VERB=beat; AGENT=woman; PATIENT=worker
Sentence: the",Sentence: the,first_noun,-3.909001111984253,-6.228161811828613,-2.3191606998443604,active,0.0
12,role_labeled,active,active,a husband kisses a kid .,a wife kisses a winner .,a winner is kissed by a wife .,a,wife,a,winner,kiss,kisses,kissed,"[""VERB=kiss"", ""PATIENT=winner"", ""AGENT=wife""]","Prime sentence: a husband kisses a kid .
Event roles: VERB=kiss; PATIENT=winner; AGENT=wife
Sentence: the",Sentence: the,first_noun,-3.24764347076416,-6.649778366088867,-3.402134895324707,active,0.0
12,role_labeled,passive,passive,a kid is kissed by a husband .,a wife kisses a winner .,a winner is kissed by a wife .,a,wife,a,winner,kiss,kisses,kissed,"[""VERB=kiss"", ""PATIENT=winner"", ""AGENT=wife""]","Prime sentence: a kid is kissed by a husband .
Event roles: VERB=kiss; PATIENT=winner; AGENT=wife
Sentence: the",Sentence: the,first_noun,-3.4939889907836914,-6.310596942901611,-2.81660795211792,active,0.0
12,role_labeled,no_prime_eos,no_prime_eos,,a wife kisses a winner .,a winner is kissed by a wife .,a,wife,a,winner,kiss,kisses,kissed,"[""VERB=kiss"", ""PATIENT=winner"", ""AGENT=wife""]","Event roles: VERB=kiss; PATIENT=winner; AGENT=wife
Sentence: the",Sentence: the,first_noun,-4.454429626464844,-4.98499059677124,-0.5305609703063965,active,0.0
12,role_labeled,filler,filler,The tourist wandered through the plaza .,a wife kisses a winner .,a winner is kissed by a wife .,a,wife,a,winner,kiss,kisses,kissed,"[""VERB=kiss"", ""PATIENT=winner"", ""AGENT=wife""]","Prime sentence: The tourist wandered through the plaza .
Event roles: VERB=kiss; PATIENT=winner; AGENT=wife
Sentence: the",Sentence: the,first_noun,-4.908754348754883,-7.488976001739502,-2.580221652984619,active,0.0
13,role_labeled,active,active,a cousin asks a daughter .,a professor asks a reader .,a reader is asked by a professor .,a,professor,a,reader,ask,asks,asked,"[""PATIENT=reader"", ""VERB=ask"", ""AGENT=professor""]","Prime sentence: a cousin asks a daughter .
Event roles: PATIENT=reader; VERB=ask; AGENT=professor
Sentence: the",Sentence: the,first_noun,-3.794947385787964,-6.068698883056641,-2.2737514972686768,active,0.0
13,role_labeled,passive,passive,a daughter is asked by a cousin .,a professor asks a reader .,a reader is asked by a professor .,a,professor,a,reader,ask,asks,asked,"[""PATIENT=reader"", ""VERB=ask"", ""AGENT=professor""]","Prime sentence: a daughter is asked by a cousin .
Event roles: PATIENT=reader; VERB=ask; AGENT=professor
Sentence: the",Sentence: the,first_noun,-3.7680864334106445,-5.43850040435791,-1.6704139709472656,active,0.0
13,role_labeled,no_prime_eos,no_prime_eos,,a professor asks a reader .,a reader is asked by a professor .,a,professor,a,reader,ask,asks,asked,"[""PATIENT=reader"", ""VERB=ask"", ""AGENT=professor""]","Event roles: PATIENT=reader; VERB=ask; AGENT=professor
Sentence: the",Sentence: the,first_noun,-4.143527507781982,-5.183228015899658,-1.0397005081176758,active,0.0
13,role_labeled,filler,filler,The sculpture stood in the hallway .,a professor asks a reader .,a reader is asked by a professor .,a,professor,a,reader,ask,asks,asked,"[""PATIENT=reader"", ""VERB=ask"", ""AGENT=professor""]","Prime sentence: The sculpture stood in the hallway .
Event roles: PATIENT=reader; VERB=ask; AGENT=professor
Sentence: the",Sentence: the,first_noun,-3.8217291831970215,-6.524725914001465,-2.7029967308044434,active,0.0
14,role_labeled,active,active,a scientist describes a secretary .,a daughter describes a doctor .,a doctor is described by a daughter .,a,daughter,a,doctor,describ,describes,described,"[""VERB=describ"", ""AGENT=daughter"", ""PATIENT=doctor""]","Prime sentence: a scientist describes a secretary .
Event roles: VERB=describ; AGENT=daughter; PATIENT=doctor
Sentence: the",Sentence: the,first_noun,-4.997706413269043,-2.7433435916900635,2.2543628215789795,passive,1.0
14,role_labeled,passive,passive,a secretary is described by a scientist .,a daughter describes a doctor .,a doctor is described by a daughter .,a,daughter,a,doctor,describ,describes,described,"[""VERB=describ"", ""AGENT=daughter"", ""PATIENT=doctor""]","Prime sentence: a secretary is described by a scientist .
Event roles: VERB=describ; AGENT=daughter; PATIENT=doctor
Sentence: the",Sentence: the,first_noun,-5.609652996063232,-3.1847076416015625,2.42494535446167,passive,1.0
14,role_labeled,no_prime_eos,no_prime_eos,,a daughter describes a doctor .,a doctor is described by a daughter .,a,daughter,a,doctor,describ,describes,described,"[""VERB=describ"", ""AGENT=daughter"", ""PATIENT=doctor""]","Event roles: VERB=describ; AGENT=daughter; PATIENT=doctor
Sentence: the",Sentence: the,first_noun,-5.518735885620117,-3.368147373199463,2.1505885124206543,passive,1.0
14,role_labeled,filler,filler,The singer smiled after rehearsal .,a daughter describes a doctor .,a doctor is described by a daughter .,a,daughter,a,doctor,describ,describes,described,"[""VERB=describ"", ""AGENT=daughter"", ""PATIENT=doctor""]","Prime sentence: The singer smiled after rehearsal .
Event roles: VERB=describ; AGENT=daughter; PATIENT=doctor
Sentence: the",Sentence: the,first_noun,-5.593204498291016,-3.3164474964141846,2.276757001876831,passive,1.0
15,role_labeled,active,active,a mother carries a nurse .,an author carries a bishop .,a bishop is carried by an author .,an,author,a,bishop,carry,carries,carried,"[""PATIENT=bishop"", ""AGENT=author"", ""VERB=carry""]","Prime sentence: a mother carries a nurse .
Event roles: PATIENT=bishop; AGENT=author; VERB=carry
Sentence: the",Sentence: the,first_noun,-5.925228595733643,-3.7761120796203613,2.1491165161132812,passive,1.0
15,role_labeled,passive,passive,a nurse is carried by a mother .,an author carries a bishop .,a bishop is carried by an author .,an,author,a,bishop,carry,carries,carried,"[""PATIENT=bishop"", ""AGENT=author"", ""VERB=carry""]","Prime sentence: a nurse is carried by a mother .
Event roles: PATIENT=bishop; AGENT=author; VERB=carry
Sentence: the",Sentence: the,first_noun,-5.543725967407227,-3.6378891468048096,1.905836820602417,passive,1.0
15,role_labeled,no_prime_eos,no_prime_eos,,an author carries a bishop .,a bishop is carried by an author .,an,author,a,bishop,carry,carries,carried,"[""PATIENT=bishop"", ""AGENT=author"", ""VERB=carry""]","Event roles: PATIENT=bishop; AGENT=author; VERB=carry
Sentence: the",Sentence: the,first_noun,-4.607097625732422,-4.252137184143066,0.35496044158935547,passive,1.0
15,role_labeled,filler,filler,The sculpture stood in the hallway .,an author carries a bishop .,a bishop is carried by an author .,an,author,a,bishop,carry,carries,carried,"[""PATIENT=bishop"", ""AGENT=author"", ""VERB=carry""]","Prime sentence: The sculpture stood in the hallway .
Event roles: PATIENT=bishop; AGENT=author; VERB=carry
Sentence: the",Sentence: the,first_noun,-6.052943229675293,-4.826860427856445,1.2260828018188477,passive,1.0
16,role_labeled,active,active,a buddy joins a candidate .,a parent joins a partner .,a partner is joined by a parent .,a,parent,a,partner,join,joins,joined,"[""VERB=join"", ""AGENT=parent"", ""PATIENT=partner""]","Prime sentence: a buddy joins a candidate .
Event roles: VERB=join; AGENT=parent; PATIENT=partner
Sentence: the",Sentence: the,first_noun,-4.784287452697754,-5.106680393218994,-0.32239294052124023,active,0.0
16,role_labeled,passive,passive,a candidate is joined by a buddy .,a parent joins a partner .,a partner is joined by a parent .,a,parent,a,partner,join,joins,joined,"[""VERB=join"", ""AGENT=parent"", ""PATIENT=partner""]","Prime sentence: a candidate is joined by a buddy .
Event roles: VERB=join; AGENT=parent; PATIENT=partner
Sentence: the",Sentence: the,first_noun,-4.612825870513916,-5.231755256652832,-0.618929386138916,active,0.0
16,role_labeled,no_prime_eos,no_prime_eos,,a parent joins a partner .,a partner is joined by a parent .,a,parent,a,partner,join,joins,joined,"[""VERB=join"", ""AGENT=parent"", ""PATIENT=partner""]","Event roles: VERB=join; AGENT=parent; PATIENT=partner
Sentence: the",Sentence: the,first_noun,-4.428816795349121,-6.616368770599365,-2.187551975250244,active,0.0
16,role_labeled,filler,filler,The window rattled during the storm .,a parent joins a partner .,a partner is joined by a parent .,a,parent,a,partner,join,joins,joined,"[""VERB=join"", ""AGENT=parent"", ""PATIENT=partner""]","Prime sentence: The window rattled during the storm .
Event roles: VERB=join; AGENT=parent; PATIENT=partner
Sentence: the",Sentence: the,first_noun,-7.48236608505249,-8.813446044921875,-1.3310799598693848,active,0.0
17,role_labeled,active,active,a wife protects a winner .,a hero protects a husband .,a husband is protected by a hero .,a,hero,a,husband,protect,protects,protected,"[""PATIENT=husband"", ""AGENT=hero"", ""VERB=protect""]","Prime sentence: a wife protects a winner .
Event roles: PATIENT=husband; AGENT=hero; VERB=protect
Sentence: the",Sentence: the,first_noun,-4.03800106048584,-3.449580192565918,0.5884208679199219,passive,1.0
17,role_labeled,passive,passive,a winner is protected by a wife .,a hero protects a husband .,a husband is protected by a hero .,a,hero,a,husband,protect,protects,protected,"[""PATIENT=husband"", ""AGENT=hero"", ""VERB=protect""]","Prime sentence: a winner is protected by a wife .
Event roles: PATIENT=husband; AGENT=hero; VERB=protect
Sentence: the",Sentence: the,first_noun,-3.6396117210388184,-3.7374110221862793,-0.09779930114746094,active,0.0
17,role_labeled,no_prime_eos,no_prime_eos,,a hero protects a husband .,a husband is protected by a hero .,a,hero,a,husband,protect,protects,protected,"[""PATIENT=husband"", ""AGENT=hero"", ""VERB=protect""]","Event roles: PATIENT=husband; AGENT=hero; VERB=protect
Sentence: the",Sentence: the,first_noun,-3.01082181930542,-4.752048015594482,-1.7412261962890625,active,0.0
17,role_labeled,filler,filler,The teacher listened during assembly .,a hero protects a husband .,a husband is protected by a hero .,a,hero,a,husband,protect,protects,protected,"[""PATIENT=husband"", ""AGENT=hero"", ""VERB=protect""]","Prime sentence: The teacher listened during assembly .
Event roles: PATIENT=husband; AGENT=hero; VERB=protect
Sentence: the",Sentence: the,first_noun,-4.466735363006592,-3.803694009780884,0.663041353225708,passive,1.0
18,role_labeled,active,active,a guest hurts a guy .,a student hurts a teacher .,a teacher is hurt by a student .,a,student,a,teacher,hurt,hurts,hurt,"[""VERB=hurt"", ""AGENT=student"", ""PATIENT=teacher""]","Prime sentence: a guest hurts a guy .
Event roles: VERB=hurt; AGENT=student; PATIENT=teacher
Sentence: the",Sentence: the,first_noun,-2.425699234008789,-2.7245492935180664,-0.29885005950927734,active,0.0
18,role_labeled,passive,passive,a guy is hurt by a guest .,a student hurts a teacher .,a teacher is hurt by a student .,a,student,a,teacher,hurt,hurts,hurt,"[""VERB=hurt"", ""AGENT=student"", ""PATIENT=teacher""]","Prime sentence: a guy is hurt by a guest .
Event roles: VERB=hurt; AGENT=student; PATIENT=teacher
Sentence: the",Sentence: the,first_noun,-2.668506145477295,-2.7242770195007324,-0.0557708740234375,active,0.0
18,role_labeled,no_prime_eos,no_prime_eos,,a student hurts a teacher .,a teacher is hurt by a student .,a,student,a,teacher,hurt,hurts,hurt,"[""VERB=hurt"", ""AGENT=student"", ""PATIENT=teacher""]","Event roles: VERB=hurt; AGENT=student; PATIENT=teacher
Sentence: the",Sentence: the,first_noun,-2.8572938442230225,-3.192744016647339,-0.3354501724243164,active,0.0
18,role_labeled,filler,filler,The window rattled during the storm .,a student hurts a teacher .,a teacher is hurt by a student .,a,student,a,teacher,hurt,hurts,hurt,"[""VERB=hurt"", ""AGENT=student"", ""PATIENT=teacher""]","Prime sentence: The window rattled during the storm .
Event roles: VERB=hurt; AGENT=student; PATIENT=teacher
Sentence: the",Sentence: the,first_noun,-3.842165946960449,-3.4320852756500244,0.4100806713104248,passive,1.0
19,role_labeled,active,active,a scientist protects a secretary .,a daughter protects a doctor .,a doctor is protected by a daughter .,a,daughter,a,doctor,protect,protects,protected,"[""AGENT=daughter"", ""VERB=protect"", ""PATIENT=doctor""]","Prime sentence: a scientist protects a secretary .
Event roles: AGENT=daughter; VERB=protect; PATIENT=doctor
Sentence: the",Sentence: the,first_noun,-4.8576812744140625,-2.779496908187866,2.0781843662261963,passive,1.0
19,role_labeled,passive,passive,a secretary is protected by a scientist .,a daughter protects a doctor .,a doctor is protected by a daughter .,a,daughter,a,doctor,protect,protects,protected,"[""AGENT=daughter"", ""VERB=protect"", ""PATIENT=doctor""]","Prime sentence: a secretary is protected by a scientist .
Event roles: AGENT=daughter; VERB=protect; PATIENT=doctor
Sentence: the",Sentence: the,first_noun,-5.077822685241699,-2.820457696914673,2.2573649883270264,passive,1.0
19,role_labeled,no_prime_eos,no_prime_eos,,a daughter protects a doctor .,a doctor is protected by a daughter .,a,daughter,a,doctor,protect,protects,protected,"[""AGENT=daughter"", ""VERB=protect"", ""PATIENT=doctor""]","Event roles: AGENT=daughter; VERB=protect; PATIENT=doctor
Sentence: the",Sentence: the,first_noun,-4.462484836578369,-3.769313335418701,0.693171501159668,passive,1.0
19,role_labeled,filler,filler,The package arrived before noon .,a daughter protects a doctor .,a doctor is protected by a daughter .,a,daughter,a,doctor,protect,protects,protected,"[""AGENT=daughter"", ""VERB=protect"", ""PATIENT=doctor""]","Prime sentence: The package arrived before noon .
Event roles: AGENT=daughter; VERB=protect; PATIENT=doctor
Sentence: the",Sentence: the,first_noun,-5.202320098876953,-3.615267515182495,1.587052583694458,passive,1.0
20,role_labeled,active,active,a cousin kills a daughter .,a professor kills a reader .,a reader is killed by a professor .,a,professor,a,reader,kill,kills,killed,"[""PATIENT=reader"", ""AGENT=professor"", ""VERB=kill""]","Prime sentence: a cousin kills a daughter .
Event roles: PATIENT=reader; AGENT=professor; VERB=kill
Sentence: the",Sentence: the,first_noun,-3.924710750579834,-5.8301777839660645,-1.9054670333862305,active,0.0
20,role_labeled,passive,passive,a daughter is killed by a cousin .,a professor kills a reader .,a reader is killed by a professor .,a,professor,a,reader,kill,kills,killed,"[""PATIENT=reader"", ""AGENT=professor"", ""VERB=kill""]","Prime sentence: a daughter is killed by a cousin .
Event roles: PATIENT=reader; AGENT=professor; VERB=kill
Sentence: the",Sentence: the,first_noun,-3.6883585453033447,-5.121376991271973,-1.433018445968628,active,0.0
20,role_labeled,no_prime_eos,no_prime_eos,,a professor kills a reader .,a reader is killed by a professor .,a,professor,a,reader,kill,kills,killed,"[""PATIENT=reader"", ""AGENT=professor"", ""VERB=kill""]","Event roles: PATIENT=reader; AGENT=professor; VERB=kill
Sentence: the",Sentence: the,first_noun,-4.05650520324707,-5.226109504699707,-1.1696043014526367,active,0.0
20,role_labeled,filler,filler,The painter waited near the doorway .,a professor kills a reader .,a reader is killed by a professor .,a,professor,a,reader,kill,kills,killed,"[""PATIENT=reader"", ""AGENT=professor"", ""VERB=kill""]","Prime sentence: The painter waited near the doorway .
Event roles: PATIENT=reader; AGENT=professor; VERB=kill
Sentence: the",Sentence: the,first_noun,-3.509613037109375,-6.032206058502197,-2.5225930213928223,active,0.0
21,role_labeled,active,active,a mother kisses a nurse .,an author kisses a bishop .,a bishop is kissed by an author .,an,author,a,bishop,kiss,kisses,kissed,"[""PATIENT=bishop"", ""AGENT=author"", ""VERB=kiss""]","Prime sentence: a mother kisses a nurse .
Event roles: PATIENT=bishop; AGENT=author; VERB=kiss
Sentence: the",Sentence: the,first_noun,-5.833889484405518,-3.8957300186157227,1.938159465789795,passive,1.0
21,role_labeled,passive,passive,a nurse is kissed by a mother .,an author kisses a bishop .,a bishop is kissed by an author .,an,author,a,bishop,kiss,kisses,kissed,"[""PATIENT=bishop"", ""AGENT=author"", ""VERB=kiss""]","Prime sentence: a nurse is kissed by a mother .
Event roles: PATIENT=bishop; AGENT=author; VERB=kiss
Sentence: the",Sentence: the,first_noun,-5.306321144104004,-3.725048780441284,1.5812723636627197,passive,1.0
21,role_labeled,no_prime_eos,no_prime_eos,,an author kisses a bishop .,a bishop is kissed by an author .,an,author,a,bishop,kiss,kisses,kissed,"[""PATIENT=bishop"", ""AGENT=author"", ""VERB=kiss""]","Event roles: PATIENT=bishop; AGENT=author; VERB=kiss
Sentence: the",Sentence: the,first_noun,-4.703940391540527,-4.555534839630127,0.1484055519104004,passive,1.0
21,role_labeled,filler,filler,The traveler rested beside the river .,an author kisses a bishop .,a bishop is kissed by an author .,an,author,a,bishop,kiss,kisses,kissed,"[""PATIENT=bishop"", ""AGENT=author"", ""VERB=kiss""]","Prime sentence: The traveler rested beside the river .
Event roles: PATIENT=bishop; AGENT=author; VERB=kiss
Sentence: the",Sentence: the,first_noun,-6.602564334869385,-4.293898582458496,2.3086657524108887,passive,1.0
22,role_labeled,active,active,a buddy describes a candidate .,a parent describes a partner .,a partner is described by a parent .,a,parent,a,partner,describ,describes,described,"[""AGENT=parent"", ""PATIENT=partner"", ""VERB=describ""]","Prime sentence: a buddy describes a candidate .
Event roles: AGENT=parent; PATIENT=partner; VERB=describ
Sentence: the",Sentence: the,first_noun,-4.216682434082031,-5.771038055419922,-1.5543556213378906,active,0.0
22,role_labeled,passive,passive,a candidate is described by a buddy .,a parent describes a partner .,a partner is described by a parent .,a,parent,a,partner,describ,describes,described,"[""AGENT=parent"", ""PATIENT=partner"", ""VERB=describ""]","Prime sentence: a candidate is described by a buddy .
Event roles: AGENT=parent; PATIENT=partner; VERB=describ
Sentence: the",Sentence: the,first_noun,-4.378108978271484,-5.62027645111084,-1.2421674728393555,active,0.0
22,role_labeled,no_prime_eos,no_prime_eos,,a parent describes a partner .,a partner is described by a parent .,a,parent,a,partner,describ,describes,described,"[""AGENT=parent"", ""PATIENT=partner"", ""VERB=describ""]","Event roles: AGENT=parent; PATIENT=partner; VERB=describ
Sentence: the",Sentence: the,first_noun,-4.397327423095703,-6.574180603027344,-2.1768531799316406,active,0.0
22,role_labeled,filler,filler,The window rattled during the storm .,a parent describes a partner .,a partner is described by a parent .,a,parent,a,partner,describ,describes,described,"[""AGENT=parent"", ""PATIENT=partner"", ""VERB=describ""]","Prime sentence: The window rattled during the storm .
Event roles: AGENT=parent; PATIENT=partner; VERB=describ
Sentence: the",Sentence: the,first_noun,-7.484967231750488,-9.096742630004883,-1.6117753982543945,active,0.0
23,role_labeled,active,active,a secretary forgives a sheriff .,a doctor forgives an employee .,an employee is forgiven by a doctor .,a,doctor,an,employee,forgiv,forgives,forgiven,"[""PATIENT=employee"", ""AGENT=doctor"", ""VERB=forgiv""]","Prime sentence: a secretary forgives a sheriff .
Event roles: PATIENT=employee; AGENT=doctor; VERB=forgiv
Sentence: the",Sentence: the,first_noun,-3.052217960357666,-4.756892204284668,-1.704674243927002,active,0.0
23,role_labeled,passive,passive,a sheriff is forgiven by a secretary .,a doctor forgives an employee .,an employee is forgiven by a doctor .,a,doctor,an,employee,forgiv,forgives,forgiven,"[""PATIENT=employee"", ""AGENT=doctor"", ""VERB=forgiv""]","Prime sentence: a sheriff is forgiven by a secretary .
Event roles: PATIENT=employee; AGENT=doctor; VERB=forgiv
Sentence: the",Sentence: the,first_noun,-3.2065961360931396,-4.740055084228516,-1.533458948135376,active,0.0
23,role_labeled,no_prime_eos,no_prime_eos,,a doctor forgives an employee .,an employee is forgiven by a doctor .,a,doctor,an,employee,forgiv,forgives,forgiven,"[""PATIENT=employee"", ""AGENT=doctor"", ""VERB=forgiv""]","Event roles: PATIENT=employee; AGENT=doctor; VERB=forgiv
Sentence: the",Sentence: the,first_noun,-2.9593427181243896,-4.888976097106934,-1.929633378982544,active,0.0
23,role_labeled,filler,filler,The jacket hung behind the chair .,a doctor forgives an employee .,an employee is forgiven by a doctor .,a,doctor,an,employee,forgiv,forgives,forgiven,"[""PATIENT=employee"", ""AGENT=doctor"", ""VERB=forgiv""]","Prime sentence: The jacket hung behind the chair .
Event roles: PATIENT=employee; AGENT=doctor; VERB=forgiv
Sentence: the",Sentence: the,first_noun,-3.095470905303955,-6.718261241912842,-3.6227903366088867,active,0.0
24,role_labeled,active,active,a secretary strikes a sheriff .,a doctor strikes an employee .,an employee is struck by a doctor .,a,doctor,an,employee,strik,strikes,struck,"[""VERB=strik"", ""AGENT=doctor"", ""PATIENT=employee""]","Prime sentence: a secretary strikes a sheriff .
Event roles: VERB=strik; AGENT=doctor; PATIENT=employee
Sentence: the",Sentence: the,first_noun,-3.393946886062622,-6.3510284423828125,-2.9570815563201904,active,0.0
24,role_labeled,passive,passive,a sheriff is struck by a secretary .,a doctor strikes an employee .,an employee is struck by a doctor .,a,doctor,an,employee,strik,strikes,struck,"[""VERB=strik"", ""AGENT=doctor"", ""PATIENT=employee""]","Prime sentence: a sheriff is struck by a secretary .
Event roles: VERB=strik; AGENT=doctor; PATIENT=employee
Sentence: the",Sentence: the,first_noun,-3.361746072769165,-5.452767372131348,-2.0910212993621826,active,0.0
24,role_labeled,no_prime_eos,no_prime_eos,,a doctor strikes an employee .,an employee is struck by a doctor .,a,doctor,an,employee,strik,strikes,struck,"[""VERB=strik"", ""AGENT=doctor"", ""PATIENT=employee""]","Event roles: VERB=strik; AGENT=doctor; PATIENT=employee
Sentence: the",Sentence: the,first_noun,-3.009655475616455,-5.380542755126953,-2.370887279510498,active,0.0
24,role_labeled,filler,filler,The traveler rested beside the river .,a doctor strikes an employee .,an employee is struck by a doctor .,a,doctor,an,employee,strik,strikes,struck,"[""VERB=strik"", ""AGENT=doctor"", ""PATIENT=employee""]","Prime sentence: The traveler rested beside the river .
Event roles: VERB=strik; AGENT=doctor; PATIENT=employee
Sentence: the",Sentence: the,first_noun,-3.603492498397827,-7.65130615234375,-4.047813653945923,active,0.0
25,role_labeled,active,active,an actor helps an actress .,a lawyer helps a leader .,a leader is helped by a lawyer .,a,lawyer,a,leader,help,helps,helped,"[""AGENT=lawyer"", ""PATIENT=leader"", ""VERB=help""]","Prime sentence: an actor helps an actress .
Event roles: AGENT=lawyer; PATIENT=leader; VERB=help
Sentence: the",Sentence: the,first_noun,-4.400421142578125,-6.099676609039307,-1.6992554664611816,active,0.0
25,role_labeled,passive,passive,an actress is helped by an actor .,a lawyer helps a leader .,a leader is helped by a lawyer .,a,lawyer,a,leader,help,helps,helped,"[""AGENT=lawyer"", ""PATIENT=leader"", ""VERB=help""]","Prime sentence: an actress is helped by an actor .
Event roles: AGENT=lawyer; PATIENT=leader; VERB=help
Sentence: the",Sentence: the,first_noun,-4.448034286499023,-6.242400169372559,-1.7943658828735352,active,0.0
25,role_labeled,no_prime_eos,no_prime_eos,,a lawyer helps a leader .,a leader is helped by a lawyer .,a,lawyer,a,leader,help,helps,helped,"[""AGENT=lawyer"", ""PATIENT=leader"", ""VERB=help""]","Event roles: AGENT=lawyer; PATIENT=leader; VERB=help
Sentence: the",Sentence: the,first_noun,-4.602714538574219,-5.039605617523193,-0.4368910789489746,active,0.0
25,role_labeled,filler,filler,The singer smiled after rehearsal .,a lawyer helps a leader .,a leader is helped by a lawyer .,a,lawyer,a,leader,help,helps,helped,"[""AGENT=lawyer"", ""PATIENT=leader"", ""VERB=help""]","Prime sentence: The singer smiled after rehearsal .
Event roles: AGENT=lawyer; PATIENT=leader; VERB=help
Sentence: the",Sentence: the,first_noun,-4.326858043670654,-6.1221747398376465,-1.7953166961669922,active,0.0
26,role_labeled,active,active,a singer comforts a soldier .,an employer comforts a father .,a father is comforted by an employer .,an,employer,a,father,comfort,comforts,comforted,"[""VERB=comfort"", ""AGENT=employer"", ""PATIENT=father""]","Prime sentence: a singer comforts a soldier .
Event roles: VERB=comfort; AGENT=employer; PATIENT=father
Sentence: the",Sentence: the,first_noun,-7.59755802154541,-4.655728340148926,2.9418296813964844,passive,1.0
26,role_labeled,passive,passive,a soldier is comforted by a singer .,an employer comforts a father .,a father is comforted by an employer .,an,employer,a,father,comfort,comforts,comforted,"[""VERB=comfort"", ""AGENT=employer"", ""PATIENT=father""]","Prime sentence: a soldier is comforted by a singer .
Event roles: VERB=comfort; AGENT=employer; PATIENT=father
Sentence: the",Sentence: the,first_noun,-7.514200210571289,-4.760385036468506,2.753815174102783,passive,1.0
26,role_labeled,no_prime_eos,no_prime_eos,,an employer comforts a father .,a father is comforted by an employer .,an,employer,a,father,comfort,comforts,comforted,"[""VERB=comfort"", ""AGENT=employer"", ""PATIENT=father""]","Event roles: VERB=comfort; AGENT=employer; PATIENT=father
Sentence: the",Sentence: the,first_noun,-5.628943920135498,-4.833261489868164,0.795682430267334,passive,1.0
26,role_labeled,filler,filler,The painter waited near the doorway .,an employer comforts a father .,a father is comforted by an employer .,an,employer,a,father,comfort,comforts,comforted,"[""VERB=comfort"", ""AGENT=employer"", ""PATIENT=father""]","Prime sentence: The painter waited near the doorway .
Event roles: VERB=comfort; AGENT=employer; PATIENT=father
Sentence: the",Sentence: the,first_noun,-6.840583324432373,-4.115313529968262,2.7252697944641113,passive,1.0
27,role_labeled,active,active,a doctor discovers an employee .,a scientist discovers a secretary .,a secretary is discovered by a scientist .,a,scientist,a,secretary,discover,discovers,discovered,"[""VERB=discover"", ""PATIENT=secretary"", ""AGENT=scientist""]","Prime sentence: a doctor discovers an employee .
Event roles: VERB=discover; PATIENT=secretary; AGENT=scientist
Sentence: the",Sentence: the,first_noun,-3.4684536457061768,-4.7197370529174805,-1.2512834072113037,active,0.0
27,role_labeled,passive,passive,an employee is discovered by a doctor .,a scientist discovers a secretary .,a secretary is discovered by a scientist .,a,scientist,a,secretary,discover,discovers,discovered,"[""VERB=discover"", ""PATIENT=secretary"", ""AGENT=scientist""]","Prime sentence: an employee is discovered by a doctor .
Event roles: VERB=discover; PATIENT=secretary; AGENT=scientist
Sentence: the",Sentence: the,first_noun,-3.360968589782715,-4.941507816314697,-1.5805392265319824,active,0.0
27,role_labeled,no_prime_eos,no_prime_eos,,a scientist discovers a secretary .,a secretary is discovered by a scientist .,a,scientist,a,secretary,discover,discovers,discovered,"[""VERB=discover"", ""PATIENT=secretary"", ""AGENT=scientist""]","Event roles: VERB=discover; PATIENT=secretary; AGENT=scientist
Sentence: the",Sentence: the,first_noun,-4.4289984703063965,-6.587896347045898,-2.158897876739502,active,0.0
27,role_labeled,filler,filler,The baker laughed during breakfast .,a scientist discovers a secretary .,a secretary is discovered by a scientist .,a,scientist,a,secretary,discover,discovers,discovered,"[""VERB=discover"", ""PATIENT=secretary"", ""AGENT=scientist""]","Prime sentence: The baker laughed during breakfast .
Event roles: VERB=discover; PATIENT=secretary; AGENT=scientist
Sentence: the",Sentence: the,first_noun,-4.228901386260986,-6.201605796813965,-1.9727044105529785,active,0.0
28,role_labeled,active,active,a leader destroys a man .,an actor destroys an actress .,an actress is destroyed by an actor .,an,actor,an,actress,destroy,destroys,destroyed,"[""VERB=destroy"", ""AGENT=actor"", ""PATIENT=actress""]","Prime sentence: a leader destroys a man .
Event roles: VERB=destroy; AGENT=actor; PATIENT=actress
Sentence: the",Sentence: the,first_noun,-5.597350120544434,-7.802581787109375,-2.2052316665649414,active,0.0
28,role_labeled,passive,passive,a man is destroyed by a leader .,an actor destroys an actress .,an actress is destroyed by an actor .,an,actor,an,actress,destroy,destroys,destroyed,"[""VERB=destroy"", ""AGENT=actor"", ""PATIENT=actress""]","Prime sentence: a man is destroyed by a leader .
Event roles: VERB=destroy; AGENT=actor; PATIENT=actress
Sentence: the",Sentence: the,first_noun,-5.8415937423706055,-8.030691146850586,-2.1890974044799805,active,0.0
28,role_labeled,no_prime_eos,no_prime_eos,,an actor destroys an actress .,an actress is destroyed by an actor .,an,actor,an,actress,destroy,destroys,destroyed,"[""VERB=destroy"", ""AGENT=actor"", ""PATIENT=actress""]","Event roles: VERB=destroy; AGENT=actor; PATIENT=actress
Sentence: the",Sentence: the,first_noun,-4.051482200622559,-6.458115577697754,-2.4066333770751953,active,0.0
28,role_labeled,filler,filler,The signal flickered across the screen .,an actor destroys an actress .,an actress is destroyed by an actor .,an,actor,an,actress,destroy,destroys,destroyed,"[""VERB=destroy"", ""AGENT=actor"", ""PATIENT=actress""]","Prime sentence: The signal flickered across the screen .
Event roles: VERB=destroy; AGENT=actor; PATIENT=actress
Sentence: the",Sentence: the,first_noun,-5.241379261016846,-6.977680683135986,-1.7363014221191406,active,0.0
29,role_labeled,active,active,an opponent raises a parent .,a boy raises a brother .,a brother is raised by a boy .,a,boy,a,brother,rais,raises,raised,"[""PATIENT=brother"", ""VERB=rais"", ""AGENT=boy""]","Prime sentence: an opponent raises a parent .
Event roles: PATIENT=brother; VERB=rais; AGENT=boy
Sentence: the",Sentence: the,first_noun,-2.8571314811706543,-4.17938756942749,-1.322256088256836,active,0.0
29,role_labeled,passive,passive,a parent is raised by an opponent .,a boy raises a brother .,a brother is raised by a boy .,a,boy,a,brother,rais,raises,raised,"[""PATIENT=brother"", ""VERB=rais"", ""AGENT=boy""]","Prime sentence: a parent is raised by an opponent .
Event roles: PATIENT=brother; VERB=rais; AGENT=boy
Sentence: the",Sentence: the,first_noun,-3.6129519939422607,-5.155904769897461,-1.5429527759552002,active,0.0
29,role_labeled,no_prime_eos,no_prime_eos,,a boy raises a brother .,a brother is raised by a boy .,a,boy,a,brother,rais,raises,raised,"[""PATIENT=brother"", ""VERB=rais"", ""AGENT=boy""]","Event roles: PATIENT=brother; VERB=rais; AGENT=boy
Sentence: the",Sentence: the,first_noun,-3.4681766033172607,-5.28582763671875,-1.8176510334014893,active,0.0
29,role_labeled,filler,filler,The singer smiled after rehearsal .,a boy raises a brother .,a brother is raised by a boy .,a,boy,a,brother,rais,raises,raised,"[""PATIENT=brother"", ""VERB=rais"", ""AGENT=boy""]","Prime sentence: The singer smiled after rehearsal .
Event roles: PATIENT=brother; VERB=rais; AGENT=boy
Sentence: the",Sentence: the,first_noun,-3.6867058277130127,-5.916938304901123,-2.2302324771881104,active,0.0
30,role_labeled,active,active,a nurse kills an opponent .,a bishop kills a boy .,a boy is killed by a bishop .,a,bishop,a,boy,kill,kills,killed,"[""AGENT=bishop"", ""VERB=kill"", ""PATIENT=boy""]","Prime sentence: a nurse kills an opponent .
Event roles: AGENT=bishop; VERB=kill; PATIENT=boy
Sentence: the",Sentence: the,first_noun,-2.472034454345703,-3.4154300689697266,-0.9433956146240234,active,0.0
30,role_labeled,passive,passive,an opponent is killed by a nurse .,a bishop kills a boy .,a boy is killed by a bishop .,a,bishop,a,boy,kill,kills,killed,"[""AGENT=bishop"", ""VERB=kill"", ""PATIENT=boy""]","Prime sentence: an opponent is killed by a nurse .
Event roles: AGENT=bishop; VERB=kill; PATIENT=boy
Sentence: the",Sentence: the,first_noun,-2.953610897064209,-3.4152188301086426,-0.4616079330444336,active,0.0
30,role_labeled,no_prime_eos,no_prime_eos,,a bishop kills a boy .,a boy is killed by a bishop .,a,bishop,a,boy,kill,kills,killed,"[""AGENT=bishop"", ""VERB=kill"", ""PATIENT=boy""]","Event roles: AGENT=bishop; VERB=kill; PATIENT=boy
Sentence: the",Sentence: the,first_noun,-3.449766159057617,-3.676382064819336,-0.22661590576171875,active,0.0
30,role_labeled,filler,filler,The radio crackled in the attic .,a bishop kills a boy .,a boy is killed by a bishop .,a,bishop,a,boy,kill,kills,killed,"[""AGENT=bishop"", ""VERB=kill"", ""PATIENT=boy""]","Prime sentence: The radio crackled in the attic .
Event roles: AGENT=bishop; VERB=kill; PATIENT=boy
Sentence: the",Sentence: the,first_noun,-5.204928398132324,-3.632784605026245,1.572143793106079,passive,1.0
31,role_labeled,active,active,a captain washes a champion .,a physician washes a pilot .,a pilot is washed by a physician .,a,physician,a,pilot,wash,washes,washed,"[""AGENT=physician"", ""PATIENT=pilot"", ""VERB=wash""]","Prime sentence: a captain washes a champion .
Event roles: AGENT=physician; PATIENT=pilot; VERB=wash
Sentence: the",Sentence: the,first_noun,-5.269720077514648,-3.2584471702575684,2.01127290725708,passive,1.0
31,role_labeled,passive,passive,a champion is washed by a captain .,a physician washes a pilot .,a pilot is washed by a physician .,a,physician,a,pilot,wash,washes,washed,"[""AGENT=physician"", ""PATIENT=pilot"", ""VERB=wash""]","Prime sentence: a champion is washed by a captain .
Event roles: AGENT=physician; PATIENT=pilot; VERB=wash
Sentence: the",Sentence: the,first_noun,-5.750775337219238,-4.076096534729004,1.6746788024902344,passive,1.0
31,role_labeled,no_prime_eos,no_prime_eos,,a physician washes a pilot .,a pilot is washed by a physician .,a,physician,a,pilot,wash,washes,washed,"[""AGENT=physician"", ""PATIENT=pilot"", ""VERB=wash""]","Event roles: AGENT=physician; PATIENT=pilot; VERB=wash
Sentence: the",Sentence: the,first_noun,-4.531192779541016,-2.6704654693603516,1.860727310180664,passive,1.0
31,role_labeled,filler,filler,The notebook stayed on the shelf .,a physician washes a pilot .,a pilot is washed by a physician .,a,physician,a,pilot,wash,washes,washed,"[""AGENT=physician"", ""PATIENT=pilot"", ""VERB=wash""]","Prime sentence: The notebook stayed on the shelf .
Event roles: AGENT=physician; PATIENT=pilot; VERB=wash
Sentence: the",Sentence: the,first_noun,-5.76929235458374,-3.634876251220703,2.134416103363037,passive,1.0
32,role_labeled,active,active,a parent surprises a partner .,a brother surprises a buddy .,a buddy is surprised by a brother .,a,brother,a,buddy,surpris,surprises,surprised,"[""AGENT=brother"", ""PATIENT=buddy"", ""VERB=surpris""]","Prime sentence: a parent surprises a partner .
Event roles: AGENT=brother; PATIENT=buddy; VERB=surpris
Sentence: the",Sentence: the,first_noun,-5.278752326965332,-8.734728813171387,-3.4559764862060547,active,0.0
32,role_labeled,passive,passive,a partner is surprised by a parent .,a brother surprises a buddy .,a buddy is surprised by a brother .,a,brother,a,buddy,surpris,surprises,surprised,"[""AGENT=brother"", ""PATIENT=buddy"", ""VERB=surpris""]","Prime sentence: a partner is surprised by a parent .
Event roles: AGENT=brother; PATIENT=buddy; VERB=surpris
Sentence: the",Sentence: the,first_noun,-4.900292873382568,-8.36600112915039,-3.4657082557678223,active,0.0
32,role_labeled,no_prime_eos,no_prime_eos,,a brother surprises a buddy .,a buddy is surprised by a brother .,a,brother,a,buddy,surpris,surprises,surprised,"[""AGENT=brother"", ""PATIENT=buddy"", ""VERB=surpris""]","Event roles: AGENT=brother; PATIENT=buddy; VERB=surpris
Sentence: the",Sentence: the,first_noun,-5.054294109344482,-9.00989055633545,-3.955596446990967,active,0.0
32,role_labeled,filler,filler,The engine cooled before dawn .,a brother surprises a buddy .,a buddy is surprised by a brother .,a,brother,a,buddy,surpris,surprises,surprised,"[""AGENT=brother"", ""PATIENT=buddy"", ""VERB=surpris""]","Prime sentence: The engine cooled before dawn .
Event roles: AGENT=brother; PATIENT=buddy; VERB=surpris
Sentence: the",Sentence: the,first_noun,-7.384502410888672,-10.232077598571777,-2.8475751876831055,active,0.0
33,role_labeled,active,active,a lady helps a lawyer .,a worker helps a writer .,a writer is helped by a worker .,a,worker,a,writer,help,helps,helped,"[""PATIENT=writer"", ""VERB=help"", ""AGENT=worker""]","Prime sentence: a lady helps a lawyer .
Event roles: PATIENT=writer; VERB=help; AGENT=worker
Sentence: the",Sentence: the,first_noun,-5.986237049102783,-5.5407819747924805,0.44545507431030273,passive,1.0
33,role_labeled,passive,passive,a lawyer is helped by a lady .,a worker helps a writer .,a writer is helped by a worker .,a,worker,a,writer,help,helps,helped,"[""PATIENT=writer"", ""VERB=help"", ""AGENT=worker""]","Prime sentence: a lawyer is helped by a lady .
Event roles: PATIENT=writer; VERB=help; AGENT=worker
Sentence: the",Sentence: the,first_noun,-5.526467323303223,-5.012918472290039,0.5135488510131836,passive,1.0
33,role_labeled,no_prime_eos,no_prime_eos,,a worker helps a writer .,a writer is helped by a worker .,a,worker,a,writer,help,helps,helped,"[""PATIENT=writer"", ""VERB=help"", ""AGENT=worker""]","Event roles: PATIENT=writer; VERB=help; AGENT=worker
Sentence: the",Sentence: the,first_noun,-4.795580863952637,-5.345458984375,-0.5498781204223633,active,0.0
33,role_labeled,filler,filler,The garden brightened after rain .,a worker helps a writer .,a writer is helped by a worker .,a,worker,a,writer,help,helps,helped,"[""PATIENT=writer"", ""VERB=help"", ""AGENT=worker""]","Prime sentence: The garden brightened after rain .
Event roles: PATIENT=writer; VERB=help; AGENT=worker
Sentence: the",Sentence: the,first_noun,-7.476160049438477,-7.856509208679199,-0.38034915924072266,active,0.0
34,role_labeled,active,active,a friend hurries a girl .,a soldier hurries a son .,a son is hurried by a soldier .,a,soldier,a,son,hurry,hurries,hurried,"[""AGENT=soldier"", ""VERB=hurry"", ""PATIENT=son""]","Prime sentence: a friend hurries a girl .
Event roles: AGENT=soldier; VERB=hurry; PATIENT=son
Sentence: the",Sentence: the,first_noun,-3.372128486633301,-5.673413276672363,-2.3012847900390625,active,0.0
34,role_labeled,passive,passive,a girl is hurried by a friend .,a soldier hurries a son .,a son is hurried by a soldier .,a,soldier,a,son,hurry,hurries,hurried,"[""AGENT=soldier"", ""VERB=hurry"", ""PATIENT=son""]","Prime sentence: a girl is hurried by a friend .
Event roles: AGENT=soldier; VERB=hurry; PATIENT=son
Sentence: the",Sentence: the,first_noun,-3.515748977661133,-5.911327838897705,-2.3955788612365723,active,0.0
34,role_labeled,no_prime_eos,no_prime_eos,,a soldier hurries a son .,a son is hurried by a soldier .,a,soldier,a,son,hurry,hurries,hurried,"[""AGENT=soldier"", ""VERB=hurry"", ""PATIENT=son""]","Event roles: AGENT=soldier; VERB=hurry; PATIENT=son
Sentence: the",Sentence: the,first_noun,-3.2797374725341797,-4.997532367706299,-1.7177948951721191,active,0.0
34,role_labeled,filler,filler,The witness paused near the doorway .,a soldier hurries a son .,a son is hurried by a soldier .,a,soldier,a,son,hurry,hurries,hurried,"[""AGENT=soldier"", ""VERB=hurry"", ""PATIENT=son""]","Prime sentence: The witness paused near the doorway .
Event roles: AGENT=soldier; VERB=hurry; PATIENT=son
Sentence: the",Sentence: the,first_noun,-2.1225759983062744,-6.102725028991699,-3.980149030685425,active,0.0
35,role_labeled,active,active,a king hurts a lady .,a woman hurts a worker .,a worker is hurt by a woman .,a,woman,a,worker,hurt,hurts,hurt,"[""AGENT=woman"", ""VERB=hurt"", ""PATIENT=worker""]","Prime sentence: a king hurts a lady .
Event roles: AGENT=woman; VERB=hurt; PATIENT=worker
Sentence: the",Sentence: the,first_noun,-3.5696091651916504,-6.51066255569458,-2.9410533905029297,active,0.0
35,role_labeled,passive,passive,a lady is hurt by a king .,a woman hurts a worker .,a worker is hurt by a woman .,a,woman,a,worker,hurt,hurts,hurt,"[""AGENT=woman"", ""VERB=hurt"", ""PATIENT=worker""]","Prime sentence: a lady is hurt by a king .
Event roles: AGENT=woman; VERB=hurt; PATIENT=worker
Sentence: the",Sentence: the,first_noun,-3.1700940132141113,-5.851084232330322,-2.680990219116211,active,0.0
35,role_labeled,no_prime_eos,no_prime_eos,,a woman hurts a worker .,a worker is hurt by a woman .,a,woman,a,worker,hurt,hurts,hurt,"[""AGENT=woman"", ""VERB=hurt"", ""PATIENT=worker""]","Event roles: AGENT=woman; VERB=hurt; PATIENT=worker
Sentence: the",Sentence: the,first_noun,-2.2020936012268066,-4.579257488250732,-2.377163887023926,active,0.0
35,role_labeled,filler,filler,The signal flickered across the screen .,a woman hurts a worker .,a worker is hurt by a woman .,a,woman,a,worker,hurt,hurts,hurt,"[""AGENT=woman"", ""VERB=hurt"", ""PATIENT=worker""]","Prime sentence: The signal flickered across the screen .
Event roles: AGENT=woman; VERB=hurt; PATIENT=worker
Sentence: the",Sentence: the,first_noun,-2.6461236476898193,-4.719079971313477,-2.0729563236236572,active,0.0
36,role_labeled,active,active,a girl follows a guest .,a son follows a student .,a student is followed by a son .,a,son,a,student,follow,follows,followed,"[""AGENT=son"", ""VERB=follow"", ""PATIENT=student""]","Prime sentence: a girl follows a guest .
Event roles: AGENT=son; VERB=follow; PATIENT=student
Sentence: the",Sentence: the,first_noun,-5.288930892944336,-4.0776472091674805,1.2112836837768555,passive,1.0
36,role_labeled,passive,passive,a guest is followed by a girl .,a son follows a student .,a student is followed by a son .,a,son,a,student,follow,follows,followed,"[""AGENT=son"", ""VERB=follow"", ""PATIENT=student""]","Prime sentence: a guest is followed by a girl .
Event roles: AGENT=son; VERB=follow; PATIENT=student
Sentence: the",Sentence: the,first_noun,-4.855581760406494,-3.7949390411376953,1.0606427192687988,passive,1.0
36,role_labeled,no_prime_eos,no_prime_eos,,a son follows a student .,a student is followed by a son .,a,son,a,student,follow,follows,followed,"[""AGENT=son"", ""VERB=follow"", ""PATIENT=student""]","Event roles: AGENT=son; VERB=follow; PATIENT=student
Sentence: the",Sentence: the,first_noun,-4.723825454711914,-3.2229230403900146,1.5009024143218994,passive,1.0
36,role_labeled,filler,filler,The jacket hung behind the chair .,a son follows a student .,a student is followed by a son .,a,son,a,student,follow,follows,followed,"[""AGENT=son"", ""VERB=follow"", ""PATIENT=student""]","Prime sentence: The jacket hung behind the chair .
Event roles: AGENT=son; VERB=follow; PATIENT=student
Sentence: the",Sentence: the,first_noun,-5.961777687072754,-4.6113176345825195,1.3504600524902344,passive,1.0
37,role_labeled,active,active,a manager judges a mayor .,an adult judges an attorney .,an attorney is judged by an adult .,an,adult,an,attorney,judg,judges,judged,"[""AGENT=adult"", ""PATIENT=attorney"", ""VERB=judg""]","Prime sentence: a manager judges a mayor .
Event roles: AGENT=adult; PATIENT=attorney; VERB=judg
Sentence: the",Sentence: the,first_noun,-5.546688556671143,-5.511261940002441,0.03542661666870117,passive,1.0
37,role_labeled,passive,passive,a mayor is judged by a manager .,an adult judges an attorney .,an attorney is judged by an adult .,an,adult,an,attorney,judg,judges,judged,"[""AGENT=adult"", ""PATIENT=attorney"", ""VERB=judg""]","Prime sentence: a mayor is judged by a manager .
Event roles: AGENT=adult; PATIENT=attorney; VERB=judg
Sentence: the",Sentence: the,first_noun,-5.715335845947266,-5.831738471984863,-0.11640262603759766,active,0.0
37,role_labeled,no_prime_eos,no_prime_eos,,an adult judges an attorney .,an attorney is judged by an adult .,an,adult,an,attorney,judg,judges,judged,"[""AGENT=adult"", ""PATIENT=attorney"", ""VERB=judg""]","Event roles: AGENT=adult; PATIENT=attorney; VERB=judg
Sentence: the",Sentence: the,first_noun,-4.783428192138672,-6.217135429382324,-1.4337072372436523,active,0.0
37,role_labeled,filler,filler,The traveler rested beside the river .,an adult judges an attorney .,an attorney is judged by an adult .,an,adult,an,attorney,judg,judges,judged,"[""AGENT=adult"", ""PATIENT=attorney"", ""VERB=judg""]","Prime sentence: The traveler rested beside the river .
Event roles: AGENT=adult; PATIENT=attorney; VERB=judg
Sentence: the",Sentence: the,first_noun,-5.859004497528076,-5.677803039550781,0.18120145797729492,passive,1.0
38,role_labeled,active,active,a partner grabs a physician .,a buddy grabs a candidate .,a candidate is grabbed by a buddy .,a,buddy,a,candidate,grab,grabs,grabbed,"[""AGENT=buddy"", ""PATIENT=candidate"", ""VERB=grab""]","Prime sentence: a partner grabs a physician .
Event roles: AGENT=buddy; PATIENT=candidate; VERB=grab
Sentence: the",Sentence: the,first_noun,-6.418328762054443,-5.273755073547363,1.14457368850708,passive,1.0
38,role_labeled,passive,passive,a physician is grabbed by a partner .,a buddy grabs a candidate .,a candidate is grabbed by a buddy .,a,buddy,a,candidate,grab,grabs,grabbed,"[""AGENT=buddy"", ""PATIENT=candidate"", ""VERB=grab""]","Prime sentence: a physician is grabbed by a partner .
Event roles: AGENT=buddy; PATIENT=candidate; VERB=grab
Sentence: the",Sentence: the,first_noun,-8.102106094360352,-5.766058444976807,2.336047649383545,passive,1.0
38,role_labeled,no_prime_eos,no_prime_eos,,a buddy grabs a candidate .,a candidate is grabbed by a buddy .,a,buddy,a,candidate,grab,grabs,grabbed,"[""AGENT=buddy"", ""PATIENT=candidate"", ""VERB=grab""]","Event roles: AGENT=buddy; PATIENT=candidate; VERB=grab
Sentence: the",Sentence: the,first_noun,-7.512831687927246,-4.539844512939453,2.972987174987793,passive,1.0
38,role_labeled,filler,filler,The painter waited near the doorway .,a buddy grabs a candidate .,a candidate is grabbed by a buddy .,a,buddy,a,candidate,grab,grabs,grabbed,"[""AGENT=buddy"", ""PATIENT=candidate"", ""VERB=grab""]","Prime sentence: The painter waited near the doorway .
Event roles: AGENT=buddy; PATIENT=candidate; VERB=grab
Sentence: the",Sentence: the,first_noun,-8.269977569580078,-5.734045028686523,2.5359325408935547,passive,1.0
39,role_labeled,active,active,a student chases a teacher .,a girl chases a guest .,a guest is chased by a girl .,a,girl,a,guest,chas,chases,chased,"[""AGENT=girl"", ""VERB=chas"", ""PATIENT=guest""]","Prime sentence: a student chases a teacher .
Event roles: AGENT=girl; VERB=chas; PATIENT=guest
Sentence: the",Sentence: the,first_noun,-1.8934240341186523,-6.327426910400391,-4.434002876281738,active,0.0
39,role_labeled,passive,passive,a teacher is chased by a student .,a girl chases a guest .,a guest is chased by a girl .,a,girl,a,guest,chas,chases,chased,"[""AGENT=girl"", ""VERB=chas"", ""PATIENT=guest""]","Prime sentence: a teacher is chased by a student .
Event roles: AGENT=girl; VERB=chas; PATIENT=guest
Sentence: the",Sentence: the,first_noun,-2.2335965633392334,-6.729374885559082,-4.495778322219849,active,0.0
39,role_labeled,no_prime_eos,no_prime_eos,,a girl chases a guest .,a guest is chased by a girl .,a,girl,a,guest,chas,chases,chased,"[""AGENT=girl"", ""VERB=chas"", ""PATIENT=guest""]","Event roles: AGENT=girl; VERB=chas; PATIENT=guest
Sentence: the",Sentence: the,first_noun,-1.9436721801757812,-5.050350666046143,-3.1066784858703613,active,0.0
39,role_labeled,filler,filler,The baker laughed during breakfast .,a girl chases a guest .,a guest is chased by a girl .,a,girl,a,guest,chas,chases,chased,"[""AGENT=girl"", ""VERB=chas"", ""PATIENT=guest""]","Prime sentence: The baker laughed during breakfast .
Event roles: AGENT=girl; VERB=chas; PATIENT=guest
Sentence: the",Sentence: the,first_noun,-3.0270447731018066,-5.50746488571167,-2.4804201126098633,active,0.0
40,role_labeled,active,active,a king hurries a lady .,a woman hurries a worker .,a worker is hurried by a woman .,a,woman,a,worker,hurry,hurries,hurried,"[""VERB=hurry"", ""PATIENT=worker"", ""AGENT=woman""]","Prime sentence: a king hurries a lady .
Event roles: VERB=hurry; PATIENT=worker; AGENT=woman
Sentence: the",Sentence: the,first_noun,-3.855705976486206,-6.886993408203125,-3.031287431716919,active,0.0
40,role_labeled,passive,passive,a lady is hurried by a king .,a woman hurries a worker .,a worker is hurried by a woman .,a,woman,a,worker,hurry,hurries,hurried,"[""VERB=hurry"", ""PATIENT=worker"", ""AGENT=woman""]","Prime sentence: a lady is hurried by a king .
Event roles: VERB=hurry; PATIENT=worker; AGENT=woman
Sentence: the",Sentence: the,first_noun,-3.899127244949341,-6.965177536010742,-3.0660502910614014,active,0.0
40,role_labeled,no_prime_eos,no_prime_eos,,a woman hurries a worker .,a worker is hurried by a woman .,a,woman,a,worker,hurry,hurries,hurried,"[""VERB=hurry"", ""PATIENT=worker"", ""AGENT=woman""]","Event roles: VERB=hurry; PATIENT=worker; AGENT=woman
Sentence: the",Sentence: the,first_noun,-3.324516534805298,-5.414060592651367,-2.0895440578460693,active,0.0
40,role_labeled,filler,filler,The sculpture stood in the hallway .,a woman hurries a worker .,a worker is hurried by a woman .,a,woman,a,worker,hurry,hurries,hurried,"[""VERB=hurry"", ""PATIENT=worker"", ""AGENT=woman""]","Prime sentence: The sculpture stood in the hallway .
Event roles: VERB=hurry; PATIENT=worker; AGENT=woman
Sentence: the",Sentence: the,first_noun,-3.393516778945923,-5.625020980834961,-2.231504201889038,active,0.0
41,role_labeled,active,active,a guy chases a hero .,a teacher chases an uncle .,an uncle is chased by a teacher .,a,teacher,an,uncle,chas,chases,chased,"[""AGENT=teacher"", ""VERB=chas"", ""PATIENT=uncle""]","Prime sentence: a guy chases a hero .
Event roles: AGENT=teacher; VERB=chas; PATIENT=uncle
Sentence: the",Sentence: the,first_noun,-4.248354911804199,-7.428800582885742,-3.180445671081543,active,0.0
41,role_labeled,passive,passive,a hero is chased by a guy .,a teacher chases an uncle .,an uncle is chased by a teacher .,a,teacher,an,uncle,chas,chases,chased,"[""AGENT=teacher"", ""VERB=chas"", ""PATIENT=uncle""]","Prime sentence: a hero is chased by a guy .
Event roles: AGENT=teacher; VERB=chas; PATIENT=uncle
Sentence: the",Sentence: the,first_noun,-3.7730484008789062,-7.33397912979126,-3.5609307289123535,active,0.0
41,role_labeled,no_prime_eos,no_prime_eos,,a teacher chases an uncle .,an uncle is chased by a teacher .,a,teacher,an,uncle,chas,chases,chased,"[""AGENT=teacher"", ""VERB=chas"", ""PATIENT=uncle""]","Event roles: AGENT=teacher; VERB=chas; PATIENT=uncle
Sentence: the",Sentence: the,first_noun,-2.8671011924743652,-8.01136589050293,-5.1442646980285645,active,0.0
41,role_labeled,filler,filler,The baker laughed during breakfast .,a teacher chases an uncle .,an uncle is chased by a teacher .,a,teacher,an,uncle,chas,chases,chased,"[""AGENT=teacher"", ""VERB=chas"", ""PATIENT=uncle""]","Prime sentence: The baker laughed during breakfast .
Event roles: AGENT=teacher; VERB=chas; PATIENT=uncle
Sentence: the",Sentence: the,first_noun,-3.2906250953674316,-6.752175807952881,-3.461550712585449,active,0.0
42,role_labeled,active,active,a priest embraces a prince .,a chief embraces a child .,a child is embraced by a chief .,a,chief,a,child,embrac,embraces,embraced,"[""AGENT=chief"", ""PATIENT=child"", ""VERB=embrac""]","Prime sentence: a priest embraces a prince .
Event roles: AGENT=chief; PATIENT=child; VERB=embrac
Sentence: the",Sentence: the,first_noun,-4.860561370849609,-4.461386680603027,0.39917469024658203,passive,1.0
42,role_labeled,passive,passive,a prince is embraced by a priest .,a chief embraces a child .,a child is embraced by a chief .,a,chief,a,child,embrac,embraces,embraced,"[""AGENT=chief"", ""PATIENT=child"", ""VERB=embrac""]","Prime sentence: a prince is embraced by a priest .
Event roles: AGENT=chief; PATIENT=child; VERB=embrac
Sentence: the",Sentence: the,first_noun,-4.911494731903076,-4.153909683227539,0.7575850486755371,passive,1.0
42,role_labeled,no_prime_eos,no_prime_eos,,a chief embraces a child .,a child is embraced by a chief .,a,chief,a,child,embrac,embraces,embraced,"[""AGENT=chief"", ""PATIENT=child"", ""VERB=embrac""]","Event roles: AGENT=chief; PATIENT=child; VERB=embrac
Sentence: the",Sentence: the,first_noun,-3.994922161102295,-3.4950203895568848,0.49990177154541016,passive,1.0
42,role_labeled,filler,filler,The traveler rested beside the river .,a chief embraces a child .,a child is embraced by a chief .,a,chief,a,child,embrac,embraces,embraced,"[""AGENT=chief"", ""PATIENT=child"", ""VERB=embrac""]","Prime sentence: The traveler rested beside the river .
Event roles: AGENT=chief; PATIENT=child; VERB=embrac
Sentence: the",Sentence: the,first_noun,-5.273095607757568,-4.504148006439209,0.7689476013183594,passive,1.0
43,role_labeled,active,active,a nurse strikes an opponent .,a bishop strikes a boy .,a boy is struck by a bishop .,a,bishop,a,boy,strik,strikes,struck,"[""VERB=strik"", ""AGENT=bishop"", ""PATIENT=boy""]","Prime sentence: a nurse strikes an opponent .
Event roles: VERB=strik; AGENT=bishop; PATIENT=boy
Sentence: the",Sentence: the,first_noun,-3.246267080307007,-3.951202154159546,-0.7049350738525391,active,0.0
43,role_labeled,passive,passive,an opponent is struck by a nurse .,a bishop strikes a boy .,a boy is struck by a bishop .,a,bishop,a,boy,strik,strikes,struck,"[""VERB=strik"", ""AGENT=bishop"", ""PATIENT=boy""]","Prime sentence: an opponent is struck by a nurse .
Event roles: VERB=strik; AGENT=bishop; PATIENT=boy
Sentence: the",Sentence: the,first_noun,-2.7594988346099854,-3.564267873764038,-0.8047690391540527,active,0.0
43,role_labeled,no_prime_eos,no_prime_eos,,a bishop strikes a boy .,a boy is struck by a bishop .,a,bishop,a,boy,strik,strikes,struck,"[""VERB=strik"", ""AGENT=bishop"", ""PATIENT=boy""]","Event roles: VERB=strik; AGENT=bishop; PATIENT=boy
Sentence: the",Sentence: the,first_noun,-4.110666751861572,-4.766802787780762,-0.6561360359191895,active,0.0
43,role_labeled,filler,filler,The sculpture stood in the hallway .,a bishop strikes a boy .,a boy is struck by a bishop .,a,bishop,a,boy,strik,strikes,struck,"[""VERB=strik"", ""AGENT=bishop"", ""PATIENT=boy""]","Prime sentence: The sculpture stood in the hallway .
Event roles: VERB=strik; AGENT=bishop; PATIENT=boy
Sentence: the",Sentence: the,first_noun,-4.3075971603393555,-3.047851324081421,1.2597458362579346,passive,1.0
44,role_labeled,active,active,a manager asks a mayor .,an adult asks an attorney .,an attorney is asked by an adult .,an,adult,an,attorney,ask,asks,asked,"[""AGENT=adult"", ""PATIENT=attorney"", ""VERB=ask""]","Prime sentence: a manager asks a mayor .
Event roles: AGENT=adult; PATIENT=attorney; VERB=ask
Sentence: the",Sentence: the,first_noun,-5.814578533172607,-5.607944965362549,0.2066335678100586,passive,1.0
44,role_labeled,passive,passive,a mayor is asked by a manager .,an adult asks an attorney .,an attorney is asked by an adult .,an,adult,an,attorney,ask,asks,asked,"[""AGENT=adult"", ""PATIENT=attorney"", ""VERB=ask""]","Prime sentence: a mayor is asked by a manager .
Event roles: AGENT=adult; PATIENT=attorney; VERB=ask
Sentence: the",Sentence: the,first_noun,-6.193814754486084,-5.485950946807861,0.7078638076782227,passive,1.0
44,role_labeled,no_prime_eos,no_prime_eos,,an adult asks an attorney .,an attorney is asked by an adult .,an,adult,an,attorney,ask,asks,asked,"[""AGENT=adult"", ""PATIENT=attorney"", ""VERB=ask""]","Event roles: AGENT=adult; PATIENT=attorney; VERB=ask
Sentence: the",Sentence: the,first_noun,-5.037666320800781,-5.807502746582031,-0.76983642578125,active,0.0
44,role_labeled,filler,filler,The jacket hung behind the chair .,an adult asks an attorney .,an attorney is asked by an adult .,an,adult,an,attorney,ask,asks,asked,"[""AGENT=adult"", ""PATIENT=attorney"", ""VERB=ask""]","Prime sentence: The jacket hung behind the chair .
Event roles: AGENT=adult; PATIENT=attorney; VERB=ask
Sentence: the",Sentence: the,first_noun,-7.108065605163574,-5.5025224685668945,1.6055431365966797,passive,1.0
45,role_labeled,active,active,an actor understands an actress .,a lawyer understands a leader .,a leader is understood by a lawyer .,a,lawyer,a,leader,understand,understands,understood,"[""VERB=understand"", ""AGENT=lawyer"", ""PATIENT=leader""]","Prime sentence: an actor understands an actress .
Event roles: VERB=understand; AGENT=lawyer; PATIENT=leader
Sentence: the",Sentence: the,first_noun,-5.634557723999023,-5.910644054412842,-0.27608633041381836,active,0.0
45,role_labeled,passive,passive,an actress is understood by an actor .,a lawyer understands a leader .,a leader is understood by a lawyer .,a,lawyer,a,leader,understand,understands,understood,"[""VERB=understand"", ""AGENT=lawyer"", ""PATIENT=leader""]","Prime sentence: an actress is understood by an actor .
Event roles: VERB=understand; AGENT=lawyer; PATIENT=leader
Sentence: the",Sentence: the,first_noun,-5.361371040344238,-5.9551520347595215,-0.5937809944152832,active,0.0
45,role_labeled,no_prime_eos,no_prime_eos,,a lawyer understands a leader .,a leader is understood by a lawyer .,a,lawyer,a,leader,understand,understands,understood,"[""VERB=understand"", ""AGENT=lawyer"", ""PATIENT=leader""]","Event roles: VERB=understand; AGENT=lawyer; PATIENT=leader
Sentence: the",Sentence: the,first_noun,-5.212205410003662,-5.464593887329102,-0.25238847732543945,active,0.0
45,role_labeled,filler,filler,The blanket dried on the line .,a lawyer understands a leader .,a leader is understood by a lawyer .,a,lawyer,a,leader,understand,understands,understood,"[""VERB=understand"", ""AGENT=lawyer"", ""PATIENT=leader""]","Prime sentence: The blanket dried on the line .
Event roles: VERB=understand; AGENT=lawyer; PATIENT=leader
Sentence: the",Sentence: the,first_noun,-5.783778667449951,-7.223066329956055,-1.4392876625061035,active,0.0
46,role_labeled,active,active,a husband raises a kid .,a wife raises a winner .,a winner is raised by a wife .,a,wife,a,winner,rais,raises,raised,"[""PATIENT=winner"", ""VERB=rais"", ""AGENT=wife""]","Prime sentence: a husband raises a kid .
Event roles: PATIENT=winner; VERB=rais; AGENT=wife
Sentence: the",Sentence: the,first_noun,-2.944957733154297,-7.268572807312012,-4.323615074157715,active,0.0
46,role_labeled,passive,passive,a kid is raised by a husband .,a wife raises a winner .,a winner is raised by a wife .,a,wife,a,winner,rais,raises,raised,"[""PATIENT=winner"", ""VERB=rais"", ""AGENT=wife""]","Prime sentence: a kid is raised by a husband .
Event roles: PATIENT=winner; VERB=rais; AGENT=wife
Sentence: the",Sentence: the,first_noun,-3.5376570224761963,-7.026403427124023,-3.488746404647827,active,0.0
46,role_labeled,no_prime_eos,no_prime_eos,,a wife raises a winner .,a winner is raised by a wife .,a,wife,a,winner,rais,raises,raised,"[""PATIENT=winner"", ""VERB=rais"", ""AGENT=wife""]","Event roles: PATIENT=winner; VERB=rais; AGENT=wife
Sentence: the",Sentence: the,first_noun,-3.9995598793029785,-4.606353759765625,-0.6067938804626465,active,0.0
46,role_labeled,filler,filler,The planet shimmered above the valley .,a wife raises a winner .,a winner is raised by a wife .,a,wife,a,winner,rais,raises,raised,"[""PATIENT=winner"", ""VERB=rais"", ""AGENT=wife""]","Prime sentence: The planet shimmered above the valley .
Event roles: PATIENT=winner; VERB=rais; AGENT=wife
Sentence: the",Sentence: the,first_noun,-6.013903617858887,-9.175578117370605,-3.1616744995117188,active,0.0
47,role_labeled,active,active,a worker beats a writer .,a king beats a lady .,a lady is beaten by a king .,a,king,a,lady,beat,beats,beaten,"[""AGENT=king"", ""PATIENT=lady"", ""VERB=beat""]","Prime sentence: a worker beats a writer .
Event roles: AGENT=king; PATIENT=lady; VERB=beat
Sentence: the",Sentence: the,first_noun,-2.250307083129883,-5.533459663391113,-3.2831525802612305,active,0.0
47,role_labeled,passive,passive,a writer is beaten by a worker .,a king beats a lady .,a lady is beaten by a king .,a,king,a,lady,beat,beats,beaten,"[""AGENT=king"", ""PATIENT=lady"", ""VERB=beat""]","Prime sentence: a writer is beaten by a worker .
Event roles: AGENT=king; PATIENT=lady; VERB=beat
Sentence: the",Sentence: the,first_noun,-2.4065160751342773,-5.845680236816406,-3.439164161682129,active,0.0
47,role_labeled,no_prime_eos,no_prime_eos,,a king beats a lady .,a lady is beaten by a king .,a,king,a,lady,beat,beats,beaten,"[""AGENT=king"", ""PATIENT=lady"", ""VERB=beat""]","Event roles: AGENT=king; PATIENT=lady; VERB=beat
Sentence: the",Sentence: the,first_noun,-3.264558792114258,-5.3238019943237305,-2.0592432022094727,active,0.0
47,role_labeled,filler,filler,The garden brightened after rain .,a king beats a lady .,a lady is beaten by a king .,a,king,a,lady,beat,beats,beaten,"[""AGENT=king"", ""PATIENT=lady"", ""VERB=beat""]","Prime sentence: The garden brightened after rain .
Event roles: AGENT=king; PATIENT=lady; VERB=beat
Sentence: the",Sentence: the,first_noun,-3.9405064582824707,-4.878464221954346,-0.937957763671875,active,0.0
48,role_labeled,active,active,a woman discovers a worker .,a kid discovers a king .,a king is discovered by a kid .,a,kid,a,king,discover,discovers,discovered,"[""AGENT=kid"", ""VERB=discover"", ""PATIENT=king""]","Prime sentence: a woman discovers a worker .
Event roles: AGENT=kid; VERB=discover; PATIENT=king
Sentence: the",Sentence: the,first_noun,-5.065954208374023,-3.092747688293457,1.9732065200805664,passive,1.0
48,role_labeled,passive,passive,a worker is discovered by a woman .,a kid discovers a king .,a king is discovered by a kid .,a,kid,a,king,discover,discovers,discovered,"[""AGENT=kid"", ""VERB=discover"", ""PATIENT=king""]","Prime sentence: a worker is discovered by a woman .
Event roles: AGENT=kid; VERB=discover; PATIENT=king
Sentence: the",Sentence: the,first_noun,-5.002680778503418,-2.804900884628296,2.197779893875122,passive,1.0
48,role_labeled,no_prime_eos,no_prime_eos,,a kid discovers a king .,a king is discovered by a kid .,a,kid,a,king,discover,discovers,discovered,"[""AGENT=kid"", ""VERB=discover"", ""PATIENT=king""]","Event roles: AGENT=kid; VERB=discover; PATIENT=king
Sentence: the",Sentence: the,first_noun,-5.574718475341797,-3.9524621963500977,1.6222562789916992,passive,1.0
48,role_labeled,filler,filler,The pillow rested on the sofa .,a kid discovers a king .,a king is discovered by a kid .,a,kid,a,king,discover,discovers,discovered,"[""AGENT=kid"", ""VERB=discover"", ""PATIENT=king""]","Prime sentence: The pillow rested on the sofa .
Event roles: AGENT=kid; VERB=discover; PATIENT=king
Sentence: the",Sentence: the,first_noun,-6.079195022583008,-4.278360366821289,1.8008346557617188,passive,1.0
49,role_labeled,active,active,a guest follows a guy .,a student follows a teacher .,a teacher is followed by a student .,a,student,a,teacher,follow,follows,followed,"[""AGENT=student"", ""PATIENT=teacher"", ""VERB=follow""]","Prime sentence: a guest follows a guy .
Event roles: AGENT=student; PATIENT=teacher; VERB=follow
Sentence: the",Sentence: the,first_noun,-2.5320045948028564,-2.9006597995758057,-0.3686552047729492,active,0.0
49,role_labeled,passive,passive,a guy is followed by a guest .,a student follows a teacher .,a teacher is followed by a student .,a,student,a,teacher,follow,follows,followed,"[""AGENT=student"", ""PATIENT=teacher"", ""VERB=follow""]","Prime sentence: a guy is followed by a guest .
Event roles: AGENT=student; PATIENT=teacher; VERB=follow
Sentence: the",Sentence: the,first_noun,-2.425433874130249,-2.77036452293396,-0.34493064880371094,active,0.0
49,role_labeled,no_prime_eos,no_prime_eos,,a student follows a teacher .,a teacher is followed by a student .,a,student,a,teacher,follow,follows,followed,"[""AGENT=student"", ""PATIENT=teacher"", ""VERB=follow""]","Event roles: AGENT=student; PATIENT=teacher; VERB=follow
Sentence: the",Sentence: the,first_noun,-2.5401549339294434,-3.0490598678588867,-0.5089049339294434,active,0.0
49,role_labeled,filler,filler,The captain waited beside the harbor .,a student follows a teacher .,a teacher is followed by a student .,a,student,a,teacher,follow,follows,followed,"[""AGENT=student"", ""PATIENT=teacher"", ""VERB=follow""]","Prime sentence: The captain waited beside the harbor .
Event roles: AGENT=student; PATIENT=teacher; VERB=follow
Sentence: the",Sentence: the,first_noun,-4.027000904083252,-4.24934196472168,-0.22234106063842773,active,0.0
50,role_labeled,active,active,a secretary understands a sheriff .,a doctor understands an employee .,an employee is understood by a doctor .,a,doctor,an,employee,understand,understands,understood,"[""AGENT=doctor"", ""PATIENT=employee"", ""VERB=understand""]","Prime sentence: a secretary understands a sheriff .
Event roles: AGENT=doctor; PATIENT=employee; VERB=understand
Sentence: the",Sentence: the,first_noun,-3.0222015380859375,-5.979529857635498,-2.9573283195495605,active,0.0
50,role_labeled,passive,passive,a sheriff is understood by a secretary .,a doctor understands an employee .,an employee is understood by a doctor .,a,doctor,an,employee,understand,understands,understood,"[""AGENT=doctor"", ""PATIENT=employee"", ""VERB=understand""]","Prime sentence: a sheriff is understood by a secretary .
Event roles: AGENT=doctor; PATIENT=employee; VERB=understand
Sentence: the",Sentence: the,first_noun,-3.032616376876831,-5.39498233795166,-2.362365961074829,active,0.0
50,role_labeled,no_prime_eos,no_prime_eos,,a doctor understands an employee .,an employee is understood by a doctor .,a,doctor,an,employee,understand,understands,understood,"[""AGENT=doctor"", ""PATIENT=employee"", ""VERB=understand""]","Event roles: AGENT=doctor; PATIENT=employee; VERB=understand
Sentence: the",Sentence: the,first_noun,-2.6582400798797607,-5.357256889343262,-2.699016809463501,active,0.0
50,role_labeled,filler,filler,The signal flickered across the screen .,a doctor understands an employee .,an employee is understood by a doctor .,a,doctor,an,employee,understand,understands,understood,"[""AGENT=doctor"", ""PATIENT=employee"", ""VERB=understand""]","Prime sentence: The signal flickered across the screen .
Event roles: AGENT=doctor; PATIENT=employee; VERB=understand
Sentence: the",Sentence: the,first_noun,-2.557333469390869,-6.272093296051025,-3.7147598266601562,active,0.0
51,role_labeled,active,active,a pilot understands a president .,a captain understands a champion .,a champion is understood by a captain .,a,captain,a,champion,understand,understands,understood,"[""AGENT=captain"", ""VERB=understand"", ""PATIENT=champion""]","Prime sentence: a pilot understands a president .
Event roles: AGENT=captain; VERB=understand; PATIENT=champion
Sentence: the",Sentence: the,first_noun,-3.90523099899292,-8.564994812011719,-4.659763813018799,active,0.0
51,role_labeled,passive,passive,a president is understood by a pilot .,a captain understands a champion .,a champion is understood by a captain .,a,captain,a,champion,understand,understands,understood,"[""AGENT=captain"", ""VERB=understand"", ""PATIENT=champion""]","Prime sentence: a president is understood by a pilot .
Event roles: AGENT=captain; VERB=understand; PATIENT=champion
Sentence: the",Sentence: the,first_noun,-3.9798474311828613,-8.72657299041748,-4.746725559234619,active,0.0
51,role_labeled,no_prime_eos,no_prime_eos,,a captain understands a champion .,a champion is understood by a captain .,a,captain,a,champion,understand,understands,understood,"[""AGENT=captain"", ""VERB=understand"", ""PATIENT=champion""]","Event roles: AGENT=captain; VERB=understand; PATIENT=champion
Sentence: the",Sentence: the,first_noun,-2.7523298263549805,-5.671961784362793,-2.9196319580078125,active,0.0
51,role_labeled,filler,filler,The market opened after sunrise .,a captain understands a champion .,a champion is understood by a captain .,a,captain,a,champion,understand,understands,understood,"[""AGENT=captain"", ""VERB=understand"", ""PATIENT=champion""]","Prime sentence: The market opened after sunrise .
Event roles: AGENT=captain; VERB=understand; PATIENT=champion
Sentence: the",Sentence: the,first_noun,-4.124492645263672,-7.870167255401611,-3.7456746101379395,active,0.0
52,role_labeled,active,active,a physician joins a pilot .,a candidate joins a captain .,a captain is joined by a candidate .,a,candidate,a,captain,join,joins,joined,"[""VERB=join"", ""AGENT=candidate"", ""PATIENT=captain""]","Prime sentence: a physician joins a pilot .
Event roles: VERB=join; AGENT=candidate; PATIENT=captain
Sentence: the",Sentence: the,first_noun,-5.228036880493164,-3.125948429107666,2.102088451385498,passive,1.0
52,role_labeled,passive,passive,a pilot is joined by a physician .,a candidate joins a captain .,a captain is joined by a candidate .,a,candidate,a,captain,join,joins,joined,"[""VERB=join"", ""AGENT=candidate"", ""PATIENT=captain""]","Prime sentence: a pilot is joined by a physician .
Event roles: VERB=join; AGENT=candidate; PATIENT=captain
Sentence: the",Sentence: the,first_noun,-4.82319450378418,-2.935253143310547,1.8879413604736328,passive,1.0
52,role_labeled,no_prime_eos,no_prime_eos,,a candidate joins a captain .,a captain is joined by a candidate .,a,candidate,a,captain,join,joins,joined,"[""VERB=join"", ""AGENT=candidate"", ""PATIENT=captain""]","Event roles: VERB=join; AGENT=candidate; PATIENT=captain
Sentence: the",Sentence: the,first_noun,-4.622103691101074,-3.198836088180542,1.4232676029205322,passive,1.0
52,role_labeled,filler,filler,The tourist wandered through the plaza .,a candidate joins a captain .,a captain is joined by a candidate .,a,candidate,a,captain,join,joins,joined,"[""VERB=join"", ""AGENT=candidate"", ""PATIENT=captain""]","Prime sentence: The tourist wandered through the plaza .
Event roles: VERB=join; AGENT=candidate; PATIENT=captain
Sentence: the",Sentence: the,first_noun,-5.054180145263672,-4.691555023193359,0.3626251220703125,passive,1.0
53,role_labeled,active,active,a pilot drags a president .,a captain drags a champion .,a champion is dragged by a captain .,a,captain,a,champion,drag,drags,dragged,"[""AGENT=captain"", ""VERB=drag"", ""PATIENT=champion""]","Prime sentence: a pilot drags a president .
Event roles: AGENT=captain; VERB=drag; PATIENT=champion
Sentence: the",Sentence: the,first_noun,-3.3889095783233643,-7.544659614562988,-4.155750036239624,active,0.0
53,role_labeled,passive,passive,a president is dragged by a pilot .,a captain drags a champion .,a champion is dragged by a captain .,a,captain,a,champion,drag,drags,dragged,"[""AGENT=captain"", ""VERB=drag"", ""PATIENT=champion""]","Prime sentence: a president is dragged by a pilot .
Event roles: AGENT=captain; VERB=drag; PATIENT=champion
Sentence: the",Sentence: the,first_noun,-3.7183752059936523,-7.947440147399902,-4.22906494140625,active,0.0
53,role_labeled,no_prime_eos,no_prime_eos,,a captain drags a champion .,a champion is dragged by a captain .,a,captain,a,champion,drag,drags,dragged,"[""AGENT=captain"", ""VERB=drag"", ""PATIENT=champion""]","Event roles: AGENT=captain; VERB=drag; PATIENT=champion
Sentence: the",Sentence: the,first_noun,-3.249506711959839,-5.259637832641602,-2.0101311206817627,active,0.0
53,role_labeled,filler,filler,The engine cooled before dawn .,a captain drags a champion .,a champion is dragged by a captain .,a,captain,a,champion,drag,drags,dragged,"[""AGENT=captain"", ""VERB=drag"", ""PATIENT=champion""]","Prime sentence: The engine cooled before dawn .
Event roles: AGENT=captain; VERB=drag; PATIENT=champion
Sentence: the",Sentence: the,first_noun,-3.9645938873291016,-7.256532192230225,-3.291938304901123,active,0.0
54,role_labeled,active,active,a woman grabs a worker .,a kid grabs a king .,a king is grabbed by a kid .,a,kid,a,king,grab,grabs,grabbed,"[""AGENT=kid"", ""PATIENT=king"", ""VERB=grab""]","Prime sentence: a woman grabs a worker .
Event roles: AGENT=kid; PATIENT=king; VERB=grab
Sentence: the",Sentence: the,first_noun,-4.388492584228516,-3.130183696746826,1.2583088874816895,passive,1.0
54,role_labeled,passive,passive,a worker is grabbed by a woman .,a kid grabs a king .,a king is grabbed by a kid .,a,kid,a,king,grab,grabs,grabbed,"[""AGENT=kid"", ""PATIENT=king"", ""VERB=grab""]","Prime sentence: a worker is grabbed by a woman .
Event roles: AGENT=kid; PATIENT=king; VERB=grab
Sentence: the",Sentence: the,first_noun,-4.287862777709961,-2.5770013332366943,1.7108614444732666,passive,1.0
54,role_labeled,no_prime_eos,no_prime_eos,,a kid grabs a king .,a king is grabbed by a kid .,a,kid,a,king,grab,grabs,grabbed,"[""AGENT=kid"", ""PATIENT=king"", ""VERB=grab""]","Event roles: AGENT=kid; PATIENT=king; VERB=grab
Sentence: the",Sentence: the,first_noun,-5.076425552368164,-2.948390007019043,2.128035545349121,passive,1.0
54,role_labeled,filler,filler,The pillow rested on the sofa .,a kid grabs a king .,a king is grabbed by a kid .,a,kid,a,king,grab,grabs,grabbed,"[""AGENT=kid"", ""PATIENT=king"", ""VERB=grab""]","Prime sentence: The pillow rested on the sofa .
Event roles: AGENT=kid; PATIENT=king; VERB=grab
Sentence: the",Sentence: the,first_noun,-5.760546684265137,-3.614719867706299,2.145826816558838,passive,1.0
55,role_labeled,active,active,a mother selects a nurse .,an author selects a bishop .,a bishop is selected by an author .,an,author,a,bishop,select,selects,selected,"[""VERB=select"", ""AGENT=author"", ""PATIENT=bishop""]","Prime sentence: a mother selects a nurse .
Event roles: VERB=select; AGENT=author; PATIENT=bishop
Sentence: the",Sentence: the,first_noun,-5.837006568908691,-3.273066997528076,2.5639395713806152,passive,1.0
55,role_labeled,passive,passive,a nurse is selected by a mother .,an author selects a bishop .,a bishop is selected by an author .,an,author,a,bishop,select,selects,selected,"[""VERB=select"", ""AGENT=author"", ""PATIENT=bishop""]","Prime sentence: a nurse is selected by a mother .
Event roles: VERB=select; AGENT=author; PATIENT=bishop
Sentence: the",Sentence: the,first_noun,-5.985220909118652,-2.9816603660583496,3.0035605430603027,passive,1.0
55,role_labeled,no_prime_eos,no_prime_eos,,an author selects a bishop .,a bishop is selected by an author .,an,author,a,bishop,select,selects,selected,"[""VERB=select"", ""AGENT=author"", ""PATIENT=bishop""]","Event roles: VERB=select; AGENT=author; PATIENT=bishop
Sentence: the",Sentence: the,first_noun,-4.94058895111084,-3.923870801925659,1.0167181491851807,passive,1.0
55,role_labeled,filler,filler,The teacher listened during assembly .,an author selects a bishop .,a bishop is selected by an author .,an,author,a,bishop,select,selects,selected,"[""VERB=select"", ""AGENT=author"", ""PATIENT=bishop""]","Prime sentence: The teacher listened during assembly .
Event roles: VERB=select; AGENT=author; PATIENT=bishop
Sentence: the",Sentence: the,first_noun,-5.855776786804199,-3.138965368270874,2.716811418533325,passive,1.0
56,role_labeled,active,active,a writer asks an actor .,a lady asks a lawyer .,a lawyer is asked by a lady .,a,lady,a,lawyer,ask,asks,asked,"[""VERB=ask"", ""PATIENT=lawyer"", ""AGENT=lady""]","Prime sentence: a writer asks an actor .
Event roles: VERB=ask; PATIENT=lawyer; AGENT=lady
Sentence: the",Sentence: the,first_noun,-6.43305778503418,-5.230826377868652,1.2022314071655273,passive,1.0
56,role_labeled,passive,passive,an actor is asked by a writer .,a lady asks a lawyer .,a lawyer is asked by a lady .,a,lady,a,lawyer,ask,asks,asked,"[""VERB=ask"", ""PATIENT=lawyer"", ""AGENT=lady""]","Prime sentence: an actor is asked by a writer .
Event roles: VERB=ask; PATIENT=lawyer; AGENT=lady
Sentence: the",Sentence: the,first_noun,-7.021440505981445,-5.380134582519531,1.641305923461914,passive,1.0
56,role_labeled,no_prime_eos,no_prime_eos,,a lady asks a lawyer .,a lawyer is asked by a lady .,a,lady,a,lawyer,ask,asks,asked,"[""VERB=ask"", ""PATIENT=lawyer"", ""AGENT=lady""]","Event roles: VERB=ask; PATIENT=lawyer; AGENT=lady
Sentence: the",Sentence: the,first_noun,-5.916294097900391,-5.103710174560547,0.8125839233398438,passive,1.0
56,role_labeled,filler,filler,The signal flickered across the screen .,a lady asks a lawyer .,a lawyer is asked by a lady .,a,lady,a,lawyer,ask,asks,asked,"[""VERB=ask"", ""PATIENT=lawyer"", ""AGENT=lady""]","Prime sentence: The signal flickered across the screen .
Event roles: VERB=ask; PATIENT=lawyer; AGENT=lady
Sentence: the",Sentence: the,first_noun,-5.308391571044922,-5.333421230316162,-0.025029659271240234,active,0.0
57,role_labeled,active,active,a husband beats a kid .,a wife beats a winner .,a winner is beaten by a wife .,a,wife,a,winner,beat,beats,beaten,"[""PATIENT=winner"", ""VERB=beat"", ""AGENT=wife""]","Prime sentence: a husband beats a kid .
Event roles: PATIENT=winner; VERB=beat; AGENT=wife
Sentence: the",Sentence: the,first_noun,-2.6723852157592773,-8.161579132080078,-5.489193916320801,active,0.0
57,role_labeled,passive,passive,a kid is beaten by a husband .,a wife beats a winner .,a winner is beaten by a wife .,a,wife,a,winner,beat,beats,beaten,"[""PATIENT=winner"", ""VERB=beat"", ""AGENT=wife""]","Prime sentence: a kid is beaten by a husband .
Event roles: PATIENT=winner; VERB=beat; AGENT=wife
Sentence: the",Sentence: the,first_noun,-2.744993209838867,-7.555418968200684,-4.810425758361816,active,0.0
57,role_labeled,no_prime_eos,no_prime_eos,,a wife beats a winner .,a winner is beaten by a wife .,a,wife,a,winner,beat,beats,beaten,"[""PATIENT=winner"", ""VERB=beat"", ""AGENT=wife""]","Event roles: PATIENT=winner; VERB=beat; AGENT=wife
Sentence: the",Sentence: the,first_noun,-4.119150161743164,-4.673409461975098,-0.5542593002319336,active,0.0
57,role_labeled,filler,filler,The painter waited near the doorway .,a wife beats a winner .,a winner is beaten by a wife .,a,wife,a,winner,beat,beats,beaten,"[""PATIENT=winner"", ""VERB=beat"", ""AGENT=wife""]","Prime sentence: The painter waited near the doorway .
Event roles: PATIENT=winner; VERB=beat; AGENT=wife
Sentence: the",Sentence: the,first_noun,-4.015588760375977,-7.982638359069824,-3.9670495986938477,active,0.0
58,role_labeled,active,active,a reader joins a scientist .,a cousin joins a daughter .,a daughter is joined by a cousin .,a,cousin,a,daughter,join,joins,joined,"[""PATIENT=daughter"", ""AGENT=cousin"", ""VERB=join""]","Prime sentence: a reader joins a scientist .
Event roles: PATIENT=daughter; AGENT=cousin; VERB=join
Sentence: the",Sentence: the,first_noun,-7.0327606201171875,-3.6110172271728516,3.421743392944336,passive,1.0
58,role_labeled,passive,passive,a scientist is joined by a reader .,a cousin joins a daughter .,a daughter is joined by a cousin .,a,cousin,a,daughter,join,joins,joined,"[""PATIENT=daughter"", ""AGENT=cousin"", ""VERB=join""]","Prime sentence: a scientist is joined by a reader .
Event roles: PATIENT=daughter; AGENT=cousin; VERB=join
Sentence: the",Sentence: the,first_noun,-7.329647064208984,-4.071106910705566,3.258540153503418,passive,1.0
58,role_labeled,no_prime_eos,no_prime_eos,,a cousin joins a daughter .,a daughter is joined by a cousin .,a,cousin,a,daughter,join,joins,joined,"[""PATIENT=daughter"", ""AGENT=cousin"", ""VERB=join""]","Event roles: PATIENT=daughter; AGENT=cousin; VERB=join
Sentence: the",Sentence: the,first_noun,-7.253063201904297,-3.845376491546631,3.407686710357666,passive,1.0
58,role_labeled,filler,filler,The violin echoed in the theater .,a cousin joins a daughter .,a daughter is joined by a cousin .,a,cousin,a,daughter,join,joins,joined,"[""PATIENT=daughter"", ""AGENT=cousin"", ""VERB=join""]","Prime sentence: The violin echoed in the theater .
Event roles: PATIENT=daughter; AGENT=cousin; VERB=join
Sentence: the",Sentence: the,first_noun,-9.361496925354004,-6.151020050048828,3.210476875305176,passive,1.0
59,role_labeled,active,active,a boy describes a brother .,a nurse describes an opponent .,an opponent is described by a nurse .,a,nurse,an,opponent,describ,describes,described,"[""VERB=describ"", ""PATIENT=opponent"", ""AGENT=nurse""]","Prime sentence: a boy describes a brother .
Event roles: VERB=describ; PATIENT=opponent; AGENT=nurse
Sentence: the",Sentence: the,first_noun,-4.452465057373047,-7.933840751647949,-3.4813756942749023,active,0.0
59,role_labeled,passive,passive,a brother is described by a boy .,a nurse describes an opponent .,an opponent is described by a nurse .,a,nurse,an,opponent,describ,describes,described,"[""VERB=describ"", ""PATIENT=opponent"", ""AGENT=nurse""]","Prime sentence: a brother is described by a boy .
Event roles: VERB=describ; PATIENT=opponent; AGENT=nurse
Sentence: the",Sentence: the,first_noun,-4.338663101196289,-7.463432312011719,-3.1247692108154297,active,0.0
59,role_labeled,no_prime_eos,no_prime_eos,,a nurse describes an opponent .,an opponent is described by a nurse .,a,nurse,an,opponent,describ,describes,described,"[""VERB=describ"", ""PATIENT=opponent"", ""AGENT=nurse""]","Event roles: VERB=describ; PATIENT=opponent; AGENT=nurse
Sentence: the",Sentence: the,first_noun,-3.680741786956787,-6.330184459686279,-2.649442672729492,active,0.0
59,role_labeled,filler,filler,The radio crackled in the attic .,a nurse describes an opponent .,an opponent is described by a nurse .,a,nurse,an,opponent,describ,describes,described,"[""VERB=describ"", ""PATIENT=opponent"", ""AGENT=nurse""]","Prime sentence: The radio crackled in the attic .
Event roles: VERB=describ; PATIENT=opponent; AGENT=nurse
Sentence: the",Sentence: the,first_noun,-4.2799201011657715,-9.730973243713379,-5.451053142547607,active,0.0
60,role_labeled,active,active,a lawyer joins a leader .,a writer joins an actor .,an actor is joined by a writer .,a,writer,an,actor,join,joins,joined,"[""PATIENT=actor"", ""VERB=join"", ""AGENT=writer""]","Prime sentence: a lawyer joins a leader .
Event roles: PATIENT=actor; VERB=join; AGENT=writer
Sentence: the",Sentence: the,first_noun,-5.669096946716309,-4.305445671081543,1.3636512756347656,passive,1.0
60,role_labeled,passive,passive,a leader is joined by a lawyer .,a writer joins an actor .,an actor is joined by a writer .,a,writer,an,actor,join,joins,joined,"[""PATIENT=actor"", ""VERB=join"", ""AGENT=writer""]","Prime sentence: a leader is joined by a lawyer .
Event roles: PATIENT=actor; VERB=join; AGENT=writer
Sentence: the",Sentence: the,first_noun,-5.919986724853516,-4.346062660217285,1.5739240646362305,passive,1.0
60,role_labeled,no_prime_eos,no_prime_eos,,a writer joins an actor .,an actor is joined by a writer .,a,writer,an,actor,join,joins,joined,"[""PATIENT=actor"", ""VERB=join"", ""AGENT=writer""]","Event roles: PATIENT=actor; VERB=join; AGENT=writer
Sentence: the",Sentence: the,first_noun,-5.349679946899414,-4.529560089111328,0.8201198577880859,passive,1.0
60,role_labeled,filler,filler,The sculpture stood in the hallway .,a writer joins an actor .,an actor is joined by a writer .,a,writer,an,actor,join,joins,joined,"[""PATIENT=actor"", ""VERB=join"", ""AGENT=writer""]","Prime sentence: The sculpture stood in the hallway .
Event roles: PATIENT=actor; VERB=join; AGENT=writer
Sentence: the",Sentence: the,first_noun,-7.283246994018555,-5.500514984130859,1.7827320098876953,passive,1.0
61,role_labeled,active,active,a father teaches a friend .,a singer teaches a soldier .,a soldier is taught by a singer .,a,singer,a,soldier,teach,teaches,taught,"[""VERB=teach"", ""PATIENT=soldier"", ""AGENT=singer""]","Prime sentence: a father teaches a friend .
Event roles: VERB=teach; PATIENT=soldier; AGENT=singer
Sentence: the",Sentence: the,first_noun,-6.744198799133301,-4.362795829772949,2.3814029693603516,passive,1.0
61,role_labeled,passive,passive,a friend is taught by a father .,a singer teaches a soldier .,a soldier is taught by a singer .,a,singer,a,soldier,teach,teaches,taught,"[""VERB=teach"", ""PATIENT=soldier"", ""AGENT=singer""]","Prime sentence: a friend is taught by a father .
Event roles: VERB=teach; PATIENT=soldier; AGENT=singer
Sentence: the",Sentence: the,first_noun,-6.69713830947876,-4.138520240783691,2.5586180686950684,passive,1.0
61,role_labeled,no_prime_eos,no_prime_eos,,a singer teaches a soldier .,a soldier is taught by a singer .,a,singer,a,soldier,teach,teaches,taught,"[""VERB=teach"", ""PATIENT=soldier"", ""AGENT=singer""]","Event roles: VERB=teach; PATIENT=soldier; AGENT=singer
Sentence: the",Sentence: the,first_noun,-5.840506553649902,-4.487615585327148,1.352890968322754,passive,1.0
61,role_labeled,filler,filler,The window rattled during the storm .,a singer teaches a soldier .,a soldier is taught by a singer .,a,singer,a,soldier,teach,teaches,taught,"[""VERB=teach"", ""PATIENT=soldier"", ""AGENT=singer""]","Prime sentence: The window rattled during the storm .
Event roles: VERB=teach; PATIENT=soldier; AGENT=singer
Sentence: the",Sentence: the,first_noun,-8.136629104614258,-5.295767784118652,2.8408613204956055,passive,1.0
62,role_labeled,active,active,a kid washes a king .,a winner washes a woman .,a woman is washed by a winner .,a,winner,a,woman,wash,washes,washed,"[""VERB=wash"", ""AGENT=winner"", ""PATIENT=woman""]","Prime sentence: a kid washes a king .
Event roles: VERB=wash; AGENT=winner; PATIENT=woman
Sentence: the",Sentence: the,first_noun,-5.802448272705078,-4.381467342376709,1.4209809303283691,passive,1.0
62,role_labeled,passive,passive,a king is washed by a kid .,a winner washes a woman .,a woman is washed by a winner .,a,winner,a,woman,wash,washes,washed,"[""VERB=wash"", ""AGENT=winner"", ""PATIENT=woman""]","Prime sentence: a king is washed by a kid .
Event roles: VERB=wash; AGENT=winner; PATIENT=woman
Sentence: the",Sentence: the,first_noun,-6.562732696533203,-4.882913589477539,1.679819107055664,passive,1.0
62,role_labeled,no_prime_eos,no_prime_eos,,a winner washes a woman .,a woman is washed by a winner .,a,winner,a,woman,wash,washes,washed,"[""VERB=wash"", ""AGENT=winner"", ""PATIENT=woman""]","Event roles: VERB=wash; AGENT=winner; PATIENT=woman
Sentence: the",Sentence: the,first_noun,-4.534219741821289,-3.3223373889923096,1.2118823528289795,passive,1.0
62,role_labeled,filler,filler,The engine cooled before dawn .,a winner washes a woman .,a woman is washed by a winner .,a,winner,a,woman,wash,washes,washed,"[""VERB=wash"", ""AGENT=winner"", ""PATIENT=woman""]","Prime sentence: The engine cooled before dawn .
Event roles: VERB=wash; AGENT=winner; PATIENT=woman
Sentence: the",Sentence: the,first_noun,-7.668840408325195,-4.582563400268555,3.0862770080566406,passive,1.0
63,role_labeled,active,active,a king catches a lady .,a woman catches a worker .,a worker is caught by a woman .,a,woman,a,worker,catch,catches,caught,"[""VERB=catch"", ""PATIENT=worker"", ""AGENT=woman""]","Prime sentence: a king catches a lady .
Event roles: VERB=catch; PATIENT=worker; AGENT=woman
Sentence: the",Sentence: the,first_noun,-3.730919599533081,-5.9810285568237305,-2.2501089572906494,active,0.0
63,role_labeled,passive,passive,a lady is caught by a king .,a woman catches a worker .,a worker is caught by a woman .,a,woman,a,worker,catch,catches,caught,"[""VERB=catch"", ""PATIENT=worker"", ""AGENT=woman""]","Prime sentence: a lady is caught by a king .
Event roles: VERB=catch; PATIENT=worker; AGENT=woman
Sentence: the",Sentence: the,first_noun,-3.5359396934509277,-6.037886142730713,-2.501946449279785,active,0.0
63,role_labeled,no_prime_eos,no_prime_eos,,a woman catches a worker .,a worker is caught by a woman .,a,woman,a,worker,catch,catches,caught,"[""VERB=catch"", ""PATIENT=worker"", ""AGENT=woman""]","Event roles: VERB=catch; PATIENT=worker; AGENT=woman
Sentence: the",Sentence: the,first_noun,-2.9419105052948,-5.1893463134765625,-2.2474358081817627,active,0.0
63,role_labeled,filler,filler,The baker laughed during breakfast .,a woman catches a worker .,a worker is caught by a woman .,a,woman,a,worker,catch,catches,caught,"[""VERB=catch"", ""PATIENT=worker"", ""AGENT=woman""]","Prime sentence: The baker laughed during breakfast .
Event roles: VERB=catch; PATIENT=worker; AGENT=woman
Sentence: the",Sentence: the,first_noun,-3.1229987144470215,-4.326882362365723,-1.2038836479187012,active,0.0
64,role_labeled,active,active,a soldier surprises a son .,a father surprises a friend .,a friend is surprised by a father .,a,father,a,friend,surpris,surprises,surprised,"[""PATIENT=friend"", ""AGENT=father"", ""VERB=surpris""]","Prime sentence: a soldier surprises a son .
Event roles: PATIENT=friend; AGENT=father; VERB=surpris
Sentence: the",Sentence: the,first_noun,-2.717639207839966,-5.37130069732666,-2.6536614894866943,active,0.0
64,role_labeled,passive,passive,a son is surprised by a soldier .,a father surprises a friend .,a friend is surprised by a father .,a,father,a,friend,surpris,surprises,surprised,"[""PATIENT=friend"", ""AGENT=father"", ""VERB=surpris""]","Prime sentence: a son is surprised by a soldier .
Event roles: PATIENT=friend; AGENT=father; VERB=surpris
Sentence: the",Sentence: the,first_noun,-3.2890944480895996,-5.342555046081543,-2.0534605979919434,active,0.0
64,role_labeled,no_prime_eos,no_prime_eos,,a father surprises a friend .,a friend is surprised by a father .,a,father,a,friend,surpris,surprises,surprised,"[""PATIENT=friend"", ""AGENT=father"", ""VERB=surpris""]","Event roles: PATIENT=friend; AGENT=father; VERB=surpris
Sentence: the",Sentence: the,first_noun,-3.980696439743042,-5.699301719665527,-1.7186052799224854,active,0.0
64,role_labeled,filler,filler,The traveler rested beside the river .,a father surprises a friend .,a friend is surprised by a father .,a,father,a,friend,surpris,surprises,surprised,"[""PATIENT=friend"", ""AGENT=father"", ""VERB=surpris""]","Prime sentence: The traveler rested beside the river .
Event roles: PATIENT=friend; AGENT=father; VERB=surpris
Sentence: the",Sentence: the,first_noun,-4.990352630615234,-6.0434675216674805,-1.053114891052246,active,0.0
65,role_labeled,active,active,a teacher comforts an uncle .,a guest comforts a guy .,a guy is comforted by a guest .,a,guest,a,guy,comfort,comforts,comforted,"[""VERB=comfort"", ""AGENT=guest"", ""PATIENT=guy""]","Prime sentence: a teacher comforts an uncle .
Event roles: VERB=comfort; AGENT=guest; PATIENT=guy
Sentence: the",Sentence: the,first_noun,-6.546192169189453,-5.067954063415527,1.4782381057739258,passive,1.0
65,role_labeled,passive,passive,an uncle is comforted by a teacher .,a guest comforts a guy .,a guy is comforted by a guest .,a,guest,a,guy,comfort,comforts,comforted,"[""VERB=comfort"", ""AGENT=guest"", ""PATIENT=guy""]","Prime sentence: an uncle is comforted by a teacher .
Event roles: VERB=comfort; AGENT=guest; PATIENT=guy
Sentence: the",Sentence: the,first_noun,-6.298807144165039,-5.259029388427734,1.0397777557373047,passive,1.0
65,role_labeled,no_prime_eos,no_prime_eos,,a guest comforts a guy .,a guy is comforted by a guest .,a,guest,a,guy,comfort,comforts,comforted,"[""VERB=comfort"", ""AGENT=guest"", ""PATIENT=guy""]","Event roles: VERB=comfort; AGENT=guest; PATIENT=guy
Sentence: the",Sentence: the,first_noun,-4.696990013122559,-4.794551849365234,-0.09756183624267578,active,0.0
65,role_labeled,filler,filler,The kettle whistled in the kitchen .,a guest comforts a guy .,a guy is comforted by a guest .,a,guest,a,guy,comfort,comforts,comforted,"[""VERB=comfort"", ""AGENT=guest"", ""PATIENT=guy""]","Prime sentence: The kettle whistled in the kitchen .
Event roles: VERB=comfort; AGENT=guest; PATIENT=guy
Sentence: the",Sentence: the,first_noun,-6.973717212677002,-5.856827735900879,1.116889476776123,passive,1.0
66,role_labeled,active,active,a lawyer comforts a leader .,a writer comforts an actor .,an actor is comforted by a writer .,a,writer,an,actor,comfort,comforts,comforted,"[""VERB=comfort"", ""AGENT=writer"", ""PATIENT=actor""]","Prime sentence: a lawyer comforts a leader .
Event roles: VERB=comfort; AGENT=writer; PATIENT=actor
Sentence: the",Sentence: the,first_noun,-5.551844120025635,-5.3792500495910645,0.1725940704345703,passive,1.0
66,role_labeled,passive,passive,a leader is comforted by a lawyer .,a writer comforts an actor .,an actor is comforted by a writer .,a,writer,an,actor,comfort,comforts,comforted,"[""VERB=comfort"", ""AGENT=writer"", ""PATIENT=actor""]","Prime sentence: a leader is comforted by a lawyer .
Event roles: VERB=comfort; AGENT=writer; PATIENT=actor
Sentence: the",Sentence: the,first_noun,-6.064573287963867,-5.647101402282715,0.41747188568115234,passive,1.0
66,role_labeled,no_prime_eos,no_prime_eos,,a writer comforts an actor .,an actor is comforted by a writer .,a,writer,an,actor,comfort,comforts,comforted,"[""VERB=comfort"", ""AGENT=writer"", ""PATIENT=actor""]","Event roles: VERB=comfort; AGENT=writer; PATIENT=actor
Sentence: the",Sentence: the,first_noun,-4.995062828063965,-5.313859939575195,-0.31879711151123047,active,0.0
66,role_labeled,filler,filler,The radio crackled in the attic .,a writer comforts an actor .,an actor is comforted by a writer .,a,writer,an,actor,comfort,comforts,comforted,"[""VERB=comfort"", ""AGENT=writer"", ""PATIENT=actor""]","Prime sentence: The radio crackled in the attic .
Event roles: VERB=comfort; AGENT=writer; PATIENT=actor
Sentence: the",Sentence: the,first_noun,-6.549938678741455,-6.986384391784668,-0.4364457130432129,active,0.0
67,role_labeled,active,active,a son strikes a student .,a friend strikes a girl .,a girl is struck by a friend .,a,friend,a,girl,strik,strikes,struck,"[""VERB=strik"", ""AGENT=friend"", ""PATIENT=girl""]","Prime sentence: a son strikes a student .
Event roles: VERB=strik; AGENT=friend; PATIENT=girl
Sentence: the",Sentence: the,first_noun,-5.208056449890137,-3.5107944011688232,1.6972620487213135,passive,1.0
67,role_labeled,passive,passive,a student is struck by a son .,a friend strikes a girl .,a girl is struck by a friend .,a,friend,a,girl,strik,strikes,struck,"[""VERB=strik"", ""AGENT=friend"", ""PATIENT=girl""]","Prime sentence: a student is struck by a son .
Event roles: VERB=strik; AGENT=friend; PATIENT=girl
Sentence: the",Sentence: the,first_noun,-4.93829345703125,-3.1869759559631348,1.7513175010681152,passive,1.0
67,role_labeled,no_prime_eos,no_prime_eos,,a friend strikes a girl .,a girl is struck by a friend .,a,friend,a,girl,strik,strikes,struck,"[""VERB=strik"", ""AGENT=friend"", ""PATIENT=girl""]","Event roles: VERB=strik; AGENT=friend; PATIENT=girl
Sentence: the",Sentence: the,first_noun,-5.530441761016846,-2.8299202919006348,2.700521469116211,passive,1.0
67,role_labeled,filler,filler,The traveler rested beside the river .,a friend strikes a girl .,a girl is struck by a friend .,a,friend,a,girl,strik,strikes,struck,"[""VERB=strik"", ""AGENT=friend"", ""PATIENT=girl""]","Prime sentence: The traveler rested beside the river .
Event roles: VERB=strik; AGENT=friend; PATIENT=girl
Sentence: the",Sentence: the,first_noun,-5.753623962402344,-4.302187919616699,1.4514360427856445,passive,1.0
68,role_labeled,active,active,a writer washes an actor .,a lady washes a lawyer .,a lawyer is washed by a lady .,a,lady,a,lawyer,wash,washes,washed,"[""AGENT=lady"", ""PATIENT=lawyer"", ""VERB=wash""]","Prime sentence: a writer washes an actor .
Event roles: AGENT=lady; PATIENT=lawyer; VERB=wash
Sentence: the",Sentence: the,first_noun,-5.188058376312256,-4.8094482421875,0.37861013412475586,passive,1.0
68,role_labeled,passive,passive,an actor is washed by a writer .,a lady washes a lawyer .,a lawyer is washed by a lady .,a,lady,a,lawyer,wash,washes,washed,"[""AGENT=lady"", ""PATIENT=lawyer"", ""VERB=wash""]","Prime sentence: an actor is washed by a writer .
Event roles: AGENT=lady; PATIENT=lawyer; VERB=wash
Sentence: the",Sentence: the,first_noun,-5.679286003112793,-4.804038047790527,0.8752479553222656,passive,1.0
68,role_labeled,no_prime_eos,no_prime_eos,,a lady washes a lawyer .,a lawyer is washed by a lady .,a,lady,a,lawyer,wash,washes,washed,"[""AGENT=lady"", ""PATIENT=lawyer"", ""VERB=wash""]","Event roles: AGENT=lady; PATIENT=lawyer; VERB=wash
Sentence: the",Sentence: the,first_noun,-5.294328689575195,-5.254904747009277,0.03942394256591797,passive,1.0
68,role_labeled,filler,filler,The pillow rested on the sofa .,a lady washes a lawyer .,a lawyer is washed by a lady .,a,lady,a,lawyer,wash,washes,washed,"[""AGENT=lady"", ""PATIENT=lawyer"", ""VERB=wash""]","Prime sentence: The pillow rested on the sofa .
Event roles: AGENT=lady; PATIENT=lawyer; VERB=wash
Sentence: the",Sentence: the,first_noun,-5.870425224304199,-5.7713727951049805,0.09905242919921875,passive,1.0
69,role_labeled,active,active,a parent washes a partner .,a brother washes a buddy .,a buddy is washed by a brother .,a,brother,a,buddy,wash,washes,washed,"[""VERB=wash"", ""PATIENT=buddy"", ""AGENT=brother""]","Prime sentence: a parent washes a partner .
Event roles: VERB=wash; PATIENT=buddy; AGENT=brother
Sentence: the",Sentence: the,first_noun,-5.59206485748291,-8.67678165435791,-3.084716796875,active,0.0
69,role_labeled,passive,passive,a partner is washed by a parent .,a brother washes a buddy .,a buddy is washed by a brother .,a,brother,a,buddy,wash,washes,washed,"[""VERB=wash"", ""PATIENT=buddy"", ""AGENT=brother""]","Prime sentence: a partner is washed by a parent .
Event roles: VERB=wash; PATIENT=buddy; AGENT=brother
Sentence: the",Sentence: the,first_noun,-5.336660385131836,-7.961126327514648,-2.6244659423828125,active,0.0
69,role_labeled,no_prime_eos,no_prime_eos,,a brother washes a buddy .,a buddy is washed by a brother .,a,brother,a,buddy,wash,washes,washed,"[""VERB=wash"", ""PATIENT=buddy"", ""AGENT=brother""]","Event roles: VERB=wash; PATIENT=buddy; AGENT=brother
Sentence: the",Sentence: the,first_noun,-5.720314025878906,-8.901329040527344,-3.1810150146484375,active,0.0
69,role_labeled,filler,filler,The signal flickered across the screen .,a brother washes a buddy .,a buddy is washed by a brother .,a,brother,a,buddy,wash,washes,washed,"[""VERB=wash"", ""PATIENT=buddy"", ""AGENT=brother""]","Prime sentence: The signal flickered across the screen .
Event roles: VERB=wash; PATIENT=buddy; AGENT=brother
Sentence: the",Sentence: the,first_noun,-7.014484405517578,-8.973779678344727,-1.9592952728271484,active,0.0
70,role_labeled,active,active,a son discovers a student .,a friend discovers a girl .,a girl is discovered by a friend .,a,friend,a,girl,discover,discovers,discovered,"[""VERB=discover"", ""PATIENT=girl"", ""AGENT=friend""]","Prime sentence: a son discovers a student .
Event roles: VERB=discover; PATIENT=girl; AGENT=friend
Sentence: the",Sentence: the,first_noun,-5.0228800773620605,-2.736044406890869,2.2868356704711914,passive,1.0
70,role_labeled,passive,passive,a student is discovered by a son .,a friend discovers a girl .,a girl is discovered by a friend .,a,friend,a,girl,discover,discovers,discovered,"[""VERB=discover"", ""PATIENT=girl"", ""AGENT=friend""]","Prime sentence: a student is discovered by a son .
Event roles: VERB=discover; PATIENT=girl; AGENT=friend
Sentence: the",Sentence: the,first_noun,-4.712062835693359,-2.7416603565216064,1.970402479171753,passive,1.0
70,role_labeled,no_prime_eos,no_prime_eos,,a friend discovers a girl .,a girl is discovered by a friend .,a,friend,a,girl,discover,discovers,discovered,"[""VERB=discover"", ""PATIENT=girl"", ""AGENT=friend""]","Event roles: VERB=discover; PATIENT=girl; AGENT=friend
Sentence: the",Sentence: the,first_noun,-5.008008003234863,-2.573518991470337,2.4344890117645264,passive,1.0
70,role_labeled,filler,filler,The jacket hung behind the chair .,a friend discovers a girl .,a girl is discovered by a friend .,a,friend,a,girl,discover,discovers,discovered,"[""VERB=discover"", ""PATIENT=girl"", ""AGENT=friend""]","Prime sentence: The jacket hung behind the chair .
Event roles: VERB=discover; PATIENT=girl; AGENT=friend
Sentence: the",Sentence: the,first_noun,-6.284156799316406,-3.730895757675171,2.5532610416412354,passive,1.0
71,role_labeled,active,active,a friend asks a girl .,a soldier asks a son .,a son is asked by a soldier .,a,soldier,a,son,ask,asks,asked,"[""VERB=ask"", ""PATIENT=son"", ""AGENT=soldier""]","Prime sentence: a friend asks a girl .
Event roles: VERB=ask; PATIENT=son; AGENT=soldier
Sentence: the",Sentence: the,first_noun,-3.702854633331299,-5.221922874450684,-1.5190682411193848,active,0.0
71,role_labeled,passive,passive,a girl is asked by a friend .,a soldier asks a son .,a son is asked by a soldier .,a,soldier,a,son,ask,asks,asked,"[""VERB=ask"", ""PATIENT=son"", ""AGENT=soldier""]","Prime sentence: a girl is asked by a friend .
Event roles: VERB=ask; PATIENT=son; AGENT=soldier
Sentence: the",Sentence: the,first_noun,-3.4911184310913086,-5.296421051025391,-1.805302619934082,active,0.0
71,role_labeled,no_prime_eos,no_prime_eos,,a soldier asks a son .,a son is asked by a soldier .,a,soldier,a,son,ask,asks,asked,"[""VERB=ask"", ""PATIENT=son"", ""AGENT=soldier""]","Event roles: VERB=ask; PATIENT=son; AGENT=soldier
Sentence: the",Sentence: the,first_noun,-3.9636013507843018,-5.379334449768066,-1.4157330989837646,active,0.0
71,role_labeled,filler,filler,The baker laughed during breakfast .,a soldier asks a son .,a son is asked by a soldier .,a,soldier,a,son,ask,asks,asked,"[""VERB=ask"", ""PATIENT=son"", ""AGENT=soldier""]","Prime sentence: The baker laughed during breakfast .
Event roles: VERB=ask; PATIENT=son; AGENT=soldier
Sentence: the",Sentence: the,first_noun,-4.179091930389404,-5.722760200500488,-1.543668270111084,active,0.0
72,role_labeled,active,active,a man hurts a manager .,an actress hurts an adult .,an adult is hurt by an actress .,an,actress,an,adult,hurt,hurts,hurt,"[""AGENT=actress"", ""PATIENT=adult"", ""VERB=hurt""]","Prime sentence: a man hurts a manager .
Event roles: AGENT=actress; PATIENT=adult; VERB=hurt
Sentence: the",Sentence: the,first_noun,-6.344351768493652,-7.302270412445068,-0.957918643951416,active,0.0
72,role_labeled,passive,passive,a manager is hurt by a man .,an actress hurts an adult .,an adult is hurt by an actress .,an,actress,an,adult,hurt,hurts,hurt,"[""AGENT=actress"", ""PATIENT=adult"", ""VERB=hurt""]","Prime sentence: a manager is hurt by a man .
Event roles: AGENT=actress; PATIENT=adult; VERB=hurt
Sentence: the",Sentence: the,first_noun,-6.061003684997559,-7.182872295379639,-1.12186861038208,active,0.0
72,role_labeled,no_prime_eos,no_prime_eos,,an actress hurts an adult .,an adult is hurt by an actress .,an,actress,an,adult,hurt,hurts,hurt,"[""AGENT=actress"", ""PATIENT=adult"", ""VERB=hurt""]","Event roles: AGENT=actress; PATIENT=adult; VERB=hurt
Sentence: the",Sentence: the,first_noun,-6.555810928344727,-5.542818069458008,1.0129928588867188,passive,1.0
72,role_labeled,filler,filler,The window rattled during the storm .,an actress hurts an adult .,an adult is hurt by an actress .,an,actress,an,adult,hurt,hurts,hurt,"[""AGENT=actress"", ""PATIENT=adult"", ""VERB=hurt""]","Prime sentence: The window rattled during the storm .
Event roles: AGENT=actress; PATIENT=adult; VERB=hurt
Sentence: the",Sentence: the,first_noun,-8.283134460449219,-8.74479866027832,-0.46166419982910156,active,0.0
73,role_labeled,active,active,a physician strikes a pilot .,a candidate strikes a captain .,a captain is struck by a candidate .,a,candidate,a,captain,strik,strikes,struck,"[""AGENT=candidate"", ""VERB=strik"", ""PATIENT=captain""]","Prime sentence: a physician strikes a pilot .
Event roles: AGENT=candidate; VERB=strik; PATIENT=captain
Sentence: the",Sentence: the,first_noun,-5.533808708190918,-3.7248995304107666,1.8089091777801514,passive,1.0
73,role_labeled,passive,passive,a pilot is struck by a physician .,a candidate strikes a captain .,a captain is struck by a candidate .,a,candidate,a,captain,strik,strikes,struck,"[""AGENT=candidate"", ""VERB=strik"", ""PATIENT=captain""]","Prime sentence: a pilot is struck by a physician .
Event roles: AGENT=candidate; VERB=strik; PATIENT=captain
Sentence: the",Sentence: the,first_noun,-5.432582855224609,-3.3591933250427246,2.0733895301818848,passive,1.0
73,role_labeled,no_prime_eos,no_prime_eos,,a candidate strikes a captain .,a captain is struck by a candidate .,a,candidate,a,captain,strik,strikes,struck,"[""AGENT=candidate"", ""VERB=strik"", ""PATIENT=captain""]","Event roles: AGENT=candidate; VERB=strik; PATIENT=captain
Sentence: the",Sentence: the,first_noun,-3.9380548000335693,-3.470381021499634,0.46767377853393555,passive,1.0
73,role_labeled,filler,filler,The package arrived before noon .,a candidate strikes a captain .,a captain is struck by a candidate .,a,candidate,a,captain,strik,strikes,struck,"[""AGENT=candidate"", ""VERB=strik"", ""PATIENT=captain""]","Prime sentence: The package arrived before noon .
Event roles: AGENT=candidate; VERB=strik; PATIENT=captain
Sentence: the",Sentence: the,first_noun,-5.576711177825928,-3.625789165496826,1.9509220123291016,passive,1.0
74,role_labeled,active,active,a mother hurries a nurse .,an author hurries a bishop .,a bishop is hurried by an author .,an,author,a,bishop,hurry,hurries,hurried,"[""PATIENT=bishop"", ""AGENT=author"", ""VERB=hurry""]","Prime sentence: a mother hurries a nurse .
Event roles: PATIENT=bishop; AGENT=author; VERB=hurry
Sentence: the",Sentence: the,first_noun,-6.003170013427734,-3.779700994491577,2.2234690189361572,passive,1.0
74,role_labeled,passive,passive,a nurse is hurried by a mother .,an author hurries a bishop .,a bishop is hurried by an author .,an,author,a,bishop,hurry,hurries,hurried,"[""PATIENT=bishop"", ""AGENT=author"", ""VERB=hurry""]","Prime sentence: a nurse is hurried by a mother .
Event roles: PATIENT=bishop; AGENT=author; VERB=hurry
Sentence: the",Sentence: the,first_noun,-5.614208221435547,-3.9343888759613037,1.6798193454742432,passive,1.0
74,role_labeled,no_prime_eos,no_prime_eos,,an author hurries a bishop .,a bishop is hurried by an author .,an,author,a,bishop,hurry,hurries,hurried,"[""PATIENT=bishop"", ""AGENT=author"", ""VERB=hurry""]","Event roles: PATIENT=bishop; AGENT=author; VERB=hurry
Sentence: the",Sentence: the,first_noun,-4.604254722595215,-4.079267501831055,0.5249872207641602,passive,1.0
74,role_labeled,filler,filler,The package arrived before noon .,an author hurries a bishop .,a bishop is hurried by an author .,an,author,a,bishop,hurry,hurries,hurried,"[""PATIENT=bishop"", ""AGENT=author"", ""VERB=hurry""]","Prime sentence: The package arrived before noon .
Event roles: PATIENT=bishop; AGENT=author; VERB=hurry
Sentence: the",Sentence: the,first_noun,-6.002246856689453,-5.202754020690918,0.7994928359985352,passive,1.0
75,role_labeled,active,active,a mayor joins a minister .,an attorney joins an aunt .,an aunt is joined by an attorney .,an,attorney,an,aunt,join,joins,joined,"[""PATIENT=aunt"", ""VERB=join"", ""AGENT=attorney""]","Prime sentence: a mayor joins a minister .
Event roles: PATIENT=aunt; VERB=join; AGENT=attorney
Sentence: the",Sentence: the,first_noun,-6.5191826820373535,-6.897101402282715,-0.37791872024536133,active,0.0
75,role_labeled,passive,passive,a minister is joined by a mayor .,an attorney joins an aunt .,an aunt is joined by an attorney .,an,attorney,an,aunt,join,joins,joined,"[""PATIENT=aunt"", ""VERB=join"", ""AGENT=attorney""]","Prime sentence: a minister is joined by a mayor .
Event roles: PATIENT=aunt; VERB=join; AGENT=attorney
Sentence: the",Sentence: the,first_noun,-6.198548316955566,-7.209833145141602,-1.0112848281860352,active,0.0
75,role_labeled,no_prime_eos,no_prime_eos,,an attorney joins an aunt .,an aunt is joined by an attorney .,an,attorney,an,aunt,join,joins,joined,"[""PATIENT=aunt"", ""VERB=join"", ""AGENT=attorney""]","Event roles: PATIENT=aunt; VERB=join; AGENT=attorney
Sentence: the",Sentence: the,first_noun,-6.266293048858643,-8.594978332519531,-2.3286852836608887,active,0.0
75,role_labeled,filler,filler,The singer smiled after rehearsal .,an attorney joins an aunt .,an aunt is joined by an attorney .,an,attorney,an,aunt,join,joins,joined,"[""PATIENT=aunt"", ""VERB=join"", ""AGENT=attorney""]","Prime sentence: The singer smiled after rehearsal .
Event roles: PATIENT=aunt; VERB=join; AGENT=attorney
Sentence: the",Sentence: the,first_noun,-5.7820234298706055,-6.487386703491211,-0.7053632736206055,active,0.0
76,role_labeled,active,active,a daughter follows a doctor .,a reader follows a scientist .,a scientist is followed by a reader .,a,reader,a,scientist,follow,follows,followed,"[""VERB=follow"", ""PATIENT=scientist"", ""AGENT=reader""]","Prime sentence: a daughter follows a doctor .
Event roles: VERB=follow; PATIENT=scientist; AGENT=reader
Sentence: the",Sentence: the,first_noun,-6.5153961181640625,-3.837252616882324,2.6781435012817383,passive,1.0
76,role_labeled,passive,passive,a doctor is followed by a daughter .,a reader follows a scientist .,a scientist is followed by a reader .,a,reader,a,scientist,follow,follows,followed,"[""VERB=follow"", ""PATIENT=scientist"", ""AGENT=reader""]","Prime sentence: a doctor is followed by a daughter .
Event roles: VERB=follow; PATIENT=scientist; AGENT=reader
Sentence: the",Sentence: the,first_noun,-6.264138221740723,-3.6757736206054688,2.588364601135254,passive,1.0
76,role_labeled,no_prime_eos,no_prime_eos,,a reader follows a scientist .,a scientist is followed by a reader .,a,reader,a,scientist,follow,follows,followed,"[""VERB=follow"", ""PATIENT=scientist"", ""AGENT=reader""]","Event roles: VERB=follow; PATIENT=scientist; AGENT=reader
Sentence: the",Sentence: the,first_noun,-4.4939141273498535,-4.816710472106934,-0.3227963447570801,active,0.0
76,role_labeled,filler,filler,The baker laughed during breakfast .,a reader follows a scientist .,a scientist is followed by a reader .,a,reader,a,scientist,follow,follows,followed,"[""VERB=follow"", ""PATIENT=scientist"", ""AGENT=reader""]","Prime sentence: The baker laughed during breakfast .
Event roles: VERB=follow; PATIENT=scientist; AGENT=reader
Sentence: the",Sentence: the,first_noun,-6.099652290344238,-3.4384005069732666,2.6612517833709717,passive,1.0
77,role_labeled,active,active,a woman judges a worker .,a kid judges a king .,a king is judged by a kid .,a,kid,a,king,judg,judges,judged,"[""PATIENT=king"", ""AGENT=kid"", ""VERB=judg""]","Prime sentence: a woman judges a worker .
Event roles: PATIENT=king; AGENT=kid; VERB=judg
Sentence: the",Sentence: the,first_noun,-5.24381160736084,-2.517000198364258,2.726811408996582,passive,1.0
77,role_labeled,passive,passive,a worker is judged by a woman .,a kid judges a king .,a king is judged by a kid .,a,kid,a,king,judg,judges,judged,"[""PATIENT=king"", ""AGENT=kid"", ""VERB=judg""]","Prime sentence: a worker is judged by a woman .
Event roles: PATIENT=king; AGENT=kid; VERB=judg
Sentence: the",Sentence: the,first_noun,-5.011175632476807,-2.0085206031799316,3.002655029296875,passive,1.0
77,role_labeled,no_prime_eos,no_prime_eos,,a kid judges a king .,a king is judged by a kid .,a,kid,a,king,judg,judges,judged,"[""PATIENT=king"", ""AGENT=kid"", ""VERB=judg""]","Event roles: PATIENT=king; AGENT=kid; VERB=judg
Sentence: the",Sentence: the,first_noun,-6.025364398956299,-3.379166841506958,2.646197557449341,passive,1.0
77,role_labeled,filler,filler,The teacher listened during assembly .,a kid judges a king .,a king is judged by a kid .,a,kid,a,king,judg,judges,judged,"[""PATIENT=king"", ""AGENT=kid"", ""VERB=judg""]","Prime sentence: The teacher listened during assembly .
Event roles: PATIENT=king; AGENT=kid; VERB=judg
Sentence: the",Sentence: the,first_noun,-3.3052682876586914,-2.189055919647217,1.1162123680114746,passive,1.0
78,role_labeled,active,active,a leader joins a man .,an actor joins an actress .,an actress is joined by an actor .,an,actor,an,actress,join,joins,joined,"[""VERB=join"", ""AGENT=actor"", ""PATIENT=actress""]","Prime sentence: a leader joins a man .
Event roles: VERB=join; AGENT=actor; PATIENT=actress
Sentence: the",Sentence: the,first_noun,-5.1365966796875,-7.301702499389648,-2.1651058197021484,active,0.0
78,role_labeled,passive,passive,a man is joined by a leader .,an actor joins an actress .,an actress is joined by an actor .,an,actor,an,actress,join,joins,joined,"[""VERB=join"", ""AGENT=actor"", ""PATIENT=actress""]","Prime sentence: a man is joined by a leader .
Event roles: VERB=join; AGENT=actor; PATIENT=actress
Sentence: the",Sentence: the,first_noun,-5.192842960357666,-7.529276371002197,-2.3364334106445312,active,0.0
78,role_labeled,no_prime_eos,no_prime_eos,,an actor joins an actress .,an actress is joined by an actor .,an,actor,an,actress,join,joins,joined,"[""VERB=join"", ""AGENT=actor"", ""PATIENT=actress""]","Event roles: VERB=join; AGENT=actor; PATIENT=actress
Sentence: the",Sentence: the,first_noun,-3.9122161865234375,-6.5223283767700195,-2.610112190246582,active,0.0
78,role_labeled,filler,filler,The notebook stayed on the shelf .,an actor joins an actress .,an actress is joined by an actor .,an,actor,an,actress,join,joins,joined,"[""VERB=join"", ""AGENT=actor"", ""PATIENT=actress""]","Prime sentence: The notebook stayed on the shelf .
Event roles: VERB=join; AGENT=actor; PATIENT=actress
Sentence: the",Sentence: the,first_noun,-6.4635419845581055,-7.618200302124023,-1.154658317565918,active,0.0
79,role_labeled,active,active,a student protects a teacher .,a girl protects a guest .,a guest is protected by a girl .,a,girl,a,guest,protect,protects,protected,"[""AGENT=girl"", ""PATIENT=guest"", ""VERB=protect""]","Prime sentence: a student protects a teacher .
Event roles: AGENT=girl; PATIENT=guest; VERB=protect
Sentence: the",Sentence: the,first_noun,-2.265198230743408,-6.199100494384766,-3.9339022636413574,active,0.0
79,role_labeled,passive,passive,a teacher is protected by a student .,a girl protects a guest .,a guest is protected by a girl .,a,girl,a,guest,protect,protects,protected,"[""AGENT=girl"", ""PATIENT=guest"", ""VERB=protect""]","Prime sentence: a teacher is protected by a student .
Event roles: AGENT=girl; PATIENT=guest; VERB=protect
Sentence: the",Sentence: the,first_noun,-2.3739984035491943,-5.5665130615234375,-3.192514657974243,active,0.0
79,role_labeled,no_prime_eos,no_prime_eos,,a girl protects a guest .,a guest is protected by a girl .,a,girl,a,guest,protect,protects,protected,"[""AGENT=girl"", ""PATIENT=guest"", ""VERB=protect""]","Event roles: AGENT=girl; PATIENT=guest; VERB=protect
Sentence: the",Sentence: the,first_noun,-2.248216152191162,-4.7952141761779785,-2.5469980239868164,active,0.0
79,role_labeled,filler,filler,The signal flickered across the screen .,a girl protects a guest .,a guest is protected by a girl .,a,girl,a,guest,protect,protects,protected,"[""AGENT=girl"", ""PATIENT=guest"", ""VERB=protect""]","Prime sentence: The signal flickered across the screen .
Event roles: AGENT=girl; PATIENT=guest; VERB=protect
Sentence: the",Sentence: the,first_noun,-2.5746207237243652,-5.8601484298706055,-3.2855277061462402,active,0.0
80,role_labeled,active,active,a soldier hurts a son .,a father hurts a friend .,a friend is hurt by a father .,a,father,a,friend,hurt,hurts,hurt,"[""AGENT=father"", ""PATIENT=friend"", ""VERB=hurt""]","Prime sentence: a soldier hurts a son .
Event roles: AGENT=father; PATIENT=friend; VERB=hurt
Sentence: the",Sentence: the,first_noun,-1.9881418943405151,-5.473906517028809,-3.4857646226882935,active,0.0
80,role_labeled,passive,passive,a son is hurt by a soldier .,a father hurts a friend .,a friend is hurt by a father .,a,father,a,friend,hurt,hurts,hurt,"[""AGENT=father"", ""PATIENT=friend"", ""VERB=hurt""]","Prime sentence: a son is hurt by a soldier .
Event roles: AGENT=father; PATIENT=friend; VERB=hurt
Sentence: the",Sentence: the,first_noun,-2.117896795272827,-5.299455642700195,-3.181558847427368,active,0.0
80,role_labeled,no_prime_eos,no_prime_eos,,a father hurts a friend .,a friend is hurt by a father .,a,father,a,friend,hurt,hurts,hurt,"[""AGENT=father"", ""PATIENT=friend"", ""VERB=hurt""]","Event roles: AGENT=father; PATIENT=friend; VERB=hurt
Sentence: the",Sentence: the,first_noun,-3.094487190246582,-5.977807998657227,-2.8833208084106445,active,0.0
80,role_labeled,filler,filler,The captain waited beside the harbor .,a father hurts a friend .,a friend is hurt by a father .,a,father,a,friend,hurt,hurts,hurt,"[""AGENT=father"", ""PATIENT=friend"", ""VERB=hurt""]","Prime sentence: The captain waited beside the harbor .
Event roles: AGENT=father; PATIENT=friend; VERB=hurt
Sentence: the",Sentence: the,first_noun,-4.108009338378906,-6.646878242492676,-2.5388689041137695,active,0.0
81,role_labeled,active,active,a reader carries a scientist .,a cousin carries a daughter .,a daughter is carried by a cousin .,a,cousin,a,daughter,carry,carries,carried,"[""PATIENT=daughter"", ""VERB=carry"", ""AGENT=cousin""]","Prime sentence: a reader carries a scientist .
Event roles: PATIENT=daughter; VERB=carry; AGENT=cousin
Sentence: the",Sentence: the,first_noun,-7.895999908447266,-4.3938093185424805,3.502190589904785,passive,1.0
81,role_labeled,passive,passive,a scientist is carried by a reader .,a cousin carries a daughter .,a daughter is carried by a cousin .,a,cousin,a,daughter,carry,carries,carried,"[""PATIENT=daughter"", ""VERB=carry"", ""AGENT=cousin""]","Prime sentence: a scientist is carried by a reader .
Event roles: PATIENT=daughter; VERB=carry; AGENT=cousin
Sentence: the",Sentence: the,first_noun,-8.219367027282715,-4.865724563598633,3.353642463684082,passive,1.0
81,role_labeled,no_prime_eos,no_prime_eos,,a cousin carries a daughter .,a daughter is carried by a cousin .,a,cousin,a,daughter,carry,carries,carried,"[""PATIENT=daughter"", ""VERB=carry"", ""AGENT=cousin""]","Event roles: PATIENT=daughter; VERB=carry; AGENT=cousin
Sentence: the",Sentence: the,first_noun,-7.535776138305664,-3.8409526348114014,3.6948235034942627,passive,1.0
81,role_labeled,filler,filler,The kettle whistled in the kitchen .,a cousin carries a daughter .,a daughter is carried by a cousin .,a,cousin,a,daughter,carry,carries,carried,"[""PATIENT=daughter"", ""VERB=carry"", ""AGENT=cousin""]","Prime sentence: The kettle whistled in the kitchen .
Event roles: PATIENT=daughter; VERB=carry; AGENT=cousin
Sentence: the",Sentence: the,first_noun,-8.696086883544922,-6.290782451629639,2.405304431915283,passive,1.0
82,role_labeled,active,active,a son comforts a student .,a friend comforts a girl .,a girl is comforted by a friend .,a,friend,a,girl,comfort,comforts,comforted,"[""PATIENT=girl"", ""AGENT=friend"", ""VERB=comfort""]","Prime sentence: a son comforts a student .
Event roles: PATIENT=girl; AGENT=friend; VERB=comfort
Sentence: the",Sentence: the,first_noun,-5.086804389953613,-3.1604363918304443,1.926367998123169,passive,1.0
82,role_labeled,passive,passive,a student is comforted by a son .,a friend comforts a girl .,a girl is comforted by a friend .,a,friend,a,girl,comfort,comforts,comforted,"[""PATIENT=girl"", ""AGENT=friend"", ""VERB=comfort""]","Prime sentence: a student is comforted by a son .
Event roles: PATIENT=girl; AGENT=friend; VERB=comfort
Sentence: the",Sentence: the,first_noun,-4.97606897354126,-2.913881301879883,2.062187671661377,passive,1.0
82,role_labeled,no_prime_eos,no_prime_eos,,a friend comforts a girl .,a girl is comforted by a friend .,a,friend,a,girl,comfort,comforts,comforted,"[""PATIENT=girl"", ""AGENT=friend"", ""VERB=comfort""]","Event roles: PATIENT=girl; AGENT=friend; VERB=comfort
Sentence: the",Sentence: the,first_noun,-4.94254207611084,-2.382772207260132,2.559769868850708,passive,1.0
82,role_labeled,filler,filler,The engine cooled before dawn .,a friend comforts a girl .,a girl is comforted by a friend .,a,friend,a,girl,comfort,comforts,comforted,"[""PATIENT=girl"", ""AGENT=friend"", ""VERB=comfort""]","Prime sentence: The engine cooled before dawn .
Event roles: PATIENT=girl; AGENT=friend; VERB=comfort
Sentence: the",Sentence: the,first_noun,-6.825740814208984,-3.696028470993042,3.1297123432159424,passive,1.0
83,role_labeled,active,active,a scientist destroys a secretary .,a daughter destroys a doctor .,a doctor is destroyed by a daughter .,a,daughter,a,doctor,destroy,destroys,destroyed,"[""PATIENT=doctor"", ""AGENT=daughter"", ""VERB=destroy""]","Prime sentence: a scientist destroys a secretary .
Event roles: PATIENT=doctor; AGENT=daughter; VERB=destroy
Sentence: the",Sentence: the,first_noun,-5.085379123687744,-2.3400144577026367,2.7453646659851074,passive,1.0
83,role_labeled,passive,passive,a secretary is destroyed by a scientist .,a daughter destroys a doctor .,a doctor is destroyed by a daughter .,a,daughter,a,doctor,destroy,destroys,destroyed,"[""PATIENT=doctor"", ""AGENT=daughter"", ""VERB=destroy""]","Prime sentence: a secretary is destroyed by a scientist .
Event roles: PATIENT=doctor; AGENT=daughter; VERB=destroy
Sentence: the",Sentence: the,first_noun,-5.421655654907227,-2.658355951309204,2.7632997035980225,passive,1.0
83,role_labeled,no_prime_eos,no_prime_eos,,a daughter destroys a doctor .,a doctor is destroyed by a daughter .,a,daughter,a,doctor,destroy,destroys,destroyed,"[""PATIENT=doctor"", ""AGENT=daughter"", ""VERB=destroy""]","Event roles: PATIENT=doctor; AGENT=daughter; VERB=destroy
Sentence: the",Sentence: the,first_noun,-4.920550346374512,-3.1531996726989746,1.767350673675537,passive,1.0
83,role_labeled,filler,filler,The radio crackled in the attic .,a daughter destroys a doctor .,a doctor is destroyed by a daughter .,a,daughter,a,doctor,destroy,destroys,destroyed,"[""PATIENT=doctor"", ""AGENT=daughter"", ""VERB=destroy""]","Prime sentence: The radio crackled in the attic .
Event roles: PATIENT=doctor; AGENT=daughter; VERB=destroy
Sentence: the",Sentence: the,first_noun,-6.178278923034668,-3.900831460952759,2.277447462081909,passive,1.0
84,role_labeled,active,active,a hero beats a husband .,an uncle beats a wife .,a wife is beaten by an uncle .,an,uncle,a,wife,beat,beats,beaten,"[""AGENT=uncle"", ""VERB=beat"", ""PATIENT=wife""]","Prime sentence: a hero beats a husband .
Event roles: AGENT=uncle; VERB=beat; PATIENT=wife
Sentence: the",Sentence: the,first_noun,-4.810560703277588,-3.6180291175842285,1.1925315856933594,passive,1.0
84,role_labeled,passive,passive,a husband is beaten by a hero .,an uncle beats a wife .,a wife is beaten by an uncle .,an,uncle,a,wife,beat,beats,beaten,"[""AGENT=uncle"", ""VERB=beat"", ""PATIENT=wife""]","Prime sentence: a husband is beaten by a hero .
Event roles: AGENT=uncle; VERB=beat; PATIENT=wife
Sentence: the",Sentence: the,first_noun,-5.161783695220947,-3.57728910446167,1.5844945907592773,passive,1.0
84,role_labeled,no_prime_eos,no_prime_eos,,an uncle beats a wife .,a wife is beaten by an uncle .,an,uncle,a,wife,beat,beats,beaten,"[""AGENT=uncle"", ""VERB=beat"", ""PATIENT=wife""]","Event roles: AGENT=uncle; VERB=beat; PATIENT=wife
Sentence: the",Sentence: the,first_noun,-6.670637130737305,-4.546831130981445,2.1238059997558594,passive,1.0
84,role_labeled,filler,filler,The market opened after sunrise .,an uncle beats a wife .,a wife is beaten by an uncle .,an,uncle,a,wife,beat,beats,beaten,"[""AGENT=uncle"", ""VERB=beat"", ""PATIENT=wife""]","Prime sentence: The market opened after sunrise .
Event roles: AGENT=uncle; VERB=beat; PATIENT=wife
Sentence: the",Sentence: the,first_noun,-7.182613849639893,-5.6779022216796875,1.504711627960205,passive,1.0
85,role_labeled,active,active,an actress grabs an adult .,a leader grabs a man .,a man is grabbed by a leader .,a,leader,a,man,grab,grabs,grabbed,"[""AGENT=leader"", ""PATIENT=man"", ""VERB=grab""]","Prime sentence: an actress grabs an adult .
Event roles: AGENT=leader; PATIENT=man; VERB=grab
Sentence: the",Sentence: the,first_noun,-5.670476913452148,-4.3332295417785645,1.337247371673584,passive,1.0
85,role_labeled,passive,passive,an adult is grabbed by an actress .,a leader grabs a man .,a man is grabbed by a leader .,a,leader,a,man,grab,grabs,grabbed,"[""AGENT=leader"", ""PATIENT=man"", ""VERB=grab""]","Prime sentence: an adult is grabbed by an actress .
Event roles: AGENT=leader; PATIENT=man; VERB=grab
Sentence: the",Sentence: the,first_noun,-5.79998779296875,-3.835644483566284,1.9643433094024658,passive,1.0
85,role_labeled,no_prime_eos,no_prime_eos,,a leader grabs a man .,a man is grabbed by a leader .,a,leader,a,man,grab,grabs,grabbed,"[""AGENT=leader"", ""PATIENT=man"", ""VERB=grab""]","Event roles: AGENT=leader; PATIENT=man; VERB=grab
Sentence: the",Sentence: the,first_noun,-3.694965362548828,-4.250913619995117,-0.5559482574462891,active,0.0
85,role_labeled,filler,filler,The package arrived before noon .,a leader grabs a man .,a man is grabbed by a leader .,a,leader,a,man,grab,grabs,grabbed,"[""AGENT=leader"", ""PATIENT=man"", ""VERB=grab""]","Prime sentence: The package arrived before noon .
Event roles: AGENT=leader; PATIENT=man; VERB=grab
Sentence: the",Sentence: the,first_noun,-5.7962751388549805,-4.379969596862793,1.4163055419921875,passive,1.0
86,role_labeled,active,active,an actress follows an adult .,a leader follows a man .,a man is followed by a leader .,a,leader,a,man,follow,follows,followed,"[""AGENT=leader"", ""VERB=follow"", ""PATIENT=man""]","Prime sentence: an actress follows an adult .
Event roles: AGENT=leader; VERB=follow; PATIENT=man
Sentence: the",Sentence: the,first_noun,-5.527557849884033,-4.491857051849365,1.035700798034668,passive,1.0
86,role_labeled,passive,passive,an adult is followed by an actress .,a leader follows a man .,a man is followed by a leader .,a,leader,a,man,follow,follows,followed,"[""AGENT=leader"", ""VERB=follow"", ""PATIENT=man""]","Prime sentence: an adult is followed by an actress .
Event roles: AGENT=leader; VERB=follow; PATIENT=man
Sentence: the",Sentence: the,first_noun,-5.421818256378174,-4.265296459197998,1.1565217971801758,passive,1.0
86,role_labeled,no_prime_eos,no_prime_eos,,a leader follows a man .,a man is followed by a leader .,a,leader,a,man,follow,follows,followed,"[""AGENT=leader"", ""VERB=follow"", ""PATIENT=man""]","Event roles: AGENT=leader; VERB=follow; PATIENT=man
Sentence: the",Sentence: the,first_noun,-3.099181890487671,-4.929353713989258,-1.830171823501587,active,0.0
86,role_labeled,filler,filler,The planet shimmered above the valley .,a leader follows a man .,a man is followed by a leader .,a,leader,a,man,follow,follows,followed,"[""AGENT=leader"", ""VERB=follow"", ""PATIENT=man""]","Prime sentence: The planet shimmered above the valley .
Event roles: AGENT=leader; VERB=follow; PATIENT=man
Sentence: the",Sentence: the,first_noun,-6.19835090637207,-4.952033519744873,1.2463173866271973,passive,1.0
87,role_labeled,active,active,a son forgets a student .,a friend forgets a girl .,a girl is forgotten by a friend .,a,friend,a,girl,forget,forgets,forgotten,"[""AGENT=friend"", ""VERB=forget"", ""PATIENT=girl""]","Prime sentence: a son forgets a student .
Event roles: AGENT=friend; VERB=forget; PATIENT=girl
Sentence: the",Sentence: the,first_noun,-4.664262771606445,-3.1999642848968506,1.4642984867095947,passive,1.0
87,role_labeled,passive,passive,a student is forgotten by a son .,a friend forgets a girl .,a girl is forgotten by a friend .,a,friend,a,girl,forget,forgets,forgotten,"[""AGENT=friend"", ""VERB=forget"", ""PATIENT=girl""]","Prime sentence: a student is forgotten by a son .
Event roles: AGENT=friend; VERB=forget; PATIENT=girl
Sentence: the",Sentence: the,first_noun,-4.321077346801758,-3.0396032333374023,1.2814741134643555,passive,1.0
87,role_labeled,no_prime_eos,no_prime_eos,,a friend forgets a girl .,a girl is forgotten by a friend .,a,friend,a,girl,forget,forgets,forgotten,"[""AGENT=friend"", ""VERB=forget"", ""PATIENT=girl""]","Event roles: AGENT=friend; VERB=forget; PATIENT=girl
Sentence: the",Sentence: the,first_noun,-4.562564373016357,-2.9636688232421875,1.59889554977417,passive,1.0
87,role_labeled,filler,filler,The baker laughed during breakfast .,a friend forgets a girl .,a girl is forgotten by a friend .,a,friend,a,girl,forget,forgets,forgotten,"[""AGENT=friend"", ""VERB=forget"", ""PATIENT=girl""]","Prime sentence: The baker laughed during breakfast .
Event roles: AGENT=friend; VERB=forget; PATIENT=girl
Sentence: the",Sentence: the,first_noun,-5.1951422691345215,-3.8281140327453613,1.3670282363891602,passive,1.0
88,role_labeled,active,active,an author embraces a bishop .,a minister embraces a mother .,a mother is embraced by a minister .,a,minister,a,mother,embrac,embraces,embraced,"[""AGENT=minister"", ""PATIENT=mother"", ""VERB=embrac""]","Prime sentence: an author embraces a bishop .
Event roles: AGENT=minister; PATIENT=mother; VERB=embrac
Sentence: the",Sentence: the,first_noun,-5.136806964874268,-5.212120532989502,-0.07531356811523438,active,0.0
88,role_labeled,passive,passive,a bishop is embraced by an author .,a minister embraces a mother .,a mother is embraced by a minister .,a,minister,a,mother,embrac,embraces,embraced,"[""AGENT=minister"", ""PATIENT=mother"", ""VERB=embrac""]","Prime sentence: a bishop is embraced by an author .
Event roles: AGENT=minister; PATIENT=mother; VERB=embrac
Sentence: the",Sentence: the,first_noun,-4.823330879211426,-5.103549003601074,-0.28021812438964844,active,0.0
88,role_labeled,no_prime_eos,no_prime_eos,,a minister embraces a mother .,a mother is embraced by a minister .,a,minister,a,mother,embrac,embraces,embraced,"[""AGENT=minister"", ""PATIENT=mother"", ""VERB=embrac""]","Event roles: AGENT=minister; PATIENT=mother; VERB=embrac
Sentence: the",Sentence: the,first_noun,-4.5249505043029785,-4.162660598754883,0.3622899055480957,passive,1.0
88,role_labeled,filler,filler,The sculpture stood in the hallway .,a minister embraces a mother .,a mother is embraced by a minister .,a,minister,a,mother,embrac,embraces,embraced,"[""AGENT=minister"", ""PATIENT=mother"", ""VERB=embrac""]","Prime sentence: The sculpture stood in the hallway .
Event roles: AGENT=minister; PATIENT=mother; VERB=embrac
Sentence: the",Sentence: the,first_noun,-6.337921619415283,-4.28247594833374,2.055445671081543,passive,1.0
89,role_labeled,active,active,a candidate joins a captain .,a partner joins a physician .,a physician is joined by a partner .,a,partner,a,physician,join,joins,joined,"[""AGENT=partner"", ""PATIENT=physician"", ""VERB=join""]","Prime sentence: a candidate joins a captain .
Event roles: AGENT=partner; PATIENT=physician; VERB=join
Sentence: the",Sentence: the,first_noun,-6.001157283782959,-4.9011077880859375,1.1000494956970215,passive,1.0
89,role_labeled,passive,passive,a captain is joined by a candidate .,a partner joins a physician .,a physician is joined by a partner .,a,partner,a,physician,join,joins,joined,"[""AGENT=partner"", ""PATIENT=physician"", ""VERB=join""]","Prime sentence: a captain is joined by a candidate .
Event roles: AGENT=partner; PATIENT=physician; VERB=join
Sentence: the",Sentence: the,first_noun,-6.217973232269287,-4.685971260070801,1.5320019721984863,passive,1.0
89,role_labeled,no_prime_eos,no_prime_eos,,a partner joins a physician .,a physician is joined by a partner .,a,partner,a,physician,join,joins,joined,"[""AGENT=partner"", ""PATIENT=physician"", ""VERB=join""]","Event roles: AGENT=partner; PATIENT=physician; VERB=join
Sentence: the",Sentence: the,first_noun,-5.80639123916626,-3.800332546234131,2.006058692932129,passive,1.0
89,role_labeled,filler,filler,The signal flickered across the screen .,a partner joins a physician .,a physician is joined by a partner .,a,partner,a,physician,join,joins,joined,"[""AGENT=partner"", ""PATIENT=physician"", ""VERB=join""]","Prime sentence: The signal flickered across the screen .
Event roles: AGENT=partner; PATIENT=physician; VERB=join
Sentence: the",Sentence: the,first_noun,-7.2110419273376465,-5.078853607177734,2.132188320159912,passive,1.0
90,role_labeled,active,active,a worker washes a writer .,a king washes a lady .,a lady is washed by a king .,a,king,a,lady,wash,washes,washed,"[""AGENT=king"", ""PATIENT=lady"", ""VERB=wash""]","Prime sentence: a worker washes a writer .
Event roles: AGENT=king; PATIENT=lady; VERB=wash
Sentence: the",Sentence: the,first_noun,-2.17502498626709,-5.331806659698486,-3.1567816734313965,active,0.0
90,role_labeled,passive,passive,a writer is washed by a worker .,a king washes a lady .,a lady is washed by a king .,a,king,a,lady,wash,washes,washed,"[""AGENT=king"", ""PATIENT=lady"", ""VERB=wash""]","Prime sentence: a writer is washed by a worker .
Event roles: AGENT=king; PATIENT=lady; VERB=wash
Sentence: the",Sentence: the,first_noun,-2.817533493041992,-5.559794902801514,-2.7422614097595215,active,0.0
90,role_labeled,no_prime_eos,no_prime_eos,,a king washes a lady .,a lady is washed by a king .,a,king,a,lady,wash,washes,washed,"[""AGENT=king"", ""PATIENT=lady"", ""VERB=wash""]","Event roles: AGENT=king; PATIENT=lady; VERB=wash
Sentence: the",Sentence: the,first_noun,-3.410823106765747,-5.720887184143066,-2.3100640773773193,active,0.0
90,role_labeled,filler,filler,The captain waited beside the harbor .,a king washes a lady .,a lady is washed by a king .,a,king,a,lady,wash,washes,washed,"[""AGENT=king"", ""PATIENT=lady"", ""VERB=wash""]","Prime sentence: The captain waited beside the harbor .
Event roles: AGENT=king; PATIENT=lady; VERB=wash
Sentence: the",Sentence: the,first_noun,-2.682230234146118,-5.640937805175781,-2.958707571029663,active,0.0
91,role_labeled,active,active,an uncle hurries a wife .,a guy hurries a hero .,a hero is hurried by a guy .,a,guy,a,hero,hurry,hurries,hurried,"[""PATIENT=hero"", ""VERB=hurry"", ""AGENT=guy""]","Prime sentence: an uncle hurries a wife .
Event roles: PATIENT=hero; VERB=hurry; AGENT=guy
Sentence: the",Sentence: the,first_noun,-4.842690467834473,-4.79511833190918,0.04757213592529297,passive,1.0
91,role_labeled,passive,passive,a wife is hurried by an uncle .,a guy hurries a hero .,a hero is hurried by a guy .,a,guy,a,hero,hurry,hurries,hurried,"[""PATIENT=hero"", ""VERB=hurry"", ""AGENT=guy""]","Prime sentence: a wife is hurried by an uncle .
Event roles: PATIENT=hero; VERB=hurry; AGENT=guy
Sentence: the",Sentence: the,first_noun,-5.538496017456055,-5.314237117767334,0.2242588996887207,passive,1.0
91,role_labeled,no_prime_eos,no_prime_eos,,a guy hurries a hero .,a hero is hurried by a guy .,a,guy,a,hero,hurry,hurries,hurried,"[""PATIENT=hero"", ""VERB=hurry"", ""AGENT=guy""]","Event roles: PATIENT=hero; VERB=hurry; AGENT=guy
Sentence: the",Sentence: the,first_noun,-4.578191757202148,-3.2255566120147705,1.352635145187378,passive,1.0
91,role_labeled,filler,filler,The painter waited near the doorway .,a guy hurries a hero .,a hero is hurried by a guy .,a,guy,a,hero,hurry,hurries,hurried,"[""PATIENT=hero"", ""VERB=hurry"", ""AGENT=guy""]","Prime sentence: The painter waited near the doorway .
Event roles: PATIENT=hero; VERB=hurry; AGENT=guy
Sentence: the",Sentence: the,first_noun,-4.514350414276123,-5.437443256378174,-0.9230928421020508,active,0.0
92,role_labeled,active,active,a hero catches a husband .,an uncle catches a wife .,a wife is caught by an uncle .,an,uncle,a,wife,catch,catches,caught,"[""PATIENT=wife"", ""VERB=catch"", ""AGENT=uncle""]","Prime sentence: a hero catches a husband .
Event roles: PATIENT=wife; VERB=catch; AGENT=uncle
Sentence: the",Sentence: the,first_noun,-5.782770156860352,-3.287804126739502,2.4949660301208496,passive,1.0
92,role_labeled,passive,passive,a husband is caught by a hero .,an uncle catches a wife .,a wife is caught by an uncle .,an,uncle,a,wife,catch,catches,caught,"[""PATIENT=wife"", ""VERB=catch"", ""AGENT=uncle""]","Prime sentence: a husband is caught by a hero .
Event roles: PATIENT=wife; VERB=catch; AGENT=uncle
Sentence: the",Sentence: the,first_noun,-5.70661735534668,-3.255255699157715,2.451361656188965,passive,1.0
92,role_labeled,no_prime_eos,no_prime_eos,,an uncle catches a wife .,a wife is caught by an uncle .,an,uncle,a,wife,catch,catches,caught,"[""PATIENT=wife"", ""VERB=catch"", ""AGENT=uncle""]","Event roles: PATIENT=wife; VERB=catch; AGENT=uncle
Sentence: the",Sentence: the,first_noun,-6.244048595428467,-3.5542023181915283,2.6898462772369385,passive,1.0
92,role_labeled,filler,filler,The garden brightened after rain .,an uncle catches a wife .,a wife is caught by an uncle .,an,uncle,a,wife,catch,catches,caught,"[""PATIENT=wife"", ""VERB=catch"", ""AGENT=uncle""]","Prime sentence: The garden brightened after rain .
Event roles: PATIENT=wife; VERB=catch; AGENT=uncle
Sentence: the",Sentence: the,first_noun,-7.394665718078613,-5.083934783935547,2.3107309341430664,passive,1.0
93,role_labeled,active,active,a colonel drags a cop .,a prince drags a princess .,a princess is dragged by a prince .,a,prince,a,princess,drag,drags,dragged,"[""PATIENT=princess"", ""VERB=drag"", ""AGENT=prince""]","Prime sentence: a colonel drags a cop .
Event roles: PATIENT=princess; VERB=drag; AGENT=prince
Sentence: the",Sentence: the,first_noun,-3.389955997467041,-3.8324921131134033,-0.4425361156463623,active,0.0
93,role_labeled,passive,passive,a cop is dragged by a colonel .,a prince drags a princess .,a princess is dragged by a prince .,a,prince,a,princess,drag,drags,dragged,"[""PATIENT=princess"", ""VERB=drag"", ""AGENT=prince""]","Prime sentence: a cop is dragged by a colonel .
Event roles: PATIENT=princess; VERB=drag; AGENT=prince
Sentence: the",Sentence: the,first_noun,-3.549616813659668,-3.89115047454834,-0.3415336608886719,active,0.0
93,role_labeled,no_prime_eos,no_prime_eos,,a prince drags a princess .,a princess is dragged by a prince .,a,prince,a,princess,drag,drags,dragged,"[""PATIENT=princess"", ""VERB=drag"", ""AGENT=prince""]","Event roles: PATIENT=princess; VERB=drag; AGENT=prince
Sentence: the",Sentence: the,first_noun,-3.3218753337860107,-3.0473387241363525,0.2745366096496582,passive,1.0
93,role_labeled,filler,filler,The lantern glowed near sunset .,a prince drags a princess .,a princess is dragged by a prince .,a,prince,a,princess,drag,drags,dragged,"[""PATIENT=princess"", ""VERB=drag"", ""AGENT=prince""]","Prime sentence: The lantern glowed near sunset .
Event roles: PATIENT=princess; VERB=drag; AGENT=prince
Sentence: the",Sentence: the,first_noun,-5.091703414916992,-4.3860554695129395,0.7056479454040527,passive,1.0
94,role_labeled,active,active,a sheriff bothers a singer .,an employee bothers an employer .,an employer is bothered by an employee .,an,employee,an,employer,bother,bothers,bothered,"[""PATIENT=employer"", ""VERB=bother"", ""AGENT=employee""]","Prime sentence: a sheriff bothers a singer .
Event roles: PATIENT=employer; VERB=bother; AGENT=employee
Sentence: the",Sentence: the,first_noun,-4.704131603240967,-4.575967788696289,0.12816381454467773,passive,1.0
94,role_labeled,passive,passive,a singer is bothered by a sheriff .,an employee bothers an employer .,an employer is bothered by an employee .,an,employee,an,employer,bother,bothers,bothered,"[""PATIENT=employer"", ""VERB=bother"", ""AGENT=employee""]","Prime sentence: a singer is bothered by a sheriff .
Event roles: PATIENT=employer; VERB=bother; AGENT=employee
Sentence: the",Sentence: the,first_noun,-5.153642654418945,-4.871326923370361,0.282315731048584,passive,1.0
94,role_labeled,no_prime_eos,no_prime_eos,,an employee bothers an employer .,an employer is bothered by an employee .,an,employee,an,employer,bother,bothers,bothered,"[""PATIENT=employer"", ""VERB=bother"", ""AGENT=employee""]","Event roles: PATIENT=employer; VERB=bother; AGENT=employee
Sentence: the",Sentence: the,first_noun,-3.5971529483795166,-4.369332313537598,-0.772179365158081,active,0.0
94,role_labeled,filler,filler,The planet shimmered above the valley .,an employee bothers an employer .,an employer is bothered by an employee .,an,employee,an,employer,bother,bothers,bothered,"[""PATIENT=employer"", ""VERB=bother"", ""AGENT=employee""]","Prime sentence: The planet shimmered above the valley .
Event roles: PATIENT=employer; VERB=bother; AGENT=employee
Sentence: the",Sentence: the,first_noun,-7.386936187744141,-7.903617858886719,-0.5166816711425781,active,0.0
95,role_labeled,active,active,a cop forgives a cousin .,a princess forgives a professor .,a professor is forgiven by a princess .,a,princess,a,professor,forgiv,forgives,forgiven,"[""PATIENT=professor"", ""VERB=forgiv"", ""AGENT=princess""]","Prime sentence: a cop forgives a cousin .
Event roles: PATIENT=professor; VERB=forgiv; AGENT=princess
Sentence: the",Sentence: the,first_noun,-5.4715352058410645,-3.8360226154327393,1.6355125904083252,passive,1.0
95,role_labeled,passive,passive,a cousin is forgiven by a cop .,a princess forgives a professor .,a professor is forgiven by a princess .,a,princess,a,professor,forgiv,forgives,forgiven,"[""PATIENT=professor"", ""VERB=forgiv"", ""AGENT=princess""]","Prime sentence: a cousin is forgiven by a cop .
Event roles: PATIENT=professor; VERB=forgiv; AGENT=princess
Sentence: the",Sentence: the,first_noun,-5.6688313484191895,-4.339827537536621,1.3290038108825684,passive,1.0
95,role_labeled,no_prime_eos,no_prime_eos,,a princess forgives a professor .,a professor is forgiven by a princess .,a,princess,a,professor,forgiv,forgives,forgiven,"[""PATIENT=professor"", ""VERB=forgiv"", ""AGENT=princess""]","Event roles: PATIENT=professor; VERB=forgiv; AGENT=princess
Sentence: the",Sentence: the,first_noun,-4.7338032722473145,-4.387077808380127,0.3467254638671875,passive,1.0
95,role_labeled,filler,filler,The lantern glowed near sunset .,a princess forgives a professor .,a professor is forgiven by a princess .,a,princess,a,professor,forgiv,forgives,forgiven,"[""PATIENT=professor"", ""VERB=forgiv"", ""AGENT=princess""]","Prime sentence: The lantern glowed near sunset .
Event roles: PATIENT=professor; VERB=forgiv; AGENT=princess
Sentence: the",Sentence: the,first_noun,-5.162648677825928,-5.66184663772583,-0.49919795989990234,active,0.0
96,role_labeled,active,active,an attorney chases an aunt .,a manager chases a mayor .,a mayor is chased by a manager .,a,manager,a,mayor,chas,chases,chased,"[""AGENT=manager"", ""VERB=chas"", ""PATIENT=mayor""]","Prime sentence: an attorney chases an aunt .
Event roles: AGENT=manager; VERB=chas; PATIENT=mayor
Sentence: the",Sentence: the,first_noun,-5.048120021820068,-2.9475221633911133,2.100597858428955,passive,1.0
96,role_labeled,passive,passive,an aunt is chased by an attorney .,a manager chases a mayor .,a mayor is chased by a manager .,a,manager,a,mayor,chas,chases,chased,"[""AGENT=manager"", ""VERB=chas"", ""PATIENT=mayor""]","Prime sentence: an aunt is chased by an attorney .
Event roles: AGENT=manager; VERB=chas; PATIENT=mayor
Sentence: the",Sentence: the,first_noun,-5.144774436950684,-2.997964382171631,2.1468100547790527,passive,1.0
96,role_labeled,no_prime_eos,no_prime_eos,,a manager chases a mayor .,a mayor is chased by a manager .,a,manager,a,mayor,chas,chases,chased,"[""AGENT=manager"", ""VERB=chas"", ""PATIENT=mayor""]","Event roles: AGENT=manager; VERB=chas; PATIENT=mayor
Sentence: the",Sentence: the,first_noun,-4.4988603591918945,-3.211982488632202,1.2868778705596924,passive,1.0
96,role_labeled,filler,filler,The blanket dried on the line .,a manager chases a mayor .,a mayor is chased by a manager .,a,manager,a,mayor,chas,chases,chased,"[""AGENT=manager"", ""VERB=chas"", ""PATIENT=mayor""]","Prime sentence: The blanket dried on the line .
Event roles: AGENT=manager; VERB=chas; PATIENT=mayor
Sentence: the",Sentence: the,first_noun,-6.1818084716796875,-4.916572570800781,1.2652359008789062,passive,1.0
97,role_labeled,active,active,a doctor bothers an employee .,a scientist bothers a secretary .,a secretary is bothered by a scientist .,a,scientist,a,secretary,bother,bothers,bothered,"[""VERB=bother"", ""PATIENT=secretary"", ""AGENT=scientist""]","Prime sentence: a doctor bothers an employee .
Event roles: VERB=bother; PATIENT=secretary; AGENT=scientist
Sentence: the",Sentence: the,first_noun,-3.995138645172119,-5.560510635375977,-1.5653719902038574,active,0.0
97,role_labeled,passive,passive,an employee is bothered by a doctor .,a scientist bothers a secretary .,a secretary is bothered by a scientist .,a,scientist,a,secretary,bother,bothers,bothered,"[""VERB=bother"", ""PATIENT=secretary"", ""AGENT=scientist""]","Prime sentence: an employee is bothered by a doctor .
Event roles: VERB=bother; PATIENT=secretary; AGENT=scientist
Sentence: the",Sentence: the,first_noun,-4.451516151428223,-5.963388919830322,-1.5118727684020996,active,0.0
97,role_labeled,no_prime_eos,no_prime_eos,,a scientist bothers a secretary .,a secretary is bothered by a scientist .,a,scientist,a,secretary,bother,bothers,bothered,"[""VERB=bother"", ""PATIENT=secretary"", ""AGENT=scientist""]","Event roles: VERB=bother; PATIENT=secretary; AGENT=scientist
Sentence: the",Sentence: the,first_noun,-4.691329002380371,-6.675164699554443,-1.9838356971740723,active,0.0
97,role_labeled,filler,filler,The pillow rested on the sofa .,a scientist bothers a secretary .,a secretary is bothered by a scientist .,a,scientist,a,secretary,bother,bothers,bothered,"[""VERB=bother"", ""PATIENT=secretary"", ""AGENT=scientist""]","Prime sentence: The pillow rested on the sofa .
Event roles: VERB=bother; PATIENT=secretary; AGENT=scientist
Sentence: the",Sentence: the,first_noun,-6.815041542053223,-7.72154426574707,-0.9065027236938477,active,0.0
98,role_labeled,active,active,a lawyer forgives a leader .,a writer forgives an actor .,an actor is forgiven by a writer .,a,writer,an,actor,forgiv,forgives,forgiven,"[""AGENT=writer"", ""VERB=forgiv"", ""PATIENT=actor""]","Prime sentence: a lawyer forgives a leader .
Event roles: AGENT=writer; VERB=forgiv; PATIENT=actor
Sentence: the",Sentence: the,first_noun,-5.829269886016846,-5.461144924163818,0.36812496185302734,passive,1.0
98,role_labeled,passive,passive,a leader is forgiven by a lawyer .,a writer forgives an actor .,an actor is forgiven by a writer .,a,writer,an,actor,forgiv,forgives,forgiven,"[""AGENT=writer"", ""VERB=forgiv"", ""PATIENT=actor""]","Prime sentence: a leader is forgiven by a lawyer .
Event roles: AGENT=writer; VERB=forgiv; PATIENT=actor
Sentence: the",Sentence: the,first_noun,-5.887293815612793,-5.348514556884766,0.5387792587280273,passive,1.0
98,role_labeled,no_prime_eos,no_prime_eos,,a writer forgives an actor .,an actor is forgiven by a writer .,a,writer,an,actor,forgiv,forgives,forgiven,"[""AGENT=writer"", ""VERB=forgiv"", ""PATIENT=actor""]","Event roles: AGENT=writer; VERB=forgiv; PATIENT=actor
Sentence: the",Sentence: the,first_noun,-4.749492645263672,-4.819397926330566,-0.06990528106689453,active,0.0
98,role_labeled,filler,filler,The jacket hung behind the chair .,a writer forgives an actor .,an actor is forgiven by a writer .,a,writer,an,actor,forgiv,forgives,forgiven,"[""AGENT=writer"", ""VERB=forgiv"", ""PATIENT=actor""]","Prime sentence: The jacket hung behind the chair .
Event roles: AGENT=writer; VERB=forgiv; PATIENT=actor
Sentence: the",Sentence: the,first_noun,-6.408483505249023,-6.059974670410156,0.3485088348388672,passive,1.0
99,role_labeled,active,active,a soldier helps a son .,a father helps a friend .,a friend is helped by a father .,a,father,a,friend,help,helps,helped,"[""AGENT=father"", ""PATIENT=friend"", ""VERB=help""]","Prime sentence: a soldier helps a son .
Event roles: AGENT=father; PATIENT=friend; VERB=help
Sentence: the",Sentence: the,first_noun,-2.2168972492218018,-5.373132228851318,-3.1562349796295166,active,0.0
99,role_labeled,passive,passive,a son is helped by a soldier .,a father helps a friend .,a friend is helped by a father .,a,father,a,friend,help,helps,helped,"[""AGENT=father"", ""PATIENT=friend"", ""VERB=help""]","Prime sentence: a son is helped by a soldier .
Event roles: AGENT=father; PATIENT=friend; VERB=help
Sentence: the",Sentence: the,first_noun,-2.8946268558502197,-5.690555572509766,-2.795928716659546,active,0.0
99,role_labeled,no_prime_eos,no_prime_eos,,a father helps a friend .,a friend is helped by a father .,a,father,a,friend,help,helps,helped,"[""AGENT=father"", ""PATIENT=friend"", ""VERB=help""]","Event roles: AGENT=father; PATIENT=friend; VERB=help
Sentence: the",Sentence: the,first_noun,-2.9636952877044678,-5.816709518432617,-2.8530142307281494,active,0.0
99,role_labeled,filler,filler,The violin echoed in the theater .,a father helps a friend .,a friend is helped by a father .,a,father,a,friend,help,helps,helped,"[""AGENT=father"", ""PATIENT=friend"", ""VERB=help""]","Prime sentence: The violin echoed in the theater .
Event roles: AGENT=father; PATIENT=friend; VERB=help
Sentence: the",Sentence: the,first_noun,-4.504676818847656,-7.139910697937012,-2.6352338790893555,active,0.0
100,role_labeled,active,active,a mother bothers a nurse .,an author bothers a bishop .,a bishop is bothered by an author .,an,author,a,bishop,bother,bothers,bothered,"[""AGENT=author"", ""VERB=bother"", ""PATIENT=bishop""]","Prime sentence: a mother bothers a nurse .
Event roles: AGENT=author; VERB=bother; PATIENT=bishop
Sentence: the",Sentence: the,first_noun,-6.479346752166748,-3.902510643005371,2.576836109161377,passive,1.0
100,role_labeled,passive,passive,a nurse is bothered by a mother .,an author bothers a bishop .,a bishop is bothered by an author .,an,author,a,bishop,bother,bothers,bothered,"[""AGENT=author"", ""VERB=bother"", ""PATIENT=bishop""]","Prime sentence: a nurse is bothered by a mother .
Event roles: AGENT=author; VERB=bother; PATIENT=bishop
Sentence: the",Sentence: the,first_noun,-6.09876823425293,-3.7348380088806152,2.3639302253723145,passive,1.0
100,role_labeled,no_prime_eos,no_prime_eos,,an author bothers a bishop .,a bishop is bothered by an author .,an,author,a,bishop,bother,bothers,bothered,"[""AGENT=author"", ""VERB=bother"", ""PATIENT=bishop""]","Event roles: AGENT=author; VERB=bother; PATIENT=bishop
Sentence: the",Sentence: the,first_noun,-4.174534320831299,-3.7521142959594727,0.42242002487182617,passive,1.0
100,role_labeled,filler,filler,The engine cooled before dawn .,an author bothers a bishop .,a bishop is bothered by an author .,an,author,a,bishop,bother,bothers,bothered,"[""AGENT=author"", ""VERB=bother"", ""PATIENT=bishop""]","Prime sentence: The engine cooled before dawn .
Event roles: AGENT=author; VERB=bother; PATIENT=bishop
Sentence: the",Sentence: the,first_noun,-6.874771595001221,-5.059212684631348,1.815558910369873,passive,1.0
101,role_labeled,active,active,a chief follows a child .,a president follows a priest .,a priest is followed by a president .,a,president,a,priest,follow,follows,followed,"[""AGENT=president"", ""PATIENT=priest"", ""VERB=follow""]","Prime sentence: a chief follows a child .
Event roles: AGENT=president; PATIENT=priest; VERB=follow
Sentence: the",Sentence: the,first_noun,-3.7911157608032227,-3.786032199859619,0.005083560943603516,passive,1.0
101,role_labeled,passive,passive,a child is followed by a chief .,a president follows a priest .,a priest is followed by a president .,a,president,a,priest,follow,follows,followed,"[""AGENT=president"", ""PATIENT=priest"", ""VERB=follow""]","Prime sentence: a child is followed by a chief .
Event roles: AGENT=president; PATIENT=priest; VERB=follow
Sentence: the",Sentence: the,first_noun,-3.9149153232574463,-3.7011053562164307,0.21380996704101562,passive,1.0
101,role_labeled,no_prime_eos,no_prime_eos,,a president follows a priest .,a priest is followed by a president .,a,president,a,priest,follow,follows,followed,"[""AGENT=president"", ""PATIENT=priest"", ""VERB=follow""]","Event roles: AGENT=president; PATIENT=priest; VERB=follow
Sentence: the",Sentence: the,first_noun,-3.4646196365356445,-3.9680795669555664,-0.5034599304199219,active,0.0
101,role_labeled,filler,filler,The window rattled during the storm .,a president follows a priest .,a priest is followed by a president .,a,president,a,priest,follow,follows,followed,"[""AGENT=president"", ""PATIENT=priest"", ""VERB=follow""]","Prime sentence: The window rattled during the storm .
Event roles: AGENT=president; PATIENT=priest; VERB=follow
Sentence: the",Sentence: the,first_noun,-5.589886665344238,-5.333110809326172,0.2567758560180664,passive,1.0
102,role_labeled,active,active,a candidate selects a captain .,a partner selects a physician .,a physician is selected by a partner .,a,partner,a,physician,select,selects,selected,"[""PATIENT=physician"", ""AGENT=partner"", ""VERB=select""]","Prime sentence: a candidate selects a captain .
Event roles: PATIENT=physician; AGENT=partner; VERB=select
Sentence: the",Sentence: the,first_noun,-6.982316970825195,-3.696728467941284,3.285588502883911,passive,1.0
102,role_labeled,passive,passive,a captain is selected by a candidate .,a partner selects a physician .,a physician is selected by a partner .,a,partner,a,physician,select,selects,selected,"[""PATIENT=physician"", ""AGENT=partner"", ""VERB=select""]","Prime sentence: a captain is selected by a candidate .
Event roles: PATIENT=physician; AGENT=partner; VERB=select
Sentence: the",Sentence: the,first_noun,-6.740810394287109,-4.053477764129639,2.6873326301574707,passive,1.0
102,role_labeled,no_prime_eos,no_prime_eos,,a partner selects a physician .,a physician is selected by a partner .,a,partner,a,physician,select,selects,selected,"[""PATIENT=physician"", ""AGENT=partner"", ""VERB=select""]","Event roles: PATIENT=physician; AGENT=partner; VERB=select
Sentence: the",Sentence: the,first_noun,-6.693727016448975,-3.888127326965332,2.8055996894836426,passive,1.0
102,role_labeled,filler,filler,The singer smiled after rehearsal .,a partner selects a physician .,a physician is selected by a partner .,a,partner,a,physician,select,selects,selected,"[""PATIENT=physician"", ""AGENT=partner"", ""VERB=select""]","Prime sentence: The singer smiled after rehearsal .
Event roles: PATIENT=physician; AGENT=partner; VERB=select
Sentence: the",Sentence: the,first_noun,-7.391271591186523,-5.449141979217529,1.9421296119689941,passive,1.0
103,role_labeled,active,active,an actor raises an actress .,a lawyer raises a leader .,a leader is raised by a lawyer .,a,lawyer,a,leader,rais,raises,raised,"[""AGENT=lawyer"", ""VERB=rais"", ""PATIENT=leader""]","Prime sentence: an actor raises an actress .
Event roles: AGENT=lawyer; VERB=rais; PATIENT=leader
Sentence: the",Sentence: the,first_noun,-3.811183452606201,-6.025027275085449,-2.213843822479248,active,0.0
103,role_labeled,passive,passive,an actress is raised by an actor .,a lawyer raises a leader .,a leader is raised by a lawyer .,a,lawyer,a,leader,rais,raises,raised,"[""AGENT=lawyer"", ""VERB=rais"", ""PATIENT=leader""]","Prime sentence: an actress is raised by an actor .
Event roles: AGENT=lawyer; VERB=rais; PATIENT=leader
Sentence: the",Sentence: the,first_noun,-4.463752269744873,-6.396277904510498,-1.932525634765625,active,0.0
103,role_labeled,no_prime_eos,no_prime_eos,,a lawyer raises a leader .,a leader is raised by a lawyer .,a,lawyer,a,leader,rais,raises,raised,"[""AGENT=lawyer"", ""VERB=rais"", ""PATIENT=leader""]","Event roles: AGENT=lawyer; VERB=rais; PATIENT=leader
Sentence: the",Sentence: the,first_noun,-4.371570587158203,-5.275426864624023,-0.9038562774658203,active,0.0
103,role_labeled,filler,filler,The violin echoed in the theater .,a lawyer raises a leader .,a leader is raised by a lawyer .,a,lawyer,a,leader,rais,raises,raised,"[""AGENT=lawyer"", ""VERB=rais"", ""PATIENT=leader""]","Prime sentence: The violin echoed in the theater .
Event roles: AGENT=lawyer; VERB=rais; PATIENT=leader
Sentence: the",Sentence: the,first_noun,-4.883559703826904,-7.209965229034424,-2.3264055252075195,active,0.0
104,role_labeled,active,active,an aunt selects an author .,a mayor selects a minister .,a minister is selected by a mayor .,a,mayor,a,minister,select,selects,selected,"[""AGENT=mayor"", ""PATIENT=minister"", ""VERB=select""]","Prime sentence: an aunt selects an author .
Event roles: AGENT=mayor; PATIENT=minister; VERB=select
Sentence: the",Sentence: the,first_noun,-2.521747589111328,-4.211829662322998,-1.69008207321167,active,0.0
104,role_labeled,passive,passive,an author is selected by an aunt .,a mayor selects a minister .,a minister is selected by a mayor .,a,mayor,a,minister,select,selects,selected,"[""AGENT=mayor"", ""PATIENT=minister"", ""VERB=select""]","Prime sentence: an author is selected by an aunt .
Event roles: AGENT=mayor; PATIENT=minister; VERB=select
Sentence: the",Sentence: the,first_noun,-2.765108823776245,-4.583779335021973,-1.8186705112457275,active,0.0
104,role_labeled,no_prime_eos,no_prime_eos,,a mayor selects a minister .,a minister is selected by a mayor .,a,mayor,a,minister,select,selects,selected,"[""AGENT=mayor"", ""PATIENT=minister"", ""VERB=select""]","Event roles: AGENT=mayor; PATIENT=minister; VERB=select
Sentence: the",Sentence: the,first_noun,-3.0268430709838867,-4.100316524505615,-1.0734734535217285,active,0.0
104,role_labeled,filler,filler,The baker laughed during breakfast .,a mayor selects a minister .,a minister is selected by a mayor .,a,mayor,a,minister,select,selects,selected,"[""AGENT=mayor"", ""PATIENT=minister"", ""VERB=select""]","Prime sentence: The baker laughed during breakfast .
Event roles: AGENT=mayor; PATIENT=minister; VERB=select
Sentence: the",Sentence: the,first_noun,-3.111773729324341,-5.067312240600586,-1.9555385112762451,active,0.0
105,role_labeled,active,active,a secretary grabs a sheriff .,a doctor grabs an employee .,an employee is grabbed by a doctor .,a,doctor,an,employee,grab,grabs,grabbed,"[""PATIENT=employee"", ""VERB=grab"", ""AGENT=doctor""]","Prime sentence: a secretary grabs a sheriff .
Event roles: PATIENT=employee; VERB=grab; AGENT=doctor
Sentence: the",Sentence: the,first_noun,-2.3227427005767822,-4.21513557434082,-1.892392873764038,active,0.0
105,role_labeled,passive,passive,a sheriff is grabbed by a secretary .,a doctor grabs an employee .,an employee is grabbed by a doctor .,a,doctor,an,employee,grab,grabs,grabbed,"[""PATIENT=employee"", ""VERB=grab"", ""AGENT=doctor""]","Prime sentence: a sheriff is grabbed by a secretary .
Event roles: PATIENT=employee; VERB=grab; AGENT=doctor
Sentence: the",Sentence: the,first_noun,-2.538151979446411,-4.212823867797852,-1.6746718883514404,active,0.0
105,role_labeled,no_prime_eos,no_prime_eos,,a doctor grabs an employee .,an employee is grabbed by a doctor .,a,doctor,an,employee,grab,grabs,grabbed,"[""PATIENT=employee"", ""VERB=grab"", ""AGENT=doctor""]","Event roles: PATIENT=employee; VERB=grab; AGENT=doctor
Sentence: the",Sentence: the,first_noun,-2.8881165981292725,-4.548652648925781,-1.6605360507965088,active,0.0
105,role_labeled,filler,filler,The window rattled during the storm .,a doctor grabs an employee .,an employee is grabbed by a doctor .,a,doctor,an,employee,grab,grabs,grabbed,"[""PATIENT=employee"", ""VERB=grab"", ""AGENT=doctor""]","Prime sentence: The window rattled during the storm .
Event roles: PATIENT=employee; VERB=grab; AGENT=doctor
Sentence: the",Sentence: the,first_noun,-4.518514633178711,-7.094944953918457,-2.576430320739746,active,0.0
106,role_labeled,active,active,a leader asks a man .,an actor asks an actress .,an actress is asked by an actor .,an,actor,an,actress,ask,asks,asked,"[""AGENT=actor"", ""PATIENT=actress"", ""VERB=ask""]","Prime sentence: a leader asks a man .
Event roles: AGENT=actor; PATIENT=actress; VERB=ask
Sentence: the",Sentence: the,first_noun,-4.489358901977539,-7.031855583190918,-2.542496681213379,active,0.0
106,role_labeled,passive,passive,a man is asked by a leader .,an actor asks an actress .,an actress is asked by an actor .,an,actor,an,actress,ask,asks,asked,"[""AGENT=actor"", ""PATIENT=actress"", ""VERB=ask""]","Prime sentence: a man is asked by a leader .
Event roles: AGENT=actor; PATIENT=actress; VERB=ask
Sentence: the",Sentence: the,first_noun,-3.993032455444336,-6.890512466430664,-2.897480010986328,active,0.0
106,role_labeled,no_prime_eos,no_prime_eos,,an actor asks an actress .,an actress is asked by an actor .,an,actor,an,actress,ask,asks,asked,"[""AGENT=actor"", ""PATIENT=actress"", ""VERB=ask""]","Event roles: AGENT=actor; PATIENT=actress; VERB=ask
Sentence: the",Sentence: the,first_noun,-3.8638720512390137,-6.442911148071289,-2.5790390968322754,active,0.0
106,role_labeled,filler,filler,The painter waited near the doorway .,an actor asks an actress .,an actress is asked by an actor .,an,actor,an,actress,ask,asks,asked,"[""AGENT=actor"", ""PATIENT=actress"", ""VERB=ask""]","Prime sentence: The painter waited near the doorway .
Event roles: AGENT=actor; PATIENT=actress; VERB=ask
Sentence: the",Sentence: the,first_noun,-4.645865440368652,-6.1158905029296875,-1.4700250625610352,active,0.0
107,role_labeled,active,active,a doctor drags an employee .,a scientist drags a secretary .,a secretary is dragged by a scientist .,a,scientist,a,secretary,drag,drags,dragged,"[""AGENT=scientist"", ""PATIENT=secretary"", ""VERB=drag""]","Prime sentence: a doctor drags an employee .
Event roles: AGENT=scientist; PATIENT=secretary; VERB=drag
Sentence: the",Sentence: the,first_noun,-3.7015955448150635,-5.738386154174805,-2.036790609359741,active,0.0
107,role_labeled,passive,passive,an employee is dragged by a doctor .,a scientist drags a secretary .,a secretary is dragged by a scientist .,a,scientist,a,secretary,drag,drags,dragged,"[""AGENT=scientist"", ""PATIENT=secretary"", ""VERB=drag""]","Prime sentence: an employee is dragged by a doctor .
Event roles: AGENT=scientist; PATIENT=secretary; VERB=drag
Sentence: the",Sentence: the,first_noun,-3.568485736846924,-5.626765727996826,-2.0582799911499023,active,0.0
107,role_labeled,no_prime_eos,no_prime_eos,,a scientist drags a secretary .,a secretary is dragged by a scientist .,a,scientist,a,secretary,drag,drags,dragged,"[""AGENT=scientist"", ""PATIENT=secretary"", ""VERB=drag""]","Event roles: AGENT=scientist; PATIENT=secretary; VERB=drag
Sentence: the",Sentence: the,first_noun,-4.180196285247803,-7.100470542907715,-2.920274257659912,active,0.0
107,role_labeled,filler,filler,The teacher listened during assembly .,a scientist drags a secretary .,a secretary is dragged by a scientist .,a,scientist,a,secretary,drag,drags,dragged,"[""AGENT=scientist"", ""PATIENT=secretary"", ""VERB=drag""]","Prime sentence: The teacher listened during assembly .
Event roles: AGENT=scientist; PATIENT=secretary; VERB=drag
Sentence: the",Sentence: the,first_noun,-3.0697147846221924,-5.682726860046387,-2.6130120754241943,active,0.0
108,role_labeled,active,active,an adult comforts an attorney .,a man comforts a manager .,a manager is comforted by a man .,a,man,a,manager,comfort,comforts,comforted,"[""AGENT=man"", ""VERB=comfort"", ""PATIENT=manager""]","Prime sentence: an adult comforts an attorney .
Event roles: AGENT=man; VERB=comfort; PATIENT=manager
Sentence: the",Sentence: the,first_noun,-4.062041282653809,-4.754109859466553,-0.6920685768127441,active,0.0
108,role_labeled,passive,passive,an attorney is comforted by an adult .,a man comforts a manager .,a manager is comforted by a man .,a,man,a,manager,comfort,comforts,comforted,"[""AGENT=man"", ""VERB=comfort"", ""PATIENT=manager""]","Prime sentence: an attorney is comforted by an adult .
Event roles: AGENT=man; VERB=comfort; PATIENT=manager
Sentence: the",Sentence: the,first_noun,-4.444241523742676,-5.426568031311035,-0.9823265075683594,active,0.0
108,role_labeled,no_prime_eos,no_prime_eos,,a man comforts a manager .,a manager is comforted by a man .,a,man,a,manager,comfort,comforts,comforted,"[""AGENT=man"", ""VERB=comfort"", ""PATIENT=manager""]","Event roles: AGENT=man; VERB=comfort; PATIENT=manager
Sentence: the",Sentence: the,first_noun,-3.7622501850128174,-4.491599082946777,-0.72934889793396,active,0.0
108,role_labeled,filler,filler,The window rattled during the storm .,a man comforts a manager .,a manager is comforted by a man .,a,man,a,manager,comfort,comforts,comforted,"[""AGENT=man"", ""VERB=comfort"", ""PATIENT=manager""]","Prime sentence: The window rattled during the storm .
Event roles: AGENT=man; VERB=comfort; PATIENT=manager
Sentence: the",Sentence: the,first_noun,-4.60312557220459,-5.652290344238281,-1.0491647720336914,active,0.0
109,role_labeled,active,active,a girl beats a guest .,a son beats a student .,a student is beaten by a son .,a,son,a,student,beat,beats,beaten,"[""PATIENT=student"", ""AGENT=son"", ""VERB=beat""]","Prime sentence: a girl beats a guest .
Event roles: PATIENT=student; AGENT=son; VERB=beat
Sentence: the",Sentence: the,first_noun,-5.155057907104492,-3.4463510513305664,1.7087068557739258,passive,1.0
109,role_labeled,passive,passive,a guest is beaten by a girl .,a son beats a student .,a student is beaten by a son .,a,son,a,student,beat,beats,beaten,"[""PATIENT=student"", ""AGENT=son"", ""VERB=beat""]","Prime sentence: a guest is beaten by a girl .
Event roles: PATIENT=student; AGENT=son; VERB=beat
Sentence: the",Sentence: the,first_noun,-4.8611578941345215,-3.0659444332122803,1.7952134609222412,passive,1.0
109,role_labeled,no_prime_eos,no_prime_eos,,a son beats a student .,a student is beaten by a son .,a,son,a,student,beat,beats,beaten,"[""PATIENT=student"", ""AGENT=son"", ""VERB=beat""]","Event roles: PATIENT=student; AGENT=son; VERB=beat
Sentence: the",Sentence: the,first_noun,-4.053177356719971,-3.368649959564209,0.6845273971557617,passive,1.0
109,role_labeled,filler,filler,The violin echoed in the theater .,a son beats a student .,a student is beaten by a son .,a,son,a,student,beat,beats,beaten,"[""PATIENT=student"", ""AGENT=son"", ""VERB=beat""]","Prime sentence: The violin echoed in the theater .
Event roles: PATIENT=student; AGENT=son; VERB=beat
Sentence: the",Sentence: the,first_noun,-5.959773540496826,-4.4063334465026855,1.5534400939941406,passive,1.0
110,role_labeled,active,active,a leader carries a man .,an actor carries an actress .,an actress is carried by an actor .,an,actor,an,actress,carry,carries,carried,"[""AGENT=actor"", ""VERB=carry"", ""PATIENT=actress""]","Prime sentence: a leader carries a man .
Event roles: AGENT=actor; VERB=carry; PATIENT=actress
Sentence: the",Sentence: the,first_noun,-5.209641456604004,-7.441878318786621,-2.232236862182617,active,0.0
110,role_labeled,passive,passive,a man is carried by a leader .,an actor carries an actress .,an actress is carried by an actor .,an,actor,an,actress,carry,carries,carried,"[""AGENT=actor"", ""VERB=carry"", ""PATIENT=actress""]","Prime sentence: a man is carried by a leader .
Event roles: AGENT=actor; VERB=carry; PATIENT=actress
Sentence: the",Sentence: the,first_noun,-5.022575855255127,-7.380937576293945,-2.3583617210388184,active,0.0
110,role_labeled,no_prime_eos,no_prime_eos,,an actor carries an actress .,an actress is carried by an actor .,an,actor,an,actress,carry,carries,carried,"[""AGENT=actor"", ""VERB=carry"", ""PATIENT=actress""]","Event roles: AGENT=actor; VERB=carry; PATIENT=actress
Sentence: the",Sentence: the,first_noun,-3.980219602584839,-6.164764404296875,-2.184544801712036,active,0.0
110,role_labeled,filler,filler,The baker laughed during breakfast .,an actor carries an actress .,an actress is carried by an actor .,an,actor,an,actress,carry,carries,carried,"[""AGENT=actor"", ""VERB=carry"", ""PATIENT=actress""]","Prime sentence: The baker laughed during breakfast .
Event roles: AGENT=actor; VERB=carry; PATIENT=actress
Sentence: the",Sentence: the,first_noun,-5.038711071014404,-6.562011241912842,-1.5233001708984375,active,0.0
111,role_labeled,active,active,a lawyer carries a leader .,a writer carries an actor .,an actor is carried by a writer .,a,writer,an,actor,carry,carries,carried,"[""AGENT=writer"", ""PATIENT=actor"", ""VERB=carry""]","Prime sentence: a lawyer carries a leader .
Event roles: AGENT=writer; PATIENT=actor; VERB=carry
Sentence: the",Sentence: the,first_noun,-5.297770023345947,-4.995532035827637,0.30223798751831055,passive,1.0
111,role_labeled,passive,passive,a leader is carried by a lawyer .,a writer carries an actor .,an actor is carried by a writer .,a,writer,an,actor,carry,carries,carried,"[""AGENT=writer"", ""PATIENT=actor"", ""VERB=carry""]","Prime sentence: a leader is carried by a lawyer .
Event roles: AGENT=writer; PATIENT=actor; VERB=carry
Sentence: the",Sentence: the,first_noun,-5.834407806396484,-5.362318515777588,0.4720892906188965,passive,1.0
111,role_labeled,no_prime_eos,no_prime_eos,,a writer carries an actor .,an actor is carried by a writer .,a,writer,an,actor,carry,carries,carried,"[""AGENT=writer"", ""PATIENT=actor"", ""VERB=carry""]","Event roles: AGENT=writer; PATIENT=actor; VERB=carry
Sentence: the",Sentence: the,first_noun,-4.697475910186768,-4.781636714935303,-0.08416080474853516,active,0.0
111,role_labeled,filler,filler,The lantern glowed near sunset .,a writer carries an actor .,an actor is carried by a writer .,a,writer,an,actor,carry,carries,carried,"[""AGENT=writer"", ""PATIENT=actor"", ""VERB=carry""]","Prime sentence: The lantern glowed near sunset .
Event roles: AGENT=writer; PATIENT=actor; VERB=carry
Sentence: the",Sentence: the,first_noun,-7.540327072143555,-7.530938148498535,0.009388923645019531,passive,1.0
112,role_labeled,active,active,a mother forgives a nurse .,an author forgives a bishop .,a bishop is forgiven by an author .,an,author,a,bishop,forgiv,forgives,forgiven,"[""AGENT=author"", ""VERB=forgiv"", ""PATIENT=bishop""]","Prime sentence: a mother forgives a nurse .
Event roles: AGENT=author; VERB=forgiv; PATIENT=bishop
Sentence: the",Sentence: the,first_noun,-6.020351886749268,-3.966151237487793,2.0542006492614746,passive,1.0
112,role_labeled,passive,passive,a nurse is forgiven by a mother .,an author forgives a bishop .,a bishop is forgiven by an author .,an,author,a,bishop,forgiv,forgives,forgiven,"[""AGENT=author"", ""VERB=forgiv"", ""PATIENT=bishop""]","Prime sentence: a nurse is forgiven by a mother .
Event roles: AGENT=author; VERB=forgiv; PATIENT=bishop
Sentence: the",Sentence: the,first_noun,-5.579268455505371,-3.8179142475128174,1.7613542079925537,passive,1.0
112,role_labeled,no_prime_eos,no_prime_eos,,an author forgives a bishop .,a bishop is forgiven by an author .,an,author,a,bishop,forgiv,forgives,forgiven,"[""AGENT=author"", ""VERB=forgiv"", ""PATIENT=bishop""]","Event roles: AGENT=author; VERB=forgiv; PATIENT=bishop
Sentence: the",Sentence: the,first_noun,-4.157771587371826,-3.7124946117401123,0.44527697563171387,passive,1.0
112,role_labeled,filler,filler,The sculpture stood in the hallway .,an author forgives a bishop .,a bishop is forgiven by an author .,an,author,a,bishop,forgiv,forgives,forgiven,"[""AGENT=author"", ""VERB=forgiv"", ""PATIENT=bishop""]","Prime sentence: The sculpture stood in the hallway .
Event roles: AGENT=author; VERB=forgiv; PATIENT=bishop
Sentence: the",Sentence: the,first_noun,-6.260272026062012,-4.694855690002441,1.5654163360595703,passive,1.0
113,role_labeled,active,active,a cop chases a cousin .,a princess chases a professor .,a professor is chased by a princess .,a,princess,a,professor,chas,chases,chased,"[""PATIENT=professor"", ""VERB=chas"", ""AGENT=princess""]","Prime sentence: a cop chases a cousin .
Event roles: PATIENT=professor; VERB=chas; AGENT=princess
Sentence: the",Sentence: the,first_noun,-4.937376022338867,-3.403423547744751,1.5339524745941162,passive,1.0
113,role_labeled,passive,passive,a cousin is chased by a cop .,a princess chases a professor .,a professor is chased by a princess .,a,princess,a,professor,chas,chases,chased,"[""PATIENT=professor"", ""VERB=chas"", ""AGENT=princess""]","Prime sentence: a cousin is chased by a cop .
Event roles: PATIENT=professor; VERB=chas; AGENT=princess
Sentence: the",Sentence: the,first_noun,-5.394452095031738,-4.011209487915039,1.3832426071166992,passive,1.0
113,role_labeled,no_prime_eos,no_prime_eos,,a princess chases a professor .,a professor is chased by a princess .,a,princess,a,professor,chas,chases,chased,"[""PATIENT=professor"", ""VERB=chas"", ""AGENT=princess""]","Event roles: PATIENT=professor; VERB=chas; AGENT=princess
Sentence: the",Sentence: the,first_noun,-4.995173454284668,-4.34262752532959,0.6525459289550781,passive,1.0
113,role_labeled,filler,filler,The pillow rested on the sofa .,a princess chases a professor .,a professor is chased by a princess .,a,princess,a,professor,chas,chases,chased,"[""PATIENT=professor"", ""VERB=chas"", ""AGENT=princess""]","Prime sentence: The pillow rested on the sofa .
Event roles: PATIENT=professor; VERB=chas; AGENT=princess
Sentence: the",Sentence: the,first_noun,-5.70427131652832,-5.236544609069824,0.4677267074584961,passive,1.0
114,role_labeled,active,active,an uncle chases a wife .,a guy chases a hero .,a hero is chased by a guy .,a,guy,a,hero,chas,chases,chased,"[""AGENT=guy"", ""PATIENT=hero"", ""VERB=chas""]","Prime sentence: an uncle chases a wife .
Event roles: AGENT=guy; PATIENT=hero; VERB=chas
Sentence: the",Sentence: the,first_noun,-3.6308224201202393,-4.844281196594238,-1.213458776473999,active,0.0
114,role_labeled,passive,passive,a wife is chased by an uncle .,a guy chases a hero .,a hero is chased by a guy .,a,guy,a,hero,chas,chases,chased,"[""AGENT=guy"", ""PATIENT=hero"", ""VERB=chas""]","Prime sentence: a wife is chased by an uncle .
Event roles: AGENT=guy; PATIENT=hero; VERB=chas
Sentence: the",Sentence: the,first_noun,-4.2669548988342285,-5.00880241394043,-0.7418475151062012,active,0.0
114,role_labeled,no_prime_eos,no_prime_eos,,a guy chases a hero .,a hero is chased by a guy .,a,guy,a,hero,chas,chases,chased,"[""AGENT=guy"", ""PATIENT=hero"", ""VERB=chas""]","Event roles: AGENT=guy; PATIENT=hero; VERB=chas
Sentence: the",Sentence: the,first_noun,-4.162752151489258,-3.7238640785217285,0.4388880729675293,passive,1.0
114,role_labeled,filler,filler,The garden brightened after rain .,a guy chases a hero .,a hero is chased by a guy .,a,guy,a,hero,chas,chases,chased,"[""AGENT=guy"", ""PATIENT=hero"", ""VERB=chas""]","Prime sentence: The garden brightened after rain .
Event roles: AGENT=guy; PATIENT=hero; VERB=chas
Sentence: the",Sentence: the,first_noun,-6.063865661621094,-6.21907377243042,-0.15520811080932617,active,0.0
115,role_labeled,active,active,a physician forgives a pilot .,a candidate forgives a captain .,a captain is forgiven by a candidate .,a,candidate,a,captain,forgiv,forgives,forgiven,"[""VERB=forgiv"", ""PATIENT=captain"", ""AGENT=candidate""]","Prime sentence: a physician forgives a pilot .
Event roles: VERB=forgiv; PATIENT=captain; AGENT=candidate
Sentence: the",Sentence: the,first_noun,-6.414835453033447,-3.8615574836730957,2.5532779693603516,passive,1.0
115,role_labeled,passive,passive,a pilot is forgiven by a physician .,a candidate forgives a captain .,a captain is forgiven by a candidate .,a,candidate,a,captain,forgiv,forgives,forgiven,"[""VERB=forgiv"", ""PATIENT=captain"", ""AGENT=candidate""]","Prime sentence: a pilot is forgiven by a physician .
Event roles: VERB=forgiv; PATIENT=captain; AGENT=candidate
Sentence: the",Sentence: the,first_noun,-6.374298095703125,-3.9605307579040527,2.4137673377990723,passive,1.0
115,role_labeled,no_prime_eos,no_prime_eos,,a candidate forgives a captain .,a captain is forgiven by a candidate .,a,candidate,a,captain,forgiv,forgives,forgiven,"[""VERB=forgiv"", ""PATIENT=captain"", ""AGENT=candidate""]","Event roles: VERB=forgiv; PATIENT=captain; AGENT=candidate
Sentence: the",Sentence: the,first_noun,-5.350863933563232,-4.833843231201172,0.5170207023620605,passive,1.0
115,role_labeled,filler,filler,The painter waited near the doorway .,a candidate forgives a captain .,a captain is forgiven by a candidate .,a,candidate,a,captain,forgiv,forgives,forgiven,"[""VERB=forgiv"", ""PATIENT=captain"", ""AGENT=candidate""]","Prime sentence: The painter waited near the doorway .
Event roles: VERB=forgiv; PATIENT=captain; AGENT=candidate
Sentence: the",Sentence: the,first_noun,-6.216753959655762,-4.571575164794922,1.6451787948608398,passive,1.0
116,role_labeled,active,active,a teacher drags an uncle .,a guest drags a guy .,a guy is dragged by a guest .,a,guest,a,guy,drag,drags,dragged,"[""PATIENT=guy"", ""VERB=drag"", ""AGENT=guest""]","Prime sentence: a teacher drags an uncle .
Event roles: PATIENT=guy; VERB=drag; AGENT=guest
Sentence: the",Sentence: the,first_noun,-5.672657012939453,-4.043154716491699,1.629502296447754,passive,1.0
116,role_labeled,passive,passive,an uncle is dragged by a teacher .,a guest drags a guy .,a guy is dragged by a guest .,a,guest,a,guy,drag,drags,dragged,"[""PATIENT=guy"", ""VERB=drag"", ""AGENT=guest""]","Prime sentence: an uncle is dragged by a teacher .
Event roles: PATIENT=guy; VERB=drag; AGENT=guest
Sentence: the",Sentence: the,first_noun,-5.631380081176758,-3.9898808002471924,1.6414992809295654,passive,1.0
116,role_labeled,no_prime_eos,no_prime_eos,,a guest drags a guy .,a guy is dragged by a guest .,a,guest,a,guy,drag,drags,dragged,"[""PATIENT=guy"", ""VERB=drag"", ""AGENT=guest""]","Event roles: PATIENT=guy; VERB=drag; AGENT=guest
Sentence: the",Sentence: the,first_noun,-4.609905242919922,-4.253955364227295,0.35594987869262695,passive,1.0
116,role_labeled,filler,filler,The tourist wandered through the plaza .,a guest drags a guy .,a guy is dragged by a guest .,a,guest,a,guy,drag,drags,dragged,"[""PATIENT=guy"", ""VERB=drag"", ""AGENT=guest""]","Prime sentence: The tourist wandered through the plaza .
Event roles: PATIENT=guy; VERB=drag; AGENT=guest
Sentence: the",Sentence: the,first_noun,-4.5096116065979,-3.574829578399658,0.9347820281982422,passive,1.0
117,role_labeled,active,active,a man raises a manager .,an actress raises an adult .,an adult is raised by an actress .,an,actress,an,adult,rais,raises,raised,"[""AGENT=actress"", ""PATIENT=adult"", ""VERB=rais""]","Prime sentence: a man raises a manager .
Event roles: AGENT=actress; PATIENT=adult; VERB=rais
Sentence: the",Sentence: the,first_noun,-5.960996150970459,-7.353536605834961,-1.392540454864502,active,0.0
117,role_labeled,passive,passive,a manager is raised by a man .,an actress raises an adult .,an adult is raised by an actress .,an,actress,an,adult,rais,raises,raised,"[""AGENT=actress"", ""PATIENT=adult"", ""VERB=rais""]","Prime sentence: a manager is raised by a man .
Event roles: AGENT=actress; PATIENT=adult; VERB=rais
Sentence: the",Sentence: the,first_noun,-6.312575340270996,-7.279960632324219,-0.9673852920532227,active,0.0
117,role_labeled,no_prime_eos,no_prime_eos,,an actress raises an adult .,an adult is raised by an actress .,an,actress,an,adult,rais,raises,raised,"[""AGENT=actress"", ""PATIENT=adult"", ""VERB=rais""]","Event roles: AGENT=actress; PATIENT=adult; VERB=rais
Sentence: the",Sentence: the,first_noun,-6.629332542419434,-5.880406856536865,0.7489256858825684,passive,1.0
117,role_labeled,filler,filler,The radio crackled in the attic .,an actress raises an adult .,an adult is raised by an actress .,an,actress,an,adult,rais,raises,raised,"[""AGENT=actress"", ""PATIENT=adult"", ""VERB=rais""]","Prime sentence: The radio crackled in the attic .
Event roles: AGENT=actress; PATIENT=adult; VERB=rais
Sentence: the",Sentence: the,first_noun,-8.228219985961914,-7.819652080535889,0.4085679054260254,passive,1.0
118,role_labeled,active,active,a lawyer hurries a leader .,a writer hurries an actor .,an actor is hurried by a writer .,a,writer,an,actor,hurry,hurries,hurried,"[""PATIENT=actor"", ""AGENT=writer"", ""VERB=hurry""]","Prime sentence: a lawyer hurries a leader .
Event roles: PATIENT=actor; AGENT=writer; VERB=hurry
Sentence: the",Sentence: the,first_noun,-5.982994556427002,-4.331634521484375,1.651360034942627,passive,1.0
118,role_labeled,passive,passive,a leader is hurried by a lawyer .,a writer hurries an actor .,an actor is hurried by a writer .,a,writer,an,actor,hurry,hurries,hurried,"[""PATIENT=actor"", ""AGENT=writer"", ""VERB=hurry""]","Prime sentence: a leader is hurried by a lawyer .
Event roles: PATIENT=actor; AGENT=writer; VERB=hurry
Sentence: the",Sentence: the,first_noun,-6.455547332763672,-5.159162998199463,1.296384334564209,passive,1.0
118,role_labeled,no_prime_eos,no_prime_eos,,a writer hurries an actor .,an actor is hurried by a writer .,a,writer,an,actor,hurry,hurries,hurried,"[""PATIENT=actor"", ""AGENT=writer"", ""VERB=hurry""]","Event roles: PATIENT=actor; AGENT=writer; VERB=hurry
Sentence: the",Sentence: the,first_noun,-5.788758277893066,-5.062745094299316,0.72601318359375,passive,1.0
118,role_labeled,filler,filler,The jacket hung behind the chair .,a writer hurries an actor .,an actor is hurried by a writer .,a,writer,an,actor,hurry,hurries,hurried,"[""PATIENT=actor"", ""AGENT=writer"", ""VERB=hurry""]","Prime sentence: The jacket hung behind the chair .
Event roles: PATIENT=actor; AGENT=writer; VERB=hurry
Sentence: the",Sentence: the,first_noun,-7.167203903198242,-6.419437885284424,0.7477660179138184,passive,1.0
119,role_labeled,active,active,a girl selects a guest .,a son selects a student .,a student is selected by a son .,a,son,a,student,select,selects,selected,"[""PATIENT=student"", ""AGENT=son"", ""VERB=select""]","Prime sentence: a girl selects a guest .
Event roles: PATIENT=student; AGENT=son; VERB=select
Sentence: the",Sentence: the,first_noun,-4.437880992889404,-2.433659553527832,2.0042214393615723,passive,1.0
119,role_labeled,passive,passive,a guest is selected by a girl .,a son selects a student .,a student is selected by a son .,a,son,a,student,select,selects,selected,"[""PATIENT=student"", ""AGENT=son"", ""VERB=select""]","Prime sentence: a guest is selected by a girl .
Event roles: PATIENT=student; AGENT=son; VERB=select
Sentence: the",Sentence: the,first_noun,-4.838626861572266,-2.8675730228424072,1.9710538387298584,passive,1.0
119,role_labeled,no_prime_eos,no_prime_eos,,a son selects a student .,a student is selected by a son .,a,son,a,student,select,selects,selected,"[""PATIENT=student"", ""AGENT=son"", ""VERB=select""]","Event roles: PATIENT=student; AGENT=son; VERB=select
Sentence: the",Sentence: the,first_noun,-4.325902938842773,-2.9293887615203857,1.3965141773223877,passive,1.0
119,role_labeled,filler,filler,The package arrived before noon .,a son selects a student .,a student is selected by a son .,a,son,a,student,select,selects,selected,"[""PATIENT=student"", ""AGENT=son"", ""VERB=select""]","Prime sentence: The package arrived before noon .
Event roles: PATIENT=student; AGENT=son; VERB=select
Sentence: the",Sentence: the,first_noun,-4.860705852508545,-4.218510627746582,0.6421952247619629,passive,1.0
120,role_labeled,active,active,a husband hurts a kid .,a wife hurts a winner .,a winner is hurt by a wife .,a,wife,a,winner,hurt,hurts,hurt,"[""VERB=hurt"", ""PATIENT=winner"", ""AGENT=wife""]","Prime sentence: a husband hurts a kid .
Event roles: VERB=hurt; PATIENT=winner; AGENT=wife
Sentence: the",Sentence: the,first_noun,-3.020543098449707,-7.174877166748047,-4.15433406829834,active,0.0
120,role_labeled,passive,passive,a kid is hurt by a husband .,a wife hurts a winner .,a winner is hurt by a wife .,a,wife,a,winner,hurt,hurts,hurt,"[""VERB=hurt"", ""PATIENT=winner"", ""AGENT=wife""]","Prime sentence: a kid is hurt by a husband .
Event roles: VERB=hurt; PATIENT=winner; AGENT=wife
Sentence: the",Sentence: the,first_noun,-3.221984624862671,-6.776498794555664,-3.554514169692993,active,0.0
120,role_labeled,no_prime_eos,no_prime_eos,,a wife hurts a winner .,a winner is hurt by a wife .,a,wife,a,winner,hurt,hurts,hurt,"[""VERB=hurt"", ""PATIENT=winner"", ""AGENT=wife""]","Event roles: VERB=hurt; PATIENT=winner; AGENT=wife
Sentence: the",Sentence: the,first_noun,-4.291284561157227,-5.171682834625244,-0.8803982734680176,active,0.0
120,role_labeled,filler,filler,The jacket hung behind the chair .,a wife hurts a winner .,a winner is hurt by a wife .,a,wife,a,winner,hurt,hurts,hurt,"[""VERB=hurt"", ""PATIENT=winner"", ""AGENT=wife""]","Prime sentence: The jacket hung behind the chair .
Event roles: VERB=hurt; PATIENT=winner; AGENT=wife
Sentence: the",Sentence: the,first_noun,-4.624553680419922,-7.727604866027832,-3.10305118560791,active,0.0
121,role_labeled,active,active,an opponent teaches a parent .,a boy teaches a brother .,a brother is taught by a boy .,a,boy,a,brother,teach,teaches,taught,"[""VERB=teach"", ""PATIENT=brother"", ""AGENT=boy""]","Prime sentence: an opponent teaches a parent .
Event roles: VERB=teach; PATIENT=brother; AGENT=boy
Sentence: the",Sentence: the,first_noun,-3.3354480266571045,-5.805337905883789,-2.4698898792266846,active,0.0
121,role_labeled,passive,passive,a parent is taught by an opponent .,a boy teaches a brother .,a brother is taught by a boy .,a,boy,a,brother,teach,teaches,taught,"[""VERB=teach"", ""PATIENT=brother"", ""AGENT=boy""]","Prime sentence: a parent is taught by an opponent .
Event roles: VERB=teach; PATIENT=brother; AGENT=boy
Sentence: the",Sentence: the,first_noun,-3.5703959465026855,-5.817771911621094,-2.247375965118408,active,0.0
121,role_labeled,no_prime_eos,no_prime_eos,,a boy teaches a brother .,a brother is taught by a boy .,a,boy,a,brother,teach,teaches,taught,"[""VERB=teach"", ""PATIENT=brother"", ""AGENT=boy""]","Event roles: VERB=teach; PATIENT=brother; AGENT=boy
Sentence: the",Sentence: the,first_noun,-3.6004819869995117,-6.071324348449707,-2.4708423614501953,active,0.0
121,role_labeled,filler,filler,The notebook stayed on the shelf .,a boy teaches a brother .,a brother is taught by a boy .,a,boy,a,brother,teach,teaches,taught,"[""VERB=teach"", ""PATIENT=brother"", ""AGENT=boy""]","Prime sentence: The notebook stayed on the shelf .
Event roles: VERB=teach; PATIENT=brother; AGENT=boy
Sentence: the",Sentence: the,first_noun,-3.770643949508667,-6.616520881652832,-2.845876932144165,active,0.0
122,role_labeled,active,active,a brother discovers a buddy .,an opponent discovers a parent .,a parent is discovered by an opponent .,an,opponent,a,parent,discover,discovers,discovered,"[""VERB=discover"", ""AGENT=opponent"", ""PATIENT=parent""]","Prime sentence: a brother discovers a buddy .
Event roles: VERB=discover; AGENT=opponent; PATIENT=parent
Sentence: the",Sentence: the,first_noun,-6.931506633758545,-5.472934722900391,1.4585719108581543,passive,1.0
122,role_labeled,passive,passive,a buddy is discovered by a brother .,an opponent discovers a parent .,a parent is discovered by an opponent .,an,opponent,a,parent,discover,discovers,discovered,"[""VERB=discover"", ""AGENT=opponent"", ""PATIENT=parent""]","Prime sentence: a buddy is discovered by a brother .
Event roles: VERB=discover; AGENT=opponent; PATIENT=parent
Sentence: the",Sentence: the,first_noun,-6.224111557006836,-5.252318382263184,0.9717931747436523,passive,1.0
122,role_labeled,no_prime_eos,no_prime_eos,,an opponent discovers a parent .,a parent is discovered by an opponent .,an,opponent,a,parent,discover,discovers,discovered,"[""VERB=discover"", ""AGENT=opponent"", ""PATIENT=parent""]","Event roles: VERB=discover; AGENT=opponent; PATIENT=parent
Sentence: the",Sentence: the,first_noun,-4.357810974121094,-4.931269645690918,-0.5734586715698242,active,0.0
122,role_labeled,filler,filler,The violin echoed in the theater .,an opponent discovers a parent .,a parent is discovered by an opponent .,an,opponent,a,parent,discover,discovers,discovered,"[""VERB=discover"", ""AGENT=opponent"", ""PATIENT=parent""]","Prime sentence: The violin echoed in the theater .
Event roles: VERB=discover; AGENT=opponent; PATIENT=parent
Sentence: the",Sentence: the,first_noun,-8.966800689697266,-7.490171909332275,1.4766287803649902,passive,1.0
123,role_labeled,active,active,a worker carries a writer .,a king carries a lady .,a lady is carried by a king .,a,king,a,lady,carry,carries,carried,"[""PATIENT=lady"", ""AGENT=king"", ""VERB=carry""]","Prime sentence: a worker carries a writer .
Event roles: PATIENT=lady; AGENT=king; VERB=carry
Sentence: the",Sentence: the,first_noun,-2.458939552307129,-4.622053146362305,-2.163113594055176,active,0.0
123,role_labeled,passive,passive,a writer is carried by a worker .,a king carries a lady .,a lady is carried by a king .,a,king,a,lady,carry,carries,carried,"[""PATIENT=lady"", ""AGENT=king"", ""VERB=carry""]","Prime sentence: a writer is carried by a worker .
Event roles: PATIENT=lady; AGENT=king; VERB=carry
Sentence: the",Sentence: the,first_noun,-3.1065642833709717,-5.164656639099121,-2.0580923557281494,active,0.0
123,role_labeled,no_prime_eos,no_prime_eos,,a king carries a lady .,a lady is carried by a king .,a,king,a,lady,carry,carries,carried,"[""PATIENT=lady"", ""AGENT=king"", ""VERB=carry""]","Event roles: PATIENT=lady; AGENT=king; VERB=carry
Sentence: the",Sentence: the,first_noun,-2.5215110778808594,-4.998932838439941,-2.477421760559082,active,0.0
123,role_labeled,filler,filler,The market opened after sunrise .,a king carries a lady .,a lady is carried by a king .,a,king,a,lady,carry,carries,carried,"[""PATIENT=lady"", ""AGENT=king"", ""VERB=carry""]","Prime sentence: The market opened after sunrise .
Event roles: PATIENT=lady; AGENT=king; VERB=carry
Sentence: the",Sentence: the,first_noun,-4.071857452392578,-6.11007833480835,-2.0382208824157715,active,0.0
124,role_labeled,active,active,a champion punches a chief .,a pilot punches a president .,a president is punched by a pilot .,a,pilot,a,president,punch,punches,punched,"[""AGENT=pilot"", ""VERB=punch"", ""PATIENT=president""]","Prime sentence: a champion punches a chief .
Event roles: AGENT=pilot; VERB=punch; PATIENT=president
Sentence: the",Sentence: the,first_noun,-4.231071949005127,-3.342716693878174,0.8883552551269531,passive,1.0
124,role_labeled,passive,passive,a chief is punched by a champion .,a pilot punches a president .,a president is punched by a pilot .,a,pilot,a,president,punch,punches,punched,"[""AGENT=pilot"", ""VERB=punch"", ""PATIENT=president""]","Prime sentence: a chief is punched by a champion .
Event roles: AGENT=pilot; VERB=punch; PATIENT=president
Sentence: the",Sentence: the,first_noun,-3.769179344177246,-3.23573637008667,0.5334429740905762,passive,1.0
124,role_labeled,no_prime_eos,no_prime_eos,,a pilot punches a president .,a president is punched by a pilot .,a,pilot,a,president,punch,punches,punched,"[""AGENT=pilot"", ""VERB=punch"", ""PATIENT=president""]","Event roles: AGENT=pilot; VERB=punch; PATIENT=president
Sentence: the",Sentence: the,first_noun,-2.664825916290283,-3.801913261413574,-1.137087345123291,active,0.0
124,role_labeled,filler,filler,The window rattled during the storm .,a pilot punches a president .,a president is punched by a pilot .,a,pilot,a,president,punch,punches,punched,"[""AGENT=pilot"", ""VERB=punch"", ""PATIENT=president""]","Prime sentence: The window rattled during the storm .
Event roles: AGENT=pilot; VERB=punch; PATIENT=president
Sentence: the",Sentence: the,first_noun,-4.649523735046387,-4.572568893432617,0.07695484161376953,passive,1.0
125,role_labeled,active,active,a nurse asks an opponent .,a bishop asks a boy .,a boy is asked by a bishop .,a,bishop,a,boy,ask,asks,asked,"[""VERB=ask"", ""AGENT=bishop"", ""PATIENT=boy""]","Prime sentence: a nurse asks an opponent .
Event roles: VERB=ask; AGENT=bishop; PATIENT=boy
Sentence: the",Sentence: the,first_noun,-2.521805763244629,-3.6834053993225098,-1.1615996360778809,active,0.0
125,role_labeled,passive,passive,an opponent is asked by a nurse .,a bishop asks a boy .,a boy is asked by a bishop .,a,bishop,a,boy,ask,asks,asked,"[""VERB=ask"", ""AGENT=bishop"", ""PATIENT=boy""]","Prime sentence: an opponent is asked by a nurse .
Event roles: VERB=ask; AGENT=bishop; PATIENT=boy
Sentence: the",Sentence: the,first_noun,-2.946586847305298,-3.327310800552368,-0.3807239532470703,active,0.0
125,role_labeled,no_prime_eos,no_prime_eos,,a bishop asks a boy .,a boy is asked by a bishop .,a,bishop,a,boy,ask,asks,asked,"[""VERB=ask"", ""AGENT=bishop"", ""PATIENT=boy""]","Event roles: VERB=ask; AGENT=bishop; PATIENT=boy
Sentence: the",Sentence: the,first_noun,-3.779397964477539,-4.6307454109191895,-0.8513474464416504,active,0.0
125,role_labeled,filler,filler,The painter waited near the doorway .,a bishop asks a boy .,a boy is asked by a bishop .,a,bishop,a,boy,ask,asks,asked,"[""VERB=ask"", ""AGENT=bishop"", ""PATIENT=boy""]","Prime sentence: The painter waited near the doorway .
Event roles: VERB=ask; AGENT=bishop; PATIENT=boy
Sentence: the",Sentence: the,first_noun,-3.7635021209716797,-2.997232437133789,0.7662696838378906,passive,1.0
126,role_labeled,active,active,a wife kisses a winner .,a hero kisses a husband .,a husband is kissed by a hero .,a,hero,a,husband,kiss,kisses,kissed,"[""PATIENT=husband"", ""VERB=kiss"", ""AGENT=hero""]","Prime sentence: a wife kisses a winner .
Event roles: PATIENT=husband; VERB=kiss; AGENT=hero
Sentence: the",Sentence: the,first_noun,-4.358012676239014,-3.3335981369018555,1.0244145393371582,passive,1.0
126,role_labeled,passive,passive,a winner is kissed by a wife .,a hero kisses a husband .,a husband is kissed by a hero .,a,hero,a,husband,kiss,kisses,kissed,"[""PATIENT=husband"", ""VERB=kiss"", ""AGENT=hero""]","Prime sentence: a winner is kissed by a wife .
Event roles: PATIENT=husband; VERB=kiss; AGENT=hero
Sentence: the",Sentence: the,first_noun,-4.588940620422363,-3.8571019172668457,0.7318387031555176,passive,1.0
126,role_labeled,no_prime_eos,no_prime_eos,,a hero kisses a husband .,a husband is kissed by a hero .,a,hero,a,husband,kiss,kisses,kissed,"[""PATIENT=husband"", ""VERB=kiss"", ""AGENT=hero""]","Event roles: PATIENT=husband; VERB=kiss; AGENT=hero
Sentence: the",Sentence: the,first_noun,-3.453279495239258,-3.816500186920166,-0.3632206916809082,active,0.0
126,role_labeled,filler,filler,The sculpture stood in the hallway .,a hero kisses a husband .,a husband is kissed by a hero .,a,hero,a,husband,kiss,kisses,kissed,"[""PATIENT=husband"", ""VERB=kiss"", ""AGENT=hero""]","Prime sentence: The sculpture stood in the hallway .
Event roles: PATIENT=husband; VERB=kiss; AGENT=hero
Sentence: the",Sentence: the,first_noun,-5.955913543701172,-4.3018927574157715,1.6540207862854004,passive,1.0
127,role_labeled,active,active,an opponent grabs a parent .,a boy grabs a brother .,a brother is grabbed by a boy .,a,boy,a,brother,grab,grabs,grabbed,"[""AGENT=boy"", ""PATIENT=brother"", ""VERB=grab""]","Prime sentence: an opponent grabs a parent .
Event roles: AGENT=boy; PATIENT=brother; VERB=grab
Sentence: the",Sentence: the,first_noun,-1.9680665731430054,-4.572257995605469,-2.6041914224624634,active,0.0
127,role_labeled,passive,passive,a parent is grabbed by an opponent .,a boy grabs a brother .,a brother is grabbed by a boy .,a,boy,a,brother,grab,grabs,grabbed,"[""AGENT=boy"", ""PATIENT=brother"", ""VERB=grab""]","Prime sentence: a parent is grabbed by an opponent .
Event roles: AGENT=boy; PATIENT=brother; VERB=grab
Sentence: the",Sentence: the,first_noun,-2.252962350845337,-5.554302215576172,-3.301339864730835,active,0.0
127,role_labeled,no_prime_eos,no_prime_eos,,a boy grabs a brother .,a brother is grabbed by a boy .,a,boy,a,brother,grab,grabs,grabbed,"[""AGENT=boy"", ""PATIENT=brother"", ""VERB=grab""]","Event roles: AGENT=boy; PATIENT=brother; VERB=grab
Sentence: the",Sentence: the,first_noun,-2.604853391647339,-5.918773174285889,-3.31391978263855,active,0.0
127,role_labeled,filler,filler,The planet shimmered above the valley .,a boy grabs a brother .,a brother is grabbed by a boy .,a,boy,a,brother,grab,grabs,grabbed,"[""AGENT=boy"", ""PATIENT=brother"", ""VERB=grab""]","Prime sentence: The planet shimmered above the valley .
Event roles: AGENT=boy; PATIENT=brother; VERB=grab
Sentence: the",Sentence: the,first_noun,-3.668524980545044,-7.646120071411133,-3.977595090866089,active,0.0
128,role_labeled,active,active,a worker teaches a writer .,a king teaches a lady .,a lady is taught by a king .,a,king,a,lady,teach,teaches,taught,"[""PATIENT=lady"", ""AGENT=king"", ""VERB=teach""]","Prime sentence: a worker teaches a writer .
Event roles: PATIENT=lady; AGENT=king; VERB=teach
Sentence: the",Sentence: the,first_noun,-2.694157123565674,-4.484865665435791,-1.7907085418701172,active,0.0
128,role_labeled,passive,passive,a writer is taught by a worker .,a king teaches a lady .,a lady is taught by a king .,a,king,a,lady,teach,teaches,taught,"[""PATIENT=lady"", ""AGENT=king"", ""VERB=teach""]","Prime sentence: a writer is taught by a worker .
Event roles: PATIENT=lady; AGENT=king; VERB=teach
Sentence: the",Sentence: the,first_noun,-3.055666923522949,-5.011847019195557,-1.9561800956726074,active,0.0
128,role_labeled,no_prime_eos,no_prime_eos,,a king teaches a lady .,a lady is taught by a king .,a,king,a,lady,teach,teaches,taught,"[""PATIENT=lady"", ""AGENT=king"", ""VERB=teach""]","Event roles: PATIENT=lady; AGENT=king; VERB=teach
Sentence: the",Sentence: the,first_noun,-2.554100275039673,-4.8315019607543945,-2.2774016857147217,active,0.0
128,role_labeled,filler,filler,The garden brightened after rain .,a king teaches a lady .,a lady is taught by a king .,a,king,a,lady,teach,teaches,taught,"[""PATIENT=lady"", ""AGENT=king"", ""VERB=teach""]","Prime sentence: The garden brightened after rain .
Event roles: PATIENT=lady; AGENT=king; VERB=teach
Sentence: the",Sentence: the,first_noun,-3.989014148712158,-4.789442539215088,-0.8004283905029297,active,0.0
129,role_labeled,active,active,a girl kills a guest .,a son kills a student .,a student is killed by a son .,a,son,a,student,kill,kills,killed,"[""PATIENT=student"", ""VERB=kill"", ""AGENT=son""]","Prime sentence: a girl kills a guest .
Event roles: PATIENT=student; VERB=kill; AGENT=son
Sentence: the",Sentence: the,first_noun,-4.617291450500488,-2.941070318222046,1.6762211322784424,passive,1.0
129,role_labeled,passive,passive,a guest is killed by a girl .,a son kills a student .,a student is killed by a son .,a,son,a,student,kill,kills,killed,"[""PATIENT=student"", ""VERB=kill"", ""AGENT=son""]","Prime sentence: a guest is killed by a girl .
Event roles: PATIENT=student; VERB=kill; AGENT=son
Sentence: the",Sentence: the,first_noun,-4.220073699951172,-2.3295044898986816,1.8905692100524902,passive,1.0
129,role_labeled,no_prime_eos,no_prime_eos,,a son kills a student .,a student is killed by a son .,a,son,a,student,kill,kills,killed,"[""PATIENT=student"", ""VERB=kill"", ""AGENT=son""]","Event roles: PATIENT=student; VERB=kill; AGENT=son
Sentence: the",Sentence: the,first_noun,-4.277035713195801,-2.7039806842803955,1.5730550289154053,passive,1.0
129,role_labeled,filler,filler,The package arrived before noon .,a son kills a student .,a student is killed by a son .,a,son,a,student,kill,kills,killed,"[""PATIENT=student"", ""VERB=kill"", ""AGENT=son""]","Prime sentence: The package arrived before noon .
Event roles: PATIENT=student; VERB=kill; AGENT=son
Sentence: the",Sentence: the,first_noun,-4.987730979919434,-4.054006576538086,0.9337244033813477,passive,1.0
130,role_labeled,active,active,a woman forgets a worker .,a kid forgets a king .,a king is forgotten by a kid .,a,kid,a,king,forget,forgets,forgotten,"[""AGENT=kid"", ""PATIENT=king"", ""VERB=forget""]","Prime sentence: a woman forgets a worker .
Event roles: AGENT=kid; PATIENT=king; VERB=forget
Sentence: the",Sentence: the,first_noun,-5.317914962768555,-3.0986549854278564,2.2192599773406982,passive,1.0
130,role_labeled,passive,passive,a worker is forgotten by a woman .,a kid forgets a king .,a king is forgotten by a kid .,a,kid,a,king,forget,forgets,forgotten,"[""AGENT=kid"", ""PATIENT=king"", ""VERB=forget""]","Prime sentence: a worker is forgotten by a woman .
Event roles: AGENT=kid; PATIENT=king; VERB=forget
Sentence: the",Sentence: the,first_noun,-5.2302751541137695,-3.2091517448425293,2.0211234092712402,passive,1.0
130,role_labeled,no_prime_eos,no_prime_eos,,a kid forgets a king .,a king is forgotten by a kid .,a,kid,a,king,forget,forgets,forgotten,"[""AGENT=kid"", ""PATIENT=king"", ""VERB=forget""]","Event roles: AGENT=kid; PATIENT=king; VERB=forget
Sentence: the",Sentence: the,first_noun,-5.43316650390625,-3.149181365966797,2.283985137939453,passive,1.0
130,role_labeled,filler,filler,The package arrived before noon .,a kid forgets a king .,a king is forgotten by a kid .,a,kid,a,king,forget,forgets,forgotten,"[""AGENT=kid"", ""PATIENT=king"", ""VERB=forget""]","Prime sentence: The package arrived before noon .
Event roles: AGENT=kid; PATIENT=king; VERB=forget
Sentence: the",Sentence: the,first_noun,-5.343380928039551,-3.694204807281494,1.6491761207580566,passive,1.0
131,role_labeled,active,active,a boy understands a brother .,a nurse understands an opponent .,an opponent is understood by a nurse .,a,nurse,an,opponent,understand,understands,understood,"[""VERB=understand"", ""AGENT=nurse"", ""PATIENT=opponent""]","Prime sentence: a boy understands a brother .
Event roles: VERB=understand; AGENT=nurse; PATIENT=opponent
Sentence: the",Sentence: the,first_noun,-5.353741645812988,-7.6659255027771,-2.3121838569641113,active,0.0
131,role_labeled,passive,passive,a brother is understood by a boy .,a nurse understands an opponent .,an opponent is understood by a nurse .,a,nurse,an,opponent,understand,understands,understood,"[""VERB=understand"", ""AGENT=nurse"", ""PATIENT=opponent""]","Prime sentence: a brother is understood by a boy .
Event roles: VERB=understand; AGENT=nurse; PATIENT=opponent
Sentence: the",Sentence: the,first_noun,-5.143704891204834,-7.590421676635742,-2.446716785430908,active,0.0
131,role_labeled,no_prime_eos,no_prime_eos,,a nurse understands an opponent .,an opponent is understood by a nurse .,a,nurse,an,opponent,understand,understands,understood,"[""VERB=understand"", ""AGENT=nurse"", ""PATIENT=opponent""]","Event roles: VERB=understand; AGENT=nurse; PATIENT=opponent
Sentence: the",Sentence: the,first_noun,-4.546594619750977,-5.131396293640137,-0.5848016738891602,active,0.0
131,role_labeled,filler,filler,The kettle whistled in the kitchen .,a nurse understands an opponent .,an opponent is understood by a nurse .,a,nurse,an,opponent,understand,understands,understood,"[""VERB=understand"", ""AGENT=nurse"", ""PATIENT=opponent""]","Prime sentence: The kettle whistled in the kitchen .
Event roles: VERB=understand; AGENT=nurse; PATIENT=opponent
Sentence: the",Sentence: the,first_noun,-6.045471668243408,-8.753986358642578,-2.70851469039917,active,0.0
132,role_labeled,active,active,a man helps a manager .,an actress helps an adult .,an adult is helped by an actress .,an,actress,an,adult,help,helps,helped,"[""VERB=help"", ""AGENT=actress"", ""PATIENT=adult""]","Prime sentence: a man helps a manager .
Event roles: VERB=help; AGENT=actress; PATIENT=adult
Sentence: the",Sentence: the,first_noun,-6.65310001373291,-7.345987319946289,-0.6928873062133789,active,0.0
132,role_labeled,passive,passive,a manager is helped by a man .,an actress helps an adult .,an adult is helped by an actress .,an,actress,an,adult,help,helps,helped,"[""VERB=help"", ""AGENT=actress"", ""PATIENT=adult""]","Prime sentence: a manager is helped by a man .
Event roles: VERB=help; AGENT=actress; PATIENT=adult
Sentence: the",Sentence: the,first_noun,-6.8835930824279785,-7.029622554779053,-0.14602947235107422,active,0.0
132,role_labeled,no_prime_eos,no_prime_eos,,an actress helps an adult .,an adult is helped by an actress .,an,actress,an,adult,help,helps,helped,"[""VERB=help"", ""AGENT=actress"", ""PATIENT=adult""]","Event roles: VERB=help; AGENT=actress; PATIENT=adult
Sentence: the",Sentence: the,first_noun,-6.860200881958008,-5.669342041015625,1.1908588409423828,passive,1.0
132,role_labeled,filler,filler,The window rattled during the storm .,an actress helps an adult .,an adult is helped by an actress .,an,actress,an,adult,help,helps,helped,"[""VERB=help"", ""AGENT=actress"", ""PATIENT=adult""]","Prime sentence: The window rattled during the storm .
Event roles: VERB=help; AGENT=actress; PATIENT=adult
Sentence: the",Sentence: the,first_noun,-8.67870044708252,-8.553842544555664,0.12485790252685547,passive,1.0
133,role_labeled,active,active,a woman hurries a worker .,a kid hurries a king .,a king is hurried by a kid .,a,kid,a,king,hurry,hurries,hurried,"[""AGENT=kid"", ""VERB=hurry"", ""PATIENT=king""]","Prime sentence: a woman hurries a worker .
Event roles: AGENT=kid; VERB=hurry; PATIENT=king
Sentence: the",Sentence: the,first_noun,-5.098548889160156,-4.318870544433594,0.7796783447265625,passive,1.0
133,role_labeled,passive,passive,a worker is hurried by a woman .,a kid hurries a king .,a king is hurried by a kid .,a,kid,a,king,hurry,hurries,hurried,"[""AGENT=kid"", ""VERB=hurry"", ""PATIENT=king""]","Prime sentence: a worker is hurried by a woman .
Event roles: AGENT=kid; VERB=hurry; PATIENT=king
Sentence: the",Sentence: the,first_noun,-5.101132392883301,-4.4143171310424805,0.6868152618408203,passive,1.0
133,role_labeled,no_prime_eos,no_prime_eos,,a kid hurries a king .,a king is hurried by a kid .,a,kid,a,king,hurry,hurries,hurried,"[""AGENT=kid"", ""VERB=hurry"", ""PATIENT=king""]","Event roles: AGENT=kid; VERB=hurry; PATIENT=king
Sentence: the",Sentence: the,first_noun,-5.137531757354736,-3.9505510330200195,1.1869807243347168,passive,1.0
133,role_labeled,filler,filler,The lantern glowed near sunset .,a kid hurries a king .,a king is hurried by a kid .,a,kid,a,king,hurry,hurries,hurried,"[""AGENT=kid"", ""VERB=hurry"", ""PATIENT=king""]","Prime sentence: The lantern glowed near sunset .
Event roles: AGENT=kid; VERB=hurry; PATIENT=king
Sentence: the",Sentence: the,first_noun,-5.552958011627197,-3.8580305576324463,1.694927453994751,passive,1.0
134,role_labeled,active,active,a prince surprises a princess .,a child surprises a colonel .,a colonel is surprised by a child .,a,child,a,colonel,surpris,surprises,surprised,"[""VERB=surpris"", ""PATIENT=colonel"", ""AGENT=child""]","Prime sentence: a prince surprises a princess .
Event roles: VERB=surpris; PATIENT=colonel; AGENT=child
Sentence: the",Sentence: the,first_noun,-4.674278259277344,-6.592782020568848,-1.918503761291504,active,0.0
134,role_labeled,passive,passive,a princess is surprised by a prince .,a child surprises a colonel .,a colonel is surprised by a child .,a,child,a,colonel,surpris,surprises,surprised,"[""VERB=surpris"", ""PATIENT=colonel"", ""AGENT=child""]","Prime sentence: a princess is surprised by a prince .
Event roles: VERB=surpris; PATIENT=colonel; AGENT=child
Sentence: the",Sentence: the,first_noun,-4.631422996520996,-6.7037034034729,-2.0722804069519043,active,0.0
134,role_labeled,no_prime_eos,no_prime_eos,,a child surprises a colonel .,a colonel is surprised by a child .,a,child,a,colonel,surpris,surprises,surprised,"[""VERB=surpris"", ""PATIENT=colonel"", ""AGENT=child""]","Event roles: VERB=surpris; PATIENT=colonel; AGENT=child
Sentence: the",Sentence: the,first_noun,-4.51277494430542,-6.427285671234131,-1.914510726928711,active,0.0
134,role_labeled,filler,filler,The witness paused near the doorway .,a child surprises a colonel .,a colonel is surprised by a child .,a,child,a,colonel,surpris,surprises,surprised,"[""VERB=surpris"", ""PATIENT=colonel"", ""AGENT=child""]","Prime sentence: The witness paused near the doorway .
Event roles: VERB=surpris; PATIENT=colonel; AGENT=child
Sentence: the",Sentence: the,first_noun,-3.5600805282592773,-4.842156887054443,-1.282076358795166,active,0.0
135,role_labeled,active,active,a kid joins a king .,a winner joins a woman .,a woman is joined by a winner .,a,winner,a,woman,join,joins,joined,"[""VERB=join"", ""PATIENT=woman"", ""AGENT=winner""]","Prime sentence: a kid joins a king .
Event roles: VERB=join; PATIENT=woman; AGENT=winner
Sentence: the",Sentence: the,first_noun,-5.348909378051758,-4.339375972747803,1.009533405303955,passive,1.0
135,role_labeled,passive,passive,a king is joined by a kid .,a winner joins a woman .,a woman is joined by a winner .,a,winner,a,woman,join,joins,joined,"[""VERB=join"", ""PATIENT=woman"", ""AGENT=winner""]","Prime sentence: a king is joined by a kid .
Event roles: VERB=join; PATIENT=woman; AGENT=winner
Sentence: the",Sentence: the,first_noun,-6.05815315246582,-4.605232238769531,1.452920913696289,passive,1.0
135,role_labeled,no_prime_eos,no_prime_eos,,a winner joins a woman .,a woman is joined by a winner .,a,winner,a,woman,join,joins,joined,"[""VERB=join"", ""PATIENT=woman"", ""AGENT=winner""]","Event roles: VERB=join; PATIENT=woman; AGENT=winner
Sentence: the",Sentence: the,first_noun,-4.043801307678223,-3.303493022918701,0.7403082847595215,passive,1.0
135,role_labeled,filler,filler,The planet shimmered above the valley .,a winner joins a woman .,a woman is joined by a winner .,a,winner,a,woman,join,joins,joined,"[""VERB=join"", ""PATIENT=woman"", ""AGENT=winner""]","Prime sentence: The planet shimmered above the valley .
Event roles: VERB=join; PATIENT=woman; AGENT=winner
Sentence: the",Sentence: the,first_noun,-7.962560653686523,-3.9051902294158936,4.05737042427063,passive,1.0
136,role_labeled,active,active,an uncle catches a wife .,a guy catches a hero .,a hero is caught by a guy .,a,guy,a,hero,catch,catches,caught,"[""AGENT=guy"", ""PATIENT=hero"", ""VERB=catch""]","Prime sentence: an uncle catches a wife .
Event roles: AGENT=guy; PATIENT=hero; VERB=catch
Sentence: the",Sentence: the,first_noun,-3.5058882236480713,-4.54018497467041,-1.0342967510223389,active,0.0
136,role_labeled,passive,passive,a wife is caught by an uncle .,a guy catches a hero .,a hero is caught by a guy .,a,guy,a,hero,catch,catches,caught,"[""AGENT=guy"", ""PATIENT=hero"", ""VERB=catch""]","Prime sentence: a wife is caught by an uncle .
Event roles: AGENT=guy; PATIENT=hero; VERB=catch
Sentence: the",Sentence: the,first_noun,-3.99468994140625,-4.813541412353516,-0.8188514709472656,active,0.0
136,role_labeled,no_prime_eos,no_prime_eos,,a guy catches a hero .,a hero is caught by a guy .,a,guy,a,hero,catch,catches,caught,"[""AGENT=guy"", ""PATIENT=hero"", ""VERB=catch""]","Event roles: AGENT=guy; PATIENT=hero; VERB=catch
Sentence: the",Sentence: the,first_noun,-4.347238540649414,-3.397170305252075,0.9500682353973389,passive,1.0
136,role_labeled,filler,filler,The traveler rested beside the river .,a guy catches a hero .,a hero is caught by a guy .,a,guy,a,hero,catch,catches,caught,"[""AGENT=guy"", ""PATIENT=hero"", ""VERB=catch""]","Prime sentence: The traveler rested beside the river .
Event roles: AGENT=guy; PATIENT=hero; VERB=catch
Sentence: the",Sentence: the,first_noun,-4.998342037200928,-5.143852233886719,-0.14551019668579102,active,0.0
137,role_labeled,active,active,an adult destroys an attorney .,a man destroys a manager .,a manager is destroyed by a man .,a,man,a,manager,destroy,destroys,destroyed,"[""PATIENT=manager"", ""VERB=destroy"", ""AGENT=man""]","Prime sentence: an adult destroys an attorney .
Event roles: PATIENT=manager; VERB=destroy; AGENT=man
Sentence: the",Sentence: the,first_noun,-4.61426305770874,-3.0825119018554688,1.5317511558532715,passive,1.0
137,role_labeled,passive,passive,an attorney is destroyed by an adult .,a man destroys a manager .,a manager is destroyed by a man .,a,man,a,manager,destroy,destroys,destroyed,"[""PATIENT=manager"", ""VERB=destroy"", ""AGENT=man""]","Prime sentence: an attorney is destroyed by an adult .
Event roles: PATIENT=manager; VERB=destroy; AGENT=man
Sentence: the",Sentence: the,first_noun,-4.639029502868652,-3.6961421966552734,0.9428873062133789,passive,1.0
137,role_labeled,no_prime_eos,no_prime_eos,,a man destroys a manager .,a manager is destroyed by a man .,a,man,a,manager,destroy,destroys,destroyed,"[""PATIENT=manager"", ""VERB=destroy"", ""AGENT=man""]","Event roles: PATIENT=manager; VERB=destroy; AGENT=man
Sentence: the",Sentence: the,first_noun,-4.6791534423828125,-3.906916618347168,0.7722368240356445,passive,1.0
137,role_labeled,filler,filler,The painter waited near the doorway .,a man destroys a manager .,a manager is destroyed by a man .,a,man,a,manager,destroy,destroys,destroyed,"[""PATIENT=manager"", ""VERB=destroy"", ""AGENT=man""]","Prime sentence: The painter waited near the doorway .
Event roles: PATIENT=manager; VERB=destroy; AGENT=man
Sentence: the",Sentence: the,first_noun,-3.8300864696502686,-3.9055163860321045,-0.07542991638183594,active,0.0
138,role_labeled,active,active,an uncle washes a wife .,a guy washes a hero .,a hero is washed by a guy .,a,guy,a,hero,wash,washes,washed,"[""PATIENT=hero"", ""VERB=wash"", ""AGENT=guy""]","Prime sentence: an uncle washes a wife .
Event roles: PATIENT=hero; VERB=wash; AGENT=guy
Sentence: the",Sentence: the,first_noun,-4.573787689208984,-4.4824910163879395,0.09129667282104492,passive,1.0
138,role_labeled,passive,passive,a wife is washed by an uncle .,a guy washes a hero .,a hero is washed by a guy .,a,guy,a,hero,wash,washes,washed,"[""PATIENT=hero"", ""VERB=wash"", ""AGENT=guy""]","Prime sentence: a wife is washed by an uncle .
Event roles: PATIENT=hero; VERB=wash; AGENT=guy
Sentence: the",Sentence: the,first_noun,-5.092055797576904,-4.827483654022217,0.2645721435546875,passive,1.0
138,role_labeled,no_prime_eos,no_prime_eos,,a guy washes a hero .,a hero is washed by a guy .,a,guy,a,hero,wash,washes,washed,"[""PATIENT=hero"", ""VERB=wash"", ""AGENT=guy""]","Event roles: PATIENT=hero; VERB=wash; AGENT=guy
Sentence: the",Sentence: the,first_noun,-4.471946716308594,-3.2029478549957275,1.2689988613128662,passive,1.0
138,role_labeled,filler,filler,The radio crackled in the attic .,a guy washes a hero .,a hero is washed by a guy .,a,guy,a,hero,wash,washes,washed,"[""PATIENT=hero"", ""VERB=wash"", ""AGENT=guy""]","Prime sentence: The radio crackled in the attic .
Event roles: PATIENT=hero; VERB=wash; AGENT=guy
Sentence: the",Sentence: the,first_noun,-5.657312870025635,-6.3078484535217285,-0.6505355834960938,active,0.0
139,role_labeled,active,active,an employee judges an employer .,a secretary judges a sheriff .,a sheriff is judged by a secretary .,a,secretary,a,sheriff,judg,judges,judged,"[""AGENT=secretary"", ""PATIENT=sheriff"", ""VERB=judg""]","Prime sentence: an employee judges an employer .
Event roles: AGENT=secretary; PATIENT=sheriff; VERB=judg
Sentence: the",Sentence: the,first_noun,-5.175034523010254,-4.521152496337891,0.6538820266723633,passive,1.0
139,role_labeled,passive,passive,an employer is judged by an employee .,a secretary judges a sheriff .,a sheriff is judged by a secretary .,a,secretary,a,sheriff,judg,judges,judged,"[""AGENT=secretary"", ""PATIENT=sheriff"", ""VERB=judg""]","Prime sentence: an employer is judged by an employee .
Event roles: AGENT=secretary; PATIENT=sheriff; VERB=judg
Sentence: the",Sentence: the,first_noun,-5.815254211425781,-5.078219890594482,0.7370343208312988,passive,1.0
139,role_labeled,no_prime_eos,no_prime_eos,,a secretary judges a sheriff .,a sheriff is judged by a secretary .,a,secretary,a,sheriff,judg,judges,judged,"[""AGENT=secretary"", ""PATIENT=sheriff"", ""VERB=judg""]","Event roles: AGENT=secretary; PATIENT=sheriff; VERB=judg
Sentence: the",Sentence: the,first_noun,-4.826372146606445,-5.093453884124756,-0.26708173751831055,active,0.0
139,role_labeled,filler,filler,The radio crackled in the attic .,a secretary judges a sheriff .,a sheriff is judged by a secretary .,a,secretary,a,sheriff,judg,judges,judged,"[""AGENT=secretary"", ""PATIENT=sheriff"", ""VERB=judg""]","Prime sentence: The radio crackled in the attic .
Event roles: AGENT=secretary; PATIENT=sheriff; VERB=judg
Sentence: the",Sentence: the,first_noun,-6.77968692779541,-4.284458160400391,2.4952287673950195,passive,1.0
140,role_labeled,active,active,a colonel hurries a cop .,a prince hurries a princess .,a princess is hurried by a prince .,a,prince,a,princess,hurry,hurries,hurried,"[""VERB=hurry"", ""PATIENT=princess"", ""AGENT=prince""]","Prime sentence: a colonel hurries a cop .
Event roles: VERB=hurry; PATIENT=princess; AGENT=prince
Sentence: the",Sentence: the,first_noun,-3.8268847465515137,-4.372050762176514,-0.545166015625,active,0.0
140,role_labeled,passive,passive,a cop is hurried by a colonel .,a prince hurries a princess .,a princess is hurried by a prince .,a,prince,a,princess,hurry,hurries,hurried,"[""VERB=hurry"", ""PATIENT=princess"", ""AGENT=prince""]","Prime sentence: a cop is hurried by a colonel .
Event roles: VERB=hurry; PATIENT=princess; AGENT=prince
Sentence: the",Sentence: the,first_noun,-4.522861480712891,-5.011373519897461,-0.4885120391845703,active,0.0
140,role_labeled,no_prime_eos,no_prime_eos,,a prince hurries a princess .,a princess is hurried by a prince .,a,prince,a,princess,hurry,hurries,hurried,"[""VERB=hurry"", ""PATIENT=princess"", ""AGENT=prince""]","Event roles: VERB=hurry; PATIENT=princess; AGENT=prince
Sentence: the",Sentence: the,first_noun,-3.6384048461914062,-3.919490337371826,-0.2810854911804199,active,0.0
140,role_labeled,filler,filler,The kettle whistled in the kitchen .,a prince hurries a princess .,a princess is hurried by a prince .,a,prince,a,princess,hurry,hurries,hurried,"[""VERB=hurry"", ""PATIENT=princess"", ""AGENT=prince""]","Prime sentence: The kettle whistled in the kitchen .
Event roles: VERB=hurry; PATIENT=princess; AGENT=prince
Sentence: the",Sentence: the,first_noun,-5.945513725280762,-6.580988883972168,-0.6354751586914062,active,0.0
141,role_labeled,active,active,an adult washes an attorney .,a man washes a manager .,a manager is washed by a man .,a,man,a,manager,wash,washes,washed,"[""PATIENT=manager"", ""AGENT=man"", ""VERB=wash""]","Prime sentence: an adult washes an attorney .
Event roles: PATIENT=manager; AGENT=man; VERB=wash
Sentence: the",Sentence: the,first_noun,-4.18057918548584,-3.2899181842803955,0.8906610012054443,passive,1.0
141,role_labeled,passive,passive,an attorney is washed by an adult .,a man washes a manager .,a manager is washed by a man .,a,man,a,manager,wash,washes,washed,"[""PATIENT=manager"", ""AGENT=man"", ""VERB=wash""]","Prime sentence: an attorney is washed by an adult .
Event roles: PATIENT=manager; AGENT=man; VERB=wash
Sentence: the",Sentence: the,first_noun,-4.26478385925293,-3.880598783493042,0.3841850757598877,passive,1.0
141,role_labeled,no_prime_eos,no_prime_eos,,a man washes a manager .,a manager is washed by a man .,a,man,a,manager,wash,washes,washed,"[""PATIENT=manager"", ""AGENT=man"", ""VERB=wash""]","Event roles: PATIENT=manager; AGENT=man; VERB=wash
Sentence: the",Sentence: the,first_noun,-4.353984832763672,-4.577099800109863,-0.2231149673461914,active,0.0
141,role_labeled,filler,filler,The garden brightened after rain .,a man washes a manager .,a manager is washed by a man .,a,man,a,manager,wash,washes,washed,"[""PATIENT=manager"", ""AGENT=man"", ""VERB=wash""]","Prime sentence: The garden brightened after rain .
Event roles: PATIENT=manager; AGENT=man; VERB=wash
Sentence: the",Sentence: the,first_noun,-4.849304676055908,-6.888575553894043,-2.0392708778381348,active,0.0
142,role_labeled,active,active,a winner destroys a woman .,a husband destroys a kid .,a kid is destroyed by a husband .,a,husband,a,kid,destroy,destroys,destroyed,"[""PATIENT=kid"", ""AGENT=husband"", ""VERB=destroy""]","Prime sentence: a winner destroys a woman .
Event roles: PATIENT=kid; AGENT=husband; VERB=destroy
Sentence: the",Sentence: the,first_noun,-3.4225611686706543,-5.384219169616699,-1.961658000946045,active,0.0
142,role_labeled,passive,passive,a woman is destroyed by a winner .,a husband destroys a kid .,a kid is destroyed by a husband .,a,husband,a,kid,destroy,destroys,destroyed,"[""PATIENT=kid"", ""AGENT=husband"", ""VERB=destroy""]","Prime sentence: a woman is destroyed by a winner .
Event roles: PATIENT=kid; AGENT=husband; VERB=destroy
Sentence: the",Sentence: the,first_noun,-3.654637575149536,-5.960972785949707,-2.306335210800171,active,0.0
142,role_labeled,no_prime_eos,no_prime_eos,,a husband destroys a kid .,a kid is destroyed by a husband .,a,husband,a,kid,destroy,destroys,destroyed,"[""PATIENT=kid"", ""AGENT=husband"", ""VERB=destroy""]","Event roles: PATIENT=kid; AGENT=husband; VERB=destroy
Sentence: the",Sentence: the,first_noun,-3.671720027923584,-6.190195083618164,-2.51847505569458,active,0.0
142,role_labeled,filler,filler,The lantern glowed near sunset .,a husband destroys a kid .,a kid is destroyed by a husband .,a,husband,a,kid,destroy,destroys,destroyed,"[""PATIENT=kid"", ""AGENT=husband"", ""VERB=destroy""]","Prime sentence: The lantern glowed near sunset .
Event roles: PATIENT=kid; AGENT=husband; VERB=destroy
Sentence: the",Sentence: the,first_noun,-6.030785083770752,-6.130906105041504,-0.10012102127075195,active,0.0
143,role_labeled,active,active,a brother raises a buddy .,an opponent raises a parent .,a parent is raised by an opponent .,an,opponent,a,parent,rais,raises,raised,"[""AGENT=opponent"", ""PATIENT=parent"", ""VERB=rais""]","Prime sentence: a brother raises a buddy .
Event roles: AGENT=opponent; PATIENT=parent; VERB=rais
Sentence: the",Sentence: the,first_noun,-6.772508144378662,-5.956967353820801,0.8155407905578613,passive,1.0
143,role_labeled,passive,passive,a buddy is raised by a brother .,an opponent raises a parent .,a parent is raised by an opponent .,an,opponent,a,parent,rais,raises,raised,"[""AGENT=opponent"", ""PATIENT=parent"", ""VERB=rais""]","Prime sentence: a buddy is raised by a brother .
Event roles: AGENT=opponent; PATIENT=parent; VERB=rais
Sentence: the",Sentence: the,first_noun,-6.914563179016113,-6.033804893493652,0.8807582855224609,passive,1.0
143,role_labeled,no_prime_eos,no_prime_eos,,an opponent raises a parent .,a parent is raised by an opponent .,an,opponent,a,parent,rais,raises,raised,"[""AGENT=opponent"", ""PATIENT=parent"", ""VERB=rais""]","Event roles: AGENT=opponent; PATIENT=parent; VERB=rais
Sentence: the",Sentence: the,first_noun,-5.145772933959961,-5.39544153213501,-0.24966859817504883,active,0.0
143,role_labeled,filler,filler,The market opened after sunrise .,an opponent raises a parent .,a parent is raised by an opponent .,an,opponent,a,parent,rais,raises,raised,"[""AGENT=opponent"", ""PATIENT=parent"", ""VERB=rais""]","Prime sentence: The market opened after sunrise .
Event roles: AGENT=opponent; PATIENT=parent; VERB=rais
Sentence: the",Sentence: the,first_noun,-7.7559733390808105,-7.4247870445251465,0.33118629455566406,passive,1.0
144,role_labeled,active,active,a doctor punches an employee .,a scientist punches a secretary .,a secretary is punched by a scientist .,a,scientist,a,secretary,punch,punches,punched,"[""PATIENT=secretary"", ""AGENT=scientist"", ""VERB=punch""]","Prime sentence: a doctor punches an employee .
Event roles: PATIENT=secretary; AGENT=scientist; VERB=punch
Sentence: the",Sentence: the,first_noun,-4.287325859069824,-4.730499267578125,-0.4431734085083008,active,0.0
144,role_labeled,passive,passive,an employee is punched by a doctor .,a scientist punches a secretary .,a secretary is punched by a scientist .,a,scientist,a,secretary,punch,punches,punched,"[""PATIENT=secretary"", ""AGENT=scientist"", ""VERB=punch""]","Prime sentence: an employee is punched by a doctor .
Event roles: PATIENT=secretary; AGENT=scientist; VERB=punch
Sentence: the",Sentence: the,first_noun,-3.997056007385254,-4.600884914398193,-0.6038289070129395,active,0.0
144,role_labeled,no_prime_eos,no_prime_eos,,a scientist punches a secretary .,a secretary is punched by a scientist .,a,scientist,a,secretary,punch,punches,punched,"[""PATIENT=secretary"", ""AGENT=scientist"", ""VERB=punch""]","Event roles: PATIENT=secretary; AGENT=scientist; VERB=punch
Sentence: the",Sentence: the,first_noun,-4.20706844329834,-6.544083595275879,-2.337015151977539,active,0.0
144,role_labeled,filler,filler,The kettle whistled in the kitchen .,a scientist punches a secretary .,a secretary is punched by a scientist .,a,scientist,a,secretary,punch,punches,punched,"[""PATIENT=secretary"", ""AGENT=scientist"", ""VERB=punch""]","Prime sentence: The kettle whistled in the kitchen .
Event roles: PATIENT=secretary; AGENT=scientist; VERB=punch
Sentence: the",Sentence: the,first_noun,-6.09013032913208,-6.616850852966309,-0.5267205238342285,active,0.0
145,role_labeled,active,active,a parent bothers a partner .,a brother bothers a buddy .,a buddy is bothered by a brother .,a,brother,a,buddy,bother,bothers,bothered,"[""AGENT=brother"", ""VERB=bother"", ""PATIENT=buddy""]","Prime sentence: a parent bothers a partner .
Event roles: AGENT=brother; VERB=bother; PATIENT=buddy
Sentence: the",Sentence: the,first_noun,-4.777103900909424,-8.453124046325684,-3.6760201454162598,active,0.0
145,role_labeled,passive,passive,a partner is bothered by a parent .,a brother bothers a buddy .,a buddy is bothered by a brother .,a,brother,a,buddy,bother,bothers,bothered,"[""AGENT=brother"", ""VERB=bother"", ""PATIENT=buddy""]","Prime sentence: a partner is bothered by a parent .
Event roles: AGENT=brother; VERB=bother; PATIENT=buddy
Sentence: the",Sentence: the,first_noun,-4.600921630859375,-8.239015579223633,-3.638093948364258,active,0.0
145,role_labeled,no_prime_eos,no_prime_eos,,a brother bothers a buddy .,a buddy is bothered by a brother .,a,brother,a,buddy,bother,bothers,bothered,"[""AGENT=brother"", ""VERB=bother"", ""PATIENT=buddy""]","Event roles: AGENT=brother; VERB=bother; PATIENT=buddy
Sentence: the",Sentence: the,first_noun,-4.403306484222412,-8.452497482299805,-4.049190998077393,active,0.0
145,role_labeled,filler,filler,The kettle whistled in the kitchen .,a brother bothers a buddy .,a buddy is bothered by a brother .,a,brother,a,buddy,bother,bothers,bothered,"[""AGENT=brother"", ""VERB=bother"", ""PATIENT=buddy""]","Prime sentence: The kettle whistled in the kitchen .
Event roles: AGENT=brother; VERB=bother; PATIENT=buddy
Sentence: the",Sentence: the,first_noun,-7.703891754150391,-10.11242961883545,-2.4085378646850586,active,0.0
146,role_labeled,active,active,a cop follows a cousin .,a princess follows a professor .,a professor is followed by a princess .,a,princess,a,professor,follow,follows,followed,"[""PATIENT=professor"", ""VERB=follow"", ""AGENT=princess""]","Prime sentence: a cop follows a cousin .
Event roles: PATIENT=professor; VERB=follow; AGENT=princess
Sentence: the",Sentence: the,first_noun,-4.6105427742004395,-3.4845032691955566,1.1260395050048828,passive,1.0
146,role_labeled,passive,passive,a cousin is followed by a cop .,a princess follows a professor .,a professor is followed by a princess .,a,princess,a,professor,follow,follows,followed,"[""PATIENT=professor"", ""VERB=follow"", ""AGENT=princess""]","Prime sentence: a cousin is followed by a cop .
Event roles: PATIENT=professor; VERB=follow; AGENT=princess
Sentence: the",Sentence: the,first_noun,-4.694705963134766,-4.213268280029297,0.48143768310546875,passive,1.0
146,role_labeled,no_prime_eos,no_prime_eos,,a princess follows a professor .,a professor is followed by a princess .,a,princess,a,professor,follow,follows,followed,"[""PATIENT=professor"", ""VERB=follow"", ""AGENT=princess""]","Event roles: PATIENT=professor; VERB=follow; AGENT=princess
Sentence: the",Sentence: the,first_noun,-4.393725395202637,-4.3260884284973145,0.06763696670532227,passive,1.0
146,role_labeled,filler,filler,The baker laughed during breakfast .,a princess follows a professor .,a professor is followed by a princess .,a,princess,a,professor,follow,follows,followed,"[""PATIENT=professor"", ""VERB=follow"", ""AGENT=princess""]","Prime sentence: The baker laughed during breakfast .
Event roles: PATIENT=professor; VERB=follow; AGENT=princess
Sentence: the",Sentence: the,first_noun,-5.226944446563721,-3.573460102081299,1.6534843444824219,passive,1.0
147,role_labeled,active,active,a captain understands a champion .,a physician understands a pilot .,a pilot is understood by a physician .,a,physician,a,pilot,understand,understands,understood,"[""VERB=understand"", ""AGENT=physician"", ""PATIENT=pilot""]","Prime sentence: a captain understands a champion .
Event roles: VERB=understand; AGENT=physician; PATIENT=pilot
Sentence: the",Sentence: the,first_noun,-6.509740352630615,-4.168517112731934,2.3412232398986816,passive,1.0
147,role_labeled,passive,passive,a champion is understood by a captain .,a physician understands a pilot .,a pilot is understood by a physician .,a,physician,a,pilot,understand,understands,understood,"[""VERB=understand"", ""AGENT=physician"", ""PATIENT=pilot""]","Prime sentence: a champion is understood by a captain .
Event roles: VERB=understand; AGENT=physician; PATIENT=pilot
Sentence: the",Sentence: the,first_noun,-6.290149688720703,-4.3968305587768555,1.8933191299438477,passive,1.0
147,role_labeled,no_prime_eos,no_prime_eos,,a physician understands a pilot .,a pilot is understood by a physician .,a,physician,a,pilot,understand,understands,understood,"[""VERB=understand"", ""AGENT=physician"", ""PATIENT=pilot""]","Event roles: VERB=understand; AGENT=physician; PATIENT=pilot
Sentence: the",Sentence: the,first_noun,-4.285516262054443,-3.282675266265869,1.0028409957885742,passive,1.0
147,role_labeled,filler,filler,The kettle whistled in the kitchen .,a physician understands a pilot .,a pilot is understood by a physician .,a,physician,a,pilot,understand,understands,understood,"[""VERB=understand"", ""AGENT=physician"", ""PATIENT=pilot""]","Prime sentence: The kettle whistled in the kitchen .
Event roles: VERB=understand; AGENT=physician; PATIENT=pilot
Sentence: the",Sentence: the,first_noun,-7.5594611167907715,-5.202820301055908,2.3566408157348633,passive,1.0
148,role_labeled,active,active,a professor embraces a reader .,a cop embraces a cousin .,a cousin is embraced by a cop .,a,cop,a,cousin,embrac,embraces,embraced,"[""AGENT=cop"", ""PATIENT=cousin"", ""VERB=embrac""]","Prime sentence: a professor embraces a reader .
Event roles: AGENT=cop; PATIENT=cousin; VERB=embrac
Sentence: the",Sentence: the,first_noun,-5.3631720542907715,-9.173933982849121,-3.8107619285583496,active,0.0
148,role_labeled,passive,passive,a reader is embraced by a professor .,a cop embraces a cousin .,a cousin is embraced by a cop .,a,cop,a,cousin,embrac,embraces,embraced,"[""AGENT=cop"", ""PATIENT=cousin"", ""VERB=embrac""]","Prime sentence: a reader is embraced by a professor .
Event roles: AGENT=cop; PATIENT=cousin; VERB=embrac
Sentence: the",Sentence: the,first_noun,-5.674083709716797,-9.501778602600098,-3.827694892883301,active,0.0
148,role_labeled,no_prime_eos,no_prime_eos,,a cop embraces a cousin .,a cousin is embraced by a cop .,a,cop,a,cousin,embrac,embraces,embraced,"[""AGENT=cop"", ""PATIENT=cousin"", ""VERB=embrac""]","Event roles: AGENT=cop; PATIENT=cousin; VERB=embrac
Sentence: the",Sentence: the,first_noun,-5.04886531829834,-8.843293190002441,-3.7944278717041016,active,0.0
148,role_labeled,filler,filler,The notebook stayed on the shelf .,a cop embraces a cousin .,a cousin is embraced by a cop .,a,cop,a,cousin,embrac,embraces,embraced,"[""AGENT=cop"", ""PATIENT=cousin"", ""VERB=embrac""]","Prime sentence: The notebook stayed on the shelf .
Event roles: AGENT=cop; PATIENT=cousin; VERB=embrac
Sentence: the",Sentence: the,first_noun,-5.066164970397949,-7.763121604919434,-2.6969566345214844,active,0.0
149,role_labeled,active,active,a colonel punches a cop .,a prince punches a princess .,a princess is punched by a prince .,a,prince,a,princess,punch,punches,punched,"[""AGENT=prince"", ""PATIENT=princess"", ""VERB=punch""]","Prime sentence: a colonel punches a cop .
Event roles: AGENT=prince; PATIENT=princess; VERB=punch
Sentence: the",Sentence: the,first_noun,-3.444502353668213,-4.394125461578369,-0.9496231079101562,active,0.0
149,role_labeled,passive,passive,a cop is punched by a colonel .,a prince punches a princess .,a princess is punched by a prince .,a,prince,a,princess,punch,punches,punched,"[""AGENT=prince"", ""PATIENT=princess"", ""VERB=punch""]","Prime sentence: a cop is punched by a colonel .
Event roles: AGENT=prince; PATIENT=princess; VERB=punch
Sentence: the",Sentence: the,first_noun,-3.7433087825775146,-4.561963081359863,-0.8186542987823486,active,0.0
149,role_labeled,no_prime_eos,no_prime_eos,,a prince punches a princess .,a princess is punched by a prince .,a,prince,a,princess,punch,punches,punched,"[""AGENT=prince"", ""PATIENT=princess"", ""VERB=punch""]","Event roles: AGENT=prince; PATIENT=princess; VERB=punch
Sentence: the",Sentence: the,first_noun,-3.0875368118286133,-3.4894914627075195,-0.40195465087890625,active,0.0
149,role_labeled,filler,filler,The window rattled during the storm .,a prince punches a princess .,a princess is punched by a prince .,a,prince,a,princess,punch,punches,punched,"[""AGENT=prince"", ""PATIENT=princess"", ""VERB=punch""]","Prime sentence: The window rattled during the storm .
Event roles: AGENT=prince; PATIENT=princess; VERB=punch
Sentence: the",Sentence: the,first_noun,-5.3354291915893555,-5.943410873413086,-0.6079816818237305,active,0.0
150,role_labeled,active,active,a writer chases an actor .,a lady chases a lawyer .,a lawyer is chased by a lady .,a,lady,a,lawyer,chas,chases,chased,"[""AGENT=lady"", ""PATIENT=lawyer"", ""VERB=chas""]","Prime sentence: a writer chases an actor .
Event roles: AGENT=lady; PATIENT=lawyer; VERB=chas
Sentence: the",Sentence: the,first_noun,-5.473432540893555,-5.294216156005859,0.1792163848876953,passive,1.0
150,role_labeled,passive,passive,an actor is chased by a writer .,a lady chases a lawyer .,a lawyer is chased by a lady .,a,lady,a,lawyer,chas,chases,chased,"[""AGENT=lady"", ""PATIENT=lawyer"", ""VERB=chas""]","Prime sentence: an actor is chased by a writer .
Event roles: AGENT=lady; PATIENT=lawyer; VERB=chas
Sentence: the",Sentence: the,first_noun,-5.766070365905762,-5.00904655456543,0.757023811340332,passive,1.0
150,role_labeled,no_prime_eos,no_prime_eos,,a lady chases a lawyer .,a lawyer is chased by a lady .,a,lady,a,lawyer,chas,chases,chased,"[""AGENT=lady"", ""PATIENT=lawyer"", ""VERB=chas""]","Event roles: AGENT=lady; PATIENT=lawyer; VERB=chas
Sentence: the",Sentence: the,first_noun,-4.777032852172852,-5.44831657409668,-0.6712837219238281,active,0.0
150,role_labeled,filler,filler,The planet shimmered above the valley .,a lady chases a lawyer .,a lawyer is chased by a lady .,a,lady,a,lawyer,chas,chases,chased,"[""AGENT=lady"", ""PATIENT=lawyer"", ""VERB=chas""]","Prime sentence: The planet shimmered above the valley .
Event roles: AGENT=lady; PATIENT=lawyer; VERB=chas
Sentence: the",Sentence: the,first_noun,-5.353578567504883,-6.5316162109375,-1.1780376434326172,active,0.0
151,role_labeled,active,active,a secretary hurts a sheriff .,a doctor hurts an employee .,an employee is hurt by a doctor .,a,doctor,an,employee,hurt,hurts,hurt,"[""PATIENT=employee"", ""VERB=hurt"", ""AGENT=doctor""]","Prime sentence: a secretary hurts a sheriff .
Event roles: PATIENT=employee; VERB=hurt; AGENT=doctor
Sentence: the",Sentence: the,first_noun,-2.905909538269043,-4.676120281219482,-1.7702107429504395,active,0.0
151,role_labeled,passive,passive,a sheriff is hurt by a secretary .,a doctor hurts an employee .,an employee is hurt by a doctor .,a,doctor,an,employee,hurt,hurts,hurt,"[""PATIENT=employee"", ""VERB=hurt"", ""AGENT=doctor""]","Prime sentence: a sheriff is hurt by a secretary .
Event roles: PATIENT=employee; VERB=hurt; AGENT=doctor
Sentence: the",Sentence: the,first_noun,-2.642836093902588,-4.425276756286621,-1.7824406623840332,active,0.0
151,role_labeled,no_prime_eos,no_prime_eos,,a doctor hurts an employee .,an employee is hurt by a doctor .,a,doctor,an,employee,hurt,hurts,hurt,"[""PATIENT=employee"", ""VERB=hurt"", ""AGENT=doctor""]","Event roles: PATIENT=employee; VERB=hurt; AGENT=doctor
Sentence: the",Sentence: the,first_noun,-2.6010422706604004,-4.3904876708984375,-1.789445400238037,active,0.0
151,role_labeled,filler,filler,The captain waited beside the harbor .,a doctor hurts an employee .,an employee is hurt by a doctor .,a,doctor,an,employee,hurt,hurts,hurt,"[""PATIENT=employee"", ""VERB=hurt"", ""AGENT=doctor""]","Prime sentence: The captain waited beside the harbor .
Event roles: PATIENT=employee; VERB=hurt; AGENT=doctor
Sentence: the",Sentence: the,first_noun,-3.6306073665618896,-6.9382734298706055,-3.307666063308716,active,0.0
152,role_labeled,active,active,a president selects a priest .,a champion selects a chief .,a chief is selected by a champion .,a,champion,a,chief,select,selects,selected,"[""PATIENT=chief"", ""VERB=select"", ""AGENT=champion""]","Prime sentence: a president selects a priest .
Event roles: PATIENT=chief; VERB=select; AGENT=champion
Sentence: the",Sentence: the,first_noun,-6.8542890548706055,-4.069066047668457,2.7852230072021484,passive,1.0
152,role_labeled,passive,passive,a priest is selected by a president .,a champion selects a chief .,a chief is selected by a champion .,a,champion,a,chief,select,selects,selected,"[""PATIENT=chief"", ""VERB=select"", ""AGENT=champion""]","Prime sentence: a priest is selected by a president .
Event roles: PATIENT=chief; VERB=select; AGENT=champion
Sentence: the",Sentence: the,first_noun,-5.886815071105957,-4.428439617156982,1.4583754539489746,passive,1.0
152,role_labeled,no_prime_eos,no_prime_eos,,a champion selects a chief .,a chief is selected by a champion .,a,champion,a,chief,select,selects,selected,"[""PATIENT=chief"", ""VERB=select"", ""AGENT=champion""]","Event roles: PATIENT=chief; VERB=select; AGENT=champion
Sentence: the",Sentence: the,first_noun,-4.8220930099487305,-4.0058913230896,0.8162016868591309,passive,1.0
152,role_labeled,filler,filler,The tourist wandered through the plaza .,a champion selects a chief .,a chief is selected by a champion .,a,champion,a,chief,select,selects,selected,"[""PATIENT=chief"", ""VERB=select"", ""AGENT=champion""]","Prime sentence: The tourist wandered through the plaza .
Event roles: PATIENT=chief; VERB=select; AGENT=champion
Sentence: the",Sentence: the,first_noun,-6.354399681091309,-5.265886306762695,1.0885133743286133,passive,1.0
153,role_labeled,active,active,an uncle protects a wife .,a guy protects a hero .,a hero is protected by a guy .,a,guy,a,hero,protect,protects,protected,"[""AGENT=guy"", ""VERB=protect"", ""PATIENT=hero""]","Prime sentence: an uncle protects a wife .
Event roles: AGENT=guy; VERB=protect; PATIENT=hero
Sentence: the",Sentence: the,first_noun,-3.897916793823242,-4.154404163360596,-0.2564873695373535,active,0.0
153,role_labeled,passive,passive,a wife is protected by an uncle .,a guy protects a hero .,a hero is protected by a guy .,a,guy,a,hero,protect,protects,protected,"[""AGENT=guy"", ""VERB=protect"", ""PATIENT=hero""]","Prime sentence: a wife is protected by an uncle .
Event roles: AGENT=guy; VERB=protect; PATIENT=hero
Sentence: the",Sentence: the,first_noun,-4.1437668800354,-4.554495334625244,-0.41072845458984375,active,0.0
153,role_labeled,no_prime_eos,no_prime_eos,,a guy protects a hero .,a hero is protected by a guy .,a,guy,a,hero,protect,protects,protected,"[""AGENT=guy"", ""VERB=protect"", ""PATIENT=hero""]","Event roles: AGENT=guy; VERB=protect; PATIENT=hero
Sentence: the",Sentence: the,first_noun,-4.081469535827637,-3.9458506107330322,0.1356189250946045,passive,1.0
153,role_labeled,filler,filler,The package arrived before noon .,a guy protects a hero .,a hero is protected by a guy .,a,guy,a,hero,protect,protects,protected,"[""AGENT=guy"", ""VERB=protect"", ""PATIENT=hero""]","Prime sentence: The package arrived before noon .
Event roles: AGENT=guy; VERB=protect; PATIENT=hero
Sentence: the",Sentence: the,first_noun,-4.430150508880615,-5.956887245178223,-1.5267367362976074,active,0.0
154,role_labeled,active,active,a secretary beats a sheriff .,a doctor beats an employee .,an employee is beaten by a doctor .,a,doctor,an,employee,beat,beats,beaten,"[""AGENT=doctor"", ""PATIENT=employee"", ""VERB=beat""]","Prime sentence: a secretary beats a sheriff .
Event roles: AGENT=doctor; PATIENT=employee; VERB=beat
Sentence: the",Sentence: the,first_noun,-2.6966168880462646,-5.861432075500488,-3.1648151874542236,active,0.0
154,role_labeled,passive,passive,a sheriff is beaten by a secretary .,a doctor beats an employee .,an employee is beaten by a doctor .,a,doctor,an,employee,beat,beats,beaten,"[""AGENT=doctor"", ""PATIENT=employee"", ""VERB=beat""]","Prime sentence: a sheriff is beaten by a secretary .
Event roles: AGENT=doctor; PATIENT=employee; VERB=beat
Sentence: the",Sentence: the,first_noun,-2.581472396850586,-5.1672539710998535,-2.5857815742492676,active,0.0
154,role_labeled,no_prime_eos,no_prime_eos,,a doctor beats an employee .,an employee is beaten by a doctor .,a,doctor,an,employee,beat,beats,beaten,"[""AGENT=doctor"", ""PATIENT=employee"", ""VERB=beat""]","Event roles: AGENT=doctor; PATIENT=employee; VERB=beat
Sentence: the",Sentence: the,first_noun,-2.6189589500427246,-5.562098979949951,-2.9431400299072266,active,0.0
154,role_labeled,filler,filler,The engine cooled before dawn .,a doctor beats an employee .,an employee is beaten by a doctor .,a,doctor,an,employee,beat,beats,beaten,"[""AGENT=doctor"", ""PATIENT=employee"", ""VERB=beat""]","Prime sentence: The engine cooled before dawn .
Event roles: AGENT=doctor; PATIENT=employee; VERB=beat
Sentence: the",Sentence: the,first_noun,-4.030299186706543,-7.784083366394043,-3.7537841796875,active,0.0
155,role_labeled,active,active,a sheriff understands a singer .,an employee understands an employer .,an employer is understood by an employee .,an,employee,an,employer,understand,understands,understood,"[""PATIENT=employer"", ""VERB=understand"", ""AGENT=employee""]","Prime sentence: a sheriff understands a singer .
Event roles: PATIENT=employer; VERB=understand; AGENT=employee
Sentence: the",Sentence: the,first_noun,-5.314170837402344,-5.307456970214844,0.0067138671875,passive,1.0
155,role_labeled,passive,passive,a singer is understood by a sheriff .,an employee understands an employer .,an employer is understood by an employee .,an,employee,an,employer,understand,understands,understood,"[""PATIENT=employer"", ""VERB=understand"", ""AGENT=employee""]","Prime sentence: a singer is understood by a sheriff .
Event roles: PATIENT=employer; VERB=understand; AGENT=employee
Sentence: the",Sentence: the,first_noun,-4.668717384338379,-4.412139415740967,0.2565779685974121,passive,1.0
155,role_labeled,no_prime_eos,no_prime_eos,,an employee understands an employer .,an employer is understood by an employee .,an,employee,an,employer,understand,understands,understood,"[""PATIENT=employer"", ""VERB=understand"", ""AGENT=employee""]","Event roles: PATIENT=employer; VERB=understand; AGENT=employee
Sentence: the",Sentence: the,first_noun,-3.772761583328247,-4.460836410522461,-0.6880748271942139,active,0.0
155,role_labeled,filler,filler,The market opened after sunrise .,an employee understands an employer .,an employer is understood by an employee .,an,employee,an,employer,understand,understands,understood,"[""PATIENT=employer"", ""VERB=understand"", ""AGENT=employee""]","Prime sentence: The market opened after sunrise .
Event roles: PATIENT=employer; VERB=understand; AGENT=employee
Sentence: the",Sentence: the,first_noun,-6.515594959259033,-6.883900165557861,-0.3683052062988281,active,0.0
156,role_labeled,active,active,a brother selects a buddy .,an opponent selects a parent .,a parent is selected by an opponent .,an,opponent,a,parent,select,selects,selected,"[""AGENT=opponent"", ""PATIENT=parent"", ""VERB=select""]","Prime sentence: a brother selects a buddy .
Event roles: AGENT=opponent; PATIENT=parent; VERB=select
Sentence: the",Sentence: the,first_noun,-5.343010425567627,-5.186000347137451,0.15701007843017578,passive,1.0
156,role_labeled,passive,passive,a buddy is selected by a brother .,an opponent selects a parent .,a parent is selected by an opponent .,an,opponent,a,parent,select,selects,selected,"[""AGENT=opponent"", ""PATIENT=parent"", ""VERB=select""]","Prime sentence: a buddy is selected by a brother .
Event roles: AGENT=opponent; PATIENT=parent; VERB=select
Sentence: the",Sentence: the,first_noun,-5.1667304039001465,-5.300532817840576,-0.1338024139404297,active,0.0
156,role_labeled,no_prime_eos,no_prime_eos,,an opponent selects a parent .,a parent is selected by an opponent .,an,opponent,a,parent,select,selects,selected,"[""AGENT=opponent"", ""PATIENT=parent"", ""VERB=select""]","Event roles: AGENT=opponent; PATIENT=parent; VERB=select
Sentence: the",Sentence: the,first_noun,-4.833674430847168,-5.036007881164551,-0.2023334503173828,active,0.0
156,role_labeled,filler,filler,The teacher listened during assembly .,an opponent selects a parent .,a parent is selected by an opponent .,an,opponent,a,parent,select,selects,selected,"[""AGENT=opponent"", ""PATIENT=parent"", ""VERB=select""]","Prime sentence: The teacher listened during assembly .
Event roles: AGENT=opponent; PATIENT=parent; VERB=select
Sentence: the",Sentence: the,first_noun,-5.457140922546387,-4.753396987915039,0.7037439346313477,passive,1.0
157,role_labeled,active,active,a champion follows a chief .,a pilot follows a president .,a president is followed by a pilot .,a,pilot,a,president,follow,follows,followed,"[""VERB=follow"", ""PATIENT=president"", ""AGENT=pilot""]","Prime sentence: a champion follows a chief .
Event roles: VERB=follow; PATIENT=president; AGENT=pilot
Sentence: the",Sentence: the,first_noun,-5.303779602050781,-4.1912312507629395,1.1125483512878418,passive,1.0
157,role_labeled,passive,passive,a chief is followed by a champion .,a pilot follows a president .,a president is followed by a pilot .,a,pilot,a,president,follow,follows,followed,"[""VERB=follow"", ""PATIENT=president"", ""AGENT=pilot""]","Prime sentence: a chief is followed by a champion .
Event roles: VERB=follow; PATIENT=president; AGENT=pilot
Sentence: the",Sentence: the,first_noun,-5.06368350982666,-3.8535380363464355,1.2101454734802246,passive,1.0
157,role_labeled,no_prime_eos,no_prime_eos,,a pilot follows a president .,a president is followed by a pilot .,a,pilot,a,president,follow,follows,followed,"[""VERB=follow"", ""PATIENT=president"", ""AGENT=pilot""]","Event roles: VERB=follow; PATIENT=president; AGENT=pilot
Sentence: the",Sentence: the,first_noun,-3.1740856170654297,-3.9967408180236816,-0.822655200958252,active,0.0
157,role_labeled,filler,filler,The teacher listened during assembly .,a pilot follows a president .,a president is followed by a pilot .,a,pilot,a,president,follow,follows,followed,"[""VERB=follow"", ""PATIENT=president"", ""AGENT=pilot""]","Prime sentence: The teacher listened during assembly .
Event roles: VERB=follow; PATIENT=president; AGENT=pilot
Sentence: the",Sentence: the,first_noun,-3.976883888244629,-3.8420143127441406,0.13486957550048828,passive,1.0
158,role_labeled,active,active,a kid strikes a king .,a winner strikes a woman .,a woman is struck by a winner .,a,winner,a,woman,strik,strikes,struck,"[""PATIENT=woman"", ""VERB=strik"", ""AGENT=winner""]","Prime sentence: a kid strikes a king .
Event roles: PATIENT=woman; VERB=strik; AGENT=winner
Sentence: the",Sentence: the,first_noun,-6.500504493713379,-4.342901229858398,2.1576032638549805,passive,1.0
158,role_labeled,passive,passive,a king is struck by a kid .,a winner strikes a woman .,a woman is struck by a winner .,a,winner,a,woman,strik,strikes,struck,"[""PATIENT=woman"", ""VERB=strik"", ""AGENT=winner""]","Prime sentence: a king is struck by a kid .
Event roles: PATIENT=woman; VERB=strik; AGENT=winner
Sentence: the",Sentence: the,first_noun,-6.560688495635986,-4.42440128326416,2.136287212371826,passive,1.0
158,role_labeled,no_prime_eos,no_prime_eos,,a winner strikes a woman .,a woman is struck by a winner .,a,winner,a,woman,strik,strikes,struck,"[""PATIENT=woman"", ""VERB=strik"", ""AGENT=winner""]","Event roles: PATIENT=woman; VERB=strik; AGENT=winner
Sentence: the",Sentence: the,first_noun,-4.054287910461426,-2.8671653270721436,1.1871225833892822,passive,1.0
158,role_labeled,filler,filler,The pillow rested on the sofa .,a winner strikes a woman .,a woman is struck by a winner .,a,winner,a,woman,strik,strikes,struck,"[""PATIENT=woman"", ""VERB=strik"", ""AGENT=winner""]","Prime sentence: The pillow rested on the sofa .
Event roles: PATIENT=woman; VERB=strik; AGENT=winner
Sentence: the",Sentence: the,first_noun,-8.163163185119629,-4.347221374511719,3.81594181060791,passive,1.0
159,role_labeled,active,active,a writer joins an actor .,a lady joins a lawyer .,a lawyer is joined by a lady .,a,lady,a,lawyer,join,joins,joined,"[""VERB=join"", ""AGENT=lady"", ""PATIENT=lawyer""]","Prime sentence: a writer joins an actor .
Event roles: VERB=join; AGENT=lady; PATIENT=lawyer
Sentence: the",Sentence: the,first_noun,-6.185052394866943,-5.740306854248047,0.4447455406188965,passive,1.0
159,role_labeled,passive,passive,an actor is joined by a writer .,a lady joins a lawyer .,a lawyer is joined by a lady .,a,lady,a,lawyer,join,joins,joined,"[""VERB=join"", ""AGENT=lady"", ""PATIENT=lawyer""]","Prime sentence: an actor is joined by a writer .
Event roles: VERB=join; AGENT=lady; PATIENT=lawyer
Sentence: the",Sentence: the,first_noun,-6.2736101150512695,-5.690478324890137,0.5831317901611328,passive,1.0
159,role_labeled,no_prime_eos,no_prime_eos,,a lady joins a lawyer .,a lawyer is joined by a lady .,a,lady,a,lawyer,join,joins,joined,"[""VERB=join"", ""AGENT=lady"", ""PATIENT=lawyer""]","Event roles: VERB=join; AGENT=lady; PATIENT=lawyer
Sentence: the",Sentence: the,first_noun,-6.016798496246338,-6.0888447761535645,-0.07204627990722656,active,0.0
159,role_labeled,filler,filler,The traveler rested beside the river .,a lady joins a lawyer .,a lawyer is joined by a lady .,a,lady,a,lawyer,join,joins,joined,"[""VERB=join"", ""AGENT=lady"", ""PATIENT=lawyer""]","Prime sentence: The traveler rested beside the river .
Event roles: VERB=join; AGENT=lady; PATIENT=lawyer
Sentence: the",Sentence: the,first_noun,-4.416196346282959,-5.959090709686279,-1.5428943634033203,active,0.0
160,role_labeled,active,active,a cousin embraces a daughter .,a professor embraces a reader .,a reader is embraced by a professor .,a,professor,a,reader,embrac,embraces,embraced,"[""PATIENT=reader"", ""VERB=embrac"", ""AGENT=professor""]","Prime sentence: a cousin embraces a daughter .
Event roles: PATIENT=reader; VERB=embrac; AGENT=professor
Sentence: the",Sentence: the,first_noun,-4.488225936889648,-6.195746421813965,-1.7075204849243164,active,0.0
160,role_labeled,passive,passive,a daughter is embraced by a cousin .,a professor embraces a reader .,a reader is embraced by a professor .,a,professor,a,reader,embrac,embraces,embraced,"[""PATIENT=reader"", ""VERB=embrac"", ""AGENT=professor""]","Prime sentence: a daughter is embraced by a cousin .
Event roles: PATIENT=reader; VERB=embrac; AGENT=professor
Sentence: the",Sentence: the,first_noun,-4.5128912925720215,-6.045773506164551,-1.5328822135925293,active,0.0
160,role_labeled,no_prime_eos,no_prime_eos,,a professor embraces a reader .,a reader is embraced by a professor .,a,professor,a,reader,embrac,embraces,embraced,"[""PATIENT=reader"", ""VERB=embrac"", ""AGENT=professor""]","Event roles: PATIENT=reader; VERB=embrac; AGENT=professor
Sentence: the",Sentence: the,first_noun,-4.286396026611328,-5.223623752593994,-0.937227725982666,active,0.0
160,role_labeled,filler,filler,The package arrived before noon .,a professor embraces a reader .,a reader is embraced by a professor .,a,professor,a,reader,embrac,embraces,embraced,"[""PATIENT=reader"", ""VERB=embrac"", ""AGENT=professor""]","Prime sentence: The package arrived before noon .
Event roles: PATIENT=reader; VERB=embrac; AGENT=professor
Sentence: the",Sentence: the,first_noun,-4.186559200286865,-6.6739373207092285,-2.4873781204223633,active,0.0
161,role_labeled,active,active,a daughter catches a doctor .,a reader catches a scientist .,a scientist is caught by a reader .,a,reader,a,scientist,catch,catches,caught,"[""AGENT=reader"", ""VERB=catch"", ""PATIENT=scientist""]","Prime sentence: a daughter catches a doctor .
Event roles: AGENT=reader; VERB=catch; PATIENT=scientist
Sentence: the",Sentence: the,first_noun,-5.800775051116943,-3.5367798805236816,2.2639951705932617,passive,1.0
161,role_labeled,passive,passive,a doctor is caught by a daughter .,a reader catches a scientist .,a scientist is caught by a reader .,a,reader,a,scientist,catch,catches,caught,"[""AGENT=reader"", ""VERB=catch"", ""PATIENT=scientist""]","Prime sentence: a doctor is caught by a daughter .
Event roles: AGENT=reader; VERB=catch; PATIENT=scientist
Sentence: the",Sentence: the,first_noun,-5.4022979736328125,-3.18326997756958,2.2190279960632324,passive,1.0
161,role_labeled,no_prime_eos,no_prime_eos,,a reader catches a scientist .,a scientist is caught by a reader .,a,reader,a,scientist,catch,catches,caught,"[""AGENT=reader"", ""VERB=catch"", ""PATIENT=scientist""]","Event roles: AGENT=reader; VERB=catch; PATIENT=scientist
Sentence: the",Sentence: the,first_noun,-4.224422931671143,-4.822120666503906,-0.5976977348327637,active,0.0
161,role_labeled,filler,filler,The jacket hung behind the chair .,a reader catches a scientist .,a scientist is caught by a reader .,a,reader,a,scientist,catch,catches,caught,"[""AGENT=reader"", ""VERB=catch"", ""PATIENT=scientist""]","Prime sentence: The jacket hung behind the chair .
Event roles: AGENT=reader; VERB=catch; PATIENT=scientist
Sentence: the",Sentence: the,first_noun,-5.832749366760254,-4.207428932189941,1.6253204345703125,passive,1.0
162,role_labeled,active,active,a leader judges a man .,an actor judges an actress .,an actress is judged by an actor .,an,actor,an,actress,judg,judges,judged,"[""AGENT=actor"", ""VERB=judg"", ""PATIENT=actress""]","Prime sentence: a leader judges a man .
Event roles: AGENT=actor; VERB=judg; PATIENT=actress
Sentence: the",Sentence: the,first_noun,-4.784792423248291,-7.309415817260742,-2.524623394012451,active,0.0
162,role_labeled,passive,passive,a man is judged by a leader .,an actor judges an actress .,an actress is judged by an actor .,an,actor,an,actress,judg,judges,judged,"[""AGENT=actor"", ""VERB=judg"", ""PATIENT=actress""]","Prime sentence: a man is judged by a leader .
Event roles: AGENT=actor; VERB=judg; PATIENT=actress
Sentence: the",Sentence: the,first_noun,-4.8200860023498535,-7.159685134887695,-2.339599132537842,active,0.0
162,role_labeled,no_prime_eos,no_prime_eos,,an actor judges an actress .,an actress is judged by an actor .,an,actor,an,actress,judg,judges,judged,"[""AGENT=actor"", ""VERB=judg"", ""PATIENT=actress""]","Event roles: AGENT=actor; VERB=judg; PATIENT=actress
Sentence: the",Sentence: the,first_noun,-4.05630350112915,-5.953551292419434,-1.8972477912902832,active,0.0
162,role_labeled,filler,filler,The violin echoed in the theater .,an actor judges an actress .,an actress is judged by an actor .,an,actor,an,actress,judg,judges,judged,"[""AGENT=actor"", ""VERB=judg"", ""PATIENT=actress""]","Prime sentence: The violin echoed in the theater .
Event roles: AGENT=actor; VERB=judg; PATIENT=actress
Sentence: the",Sentence: the,first_noun,-5.8379411697387695,-6.7573652267456055,-0.9194240570068359,active,0.0
163,role_labeled,active,active,a father selects a friend .,a singer selects a soldier .,a soldier is selected by a singer .,a,singer,a,soldier,select,selects,selected,"[""VERB=select"", ""AGENT=singer"", ""PATIENT=soldier""]","Prime sentence: a father selects a friend .
Event roles: VERB=select; AGENT=singer; PATIENT=soldier
Sentence: the",Sentence: the,first_noun,-5.118494987487793,-3.581085205078125,1.537409782409668,passive,1.0
163,role_labeled,passive,passive,a friend is selected by a father .,a singer selects a soldier .,a soldier is selected by a singer .,a,singer,a,soldier,select,selects,selected,"[""VERB=select"", ""AGENT=singer"", ""PATIENT=soldier""]","Prime sentence: a friend is selected by a father .
Event roles: VERB=select; AGENT=singer; PATIENT=soldier
Sentence: the",Sentence: the,first_noun,-5.030333518981934,-3.2337260246276855,1.796607494354248,passive,1.0
163,role_labeled,no_prime_eos,no_prime_eos,,a singer selects a soldier .,a soldier is selected by a singer .,a,singer,a,soldier,select,selects,selected,"[""VERB=select"", ""AGENT=singer"", ""PATIENT=soldier""]","Event roles: VERB=select; AGENT=singer; PATIENT=soldier
Sentence: the",Sentence: the,first_noun,-5.601282596588135,-4.06926155090332,1.5320210456848145,passive,1.0
163,role_labeled,filler,filler,The witness paused near the doorway .,a singer selects a soldier .,a soldier is selected by a singer .,a,singer,a,soldier,select,selects,selected,"[""VERB=select"", ""AGENT=singer"", ""PATIENT=soldier""]","Prime sentence: The witness paused near the doorway .
Event roles: VERB=select; AGENT=singer; PATIENT=soldier
Sentence: the",Sentence: the,first_noun,-4.420584201812744,-2.092355728149414,2.32822847366333,passive,1.0
164,role_labeled,active,active,a man teaches a manager .,an actress teaches an adult .,an adult is taught by an actress .,an,actress,an,adult,teach,teaches,taught,"[""VERB=teach"", ""PATIENT=adult"", ""AGENT=actress""]","Prime sentence: a man teaches a manager .
Event roles: VERB=teach; PATIENT=adult; AGENT=actress
Sentence: the",Sentence: the,first_noun,-7.257079601287842,-7.027368068695068,0.22971153259277344,passive,1.0
164,role_labeled,passive,passive,a manager is taught by a man .,an actress teaches an adult .,an adult is taught by an actress .,an,actress,an,adult,teach,teaches,taught,"[""VERB=teach"", ""PATIENT=adult"", ""AGENT=actress""]","Prime sentence: a manager is taught by a man .
Event roles: VERB=teach; PATIENT=adult; AGENT=actress
Sentence: the",Sentence: the,first_noun,-7.3653364181518555,-6.7727556228637695,0.5925807952880859,passive,1.0
164,role_labeled,no_prime_eos,no_prime_eos,,an actress teaches an adult .,an adult is taught by an actress .,an,actress,an,adult,teach,teaches,taught,"[""VERB=teach"", ""PATIENT=adult"", ""AGENT=actress""]","Event roles: VERB=teach; PATIENT=adult; AGENT=actress
Sentence: the",Sentence: the,first_noun,-6.744179725646973,-6.016278266906738,0.7279014587402344,passive,1.0
164,role_labeled,filler,filler,The radio crackled in the attic .,an actress teaches an adult .,an adult is taught by an actress .,an,actress,an,adult,teach,teaches,taught,"[""VERB=teach"", ""PATIENT=adult"", ""AGENT=actress""]","Prime sentence: The radio crackled in the attic .
Event roles: VERB=teach; PATIENT=adult; AGENT=actress
Sentence: the",Sentence: the,first_noun,-8.681952476501465,-7.357625484466553,1.324326992034912,passive,1.0
165,role_labeled,active,active,a scientist comforts a secretary .,a daughter comforts a doctor .,a doctor is comforted by a daughter .,a,daughter,a,doctor,comfort,comforts,comforted,"[""AGENT=daughter"", ""VERB=comfort"", ""PATIENT=doctor""]","Prime sentence: a scientist comforts a secretary .
Event roles: AGENT=daughter; VERB=comfort; PATIENT=doctor
Sentence: the",Sentence: the,first_noun,-5.571035861968994,-2.853172779083252,2.717863082885742,passive,1.0
165,role_labeled,passive,passive,a secretary is comforted by a scientist .,a daughter comforts a doctor .,a doctor is comforted by a daughter .,a,daughter,a,doctor,comfort,comforts,comforted,"[""AGENT=daughter"", ""VERB=comfort"", ""PATIENT=doctor""]","Prime sentence: a secretary is comforted by a scientist .
Event roles: AGENT=daughter; VERB=comfort; PATIENT=doctor
Sentence: the",Sentence: the,first_noun,-5.916804790496826,-3.0465147495269775,2.8702900409698486,passive,1.0
165,role_labeled,no_prime_eos,no_prime_eos,,a daughter comforts a doctor .,a doctor is comforted by a daughter .,a,daughter,a,doctor,comfort,comforts,comforted,"[""AGENT=daughter"", ""VERB=comfort"", ""PATIENT=doctor""]","Event roles: AGENT=daughter; VERB=comfort; PATIENT=doctor
Sentence: the",Sentence: the,first_noun,-4.910720348358154,-3.632707118988037,1.2780132293701172,passive,1.0
165,role_labeled,filler,filler,The singer smiled after rehearsal .,a daughter comforts a doctor .,a doctor is comforted by a daughter .,a,daughter,a,doctor,comfort,comforts,comforted,"[""AGENT=daughter"", ""VERB=comfort"", ""PATIENT=doctor""]","Prime sentence: The singer smiled after rehearsal .
Event roles: AGENT=daughter; VERB=comfort; PATIENT=doctor
Sentence: the",Sentence: the,first_noun,-5.236580848693848,-3.3293843269348145,1.9071965217590332,passive,1.0
166,role_labeled,active,active,a prince joins a princess .,a child joins a colonel .,a colonel is joined by a child .,a,child,a,colonel,join,joins,joined,"[""AGENT=child"", ""PATIENT=colonel"", ""VERB=join""]","Prime sentence: a prince joins a princess .
Event roles: AGENT=child; PATIENT=colonel; VERB=join
Sentence: the",Sentence: the,first_noun,-4.033959865570068,-5.0107622146606445,-0.9768023490905762,active,0.0
166,role_labeled,passive,passive,a princess is joined by a prince .,a child joins a colonel .,a colonel is joined by a child .,a,child,a,colonel,join,joins,joined,"[""AGENT=child"", ""PATIENT=colonel"", ""VERB=join""]","Prime sentence: a princess is joined by a prince .
Event roles: AGENT=child; PATIENT=colonel; VERB=join
Sentence: the",Sentence: the,first_noun,-4.193671226501465,-5.336240291595459,-1.1425690650939941,active,0.0
166,role_labeled,no_prime_eos,no_prime_eos,,a child joins a colonel .,a colonel is joined by a child .,a,child,a,colonel,join,joins,joined,"[""AGENT=child"", ""PATIENT=colonel"", ""VERB=join""]","Event roles: AGENT=child; PATIENT=colonel; VERB=join
Sentence: the",Sentence: the,first_noun,-4.00179386138916,-4.8737030029296875,-0.8719091415405273,active,0.0
166,role_labeled,filler,filler,The traveler rested beside the river .,a child joins a colonel .,a colonel is joined by a child .,a,child,a,colonel,join,joins,joined,"[""AGENT=child"", ""PATIENT=colonel"", ""VERB=join""]","Prime sentence: The traveler rested beside the river .
Event roles: AGENT=child; PATIENT=colonel; VERB=join
Sentence: the",Sentence: the,first_noun,-4.392439842224121,-5.932888984680176,-1.5404491424560547,active,0.0
167,role_labeled,active,active,a worker bothers a writer .,a king bothers a lady .,a lady is bothered by a king .,a,king,a,lady,bother,bothers,bothered,"[""AGENT=king"", ""PATIENT=lady"", ""VERB=bother""]","Prime sentence: a worker bothers a writer .
Event roles: AGENT=king; PATIENT=lady; VERB=bother
Sentence: the",Sentence: the,first_noun,-2.3995437622070312,-5.235300540924072,-2.835756778717041,active,0.0
167,role_labeled,passive,passive,a writer is bothered by a worker .,a king bothers a lady .,a lady is bothered by a king .,a,king,a,lady,bother,bothers,bothered,"[""AGENT=king"", ""PATIENT=lady"", ""VERB=bother""]","Prime sentence: a writer is bothered by a worker .
Event roles: AGENT=king; PATIENT=lady; VERB=bother
Sentence: the",Sentence: the,first_noun,-2.7976410388946533,-5.51826286315918,-2.7206218242645264,active,0.0
167,role_labeled,no_prime_eos,no_prime_eos,,a king bothers a lady .,a lady is bothered by a king .,a,king,a,lady,bother,bothers,bothered,"[""AGENT=king"", ""PATIENT=lady"", ""VERB=bother""]","Event roles: AGENT=king; PATIENT=lady; VERB=bother
Sentence: the",Sentence: the,first_noun,-3.339399576187134,-5.19959831237793,-1.860198736190796,active,0.0
167,role_labeled,filler,filler,The traveler rested beside the river .,a king bothers a lady .,a lady is bothered by a king .,a,king,a,lady,bother,bothers,bothered,"[""AGENT=king"", ""PATIENT=lady"", ""VERB=bother""]","Prime sentence: The traveler rested beside the river .
Event roles: AGENT=king; PATIENT=lady; VERB=bother
Sentence: the",Sentence: the,first_noun,-2.0337576866149902,-4.473932266235352,-2.4401745796203613,active,0.0
168,role_labeled,active,active,a minister discovers a mother .,an aunt discovers an author .,an author is discovered by an aunt .,an,aunt,an,author,discover,discovers,discovered,"[""PATIENT=author"", ""VERB=discover"", ""AGENT=aunt""]","Prime sentence: a minister discovers a mother .
Event roles: PATIENT=author; VERB=discover; AGENT=aunt
Sentence: the",Sentence: the,first_noun,-4.911019325256348,-4.955536842346191,-0.04451751708984375,active,0.0
168,role_labeled,passive,passive,a mother is discovered by a minister .,an aunt discovers an author .,an author is discovered by an aunt .,an,aunt,an,author,discover,discovers,discovered,"[""PATIENT=author"", ""VERB=discover"", ""AGENT=aunt""]","Prime sentence: a mother is discovered by a minister .
Event roles: PATIENT=author; VERB=discover; AGENT=aunt
Sentence: the",Sentence: the,first_noun,-5.702332496643066,-5.045105934143066,0.6572265625,passive,1.0
168,role_labeled,no_prime_eos,no_prime_eos,,an aunt discovers an author .,an author is discovered by an aunt .,an,aunt,an,author,discover,discovers,discovered,"[""PATIENT=author"", ""VERB=discover"", ""AGENT=aunt""]","Event roles: PATIENT=author; VERB=discover; AGENT=aunt
Sentence: the",Sentence: the,first_noun,-7.566394805908203,-4.225583076477051,3.3408117294311523,passive,1.0
168,role_labeled,filler,filler,The garden brightened after rain .,an aunt discovers an author .,an author is discovered by an aunt .,an,aunt,an,author,discover,discovers,discovered,"[""PATIENT=author"", ""VERB=discover"", ""AGENT=aunt""]","Prime sentence: The garden brightened after rain .
Event roles: PATIENT=author; VERB=discover; AGENT=aunt
Sentence: the",Sentence: the,first_noun,-7.897309303283691,-7.835441589355469,0.061867713928222656,passive,1.0
169,role_labeled,active,active,an adult discovers an attorney .,a man discovers a manager .,a manager is discovered by a man .,a,man,a,manager,discover,discovers,discovered,"[""PATIENT=manager"", ""VERB=discover"", ""AGENT=man""]","Prime sentence: an adult discovers an attorney .
Event roles: PATIENT=manager; VERB=discover; AGENT=man
Sentence: the",Sentence: the,first_noun,-4.567271709442139,-3.40669584274292,1.1605758666992188,passive,1.0
169,role_labeled,passive,passive,an attorney is discovered by an adult .,a man discovers a manager .,a manager is discovered by a man .,a,man,a,manager,discover,discovers,discovered,"[""PATIENT=manager"", ""VERB=discover"", ""AGENT=man""]","Prime sentence: an attorney is discovered by an adult .
Event roles: PATIENT=manager; VERB=discover; AGENT=man
Sentence: the",Sentence: the,first_noun,-4.780004501342773,-3.1156527996063232,1.6643517017364502,passive,1.0
169,role_labeled,no_prime_eos,no_prime_eos,,a man discovers a manager .,a manager is discovered by a man .,a,man,a,manager,discover,discovers,discovered,"[""PATIENT=manager"", ""VERB=discover"", ""AGENT=man""]","Event roles: PATIENT=manager; VERB=discover; AGENT=man
Sentence: the",Sentence: the,first_noun,-5.105771064758301,-3.9847559928894043,1.1210150718688965,passive,1.0
169,role_labeled,filler,filler,The blanket dried on the line .,a man discovers a manager .,a manager is discovered by a man .,a,man,a,manager,discover,discovers,discovered,"[""PATIENT=manager"", ""VERB=discover"", ""AGENT=man""]","Prime sentence: The blanket dried on the line .
Event roles: PATIENT=manager; VERB=discover; AGENT=man
Sentence: the",Sentence: the,first_noun,-5.0889129638671875,-5.47646951675415,-0.3875565528869629,active,0.0
170,role_labeled,active,active,an aunt protects an author .,a mayor protects a minister .,a minister is protected by a mayor .,a,mayor,a,minister,protect,protects,protected,"[""VERB=protect"", ""AGENT=mayor"", ""PATIENT=minister""]","Prime sentence: an aunt protects an author .
Event roles: VERB=protect; AGENT=mayor; PATIENT=minister
Sentence: the",Sentence: the,first_noun,-3.1438372135162354,-4.885797500610352,-1.7419602870941162,active,0.0
170,role_labeled,passive,passive,an author is protected by an aunt .,a mayor protects a minister .,a minister is protected by a mayor .,a,mayor,a,minister,protect,protects,protected,"[""VERB=protect"", ""AGENT=mayor"", ""PATIENT=minister""]","Prime sentence: an author is protected by an aunt .
Event roles: VERB=protect; AGENT=mayor; PATIENT=minister
Sentence: the",Sentence: the,first_noun,-3.0176074504852295,-4.802640914916992,-1.7850334644317627,active,0.0
170,role_labeled,no_prime_eos,no_prime_eos,,a mayor protects a minister .,a minister is protected by a mayor .,a,mayor,a,minister,protect,protects,protected,"[""VERB=protect"", ""AGENT=mayor"", ""PATIENT=minister""]","Event roles: VERB=protect; AGENT=mayor; PATIENT=minister
Sentence: the",Sentence: the,first_noun,-2.9296774864196777,-4.759067535400391,-1.829390048980713,active,0.0
170,role_labeled,filler,filler,The witness paused near the doorway .,a mayor protects a minister .,a minister is protected by a mayor .,a,mayor,a,minister,protect,protects,protected,"[""VERB=protect"", ""AGENT=mayor"", ""PATIENT=minister""]","Prime sentence: The witness paused near the doorway .
Event roles: VERB=protect; AGENT=mayor; PATIENT=minister
Sentence: the",Sentence: the,first_noun,-3.8137311935424805,-5.017463684082031,-1.2037324905395508,active,0.0
171,role_labeled,active,active,a brother bothers a buddy .,an opponent bothers a parent .,a parent is bothered by an opponent .,an,opponent,a,parent,bother,bothers,bothered,"[""VERB=bother"", ""PATIENT=parent"", ""AGENT=opponent""]","Prime sentence: a brother bothers a buddy .
Event roles: VERB=bother; PATIENT=parent; AGENT=opponent
Sentence: the",Sentence: the,first_noun,-7.423640727996826,-6.003701686859131,1.4199390411376953,passive,1.0
171,role_labeled,passive,passive,a buddy is bothered by a brother .,an opponent bothers a parent .,a parent is bothered by an opponent .,an,opponent,a,parent,bother,bothers,bothered,"[""VERB=bother"", ""PATIENT=parent"", ""AGENT=opponent""]","Prime sentence: a buddy is bothered by a brother .
Event roles: VERB=bother; PATIENT=parent; AGENT=opponent
Sentence: the",Sentence: the,first_noun,-7.327301979064941,-6.029915809631348,1.2973861694335938,passive,1.0
171,role_labeled,no_prime_eos,no_prime_eos,,an opponent bothers a parent .,a parent is bothered by an opponent .,an,opponent,a,parent,bother,bothers,bothered,"[""VERB=bother"", ""PATIENT=parent"", ""AGENT=opponent""]","Event roles: VERB=bother; PATIENT=parent; AGENT=opponent
Sentence: the",Sentence: the,first_noun,-5.314145565032959,-5.662700176239014,-0.3485546112060547,active,0.0
171,role_labeled,filler,filler,The radio crackled in the attic .,an opponent bothers a parent .,a parent is bothered by an opponent .,an,opponent,a,parent,bother,bothers,bothered,"[""VERB=bother"", ""PATIENT=parent"", ""AGENT=opponent""]","Prime sentence: The radio crackled in the attic .
Event roles: VERB=bother; PATIENT=parent; AGENT=opponent
Sentence: the",Sentence: the,first_noun,-9.85769271850586,-8.028022766113281,1.8296699523925781,passive,1.0
172,role_labeled,active,active,a son hurts a student .,a friend hurts a girl .,a girl is hurt by a friend .,a,friend,a,girl,hurt,hurts,hurt,"[""VERB=hurt"", ""AGENT=friend"", ""PATIENT=girl""]","Prime sentence: a son hurts a student .
Event roles: VERB=hurt; AGENT=friend; PATIENT=girl
Sentence: the",Sentence: the,first_noun,-4.807964324951172,-3.4030191898345947,1.4049451351165771,passive,1.0
172,role_labeled,passive,passive,a student is hurt by a son .,a friend hurts a girl .,a girl is hurt by a friend .,a,friend,a,girl,hurt,hurts,hurt,"[""VERB=hurt"", ""AGENT=friend"", ""PATIENT=girl""]","Prime sentence: a student is hurt by a son .
Event roles: VERB=hurt; AGENT=friend; PATIENT=girl
Sentence: the",Sentence: the,first_noun,-4.411405563354492,-2.9976937770843506,1.4137117862701416,passive,1.0
172,role_labeled,no_prime_eos,no_prime_eos,,a friend hurts a girl .,a girl is hurt by a friend .,a,friend,a,girl,hurt,hurts,hurt,"[""VERB=hurt"", ""AGENT=friend"", ""PATIENT=girl""]","Event roles: VERB=hurt; AGENT=friend; PATIENT=girl
Sentence: the",Sentence: the,first_noun,-5.18757438659668,-2.7416069507598877,2.445967435836792,passive,1.0
172,role_labeled,filler,filler,The teacher listened during assembly .,a friend hurts a girl .,a girl is hurt by a friend .,a,friend,a,girl,hurt,hurts,hurt,"[""VERB=hurt"", ""AGENT=friend"", ""PATIENT=girl""]","Prime sentence: The teacher listened during assembly .
Event roles: VERB=hurt; AGENT=friend; PATIENT=girl
Sentence: the",Sentence: the,first_noun,-4.466708660125732,-2.9003143310546875,1.566394329071045,passive,1.0
173,role_labeled,active,active,a mayor raises a minister .,an attorney raises an aunt .,an aunt is raised by an attorney .,an,attorney,an,aunt,rais,raises,raised,"[""PATIENT=aunt"", ""AGENT=attorney"", ""VERB=rais""]","Prime sentence: a mayor raises a minister .
Event roles: PATIENT=aunt; AGENT=attorney; VERB=rais
Sentence: the",Sentence: the,first_noun,-5.9990034103393555,-7.131119728088379,-1.1321163177490234,active,0.0
173,role_labeled,passive,passive,a minister is raised by a mayor .,an attorney raises an aunt .,an aunt is raised by an attorney .,an,attorney,an,aunt,rais,raises,raised,"[""PATIENT=aunt"", ""AGENT=attorney"", ""VERB=rais""]","Prime sentence: a minister is raised by a mayor .
Event roles: PATIENT=aunt; AGENT=attorney; VERB=rais
Sentence: the",Sentence: the,first_noun,-6.3036580085754395,-7.58010196685791,-1.2764439582824707,active,0.0
173,role_labeled,no_prime_eos,no_prime_eos,,an attorney raises an aunt .,an aunt is raised by an attorney .,an,attorney,an,aunt,rais,raises,raised,"[""PATIENT=aunt"", ""AGENT=attorney"", ""VERB=rais""]","Event roles: PATIENT=aunt; AGENT=attorney; VERB=rais
Sentence: the",Sentence: the,first_noun,-6.316778659820557,-9.17634105682373,-2.859562397003174,active,0.0
173,role_labeled,filler,filler,The baker laughed during breakfast .,an attorney raises an aunt .,an aunt is raised by an attorney .,an,attorney,an,aunt,rais,raises,raised,"[""PATIENT=aunt"", ""AGENT=attorney"", ""VERB=rais""]","Prime sentence: The baker laughed during breakfast .
Event roles: PATIENT=aunt; AGENT=attorney; VERB=rais
Sentence: the",Sentence: the,first_noun,-5.363127708435059,-5.417839527130127,-0.05471181869506836,active,0.0
174,role_labeled,active,active,an aunt comforts an author .,a mayor comforts a minister .,a minister is comforted by a mayor .,a,mayor,a,minister,comfort,comforts,comforted,"[""PATIENT=minister"", ""VERB=comfort"", ""AGENT=mayor""]","Prime sentence: an aunt comforts an author .
Event roles: PATIENT=minister; VERB=comfort; AGENT=mayor
Sentence: the",Sentence: the,first_noun,-3.561476707458496,-5.027562618255615,-1.4660859107971191,active,0.0
174,role_labeled,passive,passive,an author is comforted by an aunt .,a mayor comforts a minister .,a minister is comforted by a mayor .,a,mayor,a,minister,comfort,comforts,comforted,"[""PATIENT=minister"", ""VERB=comfort"", ""AGENT=mayor""]","Prime sentence: an author is comforted by an aunt .
Event roles: PATIENT=minister; VERB=comfort; AGENT=mayor
Sentence: the",Sentence: the,first_noun,-3.8498129844665527,-4.826684951782227,-0.9768719673156738,active,0.0
174,role_labeled,no_prime_eos,no_prime_eos,,a mayor comforts a minister .,a minister is comforted by a mayor .,a,mayor,a,minister,comfort,comforts,comforted,"[""PATIENT=minister"", ""VERB=comfort"", ""AGENT=mayor""]","Event roles: PATIENT=minister; VERB=comfort; AGENT=mayor
Sentence: the",Sentence: the,first_noun,-3.5638155937194824,-4.197543621063232,-0.63372802734375,active,0.0
174,role_labeled,filler,filler,The signal flickered across the screen .,a mayor comforts a minister .,a minister is comforted by a mayor .,a,mayor,a,minister,comfort,comforts,comforted,"[""PATIENT=minister"", ""VERB=comfort"", ""AGENT=mayor""]","Prime sentence: The signal flickered across the screen .
Event roles: PATIENT=minister; VERB=comfort; AGENT=mayor
Sentence: the",Sentence: the,first_noun,-3.9914939403533936,-5.5418548583984375,-1.550360918045044,active,0.0
175,role_labeled,active,active,a pilot forgives a president .,a captain forgives a champion .,a champion is forgiven by a captain .,a,captain,a,champion,forgiv,forgives,forgiven,"[""VERB=forgiv"", ""AGENT=captain"", ""PATIENT=champion""]","Prime sentence: a pilot forgives a president .
Event roles: VERB=forgiv; AGENT=captain; PATIENT=champion
Sentence: the",Sentence: the,first_noun,-4.615654945373535,-7.79643440246582,-3.180779457092285,active,0.0
175,role_labeled,passive,passive,a president is forgiven by a pilot .,a captain forgives a champion .,a champion is forgiven by a captain .,a,captain,a,champion,forgiv,forgives,forgiven,"[""VERB=forgiv"", ""AGENT=captain"", ""PATIENT=champion""]","Prime sentence: a president is forgiven by a pilot .
Event roles: VERB=forgiv; AGENT=captain; PATIENT=champion
Sentence: the",Sentence: the,first_noun,-4.326177597045898,-7.7208709716796875,-3.394693374633789,active,0.0
175,role_labeled,no_prime_eos,no_prime_eos,,a captain forgives a champion .,a champion is forgiven by a captain .,a,captain,a,champion,forgiv,forgives,forgiven,"[""VERB=forgiv"", ""AGENT=captain"", ""PATIENT=champion""]","Event roles: VERB=forgiv; AGENT=captain; PATIENT=champion
Sentence: the",Sentence: the,first_noun,-3.748206615447998,-5.5467023849487305,-1.7984957695007324,active,0.0
175,role_labeled,filler,filler,The traveler rested beside the river .,a captain forgives a champion .,a champion is forgiven by a captain .,a,captain,a,champion,forgiv,forgives,forgiven,"[""VERB=forgiv"", ""AGENT=captain"", ""PATIENT=champion""]","Prime sentence: The traveler rested beside the river .
Event roles: VERB=forgiv; AGENT=captain; PATIENT=champion
Sentence: the",Sentence: the,first_noun,-4.711364269256592,-6.454835891723633,-1.743471622467041,active,0.0
176,role_labeled,active,active,an actress punches an adult .,a leader punches a man .,a man is punched by a leader .,a,leader,a,man,punch,punches,punched,"[""VERB=punch"", ""AGENT=leader"", ""PATIENT=man""]","Prime sentence: an actress punches an adult .
Event roles: VERB=punch; AGENT=leader; PATIENT=man
Sentence: the",Sentence: the,first_noun,-5.166930198669434,-4.267072677612305,0.8998575210571289,passive,1.0
176,role_labeled,passive,passive,an adult is punched by an actress .,a leader punches a man .,a man is punched by a leader .,a,leader,a,man,punch,punches,punched,"[""VERB=punch"", ""AGENT=leader"", ""PATIENT=man""]","Prime sentence: an adult is punched by an actress .
Event roles: VERB=punch; AGENT=leader; PATIENT=man
Sentence: the",Sentence: the,first_noun,-4.778022766113281,-3.9071977138519287,0.8708250522613525,passive,1.0
176,role_labeled,no_prime_eos,no_prime_eos,,a leader punches a man .,a man is punched by a leader .,a,leader,a,man,punch,punches,punched,"[""VERB=punch"", ""AGENT=leader"", ""PATIENT=man""]","Event roles: VERB=punch; AGENT=leader; PATIENT=man
Sentence: the",Sentence: the,first_noun,-3.7111284732818604,-4.277019500732422,-0.5658910274505615,active,0.0
176,role_labeled,filler,filler,The kettle whistled in the kitchen .,a leader punches a man .,a man is punched by a leader .,a,leader,a,man,punch,punches,punched,"[""VERB=punch"", ""AGENT=leader"", ""PATIENT=man""]","Prime sentence: The kettle whistled in the kitchen .
Event roles: VERB=punch; AGENT=leader; PATIENT=man
Sentence: the",Sentence: the,first_noun,-7.774938583374023,-4.4893879890441895,3.285550594329834,passive,1.0
177,role_labeled,active,active,a writer bothers an actor .,a lady bothers a lawyer .,a lawyer is bothered by a lady .,a,lady,a,lawyer,bother,bothers,bothered,"[""PATIENT=lawyer"", ""AGENT=lady"", ""VERB=bother""]","Prime sentence: a writer bothers an actor .
Event roles: PATIENT=lawyer; AGENT=lady; VERB=bother
Sentence: the",Sentence: the,first_noun,-5.701357841491699,-4.401649475097656,1.299708366394043,passive,1.0
177,role_labeled,passive,passive,an actor is bothered by a writer .,a lady bothers a lawyer .,a lawyer is bothered by a lady .,a,lady,a,lawyer,bother,bothers,bothered,"[""PATIENT=lawyer"", ""AGENT=lady"", ""VERB=bother""]","Prime sentence: an actor is bothered by a writer .
Event roles: PATIENT=lawyer; AGENT=lady; VERB=bother
Sentence: the",Sentence: the,first_noun,-6.072503089904785,-4.539157867431641,1.5333452224731445,passive,1.0
177,role_labeled,no_prime_eos,no_prime_eos,,a lady bothers a lawyer .,a lawyer is bothered by a lady .,a,lady,a,lawyer,bother,bothers,bothered,"[""PATIENT=lawyer"", ""AGENT=lady"", ""VERB=bother""]","Event roles: PATIENT=lawyer; AGENT=lady; VERB=bother
Sentence: the",Sentence: the,first_noun,-5.360580921173096,-4.782294750213623,0.5782861709594727,passive,1.0
177,role_labeled,filler,filler,The violin echoed in the theater .,a lady bothers a lawyer .,a lawyer is bothered by a lady .,a,lady,a,lawyer,bother,bothers,bothered,"[""PATIENT=lawyer"", ""AGENT=lady"", ""VERB=bother""]","Prime sentence: The violin echoed in the theater .
Event roles: PATIENT=lawyer; AGENT=lady; VERB=bother
Sentence: the",Sentence: the,first_noun,-5.38136100769043,-5.0998735427856445,0.28148746490478516,passive,1.0
178,role_labeled,active,active,a professor asks a reader .,a cop asks a cousin .,a cousin is asked by a cop .,a,cop,a,cousin,ask,asks,asked,"[""PATIENT=cousin"", ""VERB=ask"", ""AGENT=cop""]","Prime sentence: a professor asks a reader .
Event roles: PATIENT=cousin; VERB=ask; AGENT=cop
Sentence: the",Sentence: the,first_noun,-4.972784042358398,-7.121842384338379,-2.1490583419799805,active,0.0
178,role_labeled,passive,passive,a reader is asked by a professor .,a cop asks a cousin .,a cousin is asked by a cop .,a,cop,a,cousin,ask,asks,asked,"[""PATIENT=cousin"", ""VERB=ask"", ""AGENT=cop""]","Prime sentence: a reader is asked by a professor .
Event roles: PATIENT=cousin; VERB=ask; AGENT=cop
Sentence: the",Sentence: the,first_noun,-5.337000846862793,-8.031608581542969,-2.694607734680176,active,0.0
178,role_labeled,no_prime_eos,no_prime_eos,,a cop asks a cousin .,a cousin is asked by a cop .,a,cop,a,cousin,ask,asks,asked,"[""PATIENT=cousin"", ""VERB=ask"", ""AGENT=cop""]","Event roles: PATIENT=cousin; VERB=ask; AGENT=cop
Sentence: the",Sentence: the,first_noun,-5.456766128540039,-7.947249412536621,-2.490483283996582,active,0.0
178,role_labeled,filler,filler,The witness paused near the doorway .,a cop asks a cousin .,a cousin is asked by a cop .,a,cop,a,cousin,ask,asks,asked,"[""PATIENT=cousin"", ""VERB=ask"", ""AGENT=cop""]","Prime sentence: The witness paused near the doorway .
Event roles: PATIENT=cousin; VERB=ask; AGENT=cop
Sentence: the",Sentence: the,first_noun,-4.87978458404541,-6.179274082183838,-1.2994894981384277,active,0.0
179,role_labeled,active,active,a lady washes a lawyer .,a worker washes a writer .,a writer is washed by a worker .,a,worker,a,writer,wash,washes,washed,"[""AGENT=worker"", ""VERB=wash"", ""PATIENT=writer""]","Prime sentence: a lady washes a lawyer .
Event roles: AGENT=worker; VERB=wash; PATIENT=writer
Sentence: the",Sentence: the,first_noun,-5.382171630859375,-6.344103813171387,-0.9619321823120117,active,0.0
179,role_labeled,passive,passive,a lawyer is washed by a lady .,a worker washes a writer .,a writer is washed by a worker .,a,worker,a,writer,wash,washes,washed,"[""AGENT=worker"", ""VERB=wash"", ""PATIENT=writer""]","Prime sentence: a lawyer is washed by a lady .
Event roles: AGENT=worker; VERB=wash; PATIENT=writer
Sentence: the",Sentence: the,first_noun,-5.303226470947266,-6.264500617980957,-0.9612741470336914,active,0.0
179,role_labeled,no_prime_eos,no_prime_eos,,a worker washes a writer .,a writer is washed by a worker .,a,worker,a,writer,wash,washes,washed,"[""AGENT=worker"", ""VERB=wash"", ""PATIENT=writer""]","Event roles: AGENT=worker; VERB=wash; PATIENT=writer
Sentence: the",Sentence: the,first_noun,-4.133389472961426,-5.485272407531738,-1.3518829345703125,active,0.0
179,role_labeled,filler,filler,The singer smiled after rehearsal .,a worker washes a writer .,a writer is washed by a worker .,a,worker,a,writer,wash,washes,washed,"[""AGENT=worker"", ""VERB=wash"", ""PATIENT=writer""]","Prime sentence: The singer smiled after rehearsal .
Event roles: AGENT=worker; VERB=wash; PATIENT=writer
Sentence: the",Sentence: the,first_noun,-5.452001571655273,-5.269257545471191,0.18274402618408203,passive,1.0
180,role_labeled,active,active,a singer selects a soldier .,an employer selects a father .,a father is selected by an employer .,an,employer,a,father,select,selects,selected,"[""PATIENT=father"", ""VERB=select"", ""AGENT=employer""]","Prime sentence: a singer selects a soldier .
Event roles: PATIENT=father; VERB=select; AGENT=employer
Sentence: the",Sentence: the,first_noun,-6.223243713378906,-3.3825385570526123,2.840705156326294,passive,1.0
180,role_labeled,passive,passive,a soldier is selected by a singer .,an employer selects a father .,a father is selected by an employer .,an,employer,a,father,select,selects,selected,"[""PATIENT=father"", ""VERB=select"", ""AGENT=employer""]","Prime sentence: a soldier is selected by a singer .
Event roles: PATIENT=father; VERB=select; AGENT=employer
Sentence: the",Sentence: the,first_noun,-6.364664554595947,-3.6917223930358887,2.6729421615600586,passive,1.0
180,role_labeled,no_prime_eos,no_prime_eos,,an employer selects a father .,a father is selected by an employer .,an,employer,a,father,select,selects,selected,"[""PATIENT=father"", ""VERB=select"", ""AGENT=employer""]","Event roles: PATIENT=father; VERB=select; AGENT=employer
Sentence: the",Sentence: the,first_noun,-5.427114486694336,-3.403966188430786,2.02314829826355,passive,1.0
180,role_labeled,filler,filler,The engine cooled before dawn .,an employer selects a father .,a father is selected by an employer .,an,employer,a,father,select,selects,selected,"[""PATIENT=father"", ""VERB=select"", ""AGENT=employer""]","Prime sentence: The engine cooled before dawn .
Event roles: PATIENT=father; VERB=select; AGENT=employer
Sentence: the",Sentence: the,first_noun,-8.083544731140137,-4.720002174377441,3.3635425567626953,passive,1.0
181,role_labeled,active,active,a nurse kisses an opponent .,a bishop kisses a boy .,a boy is kissed by a bishop .,a,bishop,a,boy,kiss,kisses,kissed,"[""PATIENT=boy"", ""VERB=kiss"", ""AGENT=bishop""]","Prime sentence: a nurse kisses an opponent .
Event roles: PATIENT=boy; VERB=kiss; AGENT=bishop
Sentence: the",Sentence: the,first_noun,-3.05311918258667,-3.5950026512145996,-0.5418834686279297,active,0.0
181,role_labeled,passive,passive,an opponent is kissed by a nurse .,a bishop kisses a boy .,a boy is kissed by a bishop .,a,bishop,a,boy,kiss,kisses,kissed,"[""PATIENT=boy"", ""VERB=kiss"", ""AGENT=bishop""]","Prime sentence: an opponent is kissed by a nurse .
Event roles: PATIENT=boy; VERB=kiss; AGENT=bishop
Sentence: the",Sentence: the,first_noun,-3.257119655609131,-3.7218713760375977,-0.4647517204284668,active,0.0
181,role_labeled,no_prime_eos,no_prime_eos,,a bishop kisses a boy .,a boy is kissed by a bishop .,a,bishop,a,boy,kiss,kisses,kissed,"[""PATIENT=boy"", ""VERB=kiss"", ""AGENT=bishop""]","Event roles: PATIENT=boy; VERB=kiss; AGENT=bishop
Sentence: the",Sentence: the,first_noun,-4.221391677856445,-2.9854938983917236,1.2358977794647217,passive,1.0
181,role_labeled,filler,filler,The pillow rested on the sofa .,a bishop kisses a boy .,a boy is kissed by a bishop .,a,bishop,a,boy,kiss,kisses,kissed,"[""PATIENT=boy"", ""VERB=kiss"", ""AGENT=bishop""]","Prime sentence: The pillow rested on the sofa .
Event roles: PATIENT=boy; VERB=kiss; AGENT=bishop
Sentence: the",Sentence: the,first_noun,-4.762172222137451,-3.868406057357788,0.8937661647796631,passive,1.0
182,role_labeled,active,active,a daughter hurries a doctor .,a reader hurries a scientist .,a scientist is hurried by a reader .,a,reader,a,scientist,hurry,hurries,hurried,"[""PATIENT=scientist"", ""VERB=hurry"", ""AGENT=reader""]","Prime sentence: a daughter hurries a doctor .
Event roles: PATIENT=scientist; VERB=hurry; AGENT=reader
Sentence: the",Sentence: the,first_noun,-6.038786888122559,-4.005882263183594,2.032904624938965,passive,1.0
182,role_labeled,passive,passive,a doctor is hurried by a daughter .,a reader hurries a scientist .,a scientist is hurried by a reader .,a,reader,a,scientist,hurry,hurries,hurried,"[""PATIENT=scientist"", ""VERB=hurry"", ""AGENT=reader""]","Prime sentence: a doctor is hurried by a daughter .
Event roles: PATIENT=scientist; VERB=hurry; AGENT=reader
Sentence: the",Sentence: the,first_noun,-6.029632568359375,-3.791949510574341,2.237683057785034,passive,1.0
182,role_labeled,no_prime_eos,no_prime_eos,,a reader hurries a scientist .,a scientist is hurried by a reader .,a,reader,a,scientist,hurry,hurries,hurried,"[""PATIENT=scientist"", ""VERB=hurry"", ""AGENT=reader""]","Event roles: PATIENT=scientist; VERB=hurry; AGENT=reader
Sentence: the",Sentence: the,first_noun,-4.312101364135742,-4.3870134353637695,-0.07491207122802734,active,0.0
182,role_labeled,filler,filler,The package arrived before noon .,a reader hurries a scientist .,a scientist is hurried by a reader .,a,reader,a,scientist,hurry,hurries,hurried,"[""PATIENT=scientist"", ""VERB=hurry"", ""AGENT=reader""]","Prime sentence: The package arrived before noon .
Event roles: PATIENT=scientist; VERB=hurry; AGENT=reader
Sentence: the",Sentence: the,first_noun,-6.561034202575684,-5.043344020843506,1.5176901817321777,passive,1.0
183,role_labeled,active,active,an employee washes an employer .,a secretary washes a sheriff .,a sheriff is washed by a secretary .,a,secretary,a,sheriff,wash,washes,washed,"[""AGENT=secretary"", ""VERB=wash"", ""PATIENT=sheriff""]","Prime sentence: an employee washes an employer .
Event roles: AGENT=secretary; VERB=wash; PATIENT=sheriff
Sentence: the",Sentence: the,first_noun,-4.640132904052734,-3.8116605281829834,0.828472375869751,passive,1.0
183,role_labeled,passive,passive,an employer is washed by an employee .,a secretary washes a sheriff .,a sheriff is washed by a secretary .,a,secretary,a,sheriff,wash,washes,washed,"[""AGENT=secretary"", ""VERB=wash"", ""PATIENT=sheriff""]","Prime sentence: an employer is washed by an employee .
Event roles: AGENT=secretary; VERB=wash; PATIENT=sheriff
Sentence: the",Sentence: the,first_noun,-5.652823448181152,-4.525132179260254,1.1276912689208984,passive,1.0
183,role_labeled,no_prime_eos,no_prime_eos,,a secretary washes a sheriff .,a sheriff is washed by a secretary .,a,secretary,a,sheriff,wash,washes,washed,"[""AGENT=secretary"", ""VERB=wash"", ""PATIENT=sheriff""]","Event roles: AGENT=secretary; VERB=wash; PATIENT=sheriff
Sentence: the",Sentence: the,first_noun,-4.485108852386475,-5.139098167419434,-0.653989315032959,active,0.0
183,role_labeled,filler,filler,The radio crackled in the attic .,a secretary washes a sheriff .,a sheriff is washed by a secretary .,a,secretary,a,sheriff,wash,washes,washed,"[""AGENT=secretary"", ""VERB=wash"", ""PATIENT=sheriff""]","Prime sentence: The radio crackled in the attic .
Event roles: AGENT=secretary; VERB=wash; PATIENT=sheriff
Sentence: the",Sentence: the,first_noun,-6.598774433135986,-4.4475998878479,2.151174545288086,passive,1.0
184,role_labeled,active,active,an aunt destroys an author .,a mayor destroys a minister .,a minister is destroyed by a mayor .,a,mayor,a,minister,destroy,destroys,destroyed,"[""PATIENT=minister"", ""AGENT=mayor"", ""VERB=destroy""]","Prime sentence: an aunt destroys an author .
Event roles: PATIENT=minister; AGENT=mayor; VERB=destroy
Sentence: the",Sentence: the,first_noun,-3.2059593200683594,-4.574159622192383,-1.3682003021240234,active,0.0
184,role_labeled,passive,passive,an author is destroyed by an aunt .,a mayor destroys a minister .,a minister is destroyed by a mayor .,a,mayor,a,minister,destroy,destroys,destroyed,"[""PATIENT=minister"", ""AGENT=mayor"", ""VERB=destroy""]","Prime sentence: an author is destroyed by an aunt .
Event roles: PATIENT=minister; AGENT=mayor; VERB=destroy
Sentence: the",Sentence: the,first_noun,-3.5529704093933105,-4.90133810043335,-1.348367691040039,active,0.0
184,role_labeled,no_prime_eos,no_prime_eos,,a mayor destroys a minister .,a minister is destroyed by a mayor .,a,mayor,a,minister,destroy,destroys,destroyed,"[""PATIENT=minister"", ""AGENT=mayor"", ""VERB=destroy""]","Event roles: PATIENT=minister; AGENT=mayor; VERB=destroy
Sentence: the",Sentence: the,first_noun,-3.647886037826538,-4.677591323852539,-1.029705286026001,active,0.0
184,role_labeled,filler,filler,The teacher listened during assembly .,a mayor destroys a minister .,a minister is destroyed by a mayor .,a,mayor,a,minister,destroy,destroys,destroyed,"[""PATIENT=minister"", ""AGENT=mayor"", ""VERB=destroy""]","Prime sentence: The teacher listened during assembly .
Event roles: PATIENT=minister; AGENT=mayor; VERB=destroy
Sentence: the",Sentence: the,first_noun,-3.061793804168701,-4.0420050621032715,-0.9802112579345703,active,0.0
185,role_labeled,active,active,a minister kisses a mother .,an aunt kisses an author .,an author is kissed by an aunt .,an,aunt,an,author,kiss,kisses,kissed,"[""AGENT=aunt"", ""VERB=kiss"", ""PATIENT=author""]","Prime sentence: a minister kisses a mother .
Event roles: AGENT=aunt; VERB=kiss; PATIENT=author
Sentence: the",Sentence: the,first_noun,-5.772677421569824,-6.102608680725098,-0.32993125915527344,active,0.0
185,role_labeled,passive,passive,a mother is kissed by a minister .,an aunt kisses an author .,an author is kissed by an aunt .,an,aunt,an,author,kiss,kisses,kissed,"[""AGENT=aunt"", ""VERB=kiss"", ""PATIENT=author""]","Prime sentence: a mother is kissed by a minister .
Event roles: AGENT=aunt; VERB=kiss; PATIENT=author
Sentence: the",Sentence: the,first_noun,-5.668651580810547,-6.151839256286621,-0.4831876754760742,active,0.0
185,role_labeled,no_prime_eos,no_prime_eos,,an aunt kisses an author .,an author is kissed by an aunt .,an,aunt,an,author,kiss,kisses,kissed,"[""AGENT=aunt"", ""VERB=kiss"", ""PATIENT=author""]","Event roles: AGENT=aunt; VERB=kiss; PATIENT=author
Sentence: the",Sentence: the,first_noun,-8.179925918579102,-4.621924877166748,3.5580010414123535,passive,1.0
185,role_labeled,filler,filler,The singer smiled after rehearsal .,an aunt kisses an author .,an author is kissed by an aunt .,an,aunt,an,author,kiss,kisses,kissed,"[""AGENT=aunt"", ""VERB=kiss"", ""PATIENT=author""]","Prime sentence: The singer smiled after rehearsal .
Event roles: AGENT=aunt; VERB=kiss; PATIENT=author
Sentence: the",Sentence: the,first_noun,-5.725555419921875,-5.443737506866455,0.2818179130554199,passive,1.0
186,role_labeled,active,active,a winner teaches a woman .,a husband teaches a kid .,a kid is taught by a husband .,a,husband,a,kid,teach,teaches,taught,"[""PATIENT=kid"", ""AGENT=husband"", ""VERB=teach""]","Prime sentence: a winner teaches a woman .
Event roles: PATIENT=kid; AGENT=husband; VERB=teach
Sentence: the",Sentence: the,first_noun,-3.925147294998169,-5.460714340209961,-1.535567045211792,active,0.0
186,role_labeled,passive,passive,a woman is taught by a winner .,a husband teaches a kid .,a kid is taught by a husband .,a,husband,a,kid,teach,teaches,taught,"[""PATIENT=kid"", ""AGENT=husband"", ""VERB=teach""]","Prime sentence: a woman is taught by a winner .
Event roles: PATIENT=kid; AGENT=husband; VERB=teach
Sentence: the",Sentence: the,first_noun,-3.7637174129486084,-5.911594867706299,-2.1478774547576904,active,0.0
186,role_labeled,no_prime_eos,no_prime_eos,,a husband teaches a kid .,a kid is taught by a husband .,a,husband,a,kid,teach,teaches,taught,"[""PATIENT=kid"", ""AGENT=husband"", ""VERB=teach""]","Event roles: PATIENT=kid; AGENT=husband; VERB=teach
Sentence: the",Sentence: the,first_noun,-3.918233633041382,-5.94549560546875,-2.027261972427368,active,0.0
186,role_labeled,filler,filler,The lantern glowed near sunset .,a husband teaches a kid .,a kid is taught by a husband .,a,husband,a,kid,teach,teaches,taught,"[""PATIENT=kid"", ""AGENT=husband"", ""VERB=teach""]","Prime sentence: The lantern glowed near sunset .
Event roles: PATIENT=kid; AGENT=husband; VERB=teach
Sentence: the",Sentence: the,first_noun,-6.037876605987549,-5.8317975997924805,0.20607900619506836,passive,1.0
187,role_labeled,active,active,a physician hurries a pilot .,a candidate hurries a captain .,a captain is hurried by a candidate .,a,candidate,a,captain,hurry,hurries,hurried,"[""VERB=hurry"", ""PATIENT=captain"", ""AGENT=candidate""]","Prime sentence: a physician hurries a pilot .
Event roles: VERB=hurry; PATIENT=captain; AGENT=candidate
Sentence: the",Sentence: the,first_noun,-6.452765941619873,-3.417529582977295,3.035236358642578,passive,1.0
187,role_labeled,passive,passive,a pilot is hurried by a physician .,a candidate hurries a captain .,a captain is hurried by a candidate .,a,candidate,a,captain,hurry,hurries,hurried,"[""VERB=hurry"", ""PATIENT=captain"", ""AGENT=candidate""]","Prime sentence: a pilot is hurried by a physician .
Event roles: VERB=hurry; PATIENT=captain; AGENT=candidate
Sentence: the",Sentence: the,first_noun,-6.434764862060547,-3.5820443630218506,2.8527204990386963,passive,1.0
187,role_labeled,no_prime_eos,no_prime_eos,,a candidate hurries a captain .,a captain is hurried by a candidate .,a,candidate,a,captain,hurry,hurries,hurried,"[""VERB=hurry"", ""PATIENT=captain"", ""AGENT=candidate""]","Event roles: VERB=hurry; PATIENT=captain; AGENT=candidate
Sentence: the",Sentence: the,first_noun,-5.210083961486816,-3.9279673099517822,1.2821166515350342,passive,1.0
187,role_labeled,filler,filler,The radio crackled in the attic .,a candidate hurries a captain .,a captain is hurried by a candidate .,a,candidate,a,captain,hurry,hurries,hurried,"[""VERB=hurry"", ""PATIENT=captain"", ""AGENT=candidate""]","Prime sentence: The radio crackled in the attic .
Event roles: VERB=hurry; PATIENT=captain; AGENT=candidate
Sentence: the",Sentence: the,first_noun,-7.745408535003662,-4.8764967918396,2.8689117431640625,passive,1.0
188,role_labeled,active,active,a candidate strikes a captain .,a partner strikes a physician .,a physician is struck by a partner .,a,partner,a,physician,strik,strikes,struck,"[""AGENT=partner"", ""VERB=strik"", ""PATIENT=physician""]","Prime sentence: a candidate strikes a captain .
Event roles: AGENT=partner; VERB=strik; PATIENT=physician
Sentence: the",Sentence: the,first_noun,-7.3218302726745605,-5.502147197723389,1.8196830749511719,passive,1.0
188,role_labeled,passive,passive,a captain is struck by a candidate .,a partner strikes a physician .,a physician is struck by a partner .,a,partner,a,physician,strik,strikes,struck,"[""AGENT=partner"", ""VERB=strik"", ""PATIENT=physician""]","Prime sentence: a captain is struck by a candidate .
Event roles: AGENT=partner; VERB=strik; PATIENT=physician
Sentence: the",Sentence: the,first_noun,-7.166885852813721,-4.9916300773620605,2.17525577545166,passive,1.0
188,role_labeled,no_prime_eos,no_prime_eos,,a partner strikes a physician .,a physician is struck by a partner .,a,partner,a,physician,strik,strikes,struck,"[""AGENT=partner"", ""VERB=strik"", ""PATIENT=physician""]","Event roles: AGENT=partner; VERB=strik; PATIENT=physician
Sentence: the",Sentence: the,first_noun,-6.390193939208984,-3.778160333633423,2.6120336055755615,passive,1.0
188,role_labeled,filler,filler,The window rattled during the storm .,a partner strikes a physician .,a physician is struck by a partner .,a,partner,a,physician,strik,strikes,struck,"[""AGENT=partner"", ""VERB=strik"", ""PATIENT=physician""]","Prime sentence: The window rattled during the storm .
Event roles: AGENT=partner; VERB=strik; PATIENT=physician
Sentence: the",Sentence: the,first_noun,-9.176454544067383,-7.18685245513916,1.9896020889282227,passive,1.0
189,role_labeled,active,active,an uncle grabs a wife .,a guy grabs a hero .,a hero is grabbed by a guy .,a,guy,a,hero,grab,grabs,grabbed,"[""PATIENT=hero"", ""AGENT=guy"", ""VERB=grab""]","Prime sentence: an uncle grabs a wife .
Event roles: PATIENT=hero; AGENT=guy; VERB=grab
Sentence: the",Sentence: the,first_noun,-3.4516441822052,-3.8942244052886963,-0.4425802230834961,active,0.0
189,role_labeled,passive,passive,a wife is grabbed by an uncle .,a guy grabs a hero .,a hero is grabbed by a guy .,a,guy,a,hero,grab,grabs,grabbed,"[""PATIENT=hero"", ""AGENT=guy"", ""VERB=grab""]","Prime sentence: a wife is grabbed by an uncle .
Event roles: PATIENT=hero; AGENT=guy; VERB=grab
Sentence: the",Sentence: the,first_noun,-4.170140266418457,-4.581088066101074,-0.4109477996826172,active,0.0
189,role_labeled,no_prime_eos,no_prime_eos,,a guy grabs a hero .,a hero is grabbed by a guy .,a,guy,a,hero,grab,grabs,grabbed,"[""PATIENT=hero"", ""AGENT=guy"", ""VERB=grab""]","Event roles: PATIENT=hero; AGENT=guy; VERB=grab
Sentence: the",Sentence: the,first_noun,-3.7916977405548096,-3.0142805576324463,0.7774171829223633,passive,1.0
189,role_labeled,filler,filler,The signal flickered across the screen .,a guy grabs a hero .,a hero is grabbed by a guy .,a,guy,a,hero,grab,grabs,grabbed,"[""PATIENT=hero"", ""AGENT=guy"", ""VERB=grab""]","Prime sentence: The signal flickered across the screen .
Event roles: PATIENT=hero; AGENT=guy; VERB=grab
Sentence: the",Sentence: the,first_noun,-4.8836517333984375,-4.180922508239746,0.7027292251586914,passive,1.0
190,role_labeled,active,active,a guest describes a guy .,a student describes a teacher .,a teacher is described by a student .,a,student,a,teacher,describ,describes,described,"[""PATIENT=teacher"", ""AGENT=student"", ""VERB=describ""]","Prime sentence: a guest describes a guy .
Event roles: PATIENT=teacher; AGENT=student; VERB=describ
Sentence: the",Sentence: the,first_noun,-3.103600025177002,-2.4755091667175293,0.6280908584594727,passive,1.0
190,role_labeled,passive,passive,a guy is described by a guest .,a student describes a teacher .,a teacher is described by a student .,a,student,a,teacher,describ,describes,described,"[""PATIENT=teacher"", ""AGENT=student"", ""VERB=describ""]","Prime sentence: a guy is described by a guest .
Event roles: PATIENT=teacher; AGENT=student; VERB=describ
Sentence: the",Sentence: the,first_noun,-2.8236618041992188,-2.5635757446289062,0.2600860595703125,passive,1.0
190,role_labeled,no_prime_eos,no_prime_eos,,a student describes a teacher .,a teacher is described by a student .,a,student,a,teacher,describ,describes,described,"[""PATIENT=teacher"", ""AGENT=student"", ""VERB=describ""]","Event roles: PATIENT=teacher; AGENT=student; VERB=describ
Sentence: the",Sentence: the,first_noun,-2.9727866649627686,-2.5460469722747803,0.4267396926879883,passive,1.0
190,role_labeled,filler,filler,The window rattled during the storm .,a student describes a teacher .,a teacher is described by a student .,a,student,a,teacher,describ,describes,described,"[""PATIENT=teacher"", ""AGENT=student"", ""VERB=describ""]","Prime sentence: The window rattled during the storm .
Event roles: PATIENT=teacher; AGENT=student; VERB=describ
Sentence: the",Sentence: the,first_noun,-4.220545768737793,-3.399864435195923,0.8206813335418701,passive,1.0
191,role_labeled,active,active,a man kisses a manager .,an actress kisses an adult .,an adult is kissed by an actress .,an,actress,an,adult,kiss,kisses,kissed,"[""PATIENT=adult"", ""AGENT=actress"", ""VERB=kiss""]","Prime sentence: a man kisses a manager .
Event roles: PATIENT=adult; AGENT=actress; VERB=kiss
Sentence: the",Sentence: the,first_noun,-6.599617004394531,-7.17878532409668,-0.5791683197021484,active,0.0
191,role_labeled,passive,passive,a manager is kissed by a man .,an actress kisses an adult .,an adult is kissed by an actress .,an,actress,an,adult,kiss,kisses,kissed,"[""PATIENT=adult"", ""AGENT=actress"", ""VERB=kiss""]","Prime sentence: a manager is kissed by a man .
Event roles: PATIENT=adult; AGENT=actress; VERB=kiss
Sentence: the",Sentence: the,first_noun,-6.617692947387695,-6.9687299728393555,-0.35103702545166016,active,0.0
191,role_labeled,no_prime_eos,no_prime_eos,,an actress kisses an adult .,an adult is kissed by an actress .,an,actress,an,adult,kiss,kisses,kissed,"[""PATIENT=adult"", ""AGENT=actress"", ""VERB=kiss""]","Event roles: PATIENT=adult; AGENT=actress; VERB=kiss
Sentence: the",Sentence: the,first_noun,-6.101733207702637,-6.130936622619629,-0.029203414916992188,active,0.0
191,role_labeled,filler,filler,The planet shimmered above the valley .,an actress kisses an adult .,an adult is kissed by an actress .,an,actress,an,adult,kiss,kisses,kissed,"[""PATIENT=adult"", ""AGENT=actress"", ""VERB=kiss""]","Prime sentence: The planet shimmered above the valley .
Event roles: PATIENT=adult; AGENT=actress; VERB=kiss
Sentence: the",Sentence: the,first_noun,-7.735801696777344,-7.652472496032715,0.0833292007446289,passive,1.0
192,role_labeled,active,active,a captain teaches a champion .,a physician teaches a pilot .,a pilot is taught by a physician .,a,physician,a,pilot,teach,teaches,taught,"[""AGENT=physician"", ""VERB=teach"", ""PATIENT=pilot""]","Prime sentence: a captain teaches a champion .
Event roles: AGENT=physician; VERB=teach; PATIENT=pilot
Sentence: the",Sentence: the,first_noun,-5.363130569458008,-3.4247753620147705,1.9383552074432373,passive,1.0
192,role_labeled,passive,passive,a champion is taught by a captain .,a physician teaches a pilot .,a pilot is taught by a physician .,a,physician,a,pilot,teach,teaches,taught,"[""AGENT=physician"", ""VERB=teach"", ""PATIENT=pilot""]","Prime sentence: a champion is taught by a captain .
Event roles: AGENT=physician; VERB=teach; PATIENT=pilot
Sentence: the",Sentence: the,first_noun,-5.546241760253906,-3.611708402633667,1.9345333576202393,passive,1.0
192,role_labeled,no_prime_eos,no_prime_eos,,a physician teaches a pilot .,a pilot is taught by a physician .,a,physician,a,pilot,teach,teaches,taught,"[""AGENT=physician"", ""VERB=teach"", ""PATIENT=pilot""]","Event roles: AGENT=physician; VERB=teach; PATIENT=pilot
Sentence: the",Sentence: the,first_noun,-4.034068584442139,-3.1232528686523438,0.9108157157897949,passive,1.0
192,role_labeled,filler,filler,The tourist wandered through the plaza .,a physician teaches a pilot .,a pilot is taught by a physician .,a,physician,a,pilot,teach,teaches,taught,"[""AGENT=physician"", ""VERB=teach"", ""PATIENT=pilot""]","Prime sentence: The tourist wandered through the plaza .
Event roles: AGENT=physician; VERB=teach; PATIENT=pilot
Sentence: the",Sentence: the,first_noun,-5.188098907470703,-3.5677530765533447,1.6203458309173584,passive,1.0
193,role_labeled,active,active,a sheriff forgets a singer .,an employee forgets an employer .,an employer is forgotten by an employee .,an,employee,an,employer,forget,forgets,forgotten,"[""PATIENT=employer"", ""VERB=forget"", ""AGENT=employee""]","Prime sentence: a sheriff forgets a singer .
Event roles: PATIENT=employer; VERB=forget; AGENT=employee
Sentence: the",Sentence: the,first_noun,-4.7959394454956055,-4.8763508796691895,-0.08041143417358398,active,0.0
193,role_labeled,passive,passive,a singer is forgotten by a sheriff .,an employee forgets an employer .,an employer is forgotten by an employee .,an,employee,an,employer,forget,forgets,forgotten,"[""PATIENT=employer"", ""VERB=forget"", ""AGENT=employee""]","Prime sentence: a singer is forgotten by a sheriff .
Event roles: PATIENT=employer; VERB=forget; AGENT=employee
Sentence: the",Sentence: the,first_noun,-4.845963478088379,-4.725116729736328,0.12084674835205078,passive,1.0
193,role_labeled,no_prime_eos,no_prime_eos,,an employee forgets an employer .,an employer is forgotten by an employee .,an,employee,an,employer,forget,forgets,forgotten,"[""PATIENT=employer"", ""VERB=forget"", ""AGENT=employee""]","Event roles: PATIENT=employer; VERB=forget; AGENT=employee
Sentence: the",Sentence: the,first_noun,-3.700843095779419,-4.596246719360352,-0.8954036235809326,active,0.0
193,role_labeled,filler,filler,The signal flickered across the screen .,an employee forgets an employer .,an employer is forgotten by an employee .,an,employee,an,employer,forget,forgets,forgotten,"[""PATIENT=employer"", ""VERB=forget"", ""AGENT=employee""]","Prime sentence: The signal flickered across the screen .
Event roles: PATIENT=employer; VERB=forget; AGENT=employee
Sentence: the",Sentence: the,first_noun,-4.494344711303711,-5.854509353637695,-1.3601646423339844,active,0.0
194,role_labeled,active,active,a singer bothers a soldier .,an employer bothers a father .,a father is bothered by an employer .,an,employer,a,father,bother,bothers,bothered,"[""VERB=bother"", ""AGENT=employer"", ""PATIENT=father""]","Prime sentence: a singer bothers a soldier .
Event roles: VERB=bother; AGENT=employer; PATIENT=father
Sentence: the",Sentence: the,first_noun,-7.06612491607666,-4.876273155212402,2.189851760864258,passive,1.0
194,role_labeled,passive,passive,a soldier is bothered by a singer .,an employer bothers a father .,a father is bothered by an employer .,an,employer,a,father,bother,bothers,bothered,"[""VERB=bother"", ""AGENT=employer"", ""PATIENT=father""]","Prime sentence: a soldier is bothered by a singer .
Event roles: VERB=bother; AGENT=employer; PATIENT=father
Sentence: the",Sentence: the,first_noun,-7.254559516906738,-4.912524223327637,2.3420352935791016,passive,1.0
194,role_labeled,no_prime_eos,no_prime_eos,,an employer bothers a father .,a father is bothered by an employer .,an,employer,a,father,bother,bothers,bothered,"[""VERB=bother"", ""AGENT=employer"", ""PATIENT=father""]","Event roles: VERB=bother; AGENT=employer; PATIENT=father
Sentence: the",Sentence: the,first_noun,-5.363720893859863,-4.681666374206543,0.6820545196533203,passive,1.0
194,role_labeled,filler,filler,The radio crackled in the attic .,an employer bothers a father .,a father is bothered by an employer .,an,employer,a,father,bother,bothers,bothered,"[""VERB=bother"", ""AGENT=employer"", ""PATIENT=father""]","Prime sentence: The radio crackled in the attic .
Event roles: VERB=bother; AGENT=employer; PATIENT=father
Sentence: the",Sentence: the,first_noun,-9.100625991821289,-5.7999725341796875,3.3006534576416016,passive,1.0
195,role_labeled,active,active,a soldier carries a son .,a father carries a friend .,a friend is carried by a father .,a,father,a,friend,carry,carries,carried,"[""VERB=carry"", ""AGENT=father"", ""PATIENT=friend""]","Prime sentence: a soldier carries a son .
Event roles: VERB=carry; AGENT=father; PATIENT=friend
Sentence: the",Sentence: the,first_noun,-3.3629932403564453,-6.309203147888184,-2.9462099075317383,active,0.0
195,role_labeled,passive,passive,a son is carried by a soldier .,a father carries a friend .,a friend is carried by a father .,a,father,a,friend,carry,carries,carried,"[""VERB=carry"", ""AGENT=father"", ""PATIENT=friend""]","Prime sentence: a son is carried by a soldier .
Event roles: VERB=carry; AGENT=father; PATIENT=friend
Sentence: the",Sentence: the,first_noun,-3.3752529621124268,-6.361172676086426,-2.985919713973999,active,0.0
195,role_labeled,no_prime_eos,no_prime_eos,,a father carries a friend .,a friend is carried by a father .,a,father,a,friend,carry,carries,carried,"[""VERB=carry"", ""AGENT=father"", ""PATIENT=friend""]","Event roles: VERB=carry; AGENT=father; PATIENT=friend
Sentence: the",Sentence: the,first_noun,-3.7452681064605713,-6.606656074523926,-2.8613879680633545,active,0.0
195,role_labeled,filler,filler,The pillow rested on the sofa .,a father carries a friend .,a friend is carried by a father .,a,father,a,friend,carry,carries,carried,"[""VERB=carry"", ""AGENT=father"", ""PATIENT=friend""]","Prime sentence: The pillow rested on the sofa .
Event roles: VERB=carry; AGENT=father; PATIENT=friend
Sentence: the",Sentence: the,first_noun,-5.308148384094238,-6.866971969604492,-1.558823585510254,active,0.0
196,role_labeled,active,active,a buddy forgets a candidate .,a parent forgets a partner .,a partner is forgotten by a parent .,a,parent,a,partner,forget,forgets,forgotten,"[""AGENT=parent"", ""VERB=forget"", ""PATIENT=partner""]","Prime sentence: a buddy forgets a candidate .
Event roles: AGENT=parent; VERB=forget; PATIENT=partner
Sentence: the",Sentence: the,first_noun,-4.820220947265625,-5.786027908325195,-0.9658069610595703,active,0.0
196,role_labeled,passive,passive,a candidate is forgotten by a buddy .,a parent forgets a partner .,a partner is forgotten by a parent .,a,parent,a,partner,forget,forgets,forgotten,"[""AGENT=parent"", ""VERB=forget"", ""PATIENT=partner""]","Prime sentence: a candidate is forgotten by a buddy .
Event roles: AGENT=parent; VERB=forget; PATIENT=partner
Sentence: the",Sentence: the,first_noun,-4.848822593688965,-5.639430046081543,-0.7906074523925781,active,0.0
196,role_labeled,no_prime_eos,no_prime_eos,,a parent forgets a partner .,a partner is forgotten by a parent .,a,parent,a,partner,forget,forgets,forgotten,"[""AGENT=parent"", ""VERB=forget"", ""PATIENT=partner""]","Event roles: AGENT=parent; VERB=forget; PATIENT=partner
Sentence: the",Sentence: the,first_noun,-4.864334583282471,-7.063148498535156,-2.1988139152526855,active,0.0
196,role_labeled,filler,filler,The baker laughed during breakfast .,a parent forgets a partner .,a partner is forgotten by a parent .,a,parent,a,partner,forget,forgets,forgotten,"[""AGENT=parent"", ""VERB=forget"", ""PATIENT=partner""]","Prime sentence: The baker laughed during breakfast .
Event roles: AGENT=parent; VERB=forget; PATIENT=partner
Sentence: the",Sentence: the,first_noun,-6.117317199707031,-7.728634357452393,-1.6113171577453613,active,0.0
197,role_labeled,active,active,a winner forgives a woman .,a husband forgives a kid .,a kid is forgiven by a husband .,a,husband,a,kid,forgiv,forgives,forgiven,"[""PATIENT=kid"", ""AGENT=husband"", ""VERB=forgiv""]","Prime sentence: a winner forgives a woman .
Event roles: PATIENT=kid; AGENT=husband; VERB=forgiv
Sentence: the",Sentence: the,first_noun,-4.119833469390869,-6.028655052185059,-1.9088215827941895,active,0.0
197,role_labeled,passive,passive,a woman is forgiven by a winner .,a husband forgives a kid .,a kid is forgiven by a husband .,a,husband,a,kid,forgiv,forgives,forgiven,"[""PATIENT=kid"", ""AGENT=husband"", ""VERB=forgiv""]","Prime sentence: a woman is forgiven by a winner .
Event roles: PATIENT=kid; AGENT=husband; VERB=forgiv
Sentence: the",Sentence: the,first_noun,-3.8111183643341064,-6.272926330566406,-2.4618079662323,active,0.0
197,role_labeled,no_prime_eos,no_prime_eos,,a husband forgives a kid .,a kid is forgiven by a husband .,a,husband,a,kid,forgiv,forgives,forgiven,"[""PATIENT=kid"", ""AGENT=husband"", ""VERB=forgiv""]","Event roles: PATIENT=kid; AGENT=husband; VERB=forgiv
Sentence: the",Sentence: the,first_noun,-3.696321487426758,-6.4044575691223145,-2.7081360816955566,active,0.0
197,role_labeled,filler,filler,The baker laughed during breakfast .,a husband forgives a kid .,a kid is forgiven by a husband .,a,husband,a,kid,forgiv,forgives,forgiven,"[""PATIENT=kid"", ""AGENT=husband"", ""VERB=forgiv""]","Prime sentence: The baker laughed during breakfast .
Event roles: PATIENT=kid; AGENT=husband; VERB=forgiv
Sentence: the",Sentence: the,first_noun,-4.140791416168213,-5.280764579772949,-1.1399731636047363,active,0.0
198,role_labeled,active,active,a cousin washes a daughter .,a professor washes a reader .,a reader is washed by a professor .,a,professor,a,reader,wash,washes,washed,"[""PATIENT=reader"", ""AGENT=professor"", ""VERB=wash""]","Prime sentence: a cousin washes a daughter .
Event roles: PATIENT=reader; AGENT=professor; VERB=wash
Sentence: the",Sentence: the,first_noun,-3.8577799797058105,-6.0079193115234375,-2.150139331817627,active,0.0
198,role_labeled,passive,passive,a daughter is washed by a cousin .,a professor washes a reader .,a reader is washed by a professor .,a,professor,a,reader,wash,washes,washed,"[""PATIENT=reader"", ""AGENT=professor"", ""VERB=wash""]","Prime sentence: a daughter is washed by a cousin .
Event roles: PATIENT=reader; AGENT=professor; VERB=wash
Sentence: the",Sentence: the,first_noun,-4.290060997009277,-6.003447532653809,-1.7133865356445312,active,0.0
198,role_labeled,no_prime_eos,no_prime_eos,,a professor washes a reader .,a reader is washed by a professor .,a,professor,a,reader,wash,washes,washed,"[""PATIENT=reader"", ""AGENT=professor"", ""VERB=wash""]","Event roles: PATIENT=reader; AGENT=professor; VERB=wash
Sentence: the",Sentence: the,first_noun,-4.2712578773498535,-5.43348503112793,-1.1622271537780762,active,0.0
198,role_labeled,filler,filler,The jacket hung behind the chair .,a professor washes a reader .,a reader is washed by a professor .,a,professor,a,reader,wash,washes,washed,"[""PATIENT=reader"", ""AGENT=professor"", ""VERB=wash""]","Prime sentence: The jacket hung behind the chair .
Event roles: PATIENT=reader; AGENT=professor; VERB=wash
Sentence: the",Sentence: the,first_noun,-3.7523791790008545,-6.185281753540039,-2.4329025745391846,active,0.0
199,role_labeled,active,active,a mother joins a nurse .,an author joins a bishop .,a bishop is joined by an author .,an,author,a,bishop,join,joins,joined,"[""PATIENT=bishop"", ""VERB=join"", ""AGENT=author""]","Prime sentence: a mother joins a nurse .
Event roles: PATIENT=bishop; VERB=join; AGENT=author
Sentence: the",Sentence: the,first_noun,-5.920224666595459,-3.777994155883789,2.14223051071167,passive,1.0
199,role_labeled,passive,passive,a nurse is joined by a mother .,an author joins a bishop .,a bishop is joined by an author .,an,author,a,bishop,join,joins,joined,"[""PATIENT=bishop"", ""VERB=join"", ""AGENT=author""]","Prime sentence: a nurse is joined by a mother .
Event roles: PATIENT=bishop; VERB=join; AGENT=author
Sentence: the",Sentence: the,first_noun,-5.7582855224609375,-3.615185260772705,2.1431002616882324,passive,1.0
199,role_labeled,no_prime_eos,no_prime_eos,,an author joins a bishop .,a bishop is joined by an author .,an,author,a,bishop,join,joins,joined,"[""PATIENT=bishop"", ""VERB=join"", ""AGENT=author""]","Event roles: PATIENT=bishop; VERB=join; AGENT=author
Sentence: the",Sentence: the,first_noun,-5.120678901672363,-3.764899730682373,1.3557791709899902,passive,1.0
199,role_labeled,filler,filler,The garden brightened after rain .,an author joins a bishop .,a bishop is joined by an author .,an,author,a,bishop,join,joins,joined,"[""PATIENT=bishop"", ""VERB=join"", ""AGENT=author""]","Prime sentence: The garden brightened after rain .
Event roles: PATIENT=bishop; VERB=join; AGENT=author
Sentence: the",Sentence: the,first_noun,-7.412140846252441,-6.217563629150391,1.1945772171020508,passive,1.0
200,role_labeled,active,active,a wife follows a winner .,a hero follows a husband .,a husband is followed by a hero .,a,hero,a,husband,follow,follows,followed,"[""PATIENT=husband"", ""VERB=follow"", ""AGENT=hero""]","Prime sentence: a wife follows a winner .
Event roles: PATIENT=husband; VERB=follow; AGENT=hero
Sentence: the",Sentence: the,first_noun,-4.411157608032227,-2.9401936531066895,1.470963954925537,passive,1.0
200,role_labeled,passive,passive,a winner is followed by a wife .,a hero follows a husband .,a husband is followed by a hero .,a,hero,a,husband,follow,follows,followed,"[""PATIENT=husband"", ""VERB=follow"", ""AGENT=hero""]","Prime sentence: a winner is followed by a wife .
Event roles: PATIENT=husband; VERB=follow; AGENT=hero
Sentence: the",Sentence: the,first_noun,-4.7784318923950195,-3.477268934249878,1.3011629581451416,passive,1.0
200,role_labeled,no_prime_eos,no_prime_eos,,a hero follows a husband .,a husband is followed by a hero .,a,hero,a,husband,follow,follows,followed,"[""PATIENT=husband"", ""VERB=follow"", ""AGENT=hero""]","Event roles: PATIENT=husband; VERB=follow; AGENT=hero
Sentence: the",Sentence: the,first_noun,-3.4914448261260986,-3.6775667667388916,-0.18612194061279297,active,0.0
200,role_labeled,filler,filler,The blanket dried on the line .,a hero follows a husband .,a husband is followed by a hero .,a,hero,a,husband,follow,follows,followed,"[""PATIENT=husband"", ""VERB=follow"", ""AGENT=hero""]","Prime sentence: The blanket dried on the line .
Event roles: PATIENT=husband; VERB=follow; AGENT=hero
Sentence: the",Sentence: the,first_noun,-6.526508808135986,-5.099946975708008,1.4265618324279785,passive,1.0
201,role_labeled,active,active,a colonel protects a cop .,a prince protects a princess .,a princess is protected by a prince .,a,prince,a,princess,protect,protects,protected,"[""PATIENT=princess"", ""VERB=protect"", ""AGENT=prince""]","Prime sentence: a colonel protects a cop .
Event roles: PATIENT=princess; VERB=protect; AGENT=prince
Sentence: the",Sentence: the,first_noun,-3.45194411277771,-3.8433992862701416,-0.39145517349243164,active,0.0
201,role_labeled,passive,passive,a cop is protected by a colonel .,a prince protects a princess .,a princess is protected by a prince .,a,prince,a,princess,protect,protects,protected,"[""PATIENT=princess"", ""VERB=protect"", ""AGENT=prince""]","Prime sentence: a cop is protected by a colonel .
Event roles: PATIENT=princess; VERB=protect; AGENT=prince
Sentence: the",Sentence: the,first_noun,-3.385803699493408,-3.9230446815490723,-0.5372409820556641,active,0.0
201,role_labeled,no_prime_eos,no_prime_eos,,a prince protects a princess .,a princess is protected by a prince .,a,prince,a,princess,protect,protects,protected,"[""PATIENT=princess"", ""VERB=protect"", ""AGENT=prince""]","Event roles: PATIENT=princess; VERB=protect; AGENT=prince
Sentence: the",Sentence: the,first_noun,-3.143512725830078,-3.0919036865234375,0.051609039306640625,passive,1.0
201,role_labeled,filler,filler,The jacket hung behind the chair .,a prince protects a princess .,a princess is protected by a prince .,a,prince,a,princess,protect,protects,protected,"[""PATIENT=princess"", ""VERB=protect"", ""AGENT=prince""]","Prime sentence: The jacket hung behind the chair .
Event roles: PATIENT=princess; VERB=protect; AGENT=prince
Sentence: the",Sentence: the,first_noun,-4.301344871520996,-4.938546180725098,-0.6372013092041016,active,0.0
202,role_labeled,active,active,a child hurts a colonel .,a priest hurts a prince .,a prince is hurt by a priest .,a,priest,a,prince,hurt,hurts,hurt,"[""AGENT=priest"", ""PATIENT=prince"", ""VERB=hurt""]","Prime sentence: a child hurts a colonel .
Event roles: AGENT=priest; PATIENT=prince; VERB=hurt
Sentence: the",Sentence: the,first_noun,-3.8909382820129395,-4.129477024078369,-0.2385387420654297,active,0.0
202,role_labeled,passive,passive,a colonel is hurt by a child .,a priest hurts a prince .,a prince is hurt by a priest .,a,priest,a,prince,hurt,hurts,hurt,"[""AGENT=priest"", ""PATIENT=prince"", ""VERB=hurt""]","Prime sentence: a colonel is hurt by a child .
Event roles: AGENT=priest; PATIENT=prince; VERB=hurt
Sentence: the",Sentence: the,first_noun,-3.175034999847412,-3.826481342315674,-0.6514463424682617,active,0.0
202,role_labeled,no_prime_eos,no_prime_eos,,a priest hurts a prince .,a prince is hurt by a priest .,a,priest,a,prince,hurt,hurts,hurt,"[""AGENT=priest"", ""PATIENT=prince"", ""VERB=hurt""]","Event roles: AGENT=priest; PATIENT=prince; VERB=hurt
Sentence: the",Sentence: the,first_noun,-3.4264352321624756,-3.5516035556793213,-0.1251683235168457,active,0.0
202,role_labeled,filler,filler,The witness paused near the doorway .,a priest hurts a prince .,a prince is hurt by a priest .,a,priest,a,prince,hurt,hurts,hurt,"[""AGENT=priest"", ""PATIENT=prince"", ""VERB=hurt""]","Prime sentence: The witness paused near the doorway .
Event roles: AGENT=priest; PATIENT=prince; VERB=hurt
Sentence: the",Sentence: the,first_noun,-2.1044559478759766,-4.319549083709717,-2.2150931358337402,active,0.0
203,role_labeled,active,active,a hero follows a husband .,an uncle follows a wife .,a wife is followed by an uncle .,an,uncle,a,wife,follow,follows,followed,"[""AGENT=uncle"", ""PATIENT=wife"", ""VERB=follow""]","Prime sentence: a hero follows a husband .
Event roles: AGENT=uncle; PATIENT=wife; VERB=follow
Sentence: the",Sentence: the,first_noun,-5.902732849121094,-3.7250943183898926,2.177638530731201,passive,1.0
203,role_labeled,passive,passive,a husband is followed by a hero .,an uncle follows a wife .,a wife is followed by an uncle .,an,uncle,a,wife,follow,follows,followed,"[""AGENT=uncle"", ""PATIENT=wife"", ""VERB=follow""]","Prime sentence: a husband is followed by a hero .
Event roles: AGENT=uncle; PATIENT=wife; VERB=follow
Sentence: the",Sentence: the,first_noun,-6.042859077453613,-3.7741498947143555,2.268709182739258,passive,1.0
203,role_labeled,no_prime_eos,no_prime_eos,,an uncle follows a wife .,a wife is followed by an uncle .,an,uncle,a,wife,follow,follows,followed,"[""AGENT=uncle"", ""PATIENT=wife"", ""VERB=follow""]","Event roles: AGENT=uncle; PATIENT=wife; VERB=follow
Sentence: the",Sentence: the,first_noun,-6.667337417602539,-4.219039440155029,2.4482979774475098,passive,1.0
203,role_labeled,filler,filler,The signal flickered across the screen .,an uncle follows a wife .,a wife is followed by an uncle .,an,uncle,a,wife,follow,follows,followed,"[""AGENT=uncle"", ""PATIENT=wife"", ""VERB=follow""]","Prime sentence: The signal flickered across the screen .
Event roles: AGENT=uncle; PATIENT=wife; VERB=follow
Sentence: the",Sentence: the,first_noun,-5.688316345214844,-5.612178802490234,0.07613754272460938,passive,1.0
204,role_labeled,active,active,a champion judges a chief .,a pilot judges a president .,a president is judged by a pilot .,a,pilot,a,president,judg,judges,judged,"[""VERB=judg"", ""PATIENT=president"", ""AGENT=pilot""]","Prime sentence: a champion judges a chief .
Event roles: VERB=judg; PATIENT=president; AGENT=pilot
Sentence: the",Sentence: the,first_noun,-5.353982448577881,-4.371860980987549,0.982121467590332,passive,1.0
204,role_labeled,passive,passive,a chief is judged by a champion .,a pilot judges a president .,a president is judged by a pilot .,a,pilot,a,president,judg,judges,judged,"[""VERB=judg"", ""PATIENT=president"", ""AGENT=pilot""]","Prime sentence: a chief is judged by a champion .
Event roles: VERB=judg; PATIENT=president; AGENT=pilot
Sentence: the",Sentence: the,first_noun,-5.02802848815918,-4.217620849609375,0.8104076385498047,passive,1.0
204,role_labeled,no_prime_eos,no_prime_eos,,a pilot judges a president .,a president is judged by a pilot .,a,pilot,a,president,judg,judges,judged,"[""VERB=judg"", ""PATIENT=president"", ""AGENT=pilot""]","Event roles: VERB=judg; PATIENT=president; AGENT=pilot
Sentence: the",Sentence: the,first_noun,-3.263404130935669,-4.171087265014648,-0.9076831340789795,active,0.0
204,role_labeled,filler,filler,The blanket dried on the line .,a pilot judges a president .,a president is judged by a pilot .,a,pilot,a,president,judg,judges,judged,"[""VERB=judg"", ""PATIENT=president"", ""AGENT=pilot""]","Prime sentence: The blanket dried on the line .
Event roles: VERB=judg; PATIENT=president; AGENT=pilot
Sentence: the",Sentence: the,first_noun,-4.7556867599487305,-5.245967864990234,-0.4902811050415039,active,0.0
205,role_labeled,active,active,a buddy beats a candidate .,a parent beats a partner .,a partner is beaten by a parent .,a,parent,a,partner,beat,beats,beaten,"[""PATIENT=partner"", ""AGENT=parent"", ""VERB=beat""]","Prime sentence: a buddy beats a candidate .
Event roles: PATIENT=partner; AGENT=parent; VERB=beat
Sentence: the",Sentence: the,first_noun,-6.048363208770752,-5.468550682067871,0.5798125267028809,passive,1.0
205,role_labeled,passive,passive,a candidate is beaten by a buddy .,a parent beats a partner .,a partner is beaten by a parent .,a,parent,a,partner,beat,beats,beaten,"[""PATIENT=partner"", ""AGENT=parent"", ""VERB=beat""]","Prime sentence: a candidate is beaten by a buddy .
Event roles: PATIENT=partner; AGENT=parent; VERB=beat
Sentence: the",Sentence: the,first_noun,-5.591183185577393,-4.754398822784424,0.8367843627929688,passive,1.0
205,role_labeled,no_prime_eos,no_prime_eos,,a parent beats a partner .,a partner is beaten by a parent .,a,parent,a,partner,beat,beats,beaten,"[""PATIENT=partner"", ""AGENT=parent"", ""VERB=beat""]","Event roles: PATIENT=partner; AGENT=parent; VERB=beat
Sentence: the",Sentence: the,first_noun,-5.588809490203857,-6.208339691162109,-0.619530200958252,active,0.0
205,role_labeled,filler,filler,The baker laughed during breakfast .,a parent beats a partner .,a partner is beaten by a parent .,a,parent,a,partner,beat,beats,beaten,"[""PATIENT=partner"", ""AGENT=parent"", ""VERB=beat""]","Prime sentence: The baker laughed during breakfast .
Event roles: PATIENT=partner; AGENT=parent; VERB=beat
Sentence: the",Sentence: the,first_noun,-6.747165679931641,-7.193876266479492,-0.44671058654785156,active,0.0
206,role_labeled,active,active,an uncle carries a wife .,a guy carries a hero .,a hero is carried by a guy .,a,guy,a,hero,carry,carries,carried,"[""VERB=carry"", ""AGENT=guy"", ""PATIENT=hero""]","Prime sentence: an uncle carries a wife .
Event roles: VERB=carry; AGENT=guy; PATIENT=hero
Sentence: the",Sentence: the,first_noun,-4.221735954284668,-4.6284284591674805,-0.4066925048828125,active,0.0
206,role_labeled,passive,passive,a wife is carried by an uncle .,a guy carries a hero .,a hero is carried by a guy .,a,guy,a,hero,carry,carries,carried,"[""VERB=carry"", ""AGENT=guy"", ""PATIENT=hero""]","Prime sentence: a wife is carried by an uncle .
Event roles: VERB=carry; AGENT=guy; PATIENT=hero
Sentence: the",Sentence: the,first_noun,-5.044045448303223,-5.243200302124023,-0.19915485382080078,active,0.0
206,role_labeled,no_prime_eos,no_prime_eos,,a guy carries a hero .,a hero is carried by a guy .,a,guy,a,hero,carry,carries,carried,"[""VERB=carry"", ""AGENT=guy"", ""PATIENT=hero""]","Event roles: VERB=carry; AGENT=guy; PATIENT=hero
Sentence: the",Sentence: the,first_noun,-4.450606822967529,-3.984292984008789,0.46631383895874023,passive,1.0
206,role_labeled,filler,filler,The package arrived before noon .,a guy carries a hero .,a hero is carried by a guy .,a,guy,a,hero,carry,carries,carried,"[""VERB=carry"", ""AGENT=guy"", ""PATIENT=hero""]","Prime sentence: The package arrived before noon .
Event roles: VERB=carry; AGENT=guy; PATIENT=hero
Sentence: the",Sentence: the,first_noun,-4.213810920715332,-5.890646934509277,-1.6768360137939453,active,0.0
207,role_labeled,active,active,a professor joins a reader .,a cop joins a cousin .,a cousin is joined by a cop .,a,cop,a,cousin,join,joins,joined,"[""AGENT=cop"", ""PATIENT=cousin"", ""VERB=join""]","Prime sentence: a professor joins a reader .
Event roles: AGENT=cop; PATIENT=cousin; VERB=join
Sentence: the",Sentence: the,first_noun,-4.500713348388672,-7.95091438293457,-3.4502010345458984,active,0.0
207,role_labeled,passive,passive,a reader is joined by a professor .,a cop joins a cousin .,a cousin is joined by a cop .,a,cop,a,cousin,join,joins,joined,"[""AGENT=cop"", ""PATIENT=cousin"", ""VERB=join""]","Prime sentence: a reader is joined by a professor .
Event roles: AGENT=cop; PATIENT=cousin; VERB=join
Sentence: the",Sentence: the,first_noun,-4.570527076721191,-8.773967742919922,-4.2034406661987305,active,0.0
207,role_labeled,no_prime_eos,no_prime_eos,,a cop joins a cousin .,a cousin is joined by a cop .,a,cop,a,cousin,join,joins,joined,"[""AGENT=cop"", ""PATIENT=cousin"", ""VERB=join""]","Event roles: AGENT=cop; PATIENT=cousin; VERB=join
Sentence: the",Sentence: the,first_noun,-4.938410758972168,-8.46914291381836,-3.5307321548461914,active,0.0
207,role_labeled,filler,filler,The engine cooled before dawn .,a cop joins a cousin .,a cousin is joined by a cop .,a,cop,a,cousin,join,joins,joined,"[""AGENT=cop"", ""PATIENT=cousin"", ""VERB=join""]","Prime sentence: The engine cooled before dawn .
Event roles: AGENT=cop; PATIENT=cousin; VERB=join
Sentence: the",Sentence: the,first_noun,-6.701315879821777,-8.922720909118652,-2.221405029296875,active,0.0
208,role_labeled,active,active,a guest selects a guy .,a student selects a teacher .,a teacher is selected by a student .,a,student,a,teacher,select,selects,selected,"[""AGENT=student"", ""VERB=select"", ""PATIENT=teacher""]","Prime sentence: a guest selects a guy .
Event roles: AGENT=student; VERB=select; PATIENT=teacher
Sentence: the",Sentence: the,first_noun,-1.24991774559021,-3.037712812423706,-1.787795066833496,active,0.0
208,role_labeled,passive,passive,a guy is selected by a guest .,a student selects a teacher .,a teacher is selected by a student .,a,student,a,teacher,select,selects,selected,"[""AGENT=student"", ""VERB=select"", ""PATIENT=teacher""]","Prime sentence: a guy is selected by a guest .
Event roles: AGENT=student; VERB=select; PATIENT=teacher
Sentence: the",Sentence: the,first_noun,-1.897697925567627,-2.7120862007141113,-0.8143882751464844,active,0.0
208,role_labeled,no_prime_eos,no_prime_eos,,a student selects a teacher .,a teacher is selected by a student .,a,student,a,teacher,select,selects,selected,"[""AGENT=student"", ""VERB=select"", ""PATIENT=teacher""]","Event roles: AGENT=student; VERB=select; PATIENT=teacher
Sentence: the",Sentence: the,first_noun,-2.245022773742676,-3.1781649589538574,-0.9331421852111816,active,0.0
208,role_labeled,filler,filler,The market opened after sunrise .,a student selects a teacher .,a teacher is selected by a student .,a,student,a,teacher,select,selects,selected,"[""AGENT=student"", ""VERB=select"", ""PATIENT=teacher""]","Prime sentence: The market opened after sunrise .
Event roles: AGENT=student; VERB=select; PATIENT=teacher
Sentence: the",Sentence: the,first_noun,-3.4959497451782227,-4.068489074707031,-0.5725393295288086,active,0.0
209,role_labeled,active,active,an author kills a bishop .,a minister kills a mother .,a mother is killed by a minister .,a,minister,a,mother,kill,kills,killed,"[""VERB=kill"", ""AGENT=minister"", ""PATIENT=mother""]","Prime sentence: an author kills a bishop .
Event roles: VERB=kill; AGENT=minister; PATIENT=mother
Sentence: the",Sentence: the,first_noun,-4.645228385925293,-5.0509209632873535,-0.40569257736206055,active,0.0
209,role_labeled,passive,passive,a bishop is killed by an author .,a minister kills a mother .,a mother is killed by a minister .,a,minister,a,mother,kill,kills,killed,"[""VERB=kill"", ""AGENT=minister"", ""PATIENT=mother""]","Prime sentence: a bishop is killed by an author .
Event roles: VERB=kill; AGENT=minister; PATIENT=mother
Sentence: the",Sentence: the,first_noun,-4.693093299865723,-5.020955562591553,-0.3278622627258301,active,0.0
209,role_labeled,no_prime_eos,no_prime_eos,,a minister kills a mother .,a mother is killed by a minister .,a,minister,a,mother,kill,kills,killed,"[""VERB=kill"", ""AGENT=minister"", ""PATIENT=mother""]","Event roles: VERB=kill; AGENT=minister; PATIENT=mother
Sentence: the",Sentence: the,first_noun,-4.818556785583496,-4.326794624328613,0.4917621612548828,passive,1.0
209,role_labeled,filler,filler,The notebook stayed on the shelf .,a minister kills a mother .,a mother is killed by a minister .,a,minister,a,mother,kill,kills,killed,"[""VERB=kill"", ""AGENT=minister"", ""PATIENT=mother""]","Prime sentence: The notebook stayed on the shelf .
Event roles: VERB=kill; AGENT=minister; PATIENT=mother
Sentence: the",Sentence: the,first_noun,-5.950011253356934,-4.908222198486328,1.0417890548706055,passive,1.0
210,role_labeled,active,active,a professor comforts a reader .,a cop comforts a cousin .,a cousin is comforted by a cop .,a,cop,a,cousin,comfort,comforts,comforted,"[""PATIENT=cousin"", ""AGENT=cop"", ""VERB=comfort""]","Prime sentence: a professor comforts a reader .
Event roles: PATIENT=cousin; AGENT=cop; VERB=comfort
Sentence: the",Sentence: the,first_noun,-5.2903008460998535,-8.505537033081055,-3.215236186981201,active,0.0
210,role_labeled,passive,passive,a reader is comforted by a professor .,a cop comforts a cousin .,a cousin is comforted by a cop .,a,cop,a,cousin,comfort,comforts,comforted,"[""PATIENT=cousin"", ""AGENT=cop"", ""VERB=comfort""]","Prime sentence: a reader is comforted by a professor .
Event roles: PATIENT=cousin; AGENT=cop; VERB=comfort
Sentence: the",Sentence: the,first_noun,-5.834105968475342,-8.847126960754395,-3.0130209922790527,active,0.0
210,role_labeled,no_prime_eos,no_prime_eos,,a cop comforts a cousin .,a cousin is comforted by a cop .,a,cop,a,cousin,comfort,comforts,comforted,"[""PATIENT=cousin"", ""AGENT=cop"", ""VERB=comfort""]","Event roles: PATIENT=cousin; AGENT=cop; VERB=comfort
Sentence: the",Sentence: the,first_noun,-5.229148864746094,-8.285439491271973,-3.056290626525879,active,0.0
210,role_labeled,filler,filler,The violin echoed in the theater .,a cop comforts a cousin .,a cousin is comforted by a cop .,a,cop,a,cousin,comfort,comforts,comforted,"[""PATIENT=cousin"", ""AGENT=cop"", ""VERB=comfort""]","Prime sentence: The violin echoed in the theater .
Event roles: PATIENT=cousin; AGENT=cop; VERB=comfort
Sentence: the",Sentence: the,first_noun,-6.725263595581055,-9.334782600402832,-2.6095190048217773,active,0.0
211,role_labeled,active,active,a cousin carries a daughter .,a professor carries a reader .,a reader is carried by a professor .,a,professor,a,reader,carry,carries,carried,"[""VERB=carry"", ""AGENT=professor"", ""PATIENT=reader""]","Prime sentence: a cousin carries a daughter .
Event roles: VERB=carry; AGENT=professor; PATIENT=reader
Sentence: the",Sentence: the,first_noun,-3.746285915374756,-6.5674028396606445,-2.8211169242858887,active,0.0
211,role_labeled,passive,passive,a daughter is carried by a cousin .,a professor carries a reader .,a reader is carried by a professor .,a,professor,a,reader,carry,carries,carried,"[""VERB=carry"", ""AGENT=professor"", ""PATIENT=reader""]","Prime sentence: a daughter is carried by a cousin .
Event roles: VERB=carry; AGENT=professor; PATIENT=reader
Sentence: the",Sentence: the,first_noun,-4.015908241271973,-6.594905376434326,-2.5789971351623535,active,0.0
211,role_labeled,no_prime_eos,no_prime_eos,,a professor carries a reader .,a reader is carried by a professor .,a,professor,a,reader,carry,carries,carried,"[""VERB=carry"", ""AGENT=professor"", ""PATIENT=reader""]","Event roles: VERB=carry; AGENT=professor; PATIENT=reader
Sentence: the",Sentence: the,first_noun,-3.5284616947174072,-5.415531158447266,-1.8870694637298584,active,0.0
211,role_labeled,filler,filler,The lantern glowed near sunset .,a professor carries a reader .,a reader is carried by a professor .,a,professor,a,reader,carry,carries,carried,"[""VERB=carry"", ""AGENT=professor"", ""PATIENT=reader""]","Prime sentence: The lantern glowed near sunset .
Event roles: VERB=carry; AGENT=professor; PATIENT=reader
Sentence: the",Sentence: the,first_noun,-4.577081680297852,-7.962223529815674,-3.3851418495178223,active,0.0
212,role_labeled,active,active,a partner asks a physician .,a buddy asks a candidate .,a candidate is asked by a buddy .,a,buddy,a,candidate,ask,asks,asked,"[""VERB=ask"", ""AGENT=buddy"", ""PATIENT=candidate""]","Prime sentence: a partner asks a physician .
Event roles: VERB=ask; AGENT=buddy; PATIENT=candidate
Sentence: the",Sentence: the,first_noun,-8.38062858581543,-5.352472305297852,3.028156280517578,passive,1.0
212,role_labeled,passive,passive,a physician is asked by a partner .,a buddy asks a candidate .,a candidate is asked by a buddy .,a,buddy,a,candidate,ask,asks,asked,"[""VERB=ask"", ""AGENT=buddy"", ""PATIENT=candidate""]","Prime sentence: a physician is asked by a partner .
Event roles: VERB=ask; AGENT=buddy; PATIENT=candidate
Sentence: the",Sentence: the,first_noun,-9.165895462036133,-5.5023579597473145,3.6635375022888184,passive,1.0
212,role_labeled,no_prime_eos,no_prime_eos,,a buddy asks a candidate .,a candidate is asked by a buddy .,a,buddy,a,candidate,ask,asks,asked,"[""VERB=ask"", ""AGENT=buddy"", ""PATIENT=candidate""]","Event roles: VERB=ask; AGENT=buddy; PATIENT=candidate
Sentence: the",Sentence: the,first_noun,-8.528352737426758,-5.012166500091553,3.516186237335205,passive,1.0
212,role_labeled,filler,filler,The market opened after sunrise .,a buddy asks a candidate .,a candidate is asked by a buddy .,a,buddy,a,candidate,ask,asks,asked,"[""VERB=ask"", ""AGENT=buddy"", ""PATIENT=candidate""]","Prime sentence: The market opened after sunrise .
Event roles: VERB=ask; AGENT=buddy; PATIENT=candidate
Sentence: the",Sentence: the,first_noun,-10.643379211425781,-7.023782730102539,3.619596481323242,passive,1.0
213,role_labeled,active,active,a princess beats a professor .,a colonel beats a cop .,a cop is beaten by a colonel .,a,colonel,a,cop,beat,beats,beaten,"[""AGENT=colonel"", ""VERB=beat"", ""PATIENT=cop""]","Prime sentence: a princess beats a professor .
Event roles: AGENT=colonel; VERB=beat; PATIENT=cop
Sentence: the",Sentence: the,first_noun,-3.663477897644043,-5.55413818359375,-1.890660285949707,active,0.0
213,role_labeled,passive,passive,a professor is beaten by a princess .,a colonel beats a cop .,a cop is beaten by a colonel .,a,colonel,a,cop,beat,beats,beaten,"[""AGENT=colonel"", ""VERB=beat"", ""PATIENT=cop""]","Prime sentence: a professor is beaten by a princess .
Event roles: AGENT=colonel; VERB=beat; PATIENT=cop
Sentence: the",Sentence: the,first_noun,-2.5290589332580566,-4.967670917510986,-2.4386119842529297,active,0.0
213,role_labeled,no_prime_eos,no_prime_eos,,a colonel beats a cop .,a cop is beaten by a colonel .,a,colonel,a,cop,beat,beats,beaten,"[""AGENT=colonel"", ""VERB=beat"", ""PATIENT=cop""]","Event roles: AGENT=colonel; VERB=beat; PATIENT=cop
Sentence: the",Sentence: the,first_noun,-3.8924057483673096,-5.434545516967773,-1.5421397686004639,active,0.0
213,role_labeled,filler,filler,The window rattled during the storm .,a colonel beats a cop .,a cop is beaten by a colonel .,a,colonel,a,cop,beat,beats,beaten,"[""AGENT=colonel"", ""VERB=beat"", ""PATIENT=cop""]","Prime sentence: The window rattled during the storm .
Event roles: AGENT=colonel; VERB=beat; PATIENT=cop
Sentence: the",Sentence: the,first_noun,-5.662548065185547,-5.928237438201904,-0.2656893730163574,active,0.0
214,role_labeled,active,active,a partner destroys a physician .,a buddy destroys a candidate .,a candidate is destroyed by a buddy .,a,buddy,a,candidate,destroy,destroys,destroyed,"[""AGENT=buddy"", ""VERB=destroy"", ""PATIENT=candidate""]","Prime sentence: a partner destroys a physician .
Event roles: AGENT=buddy; VERB=destroy; PATIENT=candidate
Sentence: the",Sentence: the,first_noun,-7.081820011138916,-5.280133247375488,1.8016867637634277,passive,1.0
214,role_labeled,passive,passive,a physician is destroyed by a partner .,a buddy destroys a candidate .,a candidate is destroyed by a buddy .,a,buddy,a,candidate,destroy,destroys,destroyed,"[""AGENT=buddy"", ""VERB=destroy"", ""PATIENT=candidate""]","Prime sentence: a physician is destroyed by a partner .
Event roles: AGENT=buddy; VERB=destroy; PATIENT=candidate
Sentence: the",Sentence: the,first_noun,-8.819725036621094,-5.49185037612915,3.3278746604919434,passive,1.0
214,role_labeled,no_prime_eos,no_prime_eos,,a buddy destroys a candidate .,a candidate is destroyed by a buddy .,a,buddy,a,candidate,destroy,destroys,destroyed,"[""AGENT=buddy"", ""VERB=destroy"", ""PATIENT=candidate""]","Event roles: AGENT=buddy; VERB=destroy; PATIENT=candidate
Sentence: the",Sentence: the,first_noun,-6.776261329650879,-4.686890602111816,2.0893707275390625,passive,1.0
214,role_labeled,filler,filler,The sculpture stood in the hallway .,a buddy destroys a candidate .,a candidate is destroyed by a buddy .,a,buddy,a,candidate,destroy,destroys,destroyed,"[""AGENT=buddy"", ""VERB=destroy"", ""PATIENT=candidate""]","Prime sentence: The sculpture stood in the hallway .
Event roles: AGENT=buddy; VERB=destroy; PATIENT=candidate
Sentence: the",Sentence: the,first_noun,-9.42108154296875,-5.897464752197266,3.5236167907714844,passive,1.0
215,role_labeled,active,active,a chief forgives a child .,a president forgives a priest .,a priest is forgiven by a president .,a,president,a,priest,forgiv,forgives,forgiven,"[""PATIENT=priest"", ""VERB=forgiv"", ""AGENT=president""]","Prime sentence: a chief forgives a child .
Event roles: PATIENT=priest; VERB=forgiv; AGENT=president
Sentence: the",Sentence: the,first_noun,-4.262612342834473,-3.619985342025757,0.6426270008087158,passive,1.0
215,role_labeled,passive,passive,a child is forgiven by a chief .,a president forgives a priest .,a priest is forgiven by a president .,a,president,a,priest,forgiv,forgives,forgiven,"[""PATIENT=priest"", ""VERB=forgiv"", ""AGENT=president""]","Prime sentence: a child is forgiven by a chief .
Event roles: PATIENT=priest; VERB=forgiv; AGENT=president
Sentence: the",Sentence: the,first_noun,-4.080085754394531,-3.618189573287964,0.4618961811065674,passive,1.0
215,role_labeled,no_prime_eos,no_prime_eos,,a president forgives a priest .,a priest is forgiven by a president .,a,president,a,priest,forgiv,forgives,forgiven,"[""PATIENT=priest"", ""VERB=forgiv"", ""AGENT=president""]","Event roles: PATIENT=priest; VERB=forgiv; AGENT=president
Sentence: the",Sentence: the,first_noun,-4.207400798797607,-4.102306365966797,0.10509443283081055,passive,1.0
215,role_labeled,filler,filler,The market opened after sunrise .,a president forgives a priest .,a priest is forgiven by a president .,a,president,a,priest,forgiv,forgives,forgiven,"[""PATIENT=priest"", ""VERB=forgiv"", ""AGENT=president""]","Prime sentence: The market opened after sunrise .
Event roles: PATIENT=priest; VERB=forgiv; AGENT=president
Sentence: the",Sentence: the,first_noun,-4.946107864379883,-5.957574844360352,-1.0114669799804688,active,0.0
216,role_labeled,active,active,a husband grabs a kid .,a wife grabs a winner .,a winner is grabbed by a wife .,a,wife,a,winner,grab,grabs,grabbed,"[""PATIENT=winner"", ""AGENT=wife"", ""VERB=grab""]","Prime sentence: a husband grabs a kid .
Event roles: PATIENT=winner; AGENT=wife; VERB=grab
Sentence: the",Sentence: the,first_noun,-2.894667387008667,-7.26962947845459,-4.374962091445923,active,0.0
216,role_labeled,passive,passive,a kid is grabbed by a husband .,a wife grabs a winner .,a winner is grabbed by a wife .,a,wife,a,winner,grab,grabs,grabbed,"[""PATIENT=winner"", ""AGENT=wife"", ""VERB=grab""]","Prime sentence: a kid is grabbed by a husband .
Event roles: PATIENT=winner; AGENT=wife; VERB=grab
Sentence: the",Sentence: the,first_noun,-2.974560260772705,-6.981106281280518,-4.0065460205078125,active,0.0
216,role_labeled,no_prime_eos,no_prime_eos,,a wife grabs a winner .,a winner is grabbed by a wife .,a,wife,a,winner,grab,grabs,grabbed,"[""PATIENT=winner"", ""AGENT=wife"", ""VERB=grab""]","Event roles: PATIENT=winner; AGENT=wife; VERB=grab
Sentence: the",Sentence: the,first_noun,-4.004271507263184,-4.557528018951416,-0.5532565116882324,active,0.0
216,role_labeled,filler,filler,The signal flickered across the screen .,a wife grabs a winner .,a winner is grabbed by a wife .,a,wife,a,winner,grab,grabs,grabbed,"[""PATIENT=winner"", ""AGENT=wife"", ""VERB=grab""]","Prime sentence: The signal flickered across the screen .
Event roles: PATIENT=winner; AGENT=wife; VERB=grab
Sentence: the",Sentence: the,first_noun,-5.112995147705078,-7.722591400146484,-2.6095962524414062,active,0.0
217,role_labeled,active,active,a man punches a manager .,an actress punches an adult .,an adult is punched by an actress .,an,actress,an,adult,punch,punches,punched,"[""VERB=punch"", ""AGENT=actress"", ""PATIENT=adult""]","Prime sentence: a man punches a manager .
Event roles: VERB=punch; AGENT=actress; PATIENT=adult
Sentence: the",Sentence: the,first_noun,-6.033060073852539,-7.321006774902344,-1.2879467010498047,active,0.0
217,role_labeled,passive,passive,a manager is punched by a man .,an actress punches an adult .,an adult is punched by an actress .,an,actress,an,adult,punch,punches,punched,"[""VERB=punch"", ""AGENT=actress"", ""PATIENT=adult""]","Prime sentence: a manager is punched by a man .
Event roles: VERB=punch; AGENT=actress; PATIENT=adult
Sentence: the",Sentence: the,first_noun,-6.048464775085449,-7.124157905578613,-1.075693130493164,active,0.0
217,role_labeled,no_prime_eos,no_prime_eos,,an actress punches an adult .,an adult is punched by an actress .,an,actress,an,adult,punch,punches,punched,"[""VERB=punch"", ""AGENT=actress"", ""PATIENT=adult""]","Event roles: VERB=punch; AGENT=actress; PATIENT=adult
Sentence: the",Sentence: the,first_noun,-6.61433744430542,-5.773714065551758,0.8406233787536621,passive,1.0
217,role_labeled,filler,filler,The singer smiled after rehearsal .,an actress punches an adult .,an adult is punched by an actress .,an,actress,an,adult,punch,punches,punched,"[""VERB=punch"", ""AGENT=actress"", ""PATIENT=adult""]","Prime sentence: The singer smiled after rehearsal .
Event roles: VERB=punch; AGENT=actress; PATIENT=adult
Sentence: the",Sentence: the,first_noun,-3.6504530906677246,-6.829492568969727,-3.179039478302002,active,0.0
218,role_labeled,active,active,an opponent selects a parent .,a boy selects a brother .,a brother is selected by a boy .,a,boy,a,brother,select,selects,selected,"[""VERB=select"", ""PATIENT=brother"", ""AGENT=boy""]","Prime sentence: an opponent selects a parent .
Event roles: VERB=select; PATIENT=brother; AGENT=boy
Sentence: the",Sentence: the,first_noun,-3.2197492122650146,-4.337532997131348,-1.117783784866333,active,0.0
218,role_labeled,passive,passive,a parent is selected by an opponent .,a boy selects a brother .,a brother is selected by a boy .,a,boy,a,brother,select,selects,selected,"[""VERB=select"", ""PATIENT=brother"", ""AGENT=boy""]","Prime sentence: a parent is selected by an opponent .
Event roles: VERB=select; PATIENT=brother; AGENT=boy
Sentence: the",Sentence: the,first_noun,-3.1238489151000977,-5.099242210388184,-1.975393295288086,active,0.0
218,role_labeled,no_prime_eos,no_prime_eos,,a boy selects a brother .,a brother is selected by a boy .,a,boy,a,brother,select,selects,selected,"[""VERB=select"", ""PATIENT=brother"", ""AGENT=boy""]","Event roles: VERB=select; PATIENT=brother; AGENT=boy
Sentence: the",Sentence: the,first_noun,-3.7179439067840576,-5.666456699371338,-1.9485127925872803,active,0.0
218,role_labeled,filler,filler,The market opened after sunrise .,a boy selects a brother .,a brother is selected by a boy .,a,boy,a,brother,select,selects,selected,"[""VERB=select"", ""PATIENT=brother"", ""AGENT=boy""]","Prime sentence: The market opened after sunrise .
Event roles: VERB=select; PATIENT=brother; AGENT=boy
Sentence: the",Sentence: the,first_noun,-5.0725998878479,-7.638197898864746,-2.5655980110168457,active,0.0
219,role_labeled,active,active,an author judges a bishop .,a minister judges a mother .,a mother is judged by a minister .,a,minister,a,mother,judg,judges,judged,"[""PATIENT=mother"", ""AGENT=minister"", ""VERB=judg""]","Prime sentence: an author judges a bishop .
Event roles: PATIENT=mother; AGENT=minister; VERB=judg
Sentence: the",Sentence: the,first_noun,-4.934386730194092,-4.295032024383545,0.6393547058105469,passive,1.0
219,role_labeled,passive,passive,a bishop is judged by an author .,a minister judges a mother .,a mother is judged by a minister .,a,minister,a,mother,judg,judges,judged,"[""PATIENT=mother"", ""AGENT=minister"", ""VERB=judg""]","Prime sentence: a bishop is judged by an author .
Event roles: PATIENT=mother; AGENT=minister; VERB=judg
Sentence: the",Sentence: the,first_noun,-5.095288276672363,-4.55673885345459,0.5385494232177734,passive,1.0
219,role_labeled,no_prime_eos,no_prime_eos,,a minister judges a mother .,a mother is judged by a minister .,a,minister,a,mother,judg,judges,judged,"[""PATIENT=mother"", ""AGENT=minister"", ""VERB=judg""]","Event roles: PATIENT=mother; AGENT=minister; VERB=judg
Sentence: the",Sentence: the,first_noun,-4.726249694824219,-4.068991184234619,0.6572585105895996,passive,1.0
219,role_labeled,filler,filler,The captain waited beside the harbor .,a minister judges a mother .,a mother is judged by a minister .,a,minister,a,mother,judg,judges,judged,"[""PATIENT=mother"", ""AGENT=minister"", ""VERB=judg""]","Prime sentence: The captain waited beside the harbor .
Event roles: PATIENT=mother; AGENT=minister; VERB=judg
Sentence: the",Sentence: the,first_noun,-5.50225305557251,-4.564165115356445,0.9380879402160645,passive,1.0
220,role_labeled,active,active,a student kills a teacher .,a girl kills a guest .,a guest is killed by a girl .,a,girl,a,guest,kill,kills,killed,"[""AGENT=girl"", ""VERB=kill"", ""PATIENT=guest""]","Prime sentence: a student kills a teacher .
Event roles: AGENT=girl; VERB=kill; PATIENT=guest
Sentence: the",Sentence: the,first_noun,-1.6145079135894775,-6.110089302062988,-4.495581388473511,active,0.0
220,role_labeled,passive,passive,a teacher is killed by a student .,a girl kills a guest .,a guest is killed by a girl .,a,girl,a,guest,kill,kills,killed,"[""AGENT=girl"", ""VERB=kill"", ""PATIENT=guest""]","Prime sentence: a teacher is killed by a student .
Event roles: AGENT=girl; VERB=kill; PATIENT=guest
Sentence: the",Sentence: the,first_noun,-2.044131278991699,-6.136319637298584,-4.092188358306885,active,0.0
220,role_labeled,no_prime_eos,no_prime_eos,,a girl kills a guest .,a guest is killed by a girl .,a,girl,a,guest,kill,kills,killed,"[""AGENT=girl"", ""VERB=kill"", ""PATIENT=guest""]","Event roles: AGENT=girl; VERB=kill; PATIENT=guest
Sentence: the",Sentence: the,first_noun,-1.713918924331665,-5.024504661560059,-3.3105857372283936,active,0.0
220,role_labeled,filler,filler,The garden brightened after rain .,a girl kills a guest .,a guest is killed by a girl .,a,girl,a,guest,kill,kills,killed,"[""AGENT=girl"", ""VERB=kill"", ""PATIENT=guest""]","Prime sentence: The garden brightened after rain .
Event roles: AGENT=girl; VERB=kill; PATIENT=guest
Sentence: the",Sentence: the,first_noun,-3.8165271282196045,-6.398699760437012,-2.5821726322174072,active,0.0
221,role_labeled,active,active,an uncle describes a wife .,a guy describes a hero .,a hero is described by a guy .,a,guy,a,hero,describ,describes,described,"[""PATIENT=hero"", ""VERB=describ"", ""AGENT=guy""]","Prime sentence: an uncle describes a wife .
Event roles: PATIENT=hero; VERB=describ; AGENT=guy
Sentence: the",Sentence: the,first_noun,-4.736039161682129,-4.191926002502441,0.5441131591796875,passive,1.0
221,role_labeled,passive,passive,a wife is described by an uncle .,a guy describes a hero .,a hero is described by a guy .,a,guy,a,hero,describ,describes,described,"[""PATIENT=hero"", ""VERB=describ"", ""AGENT=guy""]","Prime sentence: a wife is described by an uncle .
Event roles: PATIENT=hero; VERB=describ; AGENT=guy
Sentence: the",Sentence: the,first_noun,-4.932525634765625,-4.103924751281738,0.8286008834838867,passive,1.0
221,role_labeled,no_prime_eos,no_prime_eos,,a guy describes a hero .,a hero is described by a guy .,a,guy,a,hero,describ,describes,described,"[""PATIENT=hero"", ""VERB=describ"", ""AGENT=guy""]","Event roles: PATIENT=hero; VERB=describ; AGENT=guy
Sentence: the",Sentence: the,first_noun,-4.58207368850708,-2.9619181156158447,1.6201555728912354,passive,1.0
221,role_labeled,filler,filler,The planet shimmered above the valley .,a guy describes a hero .,a hero is described by a guy .,a,guy,a,hero,describ,describes,described,"[""PATIENT=hero"", ""VERB=describ"", ""AGENT=guy""]","Prime sentence: The planet shimmered above the valley .
Event roles: PATIENT=hero; VERB=describ; AGENT=guy
Sentence: the",Sentence: the,first_noun,-6.991915225982666,-5.767205715179443,1.2247095108032227,passive,1.0
222,role_labeled,active,active,an actor judges an actress .,a lawyer judges a leader .,a leader is judged by a lawyer .,a,lawyer,a,leader,judg,judges,judged,"[""PATIENT=leader"", ""VERB=judg"", ""AGENT=lawyer""]","Prime sentence: an actor judges an actress .
Event roles: PATIENT=leader; VERB=judg; AGENT=lawyer
Sentence: the",Sentence: the,first_noun,-5.660595893859863,-4.814900875091553,0.8456950187683105,passive,1.0
222,role_labeled,passive,passive,an actress is judged by an actor .,a lawyer judges a leader .,a leader is judged by a lawyer .,a,lawyer,a,leader,judg,judges,judged,"[""PATIENT=leader"", ""VERB=judg"", ""AGENT=lawyer""]","Prime sentence: an actress is judged by an actor .
Event roles: PATIENT=leader; VERB=judg; AGENT=lawyer
Sentence: the",Sentence: the,first_noun,-5.534424781799316,-4.864477157592773,0.669947624206543,passive,1.0
222,role_labeled,no_prime_eos,no_prime_eos,,a lawyer judges a leader .,a leader is judged by a lawyer .,a,lawyer,a,leader,judg,judges,judged,"[""PATIENT=leader"", ""VERB=judg"", ""AGENT=lawyer""]","Event roles: PATIENT=leader; VERB=judg; AGENT=lawyer
Sentence: the",Sentence: the,first_noun,-5.773990631103516,-4.495891571044922,1.2780990600585938,passive,1.0
222,role_labeled,filler,filler,The painter waited near the doorway .,a lawyer judges a leader .,a leader is judged by a lawyer .,a,lawyer,a,leader,judg,judges,judged,"[""PATIENT=leader"", ""VERB=judg"", ""AGENT=lawyer""]","Prime sentence: The painter waited near the doorway .
Event roles: PATIENT=leader; VERB=judg; AGENT=lawyer
Sentence: the",Sentence: the,first_noun,-4.803399085998535,-6.215221405029297,-1.4118223190307617,active,0.0
223,role_labeled,active,active,a priest strikes a prince .,a chief strikes a child .,a child is struck by a chief .,a,chief,a,child,strik,strikes,struck,"[""PATIENT=child"", ""VERB=strik"", ""AGENT=chief""]","Prime sentence: a priest strikes a prince .
Event roles: PATIENT=child; VERB=strik; AGENT=chief
Sentence: the",Sentence: the,first_noun,-4.859126567840576,-3.9180939197540283,0.9410326480865479,passive,1.0
223,role_labeled,passive,passive,a prince is struck by a priest .,a chief strikes a child .,a child is struck by a chief .,a,chief,a,child,strik,strikes,struck,"[""PATIENT=child"", ""VERB=strik"", ""AGENT=chief""]","Prime sentence: a prince is struck by a priest .
Event roles: PATIENT=child; VERB=strik; AGENT=chief
Sentence: the",Sentence: the,first_noun,-4.9121623039245605,-3.8577828407287598,1.0543794631958008,passive,1.0
223,role_labeled,no_prime_eos,no_prime_eos,,a chief strikes a child .,a child is struck by a chief .,a,chief,a,child,strik,strikes,struck,"[""PATIENT=child"", ""VERB=strik"", ""AGENT=chief""]","Event roles: PATIENT=child; VERB=strik; AGENT=chief
Sentence: the",Sentence: the,first_noun,-4.344621181488037,-3.3925657272338867,0.9520554542541504,passive,1.0
223,role_labeled,filler,filler,The captain waited beside the harbor .,a chief strikes a child .,a child is struck by a chief .,a,chief,a,child,strik,strikes,struck,"[""PATIENT=child"", ""VERB=strik"", ""AGENT=chief""]","Prime sentence: The captain waited beside the harbor .
Event roles: PATIENT=child; VERB=strik; AGENT=chief
Sentence: the",Sentence: the,first_noun,-5.029599666595459,-4.616404056549072,0.4131956100463867,passive,1.0
224,role_labeled,active,active,a husband punches a kid .,a wife punches a winner .,a winner is punched by a wife .,a,wife,a,winner,punch,punches,punched,"[""VERB=punch"", ""PATIENT=winner"", ""AGENT=wife""]","Prime sentence: a husband punches a kid .
Event roles: VERB=punch; PATIENT=winner; AGENT=wife
Sentence: the",Sentence: the,first_noun,-3.03190279006958,-6.908499717712402,-3.8765969276428223,active,0.0
224,role_labeled,passive,passive,a kid is punched by a husband .,a wife punches a winner .,a winner is punched by a wife .,a,wife,a,winner,punch,punches,punched,"[""VERB=punch"", ""PATIENT=winner"", ""AGENT=wife""]","Prime sentence: a kid is punched by a husband .
Event roles: VERB=punch; PATIENT=winner; AGENT=wife
Sentence: the",Sentence: the,first_noun,-2.6045408248901367,-6.706498622894287,-4.10195779800415,active,0.0
224,role_labeled,no_prime_eos,no_prime_eos,,a wife punches a winner .,a winner is punched by a wife .,a,wife,a,winner,punch,punches,punched,"[""VERB=punch"", ""PATIENT=winner"", ""AGENT=wife""]","Event roles: VERB=punch; PATIENT=winner; AGENT=wife
Sentence: the",Sentence: the,first_noun,-4.214748382568359,-4.850227355957031,-0.6354789733886719,active,0.0
224,role_labeled,filler,filler,The engine cooled before dawn .,a wife punches a winner .,a winner is punched by a wife .,a,wife,a,winner,punch,punches,punched,"[""VERB=punch"", ""PATIENT=winner"", ""AGENT=wife""]","Prime sentence: The engine cooled before dawn .
Event roles: VERB=punch; PATIENT=winner; AGENT=wife
Sentence: the",Sentence: the,first_noun,-5.128702640533447,-8.436882019042969,-3.3081793785095215,active,0.0
225,role_labeled,active,active,a physician grabs a pilot .,a candidate grabs a captain .,a captain is grabbed by a candidate .,a,candidate,a,captain,grab,grabs,grabbed,"[""VERB=grab"", ""PATIENT=captain"", ""AGENT=candidate""]","Prime sentence: a physician grabs a pilot .
Event roles: VERB=grab; PATIENT=captain; AGENT=candidate
Sentence: the",Sentence: the,first_noun,-5.896458625793457,-3.0808444023132324,2.8156142234802246,passive,1.0
225,role_labeled,passive,passive,a pilot is grabbed by a physician .,a candidate grabs a captain .,a captain is grabbed by a candidate .,a,candidate,a,captain,grab,grabs,grabbed,"[""VERB=grab"", ""PATIENT=captain"", ""AGENT=candidate""]","Prime sentence: a pilot is grabbed by a physician .
Event roles: VERB=grab; PATIENT=captain; AGENT=candidate
Sentence: the",Sentence: the,first_noun,-5.59035587310791,-3.145657777786255,2.4446980953216553,passive,1.0
225,role_labeled,no_prime_eos,no_prime_eos,,a candidate grabs a captain .,a captain is grabbed by a candidate .,a,candidate,a,captain,grab,grabs,grabbed,"[""VERB=grab"", ""PATIENT=captain"", ""AGENT=candidate""]","Event roles: VERB=grab; PATIENT=captain; AGENT=candidate
Sentence: the",Sentence: the,first_noun,-5.173827648162842,-4.085136890411377,1.0886907577514648,passive,1.0
225,role_labeled,filler,filler,The garden brightened after rain .,a candidate grabs a captain .,a captain is grabbed by a candidate .,a,candidate,a,captain,grab,grabs,grabbed,"[""VERB=grab"", ""PATIENT=captain"", ""AGENT=candidate""]","Prime sentence: The garden brightened after rain .
Event roles: VERB=grab; PATIENT=captain; AGENT=candidate
Sentence: the",Sentence: the,first_noun,-7.895703315734863,-5.915773391723633,1.9799299240112305,passive,1.0
226,role_labeled,active,active,a priest kills a prince .,a chief kills a child .,a child is killed by a chief .,a,chief,a,child,kill,kills,killed,"[""PATIENT=child"", ""AGENT=chief"", ""VERB=kill""]","Prime sentence: a priest kills a prince .
Event roles: PATIENT=child; AGENT=chief; VERB=kill
Sentence: the",Sentence: the,first_noun,-4.304308891296387,-3.859818935394287,0.4444899559020996,passive,1.0
226,role_labeled,passive,passive,a prince is killed by a priest .,a chief kills a child .,a child is killed by a chief .,a,chief,a,child,kill,kills,killed,"[""PATIENT=child"", ""AGENT=chief"", ""VERB=kill""]","Prime sentence: a prince is killed by a priest .
Event roles: PATIENT=child; AGENT=chief; VERB=kill
Sentence: the",Sentence: the,first_noun,-4.604625701904297,-3.7175159454345703,0.8871097564697266,passive,1.0
226,role_labeled,no_prime_eos,no_prime_eos,,a chief kills a child .,a child is killed by a chief .,a,chief,a,child,kill,kills,killed,"[""PATIENT=child"", ""AGENT=chief"", ""VERB=kill""]","Event roles: PATIENT=child; AGENT=chief; VERB=kill
Sentence: the",Sentence: the,first_noun,-4.027400016784668,-3.42413592338562,0.6032640933990479,passive,1.0
226,role_labeled,filler,filler,The market opened after sunrise .,a chief kills a child .,a child is killed by a chief .,a,chief,a,child,kill,kills,killed,"[""PATIENT=child"", ""AGENT=chief"", ""VERB=kill""]","Prime sentence: The market opened after sunrise .
Event roles: PATIENT=child; AGENT=chief; VERB=kill
Sentence: the",Sentence: the,first_noun,-5.685047149658203,-4.919475555419922,0.7655715942382812,passive,1.0
227,role_labeled,active,active,a singer protects a soldier .,an employer protects a father .,a father is protected by an employer .,an,employer,a,father,protect,protects,protected,"[""PATIENT=father"", ""VERB=protect"", ""AGENT=employer""]","Prime sentence: a singer protects a soldier .
Event roles: PATIENT=father; VERB=protect; AGENT=employer
Sentence: the",Sentence: the,first_noun,-7.234088897705078,-3.8625152111053467,3.3715736865997314,passive,1.0
227,role_labeled,passive,passive,a soldier is protected by a singer .,an employer protects a father .,a father is protected by an employer .,an,employer,a,father,protect,protects,protected,"[""PATIENT=father"", ""VERB=protect"", ""AGENT=employer""]","Prime sentence: a soldier is protected by a singer .
Event roles: PATIENT=father; VERB=protect; AGENT=employer
Sentence: the",Sentence: the,first_noun,-6.615797996520996,-3.5406570434570312,3.075140953063965,passive,1.0
227,role_labeled,no_prime_eos,no_prime_eos,,an employer protects a father .,a father is protected by an employer .,an,employer,a,father,protect,protects,protected,"[""PATIENT=father"", ""VERB=protect"", ""AGENT=employer""]","Event roles: PATIENT=father; VERB=protect; AGENT=employer
Sentence: the",Sentence: the,first_noun,-5.86664342880249,-3.508671760559082,2.357971668243408,passive,1.0
227,role_labeled,filler,filler,The jacket hung behind the chair .,an employer protects a father .,a father is protected by an employer .,an,employer,a,father,protect,protects,protected,"[""PATIENT=father"", ""VERB=protect"", ""AGENT=employer""]","Prime sentence: The jacket hung behind the chair .
Event roles: PATIENT=father; VERB=protect; AGENT=employer
Sentence: the",Sentence: the,first_noun,-7.879656791687012,-4.865227699279785,3.0144290924072266,passive,1.0
228,role_labeled,active,active,a guest joins a guy .,a student joins a teacher .,a teacher is joined by a student .,a,student,a,teacher,join,joins,joined,"[""VERB=join"", ""PATIENT=teacher"", ""AGENT=student""]","Prime sentence: a guest joins a guy .
Event roles: VERB=join; PATIENT=teacher; AGENT=student
Sentence: the",Sentence: the,first_noun,-3.820561408996582,-2.985474109649658,0.8350872993469238,passive,1.0
228,role_labeled,passive,passive,a guy is joined by a guest .,a student joins a teacher .,a teacher is joined by a student .,a,student,a,teacher,join,joins,joined,"[""VERB=join"", ""PATIENT=teacher"", ""AGENT=student""]","Prime sentence: a guy is joined by a guest .
Event roles: VERB=join; PATIENT=teacher; AGENT=student
Sentence: the",Sentence: the,first_noun,-3.1308488845825195,-2.734344720840454,0.39650416374206543,passive,1.0
228,role_labeled,no_prime_eos,no_prime_eos,,a student joins a teacher .,a teacher is joined by a student .,a,student,a,teacher,join,joins,joined,"[""VERB=join"", ""PATIENT=teacher"", ""AGENT=student""]","Event roles: VERB=join; PATIENT=teacher; AGENT=student
Sentence: the",Sentence: the,first_noun,-3.4354939460754395,-2.9446892738342285,0.49080467224121094,passive,1.0
228,role_labeled,filler,filler,The painter waited near the doorway .,a student joins a teacher .,a teacher is joined by a student .,a,student,a,teacher,join,joins,joined,"[""VERB=join"", ""PATIENT=teacher"", ""AGENT=student""]","Prime sentence: The painter waited near the doorway .
Event roles: VERB=join; PATIENT=teacher; AGENT=student
Sentence: the",Sentence: the,first_noun,-3.7541770935058594,-2.579265832901001,1.1749112606048584,passive,1.0
229,role_labeled,active,active,a doctor destroys an employee .,a scientist destroys a secretary .,a secretary is destroyed by a scientist .,a,scientist,a,secretary,destroy,destroys,destroyed,"[""AGENT=scientist"", ""PATIENT=secretary"", ""VERB=destroy""]","Prime sentence: a doctor destroys an employee .
Event roles: AGENT=scientist; PATIENT=secretary; VERB=destroy
Sentence: the",Sentence: the,first_noun,-3.1762351989746094,-5.763650894165039,-2.5874156951904297,active,0.0
229,role_labeled,passive,passive,an employee is destroyed by a doctor .,a scientist destroys a secretary .,a secretary is destroyed by a scientist .,a,scientist,a,secretary,destroy,destroys,destroyed,"[""AGENT=scientist"", ""PATIENT=secretary"", ""VERB=destroy""]","Prime sentence: an employee is destroyed by a doctor .
Event roles: AGENT=scientist; PATIENT=secretary; VERB=destroy
Sentence: the",Sentence: the,first_noun,-3.4060444831848145,-5.91441535949707,-2.508370876312256,active,0.0
229,role_labeled,no_prime_eos,no_prime_eos,,a scientist destroys a secretary .,a secretary is destroyed by a scientist .,a,scientist,a,secretary,destroy,destroys,destroyed,"[""AGENT=scientist"", ""PATIENT=secretary"", ""VERB=destroy""]","Event roles: AGENT=scientist; PATIENT=secretary; VERB=destroy
Sentence: the",Sentence: the,first_noun,-3.7637386322021484,-6.878756046295166,-3.1150174140930176,active,0.0
229,role_labeled,filler,filler,The traveler rested beside the river .,a scientist destroys a secretary .,a secretary is destroyed by a scientist .,a,scientist,a,secretary,destroy,destroys,destroyed,"[""AGENT=scientist"", ""PATIENT=secretary"", ""VERB=destroy""]","Prime sentence: The traveler rested beside the river .
Event roles: AGENT=scientist; PATIENT=secretary; VERB=destroy
Sentence: the",Sentence: the,first_noun,-3.5202417373657227,-6.9853010177612305,-3.465059280395508,active,0.0
230,role_labeled,active,active,a reader forgets a scientist .,a cousin forgets a daughter .,a daughter is forgotten by a cousin .,a,cousin,a,daughter,forget,forgets,forgotten,"[""PATIENT=daughter"", ""VERB=forget"", ""AGENT=cousin""]","Prime sentence: a reader forgets a scientist .
Event roles: PATIENT=daughter; VERB=forget; AGENT=cousin
Sentence: the",Sentence: the,first_noun,-8.16079330444336,-4.743626594543457,3.4171667098999023,passive,1.0
230,role_labeled,passive,passive,a scientist is forgotten by a reader .,a cousin forgets a daughter .,a daughter is forgotten by a cousin .,a,cousin,a,daughter,forget,forgets,forgotten,"[""PATIENT=daughter"", ""VERB=forget"", ""AGENT=cousin""]","Prime sentence: a scientist is forgotten by a reader .
Event roles: PATIENT=daughter; VERB=forget; AGENT=cousin
Sentence: the",Sentence: the,first_noun,-8.173160552978516,-4.707497596740723,3.465662956237793,passive,1.0
230,role_labeled,no_prime_eos,no_prime_eos,,a cousin forgets a daughter .,a daughter is forgotten by a cousin .,a,cousin,a,daughter,forget,forgets,forgotten,"[""PATIENT=daughter"", ""VERB=forget"", ""AGENT=cousin""]","Event roles: PATIENT=daughter; VERB=forget; AGENT=cousin
Sentence: the",Sentence: the,first_noun,-7.591653823852539,-3.7530925273895264,3.8385612964630127,passive,1.0
230,role_labeled,filler,filler,The teacher listened during assembly .,a cousin forgets a daughter .,a daughter is forgotten by a cousin .,a,cousin,a,daughter,forget,forgets,forgotten,"[""PATIENT=daughter"", ""VERB=forget"", ""AGENT=cousin""]","Prime sentence: The teacher listened during assembly .
Event roles: PATIENT=daughter; VERB=forget; AGENT=cousin
Sentence: the",Sentence: the,first_noun,-6.68766450881958,-4.50508975982666,2.18257474899292,passive,1.0
231,role_labeled,active,active,a bishop hurries a boy .,a mother hurries a nurse .,a nurse is hurried by a mother .,a,mother,a,nurse,hurry,hurries,hurried,"[""PATIENT=nurse"", ""VERB=hurry"", ""AGENT=mother""]","Prime sentence: a bishop hurries a boy .
Event roles: PATIENT=nurse; VERB=hurry; AGENT=mother
Sentence: the",Sentence: the,first_noun,-3.725104808807373,-3.4238553047180176,0.30124950408935547,passive,1.0
231,role_labeled,passive,passive,a boy is hurried by a bishop .,a mother hurries a nurse .,a nurse is hurried by a mother .,a,mother,a,nurse,hurry,hurries,hurried,"[""PATIENT=nurse"", ""VERB=hurry"", ""AGENT=mother""]","Prime sentence: a boy is hurried by a bishop .
Event roles: PATIENT=nurse; VERB=hurry; AGENT=mother
Sentence: the",Sentence: the,first_noun,-4.100841999053955,-4.160888671875,-0.06004667282104492,active,0.0
231,role_labeled,no_prime_eos,no_prime_eos,,a mother hurries a nurse .,a nurse is hurried by a mother .,a,mother,a,nurse,hurry,hurries,hurried,"[""PATIENT=nurse"", ""VERB=hurry"", ""AGENT=mother""]","Event roles: PATIENT=nurse; VERB=hurry; AGENT=mother
Sentence: the",Sentence: the,first_noun,-3.7460031509399414,-3.293048858642578,0.4529542922973633,passive,1.0
231,role_labeled,filler,filler,The pillow rested on the sofa .,a mother hurries a nurse .,a nurse is hurried by a mother .,a,mother,a,nurse,hurry,hurries,hurried,"[""PATIENT=nurse"", ""VERB=hurry"", ""AGENT=mother""]","Prime sentence: The pillow rested on the sofa .
Event roles: PATIENT=nurse; VERB=hurry; AGENT=mother
Sentence: the",Sentence: the,first_noun,-4.567330837249756,-3.477703809738159,1.0896270275115967,passive,1.0
232,role_labeled,active,active,an aunt kisses an author .,a mayor kisses a minister .,a minister is kissed by a mayor .,a,mayor,a,minister,kiss,kisses,kissed,"[""PATIENT=minister"", ""AGENT=mayor"", ""VERB=kiss""]","Prime sentence: an aunt kisses an author .
Event roles: PATIENT=minister; AGENT=mayor; VERB=kiss
Sentence: the",Sentence: the,first_noun,-3.323082208633423,-4.617439270019531,-1.2943570613861084,active,0.0
232,role_labeled,passive,passive,an author is kissed by an aunt .,a mayor kisses a minister .,a minister is kissed by a mayor .,a,mayor,a,minister,kiss,kisses,kissed,"[""PATIENT=minister"", ""AGENT=mayor"", ""VERB=kiss""]","Prime sentence: an author is kissed by an aunt .
Event roles: PATIENT=minister; AGENT=mayor; VERB=kiss
Sentence: the",Sentence: the,first_noun,-3.5374844074249268,-4.6099090576171875,-1.0724246501922607,active,0.0
232,role_labeled,no_prime_eos,no_prime_eos,,a mayor kisses a minister .,a minister is kissed by a mayor .,a,mayor,a,minister,kiss,kisses,kissed,"[""PATIENT=minister"", ""AGENT=mayor"", ""VERB=kiss""]","Event roles: PATIENT=minister; AGENT=mayor; VERB=kiss
Sentence: the",Sentence: the,first_noun,-3.4641897678375244,-4.824504852294922,-1.3603150844573975,active,0.0
232,role_labeled,filler,filler,The captain waited beside the harbor .,a mayor kisses a minister .,a minister is kissed by a mayor .,a,mayor,a,minister,kiss,kisses,kissed,"[""PATIENT=minister"", ""AGENT=mayor"", ""VERB=kiss""]","Prime sentence: The captain waited beside the harbor .
Event roles: PATIENT=minister; AGENT=mayor; VERB=kiss
Sentence: the",Sentence: the,first_noun,-3.8384487628936768,-5.725597381591797,-1.8871486186981201,active,0.0
233,role_labeled,active,active,an actress hurries an adult .,a leader hurries a man .,a man is hurried by a leader .,a,leader,a,man,hurry,hurries,hurried,"[""PATIENT=man"", ""AGENT=leader"", ""VERB=hurry""]","Prime sentence: an actress hurries an adult .
Event roles: PATIENT=man; AGENT=leader; VERB=hurry
Sentence: the",Sentence: the,first_noun,-5.319141864776611,-3.896129846572876,1.4230120182037354,passive,1.0
233,role_labeled,passive,passive,an adult is hurried by an actress .,a leader hurries a man .,a man is hurried by a leader .,a,leader,a,man,hurry,hurries,hurried,"[""PATIENT=man"", ""AGENT=leader"", ""VERB=hurry""]","Prime sentence: an adult is hurried by an actress .
Event roles: PATIENT=man; AGENT=leader; VERB=hurry
Sentence: the",Sentence: the,first_noun,-5.988614082336426,-3.7169246673583984,2.2716894149780273,passive,1.0
233,role_labeled,no_prime_eos,no_prime_eos,,a leader hurries a man .,a man is hurried by a leader .,a,leader,a,man,hurry,hurries,hurried,"[""PATIENT=man"", ""AGENT=leader"", ""VERB=hurry""]","Event roles: PATIENT=man; AGENT=leader; VERB=hurry
Sentence: the",Sentence: the,first_noun,-3.7178516387939453,-4.308686256408691,-0.5908346176147461,active,0.0
233,role_labeled,filler,filler,The window rattled during the storm .,a leader hurries a man .,a man is hurried by a leader .,a,leader,a,man,hurry,hurries,hurried,"[""PATIENT=man"", ""AGENT=leader"", ""VERB=hurry""]","Prime sentence: The window rattled during the storm .
Event roles: PATIENT=man; AGENT=leader; VERB=hurry
Sentence: the",Sentence: the,first_noun,-6.726791858673096,-4.7295942306518555,1.9971976280212402,passive,1.0
234,role_labeled,active,active,a secretary destroys a sheriff .,a doctor destroys an employee .,an employee is destroyed by a doctor .,a,doctor,an,employee,destroy,destroys,destroyed,"[""PATIENT=employee"", ""AGENT=doctor"", ""VERB=destroy""]","Prime sentence: a secretary destroys a sheriff .
Event roles: PATIENT=employee; AGENT=doctor; VERB=destroy
Sentence: the",Sentence: the,first_noun,-2.936624765396118,-4.542821884155273,-1.6061971187591553,active,0.0
234,role_labeled,passive,passive,a sheriff is destroyed by a secretary .,a doctor destroys an employee .,an employee is destroyed by a doctor .,a,doctor,an,employee,destroy,destroys,destroyed,"[""PATIENT=employee"", ""AGENT=doctor"", ""VERB=destroy""]","Prime sentence: a sheriff is destroyed by a secretary .
Event roles: PATIENT=employee; AGENT=doctor; VERB=destroy
Sentence: the",Sentence: the,first_noun,-3.3159918785095215,-4.757639408111572,-1.4416475296020508,active,0.0
234,role_labeled,no_prime_eos,no_prime_eos,,a doctor destroys an employee .,an employee is destroyed by a doctor .,a,doctor,an,employee,destroy,destroys,destroyed,"[""PATIENT=employee"", ""AGENT=doctor"", ""VERB=destroy""]","Event roles: PATIENT=employee; AGENT=doctor; VERB=destroy
Sentence: the",Sentence: the,first_noun,-2.9844810962677,-4.5827226638793945,-1.5982415676116943,active,0.0
234,role_labeled,filler,filler,The traveler rested beside the river .,a doctor destroys an employee .,an employee is destroyed by a doctor .,a,doctor,an,employee,destroy,destroys,destroyed,"[""PATIENT=employee"", ""AGENT=doctor"", ""VERB=destroy""]","Prime sentence: The traveler rested beside the river .
Event roles: PATIENT=employee; AGENT=doctor; VERB=destroy
Sentence: the",Sentence: the,first_noun,-3.9216904640197754,-7.191756725311279,-3.270066261291504,active,0.0
235,role_labeled,active,active,a brother forgets a buddy .,an opponent forgets a parent .,a parent is forgotten by an opponent .,an,opponent,a,parent,forget,forgets,forgotten,"[""AGENT=opponent"", ""PATIENT=parent"", ""VERB=forget""]","Prime sentence: a brother forgets a buddy .
Event roles: AGENT=opponent; PATIENT=parent; VERB=forget
Sentence: the",Sentence: the,first_noun,-7.145042896270752,-6.167715549468994,0.9773273468017578,passive,1.0
235,role_labeled,passive,passive,a buddy is forgotten by a brother .,an opponent forgets a parent .,a parent is forgotten by an opponent .,an,opponent,a,parent,forget,forgets,forgotten,"[""AGENT=opponent"", ""PATIENT=parent"", ""VERB=forget""]","Prime sentence: a buddy is forgotten by a brother .
Event roles: AGENT=opponent; PATIENT=parent; VERB=forget
Sentence: the",Sentence: the,first_noun,-6.970120906829834,-6.122071743011475,0.8480491638183594,passive,1.0
235,role_labeled,no_prime_eos,no_prime_eos,,an opponent forgets a parent .,a parent is forgotten by an opponent .,an,opponent,a,parent,forget,forgets,forgotten,"[""AGENT=opponent"", ""PATIENT=parent"", ""VERB=forget""]","Event roles: AGENT=opponent; PATIENT=parent; VERB=forget
Sentence: the",Sentence: the,first_noun,-5.145112037658691,-5.422450542449951,-0.27733850479125977,active,0.0
235,role_labeled,filler,filler,The radio crackled in the attic .,an opponent forgets a parent .,a parent is forgotten by an opponent .,an,opponent,a,parent,forget,forgets,forgotten,"[""AGENT=opponent"", ""PATIENT=parent"", ""VERB=forget""]","Prime sentence: The radio crackled in the attic .
Event roles: AGENT=opponent; PATIENT=parent; VERB=forget
Sentence: the",Sentence: the,first_noun,-9.477075576782227,-8.268627166748047,1.2084484100341797,passive,1.0
236,role_labeled,active,active,a chief kisses a child .,a president kisses a priest .,a priest is kissed by a president .,a,president,a,priest,kiss,kisses,kissed,"[""AGENT=president"", ""PATIENT=priest"", ""VERB=kiss""]","Prime sentence: a chief kisses a child .
Event roles: AGENT=president; PATIENT=priest; VERB=kiss
Sentence: the",Sentence: the,first_noun,-3.2061407566070557,-3.6712286472320557,-0.465087890625,active,0.0
236,role_labeled,passive,passive,a child is kissed by a chief .,a president kisses a priest .,a priest is kissed by a president .,a,president,a,priest,kiss,kisses,kissed,"[""AGENT=president"", ""PATIENT=priest"", ""VERB=kiss""]","Prime sentence: a child is kissed by a chief .
Event roles: AGENT=president; PATIENT=priest; VERB=kiss
Sentence: the",Sentence: the,first_noun,-3.4767656326293945,-3.4552831649780273,0.021482467651367188,passive,1.0
236,role_labeled,no_prime_eos,no_prime_eos,,a president kisses a priest .,a priest is kissed by a president .,a,president,a,priest,kiss,kisses,kissed,"[""AGENT=president"", ""PATIENT=priest"", ""VERB=kiss""]","Event roles: AGENT=president; PATIENT=priest; VERB=kiss
Sentence: the",Sentence: the,first_noun,-3.709508180618286,-3.9423859119415283,-0.2328777313232422,active,0.0
236,role_labeled,filler,filler,The captain waited beside the harbor .,a president kisses a priest .,a priest is kissed by a president .,a,president,a,priest,kiss,kisses,kissed,"[""AGENT=president"", ""PATIENT=priest"", ""VERB=kiss""]","Prime sentence: The captain waited beside the harbor .
Event roles: AGENT=president; PATIENT=priest; VERB=kiss
Sentence: the",Sentence: the,first_noun,-4.208823204040527,-3.969242811203003,0.23958039283752441,passive,1.0
237,role_labeled,active,active,an employer destroys a father .,a sheriff destroys a singer .,a singer is destroyed by a sheriff .,a,sheriff,a,singer,destroy,destroys,destroyed,"[""PATIENT=singer"", ""VERB=destroy"", ""AGENT=sheriff""]","Prime sentence: an employer destroys a father .
Event roles: PATIENT=singer; VERB=destroy; AGENT=sheriff
Sentence: the",Sentence: the,first_noun,-3.9382548332214355,-5.506695747375488,-1.5684409141540527,active,0.0
237,role_labeled,passive,passive,a father is destroyed by an employer .,a sheriff destroys a singer .,a singer is destroyed by a sheriff .,a,sheriff,a,singer,destroy,destroys,destroyed,"[""PATIENT=singer"", ""VERB=destroy"", ""AGENT=sheriff""]","Prime sentence: a father is destroyed by an employer .
Event roles: PATIENT=singer; VERB=destroy; AGENT=sheriff
Sentence: the",Sentence: the,first_noun,-4.812551975250244,-5.761013031005859,-0.9484610557556152,active,0.0
237,role_labeled,no_prime_eos,no_prime_eos,,a sheriff destroys a singer .,a singer is destroyed by a sheriff .,a,sheriff,a,singer,destroy,destroys,destroyed,"[""PATIENT=singer"", ""VERB=destroy"", ""AGENT=sheriff""]","Event roles: PATIENT=singer; VERB=destroy; AGENT=sheriff
Sentence: the",Sentence: the,first_noun,-6.288356781005859,-4.462825775146484,1.825531005859375,passive,1.0
237,role_labeled,filler,filler,The tourist wandered through the plaza .,a sheriff destroys a singer .,a singer is destroyed by a sheriff .,a,sheriff,a,singer,destroy,destroys,destroyed,"[""PATIENT=singer"", ""VERB=destroy"", ""AGENT=sheriff""]","Prime sentence: The tourist wandered through the plaza .
Event roles: PATIENT=singer; VERB=destroy; AGENT=sheriff
Sentence: the",Sentence: the,first_noun,-5.239650249481201,-4.215112209320068,1.0245380401611328,passive,1.0
238,role_labeled,active,active,a teacher destroys an uncle .,a guest destroys a guy .,a guy is destroyed by a guest .,a,guest,a,guy,destroy,destroys,destroyed,"[""VERB=destroy"", ""AGENT=guest"", ""PATIENT=guy""]","Prime sentence: a teacher destroys an uncle .
Event roles: VERB=destroy; AGENT=guest; PATIENT=guy
Sentence: the",Sentence: the,first_noun,-6.124828338623047,-4.3081841468811035,1.8166441917419434,passive,1.0
238,role_labeled,passive,passive,an uncle is destroyed by a teacher .,a guest destroys a guy .,a guy is destroyed by a guest .,a,guest,a,guy,destroy,destroys,destroyed,"[""VERB=destroy"", ""AGENT=guest"", ""PATIENT=guy""]","Prime sentence: an uncle is destroyed by a teacher .
Event roles: VERB=destroy; AGENT=guest; PATIENT=guy
Sentence: the",Sentence: the,first_noun,-6.146972179412842,-4.550602436065674,1.596369743347168,passive,1.0
238,role_labeled,no_prime_eos,no_prime_eos,,a guest destroys a guy .,a guy is destroyed by a guest .,a,guest,a,guy,destroy,destroys,destroyed,"[""VERB=destroy"", ""AGENT=guest"", ""PATIENT=guy""]","Event roles: VERB=destroy; AGENT=guest; PATIENT=guy
Sentence: the",Sentence: the,first_noun,-4.698179244995117,-4.480550765991211,0.21762847900390625,passive,1.0
238,role_labeled,filler,filler,The sculpture stood in the hallway .,a guest destroys a guy .,a guy is destroyed by a guest .,a,guest,a,guy,destroy,destroys,destroyed,"[""VERB=destroy"", ""AGENT=guest"", ""PATIENT=guy""]","Prime sentence: The sculpture stood in the hallway .
Event roles: VERB=destroy; AGENT=guest; PATIENT=guy
Sentence: the",Sentence: the,first_noun,-5.463399410247803,-4.528930187225342,0.9344692230224609,passive,1.0
239,role_labeled,active,active,a pilot comforts a president .,a captain comforts a champion .,a champion is comforted by a captain .,a,captain,a,champion,comfort,comforts,comforted,"[""PATIENT=champion"", ""VERB=comfort"", ""AGENT=captain""]","Prime sentence: a pilot comforts a president .
Event roles: PATIENT=champion; VERB=comfort; AGENT=captain
Sentence: the",Sentence: the,first_noun,-4.518418312072754,-7.353342056274414,-2.83492374420166,active,0.0
239,role_labeled,passive,passive,a president is comforted by a pilot .,a captain comforts a champion .,a champion is comforted by a captain .,a,captain,a,champion,comfort,comforts,comforted,"[""PATIENT=champion"", ""VERB=comfort"", ""AGENT=captain""]","Prime sentence: a president is comforted by a pilot .
Event roles: PATIENT=champion; VERB=comfort; AGENT=captain
Sentence: the",Sentence: the,first_noun,-4.72021484375,-7.785007476806641,-3.0647926330566406,active,0.0
239,role_labeled,no_prime_eos,no_prime_eos,,a captain comforts a champion .,a champion is comforted by a captain .,a,captain,a,champion,comfort,comforts,comforted,"[""PATIENT=champion"", ""VERB=comfort"", ""AGENT=captain""]","Event roles: PATIENT=champion; VERB=comfort; AGENT=captain
Sentence: the",Sentence: the,first_noun,-3.5102992057800293,-4.797150611877441,-1.286851406097412,active,0.0
239,role_labeled,filler,filler,The notebook stayed on the shelf .,a captain comforts a champion .,a champion is comforted by a captain .,a,captain,a,champion,comfort,comforts,comforted,"[""PATIENT=champion"", ""VERB=comfort"", ""AGENT=captain""]","Prime sentence: The notebook stayed on the shelf .
Event roles: PATIENT=champion; VERB=comfort; AGENT=captain
Sentence: the",Sentence: the,first_noun,-3.8264219760894775,-6.363933563232422,-2.5375115871429443,active,0.0
240,role_labeled,active,active,a woman surprises a worker .,a kid surprises a king .,a king is surprised by a kid .,a,kid,a,king,surpris,surprises,surprised,"[""PATIENT=king"", ""AGENT=kid"", ""VERB=surpris""]","Prime sentence: a woman surprises a worker .
Event roles: PATIENT=king; AGENT=kid; VERB=surpris
Sentence: the",Sentence: the,first_noun,-5.354788780212402,-3.029442548751831,2.3253462314605713,passive,1.0
240,role_labeled,passive,passive,a worker is surprised by a woman .,a kid surprises a king .,a king is surprised by a kid .,a,kid,a,king,surpris,surprises,surprised,"[""PATIENT=king"", ""AGENT=kid"", ""VERB=surpris""]","Prime sentence: a worker is surprised by a woman .
Event roles: PATIENT=king; AGENT=kid; VERB=surpris
Sentence: the",Sentence: the,first_noun,-5.033566474914551,-2.43649959564209,2.597066879272461,passive,1.0
240,role_labeled,no_prime_eos,no_prime_eos,,a kid surprises a king .,a king is surprised by a kid .,a,kid,a,king,surpris,surprises,surprised,"[""PATIENT=king"", ""AGENT=kid"", ""VERB=surpris""]","Event roles: PATIENT=king; AGENT=kid; VERB=surpris
Sentence: the",Sentence: the,first_noun,-6.144407272338867,-3.639087677001953,2.505319595336914,passive,1.0
240,role_labeled,filler,filler,The captain waited beside the harbor .,a kid surprises a king .,a king is surprised by a kid .,a,kid,a,king,surpris,surprises,surprised,"[""PATIENT=king"", ""AGENT=kid"", ""VERB=surpris""]","Prime sentence: The captain waited beside the harbor .
Event roles: PATIENT=king; AGENT=kid; VERB=surpris
Sentence: the",Sentence: the,first_noun,-5.2697577476501465,-2.742971897125244,2.5267858505249023,passive,1.0
241,role_labeled,active,active,a king surprises a lady .,a woman surprises a worker .,a worker is surprised by a woman .,a,woman,a,worker,surpris,surprises,surprised,"[""VERB=surpris"", ""PATIENT=worker"", ""AGENT=woman""]","Prime sentence: a king surprises a lady .
Event roles: VERB=surpris; PATIENT=worker; AGENT=woman
Sentence: the",Sentence: the,first_noun,-3.7646865844726562,-6.692717552185059,-2.9280309677124023,active,0.0
241,role_labeled,passive,passive,a lady is surprised by a king .,a woman surprises a worker .,a worker is surprised by a woman .,a,woman,a,worker,surpris,surprises,surprised,"[""VERB=surpris"", ""PATIENT=worker"", ""AGENT=woman""]","Prime sentence: a lady is surprised by a king .
Event roles: VERB=surpris; PATIENT=worker; AGENT=woman
Sentence: the",Sentence: the,first_noun,-3.6606860160827637,-6.723447799682617,-3.0627617835998535,active,0.0
241,role_labeled,no_prime_eos,no_prime_eos,,a woman surprises a worker .,a worker is surprised by a woman .,a,woman,a,worker,surpris,surprises,surprised,"[""VERB=surpris"", ""PATIENT=worker"", ""AGENT=woman""]","Event roles: VERB=surpris; PATIENT=worker; AGENT=woman
Sentence: the",Sentence: the,first_noun,-3.1729185581207275,-5.6388139724731445,-2.465895414352417,active,0.0
241,role_labeled,filler,filler,The pillow rested on the sofa .,a woman surprises a worker .,a worker is surprised by a woman .,a,woman,a,worker,surpris,surprises,surprised,"[""VERB=surpris"", ""PATIENT=worker"", ""AGENT=woman""]","Prime sentence: The pillow rested on the sofa .
Event roles: VERB=surpris; PATIENT=worker; AGENT=woman
Sentence: the",Sentence: the,first_noun,-4.402135848999023,-7.111145973205566,-2.709010124206543,active,0.0
242,role_labeled,active,active,a buddy strikes a candidate .,a parent strikes a partner .,a partner is struck by a parent .,a,parent,a,partner,strik,strikes,struck,"[""VERB=strik"", ""PATIENT=partner"", ""AGENT=parent""]","Prime sentence: a buddy strikes a candidate .
Event roles: VERB=strik; PATIENT=partner; AGENT=parent
Sentence: the",Sentence: the,first_noun,-6.197380065917969,-5.492461204528809,0.7049188613891602,passive,1.0
242,role_labeled,passive,passive,a candidate is struck by a buddy .,a parent strikes a partner .,a partner is struck by a parent .,a,parent,a,partner,strik,strikes,struck,"[""VERB=strik"", ""PATIENT=partner"", ""AGENT=parent""]","Prime sentence: a candidate is struck by a buddy .
Event roles: VERB=strik; PATIENT=partner; AGENT=parent
Sentence: the",Sentence: the,first_noun,-5.831584930419922,-5.16202449798584,0.669560432434082,passive,1.0
242,role_labeled,no_prime_eos,no_prime_eos,,a parent strikes a partner .,a partner is struck by a parent .,a,parent,a,partner,strik,strikes,struck,"[""VERB=strik"", ""PATIENT=partner"", ""AGENT=parent""]","Event roles: VERB=strik; PATIENT=partner; AGENT=parent
Sentence: the",Sentence: the,first_noun,-5.070323467254639,-6.532567501068115,-1.4622440338134766,active,0.0
242,role_labeled,filler,filler,The package arrived before noon .,a parent strikes a partner .,a partner is struck by a parent .,a,parent,a,partner,strik,strikes,struck,"[""VERB=strik"", ""PATIENT=partner"", ""AGENT=parent""]","Prime sentence: The package arrived before noon .
Event roles: VERB=strik; PATIENT=partner; AGENT=parent
Sentence: the",Sentence: the,first_noun,-5.885226726531982,-6.762988090515137,-0.8777613639831543,active,0.0
243,role_labeled,active,active,a princess forgets a professor .,a colonel forgets a cop .,a cop is forgotten by a colonel .,a,colonel,a,cop,forget,forgets,forgotten,"[""AGENT=colonel"", ""PATIENT=cop"", ""VERB=forget""]","Prime sentence: a princess forgets a professor .
Event roles: AGENT=colonel; PATIENT=cop; VERB=forget
Sentence: the",Sentence: the,first_noun,-4.329252243041992,-5.454729080200195,-1.1254768371582031,active,0.0
243,role_labeled,passive,passive,a professor is forgotten by a princess .,a colonel forgets a cop .,a cop is forgotten by a colonel .,a,colonel,a,cop,forget,forgets,forgotten,"[""AGENT=colonel"", ""PATIENT=cop"", ""VERB=forget""]","Prime sentence: a professor is forgotten by a princess .
Event roles: AGENT=colonel; PATIENT=cop; VERB=forget
Sentence: the",Sentence: the,first_noun,-3.5435726642608643,-5.112648010253906,-1.569075345993042,active,0.0
243,role_labeled,no_prime_eos,no_prime_eos,,a colonel forgets a cop .,a cop is forgotten by a colonel .,a,colonel,a,cop,forget,forgets,forgotten,"[""AGENT=colonel"", ""PATIENT=cop"", ""VERB=forget""]","Event roles: AGENT=colonel; PATIENT=cop; VERB=forget
Sentence: the",Sentence: the,first_noun,-4.567639350891113,-5.547845363616943,-0.9802060127258301,active,0.0
243,role_labeled,filler,filler,The jacket hung behind the chair .,a colonel forgets a cop .,a cop is forgotten by a colonel .,a,colonel,a,cop,forget,forgets,forgotten,"[""AGENT=colonel"", ""PATIENT=cop"", ""VERB=forget""]","Prime sentence: The jacket hung behind the chair .
Event roles: AGENT=colonel; PATIENT=cop; VERB=forget
Sentence: the",Sentence: the,first_noun,-4.261594772338867,-5.354312419891357,-1.0927176475524902,active,0.0
244,role_labeled,active,active,a leader hurries a man .,an actor hurries an actress .,an actress is hurried by an actor .,an,actor,an,actress,hurry,hurries,hurried,"[""PATIENT=actress"", ""AGENT=actor"", ""VERB=hurry""]","Prime sentence: a leader hurries a man .
Event roles: PATIENT=actress; AGENT=actor; VERB=hurry
Sentence: the",Sentence: the,first_noun,-4.877627372741699,-6.27332878112793,-1.3957014083862305,active,0.0
244,role_labeled,passive,passive,a man is hurried by a leader .,an actor hurries an actress .,an actress is hurried by an actor .,an,actor,an,actress,hurry,hurries,hurried,"[""PATIENT=actress"", ""AGENT=actor"", ""VERB=hurry""]","Prime sentence: a man is hurried by a leader .
Event roles: PATIENT=actress; AGENT=actor; VERB=hurry
Sentence: the",Sentence: the,first_noun,-5.617864608764648,-7.082324981689453,-1.4644603729248047,active,0.0
244,role_labeled,no_prime_eos,no_prime_eos,,an actor hurries an actress .,an actress is hurried by an actor .,an,actor,an,actress,hurry,hurries,hurried,"[""PATIENT=actress"", ""AGENT=actor"", ""VERB=hurry""]","Event roles: PATIENT=actress; AGENT=actor; VERB=hurry
Sentence: the",Sentence: the,first_noun,-4.865042686462402,-6.277942657470703,-1.4128999710083008,active,0.0
244,role_labeled,filler,filler,The baker laughed during breakfast .,an actor hurries an actress .,an actress is hurried by an actor .,an,actor,an,actress,hurry,hurries,hurried,"[""PATIENT=actress"", ""AGENT=actor"", ""VERB=hurry""]","Prime sentence: The baker laughed during breakfast .
Event roles: PATIENT=actress; AGENT=actor; VERB=hurry
Sentence: the",Sentence: the,first_noun,-4.960778713226318,-6.045064926147461,-1.0842862129211426,active,0.0
245,role_labeled,active,active,a colonel grabs a cop .,a prince grabs a princess .,a princess is grabbed by a prince .,a,prince,a,princess,grab,grabs,grabbed,"[""AGENT=prince"", ""PATIENT=princess"", ""VERB=grab""]","Prime sentence: a colonel grabs a cop .
Event roles: AGENT=prince; PATIENT=princess; VERB=grab
Sentence: the",Sentence: the,first_noun,-2.543238878250122,-3.6773183345794678,-1.1340794563293457,active,0.0
245,role_labeled,passive,passive,a cop is grabbed by a colonel .,a prince grabs a princess .,a princess is grabbed by a prince .,a,prince,a,princess,grab,grabs,grabbed,"[""AGENT=prince"", ""PATIENT=princess"", ""VERB=grab""]","Prime sentence: a cop is grabbed by a colonel .
Event roles: AGENT=prince; PATIENT=princess; VERB=grab
Sentence: the",Sentence: the,first_noun,-3.392472267150879,-4.157442569732666,-0.7649703025817871,active,0.0
245,role_labeled,no_prime_eos,no_prime_eos,,a prince grabs a princess .,a princess is grabbed by a prince .,a,prince,a,princess,grab,grabs,grabbed,"[""AGENT=prince"", ""PATIENT=princess"", ""VERB=grab""]","Event roles: AGENT=prince; PATIENT=princess; VERB=grab
Sentence: the",Sentence: the,first_noun,-3.1260428428649902,-3.2897422313690186,-0.16369938850402832,active,0.0
245,role_labeled,filler,filler,The radio crackled in the attic .,a prince grabs a princess .,a princess is grabbed by a prince .,a,prince,a,princess,grab,grabs,grabbed,"[""AGENT=prince"", ""PATIENT=princess"", ""VERB=grab""]","Prime sentence: The radio crackled in the attic .
Event roles: AGENT=prince; PATIENT=princess; VERB=grab
Sentence: the",Sentence: the,first_noun,-5.026825904846191,-5.3141093254089355,-0.28728342056274414,active,0.0
246,role_labeled,active,active,a secretary washes a sheriff .,a doctor washes an employee .,an employee is washed by a doctor .,a,doctor,an,employee,wash,washes,washed,"[""VERB=wash"", ""AGENT=doctor"", ""PATIENT=employee""]","Prime sentence: a secretary washes a sheriff .
Event roles: VERB=wash; AGENT=doctor; PATIENT=employee
Sentence: the",Sentence: the,first_noun,-3.014214038848877,-5.759470462799072,-2.7452564239501953,active,0.0
246,role_labeled,passive,passive,a sheriff is washed by a secretary .,a doctor washes an employee .,an employee is washed by a doctor .,a,doctor,an,employee,wash,washes,washed,"[""VERB=wash"", ""AGENT=doctor"", ""PATIENT=employee""]","Prime sentence: a sheriff is washed by a secretary .
Event roles: VERB=wash; AGENT=doctor; PATIENT=employee
Sentence: the",Sentence: the,first_noun,-3.3827641010284424,-5.918551445007324,-2.535787343978882,active,0.0
246,role_labeled,no_prime_eos,no_prime_eos,,a doctor washes an employee .,an employee is washed by a doctor .,a,doctor,an,employee,wash,washes,washed,"[""VERB=wash"", ""AGENT=doctor"", ""PATIENT=employee""]","Event roles: VERB=wash; AGENT=doctor; PATIENT=employee
Sentence: the",Sentence: the,first_noun,-3.0235908031463623,-5.3975324630737305,-2.373941659927368,active,0.0
246,role_labeled,filler,filler,The baker laughed during breakfast .,a doctor washes an employee .,an employee is washed by a doctor .,a,doctor,an,employee,wash,washes,washed,"[""VERB=wash"", ""AGENT=doctor"", ""PATIENT=employee""]","Prime sentence: The baker laughed during breakfast .
Event roles: VERB=wash; AGENT=doctor; PATIENT=employee
Sentence: the",Sentence: the,first_noun,-2.65179181098938,-5.575051307678223,-2.9232594966888428,active,0.0
247,role_labeled,active,active,a manager joins a mayor .,an adult joins an attorney .,an attorney is joined by an adult .,an,adult,an,attorney,join,joins,joined,"[""VERB=join"", ""AGENT=adult"", ""PATIENT=attorney""]","Prime sentence: a manager joins a mayor .
Event roles: VERB=join; AGENT=adult; PATIENT=attorney
Sentence: the",Sentence: the,first_noun,-5.992039680480957,-6.689780235290527,-0.6977405548095703,active,0.0
247,role_labeled,passive,passive,a mayor is joined by a manager .,an adult joins an attorney .,an attorney is joined by an adult .,an,adult,an,attorney,join,joins,joined,"[""VERB=join"", ""AGENT=adult"", ""PATIENT=attorney""]","Prime sentence: a mayor is joined by a manager .
Event roles: VERB=join; AGENT=adult; PATIENT=attorney
Sentence: the",Sentence: the,first_noun,-5.807268142700195,-6.295619010925293,-0.48835086822509766,active,0.0
247,role_labeled,no_prime_eos,no_prime_eos,,an adult joins an attorney .,an attorney is joined by an adult .,an,adult,an,attorney,join,joins,joined,"[""VERB=join"", ""AGENT=adult"", ""PATIENT=attorney""]","Event roles: VERB=join; AGENT=adult; PATIENT=attorney
Sentence: the",Sentence: the,first_noun,-5.063963890075684,-6.730815887451172,-1.6668519973754883,active,0.0
247,role_labeled,filler,filler,The lantern glowed near sunset .,an adult joins an attorney .,an attorney is joined by an adult .,an,adult,an,attorney,join,joins,joined,"[""VERB=join"", ""AGENT=adult"", ""PATIENT=attorney""]","Prime sentence: The lantern glowed near sunset .
Event roles: VERB=join; AGENT=adult; PATIENT=attorney
Sentence: the",Sentence: the,first_noun,-6.11836051940918,-7.61502742767334,-1.4966669082641602,active,0.0
248,role_labeled,active,active,an actor comforts an actress .,a lawyer comforts a leader .,a leader is comforted by a lawyer .,a,lawyer,a,leader,comfort,comforts,comforted,"[""VERB=comfort"", ""PATIENT=leader"", ""AGENT=lawyer""]","Prime sentence: an actor comforts an actress .
Event roles: VERB=comfort; PATIENT=leader; AGENT=lawyer
Sentence: the",Sentence: the,first_noun,-6.084210395812988,-5.670036315917969,0.41417407989501953,passive,1.0
248,role_labeled,passive,passive,an actress is comforted by an actor .,a lawyer comforts a leader .,a leader is comforted by a lawyer .,a,lawyer,a,leader,comfort,comforts,comforted,"[""VERB=comfort"", ""PATIENT=leader"", ""AGENT=lawyer""]","Prime sentence: an actress is comforted by an actor .
Event roles: VERB=comfort; PATIENT=leader; AGENT=lawyer
Sentence: the",Sentence: the,first_noun,-5.937728404998779,-5.949206352233887,-0.011477947235107422,active,0.0
248,role_labeled,no_prime_eos,no_prime_eos,,a lawyer comforts a leader .,a leader is comforted by a lawyer .,a,lawyer,a,leader,comfort,comforts,comforted,"[""VERB=comfort"", ""PATIENT=leader"", ""AGENT=lawyer""]","Event roles: VERB=comfort; PATIENT=leader; AGENT=lawyer
Sentence: the",Sentence: the,first_noun,-6.155840873718262,-5.3532280921936035,0.8026127815246582,passive,1.0
248,role_labeled,filler,filler,The sculpture stood in the hallway .,a lawyer comforts a leader .,a leader is comforted by a lawyer .,a,lawyer,a,leader,comfort,comforts,comforted,"[""VERB=comfort"", ""PATIENT=leader"", ""AGENT=lawyer""]","Prime sentence: The sculpture stood in the hallway .
Event roles: VERB=comfort; PATIENT=leader; AGENT=lawyer
Sentence: the",Sentence: the,first_noun,-6.470150947570801,-7.010440826416016,-0.5402898788452148,active,0.0
249,role_labeled,active,active,a wife strikes a winner .,a hero strikes a husband .,a husband is struck by a hero .,a,hero,a,husband,strik,strikes,struck,"[""PATIENT=husband"", ""AGENT=hero"", ""VERB=strik""]","Prime sentence: a wife strikes a winner .
Event roles: PATIENT=husband; AGENT=hero; VERB=strik
Sentence: the",Sentence: the,first_noun,-4.915093421936035,-3.3810818195343018,1.5340116024017334,passive,1.0
249,role_labeled,passive,passive,a winner is struck by a wife .,a hero strikes a husband .,a husband is struck by a hero .,a,hero,a,husband,strik,strikes,struck,"[""PATIENT=husband"", ""AGENT=hero"", ""VERB=strik""]","Prime sentence: a winner is struck by a wife .
Event roles: PATIENT=husband; AGENT=hero; VERB=strik
Sentence: the",Sentence: the,first_noun,-4.400088310241699,-3.22507905960083,1.1750092506408691,passive,1.0
249,role_labeled,no_prime_eos,no_prime_eos,,a hero strikes a husband .,a husband is struck by a hero .,a,hero,a,husband,strik,strikes,struck,"[""PATIENT=husband"", ""AGENT=hero"", ""VERB=strik""]","Event roles: PATIENT=husband; AGENT=hero; VERB=strik
Sentence: the",Sentence: the,first_noun,-3.3072571754455566,-4.60861349105835,-1.301356315612793,active,0.0
249,role_labeled,filler,filler,The baker laughed during breakfast .,a hero strikes a husband .,a husband is struck by a hero .,a,hero,a,husband,strik,strikes,struck,"[""PATIENT=husband"", ""AGENT=hero"", ""VERB=strik""]","Prime sentence: The baker laughed during breakfast .
Event roles: PATIENT=husband; AGENT=hero; VERB=strik
Sentence: the",Sentence: the,first_noun,-5.854825019836426,-4.212268829345703,1.6425561904907227,passive,1.0
250,role_labeled,active,active,a king grabs a lady .,a woman grabs a worker .,a worker is grabbed by a woman .,a,woman,a,worker,grab,grabs,grabbed,"[""AGENT=woman"", ""PATIENT=worker"", ""VERB=grab""]","Prime sentence: a king grabs a lady .
Event roles: AGENT=woman; PATIENT=worker; VERB=grab
Sentence: the",Sentence: the,first_noun,-3.2430193424224854,-5.258878707885742,-2.015859365463257,active,0.0
250,role_labeled,passive,passive,a lady is grabbed by a king .,a woman grabs a worker .,a worker is grabbed by a woman .,a,woman,a,worker,grab,grabs,grabbed,"[""AGENT=woman"", ""PATIENT=worker"", ""VERB=grab""]","Prime sentence: a lady is grabbed by a king .
Event roles: AGENT=woman; PATIENT=worker; VERB=grab
Sentence: the",Sentence: the,first_noun,-3.050809621810913,-5.188229560852051,-2.1374199390411377,active,0.0
250,role_labeled,no_prime_eos,no_prime_eos,,a woman grabs a worker .,a worker is grabbed by a woman .,a,woman,a,worker,grab,grabs,grabbed,"[""AGENT=woman"", ""PATIENT=worker"", ""VERB=grab""]","Event roles: AGENT=woman; PATIENT=worker; VERB=grab
Sentence: the",Sentence: the,first_noun,-2.5690457820892334,-4.593815803527832,-2.0247700214385986,active,0.0
250,role_labeled,filler,filler,The lantern glowed near sunset .,a woman grabs a worker .,a worker is grabbed by a woman .,a,woman,a,worker,grab,grabs,grabbed,"[""AGENT=woman"", ""PATIENT=worker"", ""VERB=grab""]","Prime sentence: The lantern glowed near sunset .
Event roles: AGENT=woman; PATIENT=worker; VERB=grab
Sentence: the",Sentence: the,first_noun,-3.763577461242676,-5.329158782958984,-1.5655813217163086,active,0.0
251,role_labeled,active,active,a friend understands a girl .,a soldier understands a son .,a son is understood by a soldier .,a,soldier,a,son,understand,understands,understood,"[""AGENT=soldier"", ""PATIENT=son"", ""VERB=understand""]","Prime sentence: a friend understands a girl .
Event roles: AGENT=soldier; PATIENT=son; VERB=understand
Sentence: the",Sentence: the,first_noun,-4.196986198425293,-5.661273002624512,-1.4642868041992188,active,0.0
251,role_labeled,passive,passive,a girl is understood by a friend .,a soldier understands a son .,a son is understood by a soldier .,a,soldier,a,son,understand,understands,understood,"[""AGENT=soldier"", ""PATIENT=son"", ""VERB=understand""]","Prime sentence: a girl is understood by a friend .
Event roles: AGENT=soldier; PATIENT=son; VERB=understand
Sentence: the",Sentence: the,first_noun,-3.806361436843872,-5.632412910461426,-1.8260514736175537,active,0.0
251,role_labeled,no_prime_eos,no_prime_eos,,a soldier understands a son .,a son is understood by a soldier .,a,soldier,a,son,understand,understands,understood,"[""AGENT=soldier"", ""PATIENT=son"", ""VERB=understand""]","Event roles: AGENT=soldier; PATIENT=son; VERB=understand
Sentence: the",Sentence: the,first_noun,-3.603734254837036,-4.651889801025391,-1.0481555461883545,active,0.0
251,role_labeled,filler,filler,The package arrived before noon .,a soldier understands a son .,a son is understood by a soldier .,a,soldier,a,son,understand,understands,understood,"[""AGENT=soldier"", ""PATIENT=son"", ""VERB=understand""]","Prime sentence: The package arrived before noon .
Event roles: AGENT=soldier; PATIENT=son; VERB=understand
Sentence: the",Sentence: the,first_noun,-4.672703266143799,-5.5199055671691895,-0.8472023010253906,active,0.0
252,role_labeled,active,active,a partner teaches a physician .,a buddy teaches a candidate .,a candidate is taught by a buddy .,a,buddy,a,candidate,teach,teaches,taught,"[""PATIENT=candidate"", ""AGENT=buddy"", ""VERB=teach""]","Prime sentence: a partner teaches a physician .
Event roles: PATIENT=candidate; AGENT=buddy; VERB=teach
Sentence: the",Sentence: the,first_noun,-8.531085968017578,-4.817984580993652,3.713101387023926,passive,1.0
252,role_labeled,passive,passive,a physician is taught by a partner .,a buddy teaches a candidate .,a candidate is taught by a buddy .,a,buddy,a,candidate,teach,teaches,taught,"[""PATIENT=candidate"", ""AGENT=buddy"", ""VERB=teach""]","Prime sentence: a physician is taught by a partner .
Event roles: PATIENT=candidate; AGENT=buddy; VERB=teach
Sentence: the",Sentence: the,first_noun,-9.451581001281738,-4.882936477661133,4.5686445236206055,passive,1.0
252,role_labeled,no_prime_eos,no_prime_eos,,a buddy teaches a candidate .,a candidate is taught by a buddy .,a,buddy,a,candidate,teach,teaches,taught,"[""PATIENT=candidate"", ""AGENT=buddy"", ""VERB=teach""]","Event roles: PATIENT=candidate; AGENT=buddy; VERB=teach
Sentence: the",Sentence: the,first_noun,-7.835505485534668,-4.386359214782715,3.449146270751953,passive,1.0
252,role_labeled,filler,filler,The painter waited near the doorway .,a buddy teaches a candidate .,a candidate is taught by a buddy .,a,buddy,a,candidate,teach,teaches,taught,"[""PATIENT=candidate"", ""AGENT=buddy"", ""VERB=teach""]","Prime sentence: The painter waited near the doorway .
Event roles: PATIENT=candidate; AGENT=buddy; VERB=teach
Sentence: the",Sentence: the,first_noun,-9.273134231567383,-4.90693473815918,4.366199493408203,passive,1.0
253,role_labeled,active,active,a doctor forgives an employee .,a scientist forgives a secretary .,a secretary is forgiven by a scientist .,a,scientist,a,secretary,forgiv,forgives,forgiven,"[""PATIENT=secretary"", ""AGENT=scientist"", ""VERB=forgiv""]","Prime sentence: a doctor forgives an employee .
Event roles: PATIENT=secretary; AGENT=scientist; VERB=forgiv
Sentence: the",Sentence: the,first_noun,-4.400025367736816,-5.3264617919921875,-0.9264364242553711,active,0.0
253,role_labeled,passive,passive,an employee is forgiven by a doctor .,a scientist forgives a secretary .,a secretary is forgiven by a scientist .,a,scientist,a,secretary,forgiv,forgives,forgiven,"[""PATIENT=secretary"", ""AGENT=scientist"", ""VERB=forgiv""]","Prime sentence: an employee is forgiven by a doctor .
Event roles: PATIENT=secretary; AGENT=scientist; VERB=forgiv
Sentence: the",Sentence: the,first_noun,-4.311214447021484,-5.457784652709961,-1.1465702056884766,active,0.0
253,role_labeled,no_prime_eos,no_prime_eos,,a scientist forgives a secretary .,a secretary is forgiven by a scientist .,a,scientist,a,secretary,forgiv,forgives,forgiven,"[""PATIENT=secretary"", ""AGENT=scientist"", ""VERB=forgiv""]","Event roles: PATIENT=secretary; AGENT=scientist; VERB=forgiv
Sentence: the",Sentence: the,first_noun,-4.379029750823975,-6.513143539428711,-2.1341137886047363,active,0.0
253,role_labeled,filler,filler,The painter waited near the doorway .,a scientist forgives a secretary .,a secretary is forgiven by a scientist .,a,scientist,a,secretary,forgiv,forgives,forgiven,"[""PATIENT=secretary"", ""AGENT=scientist"", ""VERB=forgiv""]","Prime sentence: The painter waited near the doorway .
Event roles: PATIENT=secretary; AGENT=scientist; VERB=forgiv
Sentence: the",Sentence: the,first_noun,-3.6969635486602783,-5.421613693237305,-1.7246501445770264,active,0.0
254,role_labeled,active,active,an aunt joins an author .,a mayor joins a minister .,a minister is joined by a mayor .,a,mayor,a,minister,join,joins,joined,"[""VERB=join"", ""PATIENT=minister"", ""AGENT=mayor""]","Prime sentence: an aunt joins an author .
Event roles: VERB=join; PATIENT=minister; AGENT=mayor
Sentence: the",Sentence: the,first_noun,-3.640414237976074,-4.986428737640381,-1.3460144996643066,active,0.0
254,role_labeled,passive,passive,an author is joined by an aunt .,a mayor joins a minister .,a minister is joined by a mayor .,a,mayor,a,minister,join,joins,joined,"[""VERB=join"", ""PATIENT=minister"", ""AGENT=mayor""]","Prime sentence: an author is joined by an aunt .
Event roles: VERB=join; PATIENT=minister; AGENT=mayor
Sentence: the",Sentence: the,first_noun,-3.5786421298980713,-4.7968292236328125,-1.2181870937347412,active,0.0
254,role_labeled,no_prime_eos,no_prime_eos,,a mayor joins a minister .,a minister is joined by a mayor .,a,mayor,a,minister,join,joins,joined,"[""VERB=join"", ""PATIENT=minister"", ""AGENT=mayor""]","Event roles: VERB=join; PATIENT=minister; AGENT=mayor
Sentence: the",Sentence: the,first_noun,-3.6569058895111084,-4.565803527832031,-0.9088976383209229,active,0.0
254,role_labeled,filler,filler,The singer smiled after rehearsal .,a mayor joins a minister .,a minister is joined by a mayor .,a,mayor,a,minister,join,joins,joined,"[""VERB=join"", ""PATIENT=minister"", ""AGENT=mayor""]","Prime sentence: The singer smiled after rehearsal .
Event roles: VERB=join; PATIENT=minister; AGENT=mayor
Sentence: the",Sentence: the,first_noun,-3.205907106399536,-5.156554222106934,-1.9506471157073975,active,0.0
255,role_labeled,active,active,a champion bothers a chief .,a pilot bothers a president .,a president is bothered by a pilot .,a,pilot,a,president,bother,bothers,bothered,"[""PATIENT=president"", ""VERB=bother"", ""AGENT=pilot""]","Prime sentence: a champion bothers a chief .
Event roles: PATIENT=president; VERB=bother; AGENT=pilot
Sentence: the",Sentence: the,first_noun,-4.637144565582275,-3.705611228942871,0.9315333366394043,passive,1.0
255,role_labeled,passive,passive,a chief is bothered by a champion .,a pilot bothers a president .,a president is bothered by a pilot .,a,pilot,a,president,bother,bothers,bothered,"[""PATIENT=president"", ""VERB=bother"", ""AGENT=pilot""]","Prime sentence: a chief is bothered by a champion .
Event roles: PATIENT=president; VERB=bother; AGENT=pilot
Sentence: the",Sentence: the,first_noun,-4.3116679191589355,-3.5441689491271973,0.7674989700317383,passive,1.0
255,role_labeled,no_prime_eos,no_prime_eos,,a pilot bothers a president .,a president is bothered by a pilot .,a,pilot,a,president,bother,bothers,bothered,"[""PATIENT=president"", ""VERB=bother"", ""AGENT=pilot""]","Event roles: PATIENT=president; VERB=bother; AGENT=pilot
Sentence: the",Sentence: the,first_noun,-2.8154635429382324,-3.404238700866699,-0.5887751579284668,active,0.0
255,role_labeled,filler,filler,The notebook stayed on the shelf .,a pilot bothers a president .,a president is bothered by a pilot .,a,pilot,a,president,bother,bothers,bothered,"[""PATIENT=president"", ""VERB=bother"", ""AGENT=pilot""]","Prime sentence: The notebook stayed on the shelf .
Event roles: PATIENT=president; VERB=bother; AGENT=pilot
Sentence: the",Sentence: the,first_noun,-3.774726390838623,-3.9334192276000977,-0.1586928367614746,active,0.0
256,role_labeled,active,active,a singer catches a soldier .,an employer catches a father .,a father is caught by an employer .,an,employer,a,father,catch,catches,caught,"[""AGENT=employer"", ""PATIENT=father"", ""VERB=catch""]","Prime sentence: a singer catches a soldier .
Event roles: AGENT=employer; PATIENT=father; VERB=catch
Sentence: the",Sentence: the,first_noun,-6.411808013916016,-4.507723808288574,1.9040842056274414,passive,1.0
256,role_labeled,passive,passive,a soldier is caught by a singer .,an employer catches a father .,a father is caught by an employer .,an,employer,a,father,catch,catches,caught,"[""AGENT=employer"", ""PATIENT=father"", ""VERB=catch""]","Prime sentence: a soldier is caught by a singer .
Event roles: AGENT=employer; PATIENT=father; VERB=catch
Sentence: the",Sentence: the,first_noun,-5.887042045593262,-4.400276184082031,1.4867658615112305,passive,1.0
256,role_labeled,no_prime_eos,no_prime_eos,,an employer catches a father .,a father is caught by an employer .,an,employer,a,father,catch,catches,caught,"[""AGENT=employer"", ""PATIENT=father"", ""VERB=catch""]","Event roles: AGENT=employer; PATIENT=father; VERB=catch
Sentence: the",Sentence: the,first_noun,-4.828035831451416,-4.290896415710449,0.5371394157409668,passive,1.0
256,role_labeled,filler,filler,The violin echoed in the theater .,an employer catches a father .,a father is caught by an employer .,an,employer,a,father,catch,catches,caught,"[""AGENT=employer"", ""PATIENT=father"", ""VERB=catch""]","Prime sentence: The violin echoed in the theater .
Event roles: AGENT=employer; PATIENT=father; VERB=catch
Sentence: the",Sentence: the,first_noun,-8.237529754638672,-5.126334190368652,3.1111955642700195,passive,1.0
257,role_labeled,active,active,a hero chases a husband .,an uncle chases a wife .,a wife is chased by an uncle .,an,uncle,a,wife,chas,chases,chased,"[""AGENT=uncle"", ""VERB=chas"", ""PATIENT=wife""]","Prime sentence: a hero chases a husband .
Event roles: AGENT=uncle; VERB=chas; PATIENT=wife
Sentence: the",Sentence: the,first_noun,-4.968375205993652,-3.6699211597442627,1.2984540462493896,passive,1.0
257,role_labeled,passive,passive,a husband is chased by a hero .,an uncle chases a wife .,a wife is chased by an uncle .,an,uncle,a,wife,chas,chases,chased,"[""AGENT=uncle"", ""VERB=chas"", ""PATIENT=wife""]","Prime sentence: a husband is chased by a hero .
Event roles: AGENT=uncle; VERB=chas; PATIENT=wife
Sentence: the",Sentence: the,first_noun,-5.96999979019165,-4.162847995758057,1.8071517944335938,passive,1.0
257,role_labeled,no_prime_eos,no_prime_eos,,an uncle chases a wife .,a wife is chased by an uncle .,an,uncle,a,wife,chas,chases,chased,"[""AGENT=uncle"", ""VERB=chas"", ""PATIENT=wife""]","Event roles: AGENT=uncle; VERB=chas; PATIENT=wife
Sentence: the",Sentence: the,first_noun,-6.467631816864014,-4.583328723907471,1.884303092956543,passive,1.0
257,role_labeled,filler,filler,The tourist wandered through the plaza .,an uncle chases a wife .,a wife is chased by an uncle .,an,uncle,a,wife,chas,chases,chased,"[""AGENT=uncle"", ""VERB=chas"", ""PATIENT=wife""]","Prime sentence: The tourist wandered through the plaza .
Event roles: AGENT=uncle; VERB=chas; PATIENT=wife
Sentence: the",Sentence: the,first_noun,-4.33764123916626,-5.081820487976074,-0.7441792488098145,active,0.0
258,role_labeled,active,active,a girl kisses a guest .,a son kisses a student .,a student is kissed by a son .,a,son,a,student,kiss,kisses,kissed,"[""PATIENT=student"", ""AGENT=son"", ""VERB=kiss""]","Prime sentence: a girl kisses a guest .
Event roles: PATIENT=student; AGENT=son; VERB=kiss
Sentence: the",Sentence: the,first_noun,-5.416362762451172,-3.538102626800537,1.8782601356506348,passive,1.0
258,role_labeled,passive,passive,a guest is kissed by a girl .,a son kisses a student .,a student is kissed by a son .,a,son,a,student,kiss,kisses,kissed,"[""PATIENT=student"", ""AGENT=son"", ""VERB=kiss""]","Prime sentence: a guest is kissed by a girl .
Event roles: PATIENT=student; AGENT=son; VERB=kiss
Sentence: the",Sentence: the,first_noun,-5.402948379516602,-3.1706953048706055,2.232253074645996,passive,1.0
258,role_labeled,no_prime_eos,no_prime_eos,,a son kisses a student .,a student is kissed by a son .,a,son,a,student,kiss,kisses,kissed,"[""PATIENT=student"", ""AGENT=son"", ""VERB=kiss""]","Event roles: PATIENT=student; AGENT=son; VERB=kiss
Sentence: the",Sentence: the,first_noun,-4.350481986999512,-3.606982469558716,0.7434995174407959,passive,1.0
258,role_labeled,filler,filler,The baker laughed during breakfast .,a son kisses a student .,a student is kissed by a son .,a,son,a,student,kiss,kisses,kissed,"[""PATIENT=student"", ""AGENT=son"", ""VERB=kiss""]","Prime sentence: The baker laughed during breakfast .
Event roles: PATIENT=student; AGENT=son; VERB=kiss
Sentence: the",Sentence: the,first_noun,-5.051260948181152,-3.7717833518981934,1.279477596282959,passive,1.0
259,role_labeled,active,active,a prince hurries a princess .,a child hurries a colonel .,a colonel is hurried by a child .,a,child,a,colonel,hurry,hurries,hurried,"[""VERB=hurry"", ""PATIENT=colonel"", ""AGENT=child""]","Prime sentence: a prince hurries a princess .
Event roles: VERB=hurry; PATIENT=colonel; AGENT=child
Sentence: the",Sentence: the,first_noun,-4.474522590637207,-6.155089378356934,-1.6805667877197266,active,0.0
259,role_labeled,passive,passive,a princess is hurried by a prince .,a child hurries a colonel .,a colonel is hurried by a child .,a,child,a,colonel,hurry,hurries,hurried,"[""VERB=hurry"", ""PATIENT=colonel"", ""AGENT=child""]","Prime sentence: a princess is hurried by a prince .
Event roles: VERB=hurry; PATIENT=colonel; AGENT=child
Sentence: the",Sentence: the,first_noun,-4.4984540939331055,-6.623484134674072,-2.125030040740967,active,0.0
259,role_labeled,no_prime_eos,no_prime_eos,,a child hurries a colonel .,a colonel is hurried by a child .,a,child,a,colonel,hurry,hurries,hurried,"[""VERB=hurry"", ""PATIENT=colonel"", ""AGENT=child""]","Event roles: VERB=hurry; PATIENT=colonel; AGENT=child
Sentence: the",Sentence: the,first_noun,-4.460692882537842,-5.547257423400879,-1.086564540863037,active,0.0
259,role_labeled,filler,filler,The garden brightened after rain .,a child hurries a colonel .,a colonel is hurried by a child .,a,child,a,colonel,hurry,hurries,hurried,"[""VERB=hurry"", ""PATIENT=colonel"", ""AGENT=child""]","Prime sentence: The garden brightened after rain .
Event roles: VERB=hurry; PATIENT=colonel; AGENT=child
Sentence: the",Sentence: the,first_noun,-4.98884391784668,-7.9309797286987305,-2.942135810852051,active,0.0
260,role_labeled,active,active,a candidate destroys a captain .,a partner destroys a physician .,a physician is destroyed by a partner .,a,partner,a,physician,destroy,destroys,destroyed,"[""VERB=destroy"", ""AGENT=partner"", ""PATIENT=physician""]","Prime sentence: a candidate destroys a captain .
Event roles: VERB=destroy; AGENT=partner; PATIENT=physician
Sentence: the",Sentence: the,first_noun,-6.954805850982666,-5.686981201171875,1.267824649810791,passive,1.0
260,role_labeled,passive,passive,a captain is destroyed by a candidate .,a partner destroys a physician .,a physician is destroyed by a partner .,a,partner,a,physician,destroy,destroys,destroyed,"[""VERB=destroy"", ""AGENT=partner"", ""PATIENT=physician""]","Prime sentence: a captain is destroyed by a candidate .
Event roles: VERB=destroy; AGENT=partner; PATIENT=physician
Sentence: the",Sentence: the,first_noun,-7.150167942047119,-5.6348557472229,1.5153121948242188,passive,1.0
260,role_labeled,no_prime_eos,no_prime_eos,,a partner destroys a physician .,a physician is destroyed by a partner .,a,partner,a,physician,destroy,destroys,destroyed,"[""VERB=destroy"", ""AGENT=partner"", ""PATIENT=physician""]","Event roles: VERB=destroy; AGENT=partner; PATIENT=physician
Sentence: the",Sentence: the,first_noun,-7.061563968658447,-3.9289069175720215,3.132657051086426,passive,1.0
260,role_labeled,filler,filler,The planet shimmered above the valley .,a partner destroys a physician .,a physician is destroyed by a partner .,a,partner,a,physician,destroy,destroys,destroyed,"[""VERB=destroy"", ""AGENT=partner"", ""PATIENT=physician""]","Prime sentence: The planet shimmered above the valley .
Event roles: VERB=destroy; AGENT=partner; PATIENT=physician
Sentence: the",Sentence: the,first_noun,-9.20048713684082,-6.945764541625977,2.2547225952148438,passive,1.0
261,role_labeled,active,active,an opponent describes a parent .,a boy describes a brother .,a brother is described by a boy .,a,boy,a,brother,describ,describes,described,"[""VERB=describ"", ""AGENT=boy"", ""PATIENT=brother""]","Prime sentence: an opponent describes a parent .
Event roles: VERB=describ; AGENT=boy; PATIENT=brother
Sentence: the",Sentence: the,first_noun,-3.195697784423828,-5.572279453277588,-2.3765816688537598,active,0.0
261,role_labeled,passive,passive,a parent is described by an opponent .,a boy describes a brother .,a brother is described by a boy .,a,boy,a,brother,describ,describes,described,"[""VERB=describ"", ""AGENT=boy"", ""PATIENT=brother""]","Prime sentence: a parent is described by an opponent .
Event roles: VERB=describ; AGENT=boy; PATIENT=brother
Sentence: the",Sentence: the,first_noun,-3.6659131050109863,-5.912043571472168,-2.2461304664611816,active,0.0
261,role_labeled,no_prime_eos,no_prime_eos,,a boy describes a brother .,a brother is described by a boy .,a,boy,a,brother,describ,describes,described,"[""VERB=describ"", ""AGENT=boy"", ""PATIENT=brother""]","Event roles: VERB=describ; AGENT=boy; PATIENT=brother
Sentence: the",Sentence: the,first_noun,-3.4724884033203125,-6.0288496017456055,-2.556361198425293,active,0.0
261,role_labeled,filler,filler,The baker laughed during breakfast .,a boy describes a brother .,a brother is described by a boy .,a,boy,a,brother,describ,describes,described,"[""VERB=describ"", ""AGENT=boy"", ""PATIENT=brother""]","Prime sentence: The baker laughed during breakfast .
Event roles: VERB=describ; AGENT=boy; PATIENT=brother
Sentence: the",Sentence: the,first_noun,-2.829380512237549,-6.483304977416992,-3.6539244651794434,active,0.0
262,role_labeled,active,active,a winner forgets a woman .,a husband forgets a kid .,a kid is forgotten by a husband .,a,husband,a,kid,forget,forgets,forgotten,"[""AGENT=husband"", ""VERB=forget"", ""PATIENT=kid""]","Prime sentence: a winner forgets a woman .
Event roles: AGENT=husband; VERB=forget; PATIENT=kid
Sentence: the",Sentence: the,first_noun,-3.8667430877685547,-5.455397129058838,-1.5886540412902832,active,0.0
262,role_labeled,passive,passive,a woman is forgotten by a winner .,a husband forgets a kid .,a kid is forgotten by a husband .,a,husband,a,kid,forget,forgets,forgotten,"[""AGENT=husband"", ""VERB=forget"", ""PATIENT=kid""]","Prime sentence: a woman is forgotten by a winner .
Event roles: AGENT=husband; VERB=forget; PATIENT=kid
Sentence: the",Sentence: the,first_noun,-3.5979974269866943,-5.7366437911987305,-2.138646364212036,active,0.0
262,role_labeled,no_prime_eos,no_prime_eos,,a husband forgets a kid .,a kid is forgotten by a husband .,a,husband,a,kid,forget,forgets,forgotten,"[""AGENT=husband"", ""VERB=forget"", ""PATIENT=kid""]","Event roles: AGENT=husband; VERB=forget; PATIENT=kid
Sentence: the",Sentence: the,first_noun,-3.2312397956848145,-5.517245292663574,-2.2860054969787598,active,0.0
262,role_labeled,filler,filler,The market opened after sunrise .,a husband forgets a kid .,a kid is forgotten by a husband .,a,husband,a,kid,forget,forgets,forgotten,"[""AGENT=husband"", ""VERB=forget"", ""PATIENT=kid""]","Prime sentence: The market opened after sunrise .
Event roles: AGENT=husband; VERB=forget; PATIENT=kid
Sentence: the",Sentence: the,first_noun,-5.783329010009766,-6.312839508056641,-0.529510498046875,active,0.0
263,role_labeled,active,active,a winner raises a woman .,a husband raises a kid .,a kid is raised by a husband .,a,husband,a,kid,rais,raises,raised,"[""PATIENT=kid"", ""AGENT=husband"", ""VERB=rais""]","Prime sentence: a winner raises a woman .
Event roles: PATIENT=kid; AGENT=husband; VERB=rais
Sentence: the",Sentence: the,first_noun,-3.6288902759552,-5.1410064697265625,-1.5121161937713623,active,0.0
263,role_labeled,passive,passive,a woman is raised by a winner .,a husband raises a kid .,a kid is raised by a husband .,a,husband,a,kid,rais,raises,raised,"[""PATIENT=kid"", ""AGENT=husband"", ""VERB=rais""]","Prime sentence: a woman is raised by a winner .
Event roles: PATIENT=kid; AGENT=husband; VERB=rais
Sentence: the",Sentence: the,first_noun,-3.7133102416992188,-5.864365577697754,-2.151055335998535,active,0.0
263,role_labeled,no_prime_eos,no_prime_eos,,a husband raises a kid .,a kid is raised by a husband .,a,husband,a,kid,rais,raises,raised,"[""PATIENT=kid"", ""AGENT=husband"", ""VERB=rais""]","Event roles: PATIENT=kid; AGENT=husband; VERB=rais
Sentence: the",Sentence: the,first_noun,-3.87982177734375,-6.415205001831055,-2.5353832244873047,active,0.0
263,role_labeled,filler,filler,The teacher listened during assembly .,a husband raises a kid .,a kid is raised by a husband .,a,husband,a,kid,rais,raises,raised,"[""PATIENT=kid"", ""AGENT=husband"", ""VERB=rais""]","Prime sentence: The teacher listened during assembly .
Event roles: PATIENT=kid; AGENT=husband; VERB=rais
Sentence: the",Sentence: the,first_noun,-4.059236526489258,-3.974173069000244,0.08506345748901367,passive,1.0
264,role_labeled,active,active,a princess protects a professor .,a colonel protects a cop .,a cop is protected by a colonel .,a,colonel,a,cop,protect,protects,protected,"[""PATIENT=cop"", ""AGENT=colonel"", ""VERB=protect""]","Prime sentence: a princess protects a professor .
Event roles: PATIENT=cop; AGENT=colonel; VERB=protect
Sentence: the",Sentence: the,first_noun,-5.402824878692627,-6.00930643081665,-0.6064815521240234,active,0.0
264,role_labeled,passive,passive,a professor is protected by a princess .,a colonel protects a cop .,a cop is protected by a colonel .,a,colonel,a,cop,protect,protects,protected,"[""PATIENT=cop"", ""AGENT=colonel"", ""VERB=protect""]","Prime sentence: a professor is protected by a princess .
Event roles: PATIENT=cop; AGENT=colonel; VERB=protect
Sentence: the",Sentence: the,first_noun,-4.7284088134765625,-5.272610187530518,-0.5442013740539551,active,0.0
264,role_labeled,no_prime_eos,no_prime_eos,,a colonel protects a cop .,a cop is protected by a colonel .,a,colonel,a,cop,protect,protects,protected,"[""PATIENT=cop"", ""AGENT=colonel"", ""VERB=protect""]","Event roles: PATIENT=cop; AGENT=colonel; VERB=protect
Sentence: the",Sentence: the,first_noun,-5.0350751876831055,-5.704153060913086,-0.6690778732299805,active,0.0
264,role_labeled,filler,filler,The captain waited beside the harbor .,a colonel protects a cop .,a cop is protected by a colonel .,a,colonel,a,cop,protect,protects,protected,"[""PATIENT=cop"", ""AGENT=colonel"", ""VERB=protect""]","Prime sentence: The captain waited beside the harbor .
Event roles: PATIENT=cop; AGENT=colonel; VERB=protect
Sentence: the",Sentence: the,first_noun,-5.634305000305176,-6.448934555053711,-0.8146295547485352,active,0.0
265,role_labeled,active,active,a teacher kisses an uncle .,a guest kisses a guy .,a guy is kissed by a guest .,a,guest,a,guy,kiss,kisses,kissed,"[""AGENT=guest"", ""PATIENT=guy"", ""VERB=kiss""]","Prime sentence: a teacher kisses an uncle .
Event roles: AGENT=guest; PATIENT=guy; VERB=kiss
Sentence: the",Sentence: the,first_noun,-6.28900146484375,-4.348448753356934,1.9405527114868164,passive,1.0
265,role_labeled,passive,passive,an uncle is kissed by a teacher .,a guest kisses a guy .,a guy is kissed by a guest .,a,guest,a,guy,kiss,kisses,kissed,"[""AGENT=guest"", ""PATIENT=guy"", ""VERB=kiss""]","Prime sentence: an uncle is kissed by a teacher .
Event roles: AGENT=guest; PATIENT=guy; VERB=kiss
Sentence: the",Sentence: the,first_noun,-5.934540271759033,-4.317790508270264,1.6167497634887695,passive,1.0
265,role_labeled,no_prime_eos,no_prime_eos,,a guest kisses a guy .,a guy is kissed by a guest .,a,guest,a,guy,kiss,kisses,kissed,"[""AGENT=guest"", ""PATIENT=guy"", ""VERB=kiss""]","Event roles: AGENT=guest; PATIENT=guy; VERB=kiss
Sentence: the",Sentence: the,first_noun,-4.479563236236572,-4.038259506225586,0.44130373001098633,passive,1.0
265,role_labeled,filler,filler,The kettle whistled in the kitchen .,a guest kisses a guy .,a guy is kissed by a guest .,a,guest,a,guy,kiss,kisses,kissed,"[""AGENT=guest"", ""PATIENT=guy"", ""VERB=kiss""]","Prime sentence: The kettle whistled in the kitchen .
Event roles: AGENT=guest; PATIENT=guy; VERB=kiss
Sentence: the",Sentence: the,first_noun,-6.702808856964111,-5.5341877937316895,1.1686210632324219,passive,1.0
266,role_labeled,active,active,a manager bothers a mayor .,an adult bothers an attorney .,an attorney is bothered by an adult .,an,adult,an,attorney,bother,bothers,bothered,"[""AGENT=adult"", ""PATIENT=attorney"", ""VERB=bother""]","Prime sentence: a manager bothers a mayor .
Event roles: AGENT=adult; PATIENT=attorney; VERB=bother
Sentence: the",Sentence: the,first_noun,-5.751969337463379,-5.550021171569824,0.2019481658935547,passive,1.0
266,role_labeled,passive,passive,a mayor is bothered by a manager .,an adult bothers an attorney .,an attorney is bothered by an adult .,an,adult,an,attorney,bother,bothers,bothered,"[""AGENT=adult"", ""PATIENT=attorney"", ""VERB=bother""]","Prime sentence: a mayor is bothered by a manager .
Event roles: AGENT=adult; PATIENT=attorney; VERB=bother
Sentence: the",Sentence: the,first_noun,-6.673208713531494,-5.833233833312988,0.8399748802185059,passive,1.0
266,role_labeled,no_prime_eos,no_prime_eos,,an adult bothers an attorney .,an attorney is bothered by an adult .,an,adult,an,attorney,bother,bothers,bothered,"[""AGENT=adult"", ""PATIENT=attorney"", ""VERB=bother""]","Event roles: AGENT=adult; PATIENT=attorney; VERB=bother
Sentence: the",Sentence: the,first_noun,-4.986584663391113,-5.9075212478637695,-0.9209365844726562,active,0.0
266,role_labeled,filler,filler,The signal flickered across the screen .,an adult bothers an attorney .,an attorney is bothered by an adult .,an,adult,an,attorney,bother,bothers,bothered,"[""AGENT=adult"", ""PATIENT=attorney"", ""VERB=bother""]","Prime sentence: The signal flickered across the screen .
Event roles: AGENT=adult; PATIENT=attorney; VERB=bother
Sentence: the",Sentence: the,first_noun,-6.4855570793151855,-6.841404438018799,-0.3558473587036133,active,0.0
267,role_labeled,active,active,a colonel discovers a cop .,a prince discovers a princess .,a princess is discovered by a prince .,a,prince,a,princess,discover,discovers,discovered,"[""VERB=discover"", ""AGENT=prince"", ""PATIENT=princess""]","Prime sentence: a colonel discovers a cop .
Event roles: VERB=discover; AGENT=prince; PATIENT=princess
Sentence: the",Sentence: the,first_noun,-3.24267315864563,-3.5989716053009033,-0.35629844665527344,active,0.0
267,role_labeled,passive,passive,a cop is discovered by a colonel .,a prince discovers a princess .,a princess is discovered by a prince .,a,prince,a,princess,discover,discovers,discovered,"[""VERB=discover"", ""AGENT=prince"", ""PATIENT=princess""]","Prime sentence: a cop is discovered by a colonel .
Event roles: VERB=discover; AGENT=prince; PATIENT=princess
Sentence: the",Sentence: the,first_noun,-3.7771334648132324,-4.149672985076904,-0.3725395202636719,active,0.0
267,role_labeled,no_prime_eos,no_prime_eos,,a prince discovers a princess .,a princess is discovered by a prince .,a,prince,a,princess,discover,discovers,discovered,"[""VERB=discover"", ""AGENT=prince"", ""PATIENT=princess""]","Event roles: VERB=discover; AGENT=prince; PATIENT=princess
Sentence: the",Sentence: the,first_noun,-3.588270425796509,-3.905150890350342,-0.316880464553833,active,0.0
267,role_labeled,filler,filler,The singer smiled after rehearsal .,a prince discovers a princess .,a princess is discovered by a prince .,a,prince,a,princess,discover,discovers,discovered,"[""VERB=discover"", ""AGENT=prince"", ""PATIENT=princess""]","Prime sentence: The singer smiled after rehearsal .
Event roles: VERB=discover; AGENT=prince; PATIENT=princess
Sentence: the",Sentence: the,first_noun,-3.754723310470581,-4.3774638175964355,-0.6227405071258545,active,0.0
268,role_labeled,active,active,a colonel hurts a cop .,a prince hurts a princess .,a princess is hurt by a prince .,a,prince,a,princess,hurt,hurts,hurt,"[""PATIENT=princess"", ""VERB=hurt"", ""AGENT=prince""]","Prime sentence: a colonel hurts a cop .
Event roles: PATIENT=princess; VERB=hurt; AGENT=prince
Sentence: the",Sentence: the,first_noun,-3.464505910873413,-4.135673522949219,-0.6711676120758057,active,0.0
268,role_labeled,passive,passive,a cop is hurt by a colonel .,a prince hurts a princess .,a princess is hurt by a prince .,a,prince,a,princess,hurt,hurts,hurt,"[""PATIENT=princess"", ""VERB=hurt"", ""AGENT=prince""]","Prime sentence: a cop is hurt by a colonel .
Event roles: PATIENT=princess; VERB=hurt; AGENT=prince
Sentence: the",Sentence: the,first_noun,-3.716970920562744,-4.3551764488220215,-0.6382055282592773,active,0.0
268,role_labeled,no_prime_eos,no_prime_eos,,a prince hurts a princess .,a princess is hurt by a prince .,a,prince,a,princess,hurt,hurts,hurt,"[""PATIENT=princess"", ""VERB=hurt"", ""AGENT=prince""]","Event roles: PATIENT=princess; VERB=hurt; AGENT=prince
Sentence: the",Sentence: the,first_noun,-3.0320959091186523,-3.0289390087127686,0.003156900405883789,passive,1.0
268,role_labeled,filler,filler,The kettle whistled in the kitchen .,a prince hurts a princess .,a princess is hurt by a prince .,a,prince,a,princess,hurt,hurts,hurt,"[""PATIENT=princess"", ""VERB=hurt"", ""AGENT=prince""]","Prime sentence: The kettle whistled in the kitchen .
Event roles: PATIENT=princess; VERB=hurt; AGENT=prince
Sentence: the",Sentence: the,first_noun,-5.156068801879883,-6.0074944496154785,-0.8514256477355957,active,0.0
269,role_labeled,active,active,an employee raises an employer .,a secretary raises a sheriff .,a sheriff is raised by a secretary .,a,secretary,a,sheriff,rais,raises,raised,"[""PATIENT=sheriff"", ""VERB=rais"", ""AGENT=secretary""]","Prime sentence: an employee raises an employer .
Event roles: PATIENT=sheriff; VERB=rais; AGENT=secretary
Sentence: the",Sentence: the,first_noun,-4.811315536499023,-3.0636844635009766,1.7476310729980469,passive,1.0
269,role_labeled,passive,passive,an employer is raised by an employee .,a secretary raises a sheriff .,a sheriff is raised by a secretary .,a,secretary,a,sheriff,rais,raises,raised,"[""PATIENT=sheriff"", ""VERB=rais"", ""AGENT=secretary""]","Prime sentence: an employer is raised by an employee .
Event roles: PATIENT=sheriff; VERB=rais; AGENT=secretary
Sentence: the",Sentence: the,first_noun,-5.735810279846191,-3.572066307067871,2.1637439727783203,passive,1.0
269,role_labeled,no_prime_eos,no_prime_eos,,a secretary raises a sheriff .,a sheriff is raised by a secretary .,a,secretary,a,sheriff,rais,raises,raised,"[""PATIENT=sheriff"", ""VERB=rais"", ""AGENT=secretary""]","Event roles: PATIENT=sheriff; VERB=rais; AGENT=secretary
Sentence: the",Sentence: the,first_noun,-5.346487045288086,-6.288866996765137,-0.9423799514770508,active,0.0
269,role_labeled,filler,filler,The pillow rested on the sofa .,a secretary raises a sheriff .,a sheriff is raised by a secretary .,a,secretary,a,sheriff,rais,raises,raised,"[""PATIENT=sheriff"", ""VERB=rais"", ""AGENT=secretary""]","Prime sentence: The pillow rested on the sofa .
Event roles: PATIENT=sheriff; VERB=rais; AGENT=secretary
Sentence: the",Sentence: the,first_noun,-7.156321048736572,-5.51604700088501,1.6402740478515625,passive,1.0
270,role_labeled,active,active,an aunt catches an author .,a mayor catches a minister .,a minister is caught by a mayor .,a,mayor,a,minister,catch,catches,caught,"[""PATIENT=minister"", ""VERB=catch"", ""AGENT=mayor""]","Prime sentence: an aunt catches an author .
Event roles: PATIENT=minister; VERB=catch; AGENT=mayor
Sentence: the",Sentence: the,first_noun,-3.097090721130371,-4.66765022277832,-1.5705595016479492,active,0.0
270,role_labeled,passive,passive,an author is caught by an aunt .,a mayor catches a minister .,a minister is caught by a mayor .,a,mayor,a,minister,catch,catches,caught,"[""PATIENT=minister"", ""VERB=catch"", ""AGENT=mayor""]","Prime sentence: an author is caught by an aunt .
Event roles: PATIENT=minister; VERB=catch; AGENT=mayor
Sentence: the",Sentence: the,first_noun,-3.1386067867279053,-4.4398345947265625,-1.3012278079986572,active,0.0
270,role_labeled,no_prime_eos,no_prime_eos,,a mayor catches a minister .,a minister is caught by a mayor .,a,mayor,a,minister,catch,catches,caught,"[""PATIENT=minister"", ""VERB=catch"", ""AGENT=mayor""]","Event roles: PATIENT=minister; VERB=catch; AGENT=mayor
Sentence: the",Sentence: the,first_noun,-3.5460329055786133,-4.2282915115356445,-0.6822586059570312,active,0.0
270,role_labeled,filler,filler,The engine cooled before dawn .,a mayor catches a minister .,a minister is caught by a mayor .,a,mayor,a,minister,catch,catches,caught,"[""PATIENT=minister"", ""VERB=catch"", ""AGENT=mayor""]","Prime sentence: The engine cooled before dawn .
Event roles: PATIENT=minister; VERB=catch; AGENT=mayor
Sentence: the",Sentence: the,first_noun,-4.531449317932129,-6.451633453369141,-1.9201841354370117,active,0.0
271,role_labeled,active,active,a guy catches a hero .,a teacher catches an uncle .,an uncle is caught by a teacher .,a,teacher,an,uncle,catch,catches,caught,"[""VERB=catch"", ""PATIENT=uncle"", ""AGENT=teacher""]","Prime sentence: a guy catches a hero .
Event roles: VERB=catch; PATIENT=uncle; AGENT=teacher
Sentence: the",Sentence: the,first_noun,-3.9293031692504883,-6.917635917663574,-2.988332748413086,active,0.0
271,role_labeled,passive,passive,a hero is caught by a guy .,a teacher catches an uncle .,an uncle is caught by a teacher .,a,teacher,an,uncle,catch,catches,caught,"[""VERB=catch"", ""PATIENT=uncle"", ""AGENT=teacher""]","Prime sentence: a hero is caught by a guy .
Event roles: VERB=catch; PATIENT=uncle; AGENT=teacher
Sentence: the",Sentence: the,first_noun,-3.7708346843719482,-6.581092834472656,-2.810258150100708,active,0.0
271,role_labeled,no_prime_eos,no_prime_eos,,a teacher catches an uncle .,an uncle is caught by a teacher .,a,teacher,an,uncle,catch,catches,caught,"[""VERB=catch"", ""PATIENT=uncle"", ""AGENT=teacher""]","Event roles: VERB=catch; PATIENT=uncle; AGENT=teacher
Sentence: the",Sentence: the,first_noun,-3.414428949356079,-7.79356575012207,-4.379136800765991,active,0.0
271,role_labeled,filler,filler,The teacher listened during assembly .,a teacher catches an uncle .,an uncle is caught by a teacher .,a,teacher,an,uncle,catch,catches,caught,"[""VERB=catch"", ""PATIENT=uncle"", ""AGENT=teacher""]","Prime sentence: The teacher listened during assembly .
Event roles: VERB=catch; PATIENT=uncle; AGENT=teacher
Sentence: the",Sentence: the,first_noun,-0.8903336524963379,-5.404671669006348,-4.51433801651001,active,0.0
272,role_labeled,active,active,a boy hurries a brother .,a nurse hurries an opponent .,an opponent is hurried by a nurse .,a,nurse,an,opponent,hurry,hurries,hurried,"[""AGENT=nurse"", ""VERB=hurry"", ""PATIENT=opponent""]","Prime sentence: a boy hurries a brother .
Event roles: AGENT=nurse; VERB=hurry; PATIENT=opponent
Sentence: the",Sentence: the,first_noun,-3.1476850509643555,-7.467976093292236,-4.320291042327881,active,0.0
272,role_labeled,passive,passive,a brother is hurried by a boy .,a nurse hurries an opponent .,an opponent is hurried by a nurse .,a,nurse,an,opponent,hurry,hurries,hurried,"[""AGENT=nurse"", ""VERB=hurry"", ""PATIENT=opponent""]","Prime sentence: a brother is hurried by a boy .
Event roles: AGENT=nurse; VERB=hurry; PATIENT=opponent
Sentence: the",Sentence: the,first_noun,-3.3853540420532227,-7.543010711669922,-4.157656669616699,active,0.0
272,role_labeled,no_prime_eos,no_prime_eos,,a nurse hurries an opponent .,an opponent is hurried by a nurse .,a,nurse,an,opponent,hurry,hurries,hurried,"[""AGENT=nurse"", ""VERB=hurry"", ""PATIENT=opponent""]","Event roles: AGENT=nurse; VERB=hurry; PATIENT=opponent
Sentence: the",Sentence: the,first_noun,-2.980583429336548,-5.27630615234375,-2.295722723007202,active,0.0
272,role_labeled,filler,filler,The teacher listened during assembly .,a nurse hurries an opponent .,an opponent is hurried by a nurse .,a,nurse,an,opponent,hurry,hurries,hurried,"[""AGENT=nurse"", ""VERB=hurry"", ""PATIENT=opponent""]","Prime sentence: The teacher listened during assembly .
Event roles: AGENT=nurse; VERB=hurry; PATIENT=opponent
Sentence: the",Sentence: the,first_noun,-1.9590816497802734,-5.537756443023682,-3.578674793243408,active,0.0
273,role_labeled,active,active,a chief washes a child .,a president washes a priest .,a priest is washed by a president .,a,president,a,priest,wash,washes,washed,"[""VERB=wash"", ""PATIENT=priest"", ""AGENT=president""]","Prime sentence: a chief washes a child .
Event roles: VERB=wash; PATIENT=priest; AGENT=president
Sentence: the",Sentence: the,first_noun,-3.436717987060547,-4.003934860229492,-0.5672168731689453,active,0.0
273,role_labeled,passive,passive,a child is washed by a chief .,a president washes a priest .,a priest is washed by a president .,a,president,a,priest,wash,washes,washed,"[""VERB=wash"", ""PATIENT=priest"", ""AGENT=president""]","Prime sentence: a child is washed by a chief .
Event roles: VERB=wash; PATIENT=priest; AGENT=president
Sentence: the",Sentence: the,first_noun,-3.8370752334594727,-3.9554667472839355,-0.11839151382446289,active,0.0
273,role_labeled,no_prime_eos,no_prime_eos,,a president washes a priest .,a priest is washed by a president .,a,president,a,priest,wash,washes,washed,"[""VERB=wash"", ""PATIENT=priest"", ""AGENT=president""]","Event roles: VERB=wash; PATIENT=priest; AGENT=president
Sentence: the",Sentence: the,first_noun,-4.056372165679932,-4.443973541259766,-0.387601375579834,active,0.0
273,role_labeled,filler,filler,The signal flickered across the screen .,a president washes a priest .,a priest is washed by a president .,a,president,a,priest,wash,washes,washed,"[""VERB=wash"", ""PATIENT=priest"", ""AGENT=president""]","Prime sentence: The signal flickered across the screen .
Event roles: VERB=wash; PATIENT=priest; AGENT=president
Sentence: the",Sentence: the,first_noun,-3.8378357887268066,-4.167354583740234,-0.32951879501342773,active,0.0
274,role_labeled,active,active,a winner grabs a woman .,a husband grabs a kid .,a kid is grabbed by a husband .,a,husband,a,kid,grab,grabs,grabbed,"[""PATIENT=kid"", ""AGENT=husband"", ""VERB=grab""]","Prime sentence: a winner grabs a woman .
Event roles: PATIENT=kid; AGENT=husband; VERB=grab
Sentence: the",Sentence: the,first_noun,-2.9265217781066895,-4.803637504577637,-1.8771157264709473,active,0.0
274,role_labeled,passive,passive,a woman is grabbed by a winner .,a husband grabs a kid .,a kid is grabbed by a husband .,a,husband,a,kid,grab,grabs,grabbed,"[""PATIENT=kid"", ""AGENT=husband"", ""VERB=grab""]","Prime sentence: a woman is grabbed by a winner .
Event roles: PATIENT=kid; AGENT=husband; VERB=grab
Sentence: the",Sentence: the,first_noun,-3.3455190658569336,-5.088494300842285,-1.7429752349853516,active,0.0
274,role_labeled,no_prime_eos,no_prime_eos,,a husband grabs a kid .,a kid is grabbed by a husband .,a,husband,a,kid,grab,grabs,grabbed,"[""PATIENT=kid"", ""AGENT=husband"", ""VERB=grab""]","Event roles: PATIENT=kid; AGENT=husband; VERB=grab
Sentence: the",Sentence: the,first_noun,-3.4866416454315186,-5.568953990936279,-2.0823123455047607,active,0.0
274,role_labeled,filler,filler,The lantern glowed near sunset .,a husband grabs a kid .,a kid is grabbed by a husband .,a,husband,a,kid,grab,grabs,grabbed,"[""PATIENT=kid"", ""AGENT=husband"", ""VERB=grab""]","Prime sentence: The lantern glowed near sunset .
Event roles: PATIENT=kid; AGENT=husband; VERB=grab
Sentence: the",Sentence: the,first_noun,-5.882964134216309,-5.61307430267334,0.26988983154296875,passive,1.0
275,role_labeled,active,active,a reader helps a scientist .,a cousin helps a daughter .,a daughter is helped by a cousin .,a,cousin,a,daughter,help,helps,helped,"[""VERB=help"", ""PATIENT=daughter"", ""AGENT=cousin""]","Prime sentence: a reader helps a scientist .
Event roles: VERB=help; PATIENT=daughter; AGENT=cousin
Sentence: the",Sentence: the,first_noun,-8.329473495483398,-5.187814712524414,3.1416587829589844,passive,1.0
275,role_labeled,passive,passive,a scientist is helped by a reader .,a cousin helps a daughter .,a daughter is helped by a cousin .,a,cousin,a,daughter,help,helps,helped,"[""VERB=help"", ""PATIENT=daughter"", ""AGENT=cousin""]","Prime sentence: a scientist is helped by a reader .
Event roles: VERB=help; PATIENT=daughter; AGENT=cousin
Sentence: the",Sentence: the,first_noun,-8.367939949035645,-5.336954116821289,3.0309858322143555,passive,1.0
275,role_labeled,no_prime_eos,no_prime_eos,,a cousin helps a daughter .,a daughter is helped by a cousin .,a,cousin,a,daughter,help,helps,helped,"[""VERB=help"", ""PATIENT=daughter"", ""AGENT=cousin""]","Event roles: VERB=help; PATIENT=daughter; AGENT=cousin
Sentence: the",Sentence: the,first_noun,-8.003209114074707,-4.359787940979004,3.643421173095703,passive,1.0
275,role_labeled,filler,filler,The baker laughed during breakfast .,a cousin helps a daughter .,a daughter is helped by a cousin .,a,cousin,a,daughter,help,helps,helped,"[""VERB=help"", ""PATIENT=daughter"", ""AGENT=cousin""]","Prime sentence: The baker laughed during breakfast .
Event roles: VERB=help; PATIENT=daughter; AGENT=cousin
Sentence: the",Sentence: the,first_noun,-7.526541709899902,-6.168057441711426,1.3584842681884766,passive,1.0
276,role_labeled,active,active,a bishop protects a boy .,a mother protects a nurse .,a nurse is protected by a mother .,a,mother,a,nurse,protect,protects,protected,"[""AGENT=mother"", ""PATIENT=nurse"", ""VERB=protect""]","Prime sentence: a bishop protects a boy .
Event roles: AGENT=mother; PATIENT=nurse; VERB=protect
Sentence: the",Sentence: the,first_noun,-3.2592930793762207,-4.537241458892822,-1.2779483795166016,active,0.0
276,role_labeled,passive,passive,a boy is protected by a bishop .,a mother protects a nurse .,a nurse is protected by a mother .,a,mother,a,nurse,protect,protects,protected,"[""AGENT=mother"", ""PATIENT=nurse"", ""VERB=protect""]","Prime sentence: a boy is protected by a bishop .
Event roles: AGENT=mother; PATIENT=nurse; VERB=protect
Sentence: the",Sentence: the,first_noun,-3.583076000213623,-4.492034912109375,-0.908958911895752,active,0.0
276,role_labeled,no_prime_eos,no_prime_eos,,a mother protects a nurse .,a nurse is protected by a mother .,a,mother,a,nurse,protect,protects,protected,"[""AGENT=mother"", ""PATIENT=nurse"", ""VERB=protect""]","Event roles: AGENT=mother; PATIENT=nurse; VERB=protect
Sentence: the",Sentence: the,first_noun,-2.9682188034057617,-3.7368245124816895,-0.7686057090759277,active,0.0
276,role_labeled,filler,filler,The teacher listened during assembly .,a mother protects a nurse .,a nurse is protected by a mother .,a,mother,a,nurse,protect,protects,protected,"[""AGENT=mother"", ""PATIENT=nurse"", ""VERB=protect""]","Prime sentence: The teacher listened during assembly .
Event roles: AGENT=mother; PATIENT=nurse; VERB=protect
Sentence: the",Sentence: the,first_noun,-2.6729791164398193,-2.755356550216675,-0.08237743377685547,active,0.0
277,role_labeled,active,active,a priest bothers a prince .,a chief bothers a child .,a child is bothered by a chief .,a,chief,a,child,bother,bothers,bothered,"[""PATIENT=child"", ""AGENT=chief"", ""VERB=bother""]","Prime sentence: a priest bothers a prince .
Event roles: PATIENT=child; AGENT=chief; VERB=bother
Sentence: the",Sentence: the,first_noun,-4.873135566711426,-4.03860330581665,0.8345322608947754,passive,1.0
277,role_labeled,passive,passive,a prince is bothered by a priest .,a chief bothers a child .,a child is bothered by a chief .,a,chief,a,child,bother,bothers,bothered,"[""PATIENT=child"", ""AGENT=chief"", ""VERB=bother""]","Prime sentence: a prince is bothered by a priest .
Event roles: PATIENT=child; AGENT=chief; VERB=bother
Sentence: the",Sentence: the,first_noun,-4.773674011230469,-4.184940338134766,0.5887336730957031,passive,1.0
277,role_labeled,no_prime_eos,no_prime_eos,,a chief bothers a child .,a child is bothered by a chief .,a,chief,a,child,bother,bothers,bothered,"[""PATIENT=child"", ""AGENT=chief"", ""VERB=bother""]","Event roles: PATIENT=child; AGENT=chief; VERB=bother
Sentence: the",Sentence: the,first_noun,-4.115105628967285,-3.6117331981658936,0.5033724308013916,passive,1.0
277,role_labeled,filler,filler,The painter waited near the doorway .,a chief bothers a child .,a child is bothered by a chief .,a,chief,a,child,bother,bothers,bothered,"[""PATIENT=child"", ""AGENT=chief"", ""VERB=bother""]","Prime sentence: The painter waited near the doorway .
Event roles: PATIENT=child; AGENT=chief; VERB=bother
Sentence: the",Sentence: the,first_noun,-5.198071479797363,-3.493616819381714,1.7044546604156494,passive,1.0
278,role_labeled,active,active,a lady comforts a lawyer .,a worker comforts a writer .,a writer is comforted by a worker .,a,worker,a,writer,comfort,comforts,comforted,"[""PATIENT=writer"", ""AGENT=worker"", ""VERB=comfort""]","Prime sentence: a lady comforts a lawyer .
Event roles: PATIENT=writer; AGENT=worker; VERB=comfort
Sentence: the",Sentence: the,first_noun,-6.188176155090332,-5.655490875244141,0.5326852798461914,passive,1.0
278,role_labeled,passive,passive,a lawyer is comforted by a lady .,a worker comforts a writer .,a writer is comforted by a worker .,a,worker,a,writer,comfort,comforts,comforted,"[""PATIENT=writer"", ""AGENT=worker"", ""VERB=comfort""]","Prime sentence: a lawyer is comforted by a lady .
Event roles: PATIENT=writer; AGENT=worker; VERB=comfort
Sentence: the",Sentence: the,first_noun,-6.173555374145508,-5.408669471740723,0.7648859024047852,passive,1.0
278,role_labeled,no_prime_eos,no_prime_eos,,a worker comforts a writer .,a writer is comforted by a worker .,a,worker,a,writer,comfort,comforts,comforted,"[""PATIENT=writer"", ""AGENT=worker"", ""VERB=comfort""]","Event roles: PATIENT=writer; AGENT=worker; VERB=comfort
Sentence: the",Sentence: the,first_noun,-5.551784038543701,-5.904463291168213,-0.3526792526245117,active,0.0
278,role_labeled,filler,filler,The kettle whistled in the kitchen .,a worker comforts a writer .,a writer is comforted by a worker .,a,worker,a,writer,comfort,comforts,comforted,"[""PATIENT=writer"", ""AGENT=worker"", ""VERB=comfort""]","Prime sentence: The kettle whistled in the kitchen .
Event roles: PATIENT=writer; AGENT=worker; VERB=comfort
Sentence: the",Sentence: the,first_noun,-7.144599914550781,-7.48682975769043,-0.34222984313964844,active,0.0
279,role_labeled,active,active,a scientist kills a secretary .,a daughter kills a doctor .,a doctor is killed by a daughter .,a,daughter,a,doctor,kill,kills,killed,"[""AGENT=daughter"", ""VERB=kill"", ""PATIENT=doctor""]","Prime sentence: a scientist kills a secretary .
Event roles: AGENT=daughter; VERB=kill; PATIENT=doctor
Sentence: the",Sentence: the,first_noun,-4.502793312072754,-2.4800987243652344,2.0226945877075195,passive,1.0
279,role_labeled,passive,passive,a secretary is killed by a scientist .,a daughter kills a doctor .,a doctor is killed by a daughter .,a,daughter,a,doctor,kill,kills,killed,"[""AGENT=daughter"", ""VERB=kill"", ""PATIENT=doctor""]","Prime sentence: a secretary is killed by a scientist .
Event roles: AGENT=daughter; VERB=kill; PATIENT=doctor
Sentence: the",Sentence: the,first_noun,-4.649137020111084,-2.638939380645752,2.010197639465332,passive,1.0
279,role_labeled,no_prime_eos,no_prime_eos,,a daughter kills a doctor .,a doctor is killed by a daughter .,a,daughter,a,doctor,kill,kills,killed,"[""AGENT=daughter"", ""VERB=kill"", ""PATIENT=doctor""]","Event roles: AGENT=daughter; VERB=kill; PATIENT=doctor
Sentence: the",Sentence: the,first_noun,-4.484381675720215,-3.745241165161133,0.739140510559082,passive,1.0
279,role_labeled,filler,filler,The blanket dried on the line .,a daughter kills a doctor .,a doctor is killed by a daughter .,a,daughter,a,doctor,kill,kills,killed,"[""AGENT=daughter"", ""VERB=kill"", ""PATIENT=doctor""]","Prime sentence: The blanket dried on the line .
Event roles: AGENT=daughter; VERB=kill; PATIENT=doctor
Sentence: the",Sentence: the,first_noun,-6.465449333190918,-3.71618914604187,2.749260187149048,passive,1.0
280,role_labeled,active,active,a physician protects a pilot .,a candidate protects a captain .,a captain is protected by a candidate .,a,candidate,a,captain,protect,protects,protected,"[""AGENT=candidate"", ""VERB=protect"", ""PATIENT=captain""]","Prime sentence: a physician protects a pilot .
Event roles: AGENT=candidate; VERB=protect; PATIENT=captain
Sentence: the",Sentence: the,first_noun,-5.648939609527588,-3.628396987915039,2.020542621612549,passive,1.0
280,role_labeled,passive,passive,a pilot is protected by a physician .,a candidate protects a captain .,a captain is protected by a candidate .,a,candidate,a,captain,protect,protects,protected,"[""AGENT=candidate"", ""VERB=protect"", ""PATIENT=captain""]","Prime sentence: a pilot is protected by a physician .
Event roles: AGENT=candidate; VERB=protect; PATIENT=captain
Sentence: the",Sentence: the,first_noun,-5.107484340667725,-3.1601266860961914,1.9473576545715332,passive,1.0
280,role_labeled,no_prime_eos,no_prime_eos,,a candidate protects a captain .,a captain is protected by a candidate .,a,candidate,a,captain,protect,protects,protected,"[""AGENT=candidate"", ""VERB=protect"", ""PATIENT=captain""]","Event roles: AGENT=candidate; VERB=protect; PATIENT=captain
Sentence: the",Sentence: the,first_noun,-3.8951146602630615,-3.905247449874878,-0.010132789611816406,active,0.0
280,role_labeled,filler,filler,The teacher listened during assembly .,a candidate protects a captain .,a captain is protected by a candidate .,a,candidate,a,captain,protect,protects,protected,"[""AGENT=candidate"", ""VERB=protect"", ""PATIENT=captain""]","Prime sentence: The teacher listened during assembly .
Event roles: AGENT=candidate; VERB=protect; PATIENT=captain
Sentence: the",Sentence: the,first_noun,-3.70059871673584,-2.8150382041931152,0.8855605125427246,passive,1.0
281,role_labeled,active,active,a man drags a manager .,an actress drags an adult .,an adult is dragged by an actress .,an,actress,an,adult,drag,drags,dragged,"[""PATIENT=adult"", ""VERB=drag"", ""AGENT=actress""]","Prime sentence: a man drags a manager .
Event roles: PATIENT=adult; VERB=drag; AGENT=actress
Sentence: the",Sentence: the,first_noun,-6.7735161781311035,-6.538130760192871,0.23538541793823242,passive,1.0
281,role_labeled,passive,passive,a manager is dragged by a man .,an actress drags an adult .,an adult is dragged by an actress .,an,actress,an,adult,drag,drags,dragged,"[""PATIENT=adult"", ""VERB=drag"", ""AGENT=actress""]","Prime sentence: a manager is dragged by a man .
Event roles: PATIENT=adult; VERB=drag; AGENT=actress
Sentence: the",Sentence: the,first_noun,-6.851390361785889,-6.435169696807861,0.41622066497802734,passive,1.0
281,role_labeled,no_prime_eos,no_prime_eos,,an actress drags an adult .,an adult is dragged by an actress .,an,actress,an,adult,drag,drags,dragged,"[""PATIENT=adult"", ""VERB=drag"", ""AGENT=actress""]","Event roles: PATIENT=adult; VERB=drag; AGENT=actress
Sentence: the",Sentence: the,first_noun,-6.692981243133545,-5.752236843109131,0.9407444000244141,passive,1.0
281,role_labeled,filler,filler,The witness paused near the doorway .,an actress drags an adult .,an adult is dragged by an actress .,an,actress,an,adult,drag,drags,dragged,"[""PATIENT=adult"", ""VERB=drag"", ""AGENT=actress""]","Prime sentence: The witness paused near the doorway .
Event roles: PATIENT=adult; VERB=drag; AGENT=actress
Sentence: the",Sentence: the,first_noun,-5.998563766479492,-5.1310014724731445,0.8675622940063477,passive,1.0
282,role_labeled,active,active,a lawyer punches a leader .,a writer punches an actor .,an actor is punched by a writer .,a,writer,an,actor,punch,punches,punched,"[""PATIENT=actor"", ""AGENT=writer"", ""VERB=punch""]","Prime sentence: a lawyer punches a leader .
Event roles: PATIENT=actor; AGENT=writer; VERB=punch
Sentence: the",Sentence: the,first_noun,-5.6312174797058105,-3.7950706481933594,1.8361468315124512,passive,1.0
282,role_labeled,passive,passive,a leader is punched by a lawyer .,a writer punches an actor .,an actor is punched by a writer .,a,writer,an,actor,punch,punches,punched,"[""PATIENT=actor"", ""AGENT=writer"", ""VERB=punch""]","Prime sentence: a leader is punched by a lawyer .
Event roles: PATIENT=actor; AGENT=writer; VERB=punch
Sentence: the",Sentence: the,first_noun,-5.941086769104004,-3.8520560264587402,2.0890307426452637,passive,1.0
282,role_labeled,no_prime_eos,no_prime_eos,,a writer punches an actor .,an actor is punched by a writer .,a,writer,an,actor,punch,punches,punched,"[""PATIENT=actor"", ""AGENT=writer"", ""VERB=punch""]","Event roles: PATIENT=actor; AGENT=writer; VERB=punch
Sentence: the",Sentence: the,first_noun,-5.732873916625977,-4.721982002258301,1.0108919143676758,passive,1.0
282,role_labeled,filler,filler,The kettle whistled in the kitchen .,a writer punches an actor .,an actor is punched by a writer .,a,writer,an,actor,punch,punches,punched,"[""PATIENT=actor"", ""AGENT=writer"", ""VERB=punch""]","Prime sentence: The kettle whistled in the kitchen .
Event roles: PATIENT=actor; AGENT=writer; VERB=punch
Sentence: the",Sentence: the,first_noun,-8.044983863830566,-7.2615461349487305,0.7834377288818359,passive,1.0
283,role_labeled,active,active,a guy embraces a hero .,a teacher embraces an uncle .,an uncle is embraced by a teacher .,a,teacher,an,uncle,embrac,embraces,embraced,"[""PATIENT=uncle"", ""VERB=embrac"", ""AGENT=teacher""]","Prime sentence: a guy embraces a hero .
Event roles: PATIENT=uncle; VERB=embrac; AGENT=teacher
Sentence: the",Sentence: the,first_noun,-4.345439910888672,-6.577206611633301,-2.231766700744629,active,0.0
283,role_labeled,passive,passive,a hero is embraced by a guy .,a teacher embraces an uncle .,an uncle is embraced by a teacher .,a,teacher,an,uncle,embrac,embraces,embraced,"[""PATIENT=uncle"", ""VERB=embrac"", ""AGENT=teacher""]","Prime sentence: a hero is embraced by a guy .
Event roles: PATIENT=uncle; VERB=embrac; AGENT=teacher
Sentence: the",Sentence: the,first_noun,-4.393015384674072,-6.249849319458008,-1.8568339347839355,active,0.0
283,role_labeled,no_prime_eos,no_prime_eos,,a teacher embraces an uncle .,an uncle is embraced by a teacher .,a,teacher,an,uncle,embrac,embraces,embraced,"[""PATIENT=uncle"", ""VERB=embrac"", ""AGENT=teacher""]","Event roles: PATIENT=uncle; VERB=embrac; AGENT=teacher
Sentence: the",Sentence: the,first_noun,-3.136307954788208,-7.298562049865723,-4.162254095077515,active,0.0
283,role_labeled,filler,filler,The sculpture stood in the hallway .,a teacher embraces an uncle .,an uncle is embraced by a teacher .,a,teacher,an,uncle,embrac,embraces,embraced,"[""PATIENT=uncle"", ""VERB=embrac"", ""AGENT=teacher""]","Prime sentence: The sculpture stood in the hallway .
Event roles: PATIENT=uncle; VERB=embrac; AGENT=teacher
Sentence: the",Sentence: the,first_noun,-3.5201075077056885,-6.687324523925781,-3.1672170162200928,active,0.0
284,role_labeled,active,active,a pilot hurries a president .,a captain hurries a champion .,a champion is hurried by a captain .,a,captain,a,champion,hurry,hurries,hurried,"[""PATIENT=champion"", ""AGENT=captain"", ""VERB=hurry""]","Prime sentence: a pilot hurries a president .
Event roles: PATIENT=champion; AGENT=captain; VERB=hurry
Sentence: the",Sentence: the,first_noun,-4.1434855461120605,-6.794590473175049,-2.6511049270629883,active,0.0
284,role_labeled,passive,passive,a president is hurried by a pilot .,a captain hurries a champion .,a champion is hurried by a captain .,a,captain,a,champion,hurry,hurries,hurried,"[""PATIENT=champion"", ""AGENT=captain"", ""VERB=hurry""]","Prime sentence: a president is hurried by a pilot .
Event roles: PATIENT=champion; AGENT=captain; VERB=hurry
Sentence: the",Sentence: the,first_noun,-4.624053478240967,-7.697720527648926,-3.073667049407959,active,0.0
284,role_labeled,no_prime_eos,no_prime_eos,,a captain hurries a champion .,a champion is hurried by a captain .,a,captain,a,champion,hurry,hurries,hurried,"[""PATIENT=champion"", ""AGENT=captain"", ""VERB=hurry""]","Event roles: PATIENT=champion; AGENT=captain; VERB=hurry
Sentence: the",Sentence: the,first_noun,-3.6940667629241943,-5.014257431030273,-1.320190668106079,active,0.0
284,role_labeled,filler,filler,The radio crackled in the attic .,a captain hurries a champion .,a champion is hurried by a captain .,a,captain,a,champion,hurry,hurries,hurried,"[""PATIENT=champion"", ""AGENT=captain"", ""VERB=hurry""]","Prime sentence: The radio crackled in the attic .
Event roles: PATIENT=champion; AGENT=captain; VERB=hurry
Sentence: the",Sentence: the,first_noun,-4.867959022521973,-7.692111968994141,-2.824152946472168,active,0.0
285,role_labeled,active,active,a winner catches a woman .,a husband catches a kid .,a kid is caught by a husband .,a,husband,a,kid,catch,catches,caught,"[""VERB=catch"", ""PATIENT=kid"", ""AGENT=husband""]","Prime sentence: a winner catches a woman .
Event roles: VERB=catch; PATIENT=kid; AGENT=husband
Sentence: the",Sentence: the,first_noun,-3.6596016883850098,-5.660486221313477,-2.000884532928467,active,0.0
285,role_labeled,passive,passive,a woman is caught by a winner .,a husband catches a kid .,a kid is caught by a husband .,a,husband,a,kid,catch,catches,caught,"[""VERB=catch"", ""PATIENT=kid"", ""AGENT=husband""]","Prime sentence: a woman is caught by a winner .
Event roles: VERB=catch; PATIENT=kid; AGENT=husband
Sentence: the",Sentence: the,first_noun,-3.3571512699127197,-5.950166702270508,-2.593015432357788,active,0.0
285,role_labeled,no_prime_eos,no_prime_eos,,a husband catches a kid .,a kid is caught by a husband .,a,husband,a,kid,catch,catches,caught,"[""VERB=catch"", ""PATIENT=kid"", ""AGENT=husband""]","Event roles: VERB=catch; PATIENT=kid; AGENT=husband
Sentence: the",Sentence: the,first_noun,-3.81003475189209,-6.4654998779296875,-2.6554651260375977,active,0.0
285,role_labeled,filler,filler,The singer smiled after rehearsal .,a husband catches a kid .,a kid is caught by a husband .,a,husband,a,kid,catch,catches,caught,"[""VERB=catch"", ""PATIENT=kid"", ""AGENT=husband""]","Prime sentence: The singer smiled after rehearsal .
Event roles: VERB=catch; PATIENT=kid; AGENT=husband
Sentence: the",Sentence: the,first_noun,-4.54926872253418,-5.829668045043945,-1.2803993225097656,active,0.0
286,role_labeled,active,active,a mayor helps a minister .,an attorney helps an aunt .,an aunt is helped by an attorney .,an,attorney,an,aunt,help,helps,helped,"[""AGENT=attorney"", ""VERB=help"", ""PATIENT=aunt""]","Prime sentence: a mayor helps a minister .
Event roles: AGENT=attorney; VERB=help; PATIENT=aunt
Sentence: the",Sentence: the,first_noun,-5.47603702545166,-7.389997482299805,-1.9139604568481445,active,0.0
286,role_labeled,passive,passive,a minister is helped by a mayor .,an attorney helps an aunt .,an aunt is helped by an attorney .,an,attorney,an,aunt,help,helps,helped,"[""AGENT=attorney"", ""VERB=help"", ""PATIENT=aunt""]","Prime sentence: a minister is helped by a mayor .
Event roles: AGENT=attorney; VERB=help; PATIENT=aunt
Sentence: the",Sentence: the,first_noun,-5.241253852844238,-7.712917327880859,-2.471663475036621,active,0.0
286,role_labeled,no_prime_eos,no_prime_eos,,an attorney helps an aunt .,an aunt is helped by an attorney .,an,attorney,an,aunt,help,helps,helped,"[""AGENT=attorney"", ""VERB=help"", ""PATIENT=aunt""]","Event roles: AGENT=attorney; VERB=help; PATIENT=aunt
Sentence: the",Sentence: the,first_noun,-5.166402339935303,-8.344205856323242,-3.1778035163879395,active,0.0
286,role_labeled,filler,filler,The singer smiled after rehearsal .,an attorney helps an aunt .,an aunt is helped by an attorney .,an,attorney,an,aunt,help,helps,helped,"[""AGENT=attorney"", ""VERB=help"", ""PATIENT=aunt""]","Prime sentence: The singer smiled after rehearsal .
Event roles: AGENT=attorney; VERB=help; PATIENT=aunt
Sentence: the",Sentence: the,first_noun,-4.869916915893555,-6.233293056488037,-1.3633761405944824,active,0.0
287,role_labeled,active,active,a priest discovers a prince .,a chief discovers a child .,a child is discovered by a chief .,a,chief,a,child,discover,discovers,discovered,"[""VERB=discover"", ""AGENT=chief"", ""PATIENT=child""]","Prime sentence: a priest discovers a prince .
Event roles: VERB=discover; AGENT=chief; PATIENT=child
Sentence: the",Sentence: the,first_noun,-4.873437881469727,-4.128203392028809,0.745234489440918,passive,1.0
287,role_labeled,passive,passive,a prince is discovered by a priest .,a chief discovers a child .,a child is discovered by a chief .,a,chief,a,child,discover,discovers,discovered,"[""VERB=discover"", ""AGENT=chief"", ""PATIENT=child""]","Prime sentence: a prince is discovered by a priest .
Event roles: VERB=discover; AGENT=chief; PATIENT=child
Sentence: the",Sentence: the,first_noun,-4.536430358886719,-4.010770797729492,0.5256595611572266,passive,1.0
287,role_labeled,no_prime_eos,no_prime_eos,,a chief discovers a child .,a child is discovered by a chief .,a,chief,a,child,discover,discovers,discovered,"[""VERB=discover"", ""AGENT=chief"", ""PATIENT=child""]","Event roles: VERB=discover; AGENT=chief; PATIENT=child
Sentence: the",Sentence: the,first_noun,-4.314779281616211,-3.5243475437164307,0.7904317378997803,passive,1.0
287,role_labeled,filler,filler,The signal flickered across the screen .,a chief discovers a child .,a child is discovered by a chief .,a,chief,a,child,discover,discovers,discovered,"[""VERB=discover"", ""AGENT=chief"", ""PATIENT=child""]","Prime sentence: The signal flickered across the screen .
Event roles: VERB=discover; AGENT=chief; PATIENT=child
Sentence: the",Sentence: the,first_noun,-4.892920017242432,-4.259592056274414,0.6333279609680176,passive,1.0
288,role_labeled,active,active,a son teaches a student .,a friend teaches a girl .,a girl is taught by a friend .,a,friend,a,girl,teach,teaches,taught,"[""PATIENT=girl"", ""VERB=teach"", ""AGENT=friend""]","Prime sentence: a son teaches a student .
Event roles: PATIENT=girl; VERB=teach; AGENT=friend
Sentence: the",Sentence: the,first_noun,-4.889547348022461,-2.8020071983337402,2.0875401496887207,passive,1.0
288,role_labeled,passive,passive,a student is taught by a son .,a friend teaches a girl .,a girl is taught by a friend .,a,friend,a,girl,teach,teaches,taught,"[""PATIENT=girl"", ""VERB=teach"", ""AGENT=friend""]","Prime sentence: a student is taught by a son .
Event roles: PATIENT=girl; VERB=teach; AGENT=friend
Sentence: the",Sentence: the,first_noun,-4.83574104309082,-2.8508856296539307,1.9848554134368896,passive,1.0
288,role_labeled,no_prime_eos,no_prime_eos,,a friend teaches a girl .,a girl is taught by a friend .,a,friend,a,girl,teach,teaches,taught,"[""PATIENT=girl"", ""VERB=teach"", ""AGENT=friend""]","Event roles: PATIENT=girl; VERB=teach; AGENT=friend
Sentence: the",Sentence: the,first_noun,-5.340931415557861,-2.051969051361084,3.2889623641967773,passive,1.0
288,role_labeled,filler,filler,The sculpture stood in the hallway .,a friend teaches a girl .,a girl is taught by a friend .,a,friend,a,girl,teach,teaches,taught,"[""PATIENT=girl"", ""VERB=teach"", ""AGENT=friend""]","Prime sentence: The sculpture stood in the hallway .
Event roles: PATIENT=girl; VERB=teach; AGENT=friend
Sentence: the",Sentence: the,first_noun,-6.790868282318115,-2.6292383670806885,4.161629915237427,passive,1.0
289,role_labeled,active,active,a cop carries a cousin .,a princess carries a professor .,a professor is carried by a princess .,a,princess,a,professor,carry,carries,carried,"[""VERB=carry"", ""AGENT=princess"", ""PATIENT=professor""]","Prime sentence: a cop carries a cousin .
Event roles: VERB=carry; AGENT=princess; PATIENT=professor
Sentence: the",Sentence: the,first_noun,-4.738692283630371,-3.979017972946167,0.7596743106842041,passive,1.0
289,role_labeled,passive,passive,a cousin is carried by a cop .,a princess carries a professor .,a professor is carried by a princess .,a,princess,a,professor,carry,carries,carried,"[""VERB=carry"", ""AGENT=princess"", ""PATIENT=professor""]","Prime sentence: a cousin is carried by a cop .
Event roles: VERB=carry; AGENT=princess; PATIENT=professor
Sentence: the",Sentence: the,first_noun,-5.170312881469727,-4.522932052612305,0.6473808288574219,passive,1.0
289,role_labeled,no_prime_eos,no_prime_eos,,a princess carries a professor .,a professor is carried by a princess .,a,princess,a,professor,carry,carries,carried,"[""VERB=carry"", ""AGENT=princess"", ""PATIENT=professor""]","Event roles: VERB=carry; AGENT=princess; PATIENT=professor
Sentence: the",Sentence: the,first_noun,-4.861828327178955,-4.860969066619873,0.0008592605590820312,passive,1.0
289,role_labeled,filler,filler,The pillow rested on the sofa .,a princess carries a professor .,a professor is carried by a princess .,a,princess,a,professor,carry,carries,carried,"[""VERB=carry"", ""AGENT=princess"", ""PATIENT=professor""]","Prime sentence: The pillow rested on the sofa .
Event roles: VERB=carry; AGENT=princess; PATIENT=professor
Sentence: the",Sentence: the,first_noun,-5.720898151397705,-5.519813537597656,0.20108461380004883,passive,1.0
290,role_labeled,active,active,a champion describes a chief .,a pilot describes a president .,a president is described by a pilot .,a,pilot,a,president,describ,describes,described,"[""VERB=describ"", ""PATIENT=president"", ""AGENT=pilot""]","Prime sentence: a champion describes a chief .
Event roles: VERB=describ; PATIENT=president; AGENT=pilot
Sentence: the",Sentence: the,first_noun,-4.932092666625977,-3.8143160343170166,1.11777663230896,passive,1.0
290,role_labeled,passive,passive,a chief is described by a champion .,a pilot describes a president .,a president is described by a pilot .,a,pilot,a,president,describ,describes,described,"[""VERB=describ"", ""PATIENT=president"", ""AGENT=pilot""]","Prime sentence: a chief is described by a champion .
Event roles: VERB=describ; PATIENT=president; AGENT=pilot
Sentence: the",Sentence: the,first_noun,-4.877479553222656,-3.964952230453491,0.912527322769165,passive,1.0
290,role_labeled,no_prime_eos,no_prime_eos,,a pilot describes a president .,a president is described by a pilot .,a,pilot,a,president,describ,describes,described,"[""VERB=describ"", ""PATIENT=president"", ""AGENT=pilot""]","Event roles: VERB=describ; PATIENT=president; AGENT=pilot
Sentence: the",Sentence: the,first_noun,-3.2073683738708496,-3.84193754196167,-0.6345691680908203,active,0.0
290,role_labeled,filler,filler,The blanket dried on the line .,a pilot describes a president .,a president is described by a pilot .,a,pilot,a,president,describ,describes,described,"[""VERB=describ"", ""PATIENT=president"", ""AGENT=pilot""]","Prime sentence: The blanket dried on the line .
Event roles: VERB=describ; PATIENT=president; AGENT=pilot
Sentence: the",Sentence: the,first_noun,-4.629156112670898,-5.266167163848877,-0.6370110511779785,active,0.0
291,role_labeled,active,active,a partner hurts a physician .,a buddy hurts a candidate .,a candidate is hurt by a buddy .,a,buddy,a,candidate,hurt,hurts,hurt,"[""AGENT=buddy"", ""PATIENT=candidate"", ""VERB=hurt""]","Prime sentence: a partner hurts a physician .
Event roles: AGENT=buddy; PATIENT=candidate; VERB=hurt
Sentence: the",Sentence: the,first_noun,-7.190149307250977,-6.080206871032715,1.1099424362182617,passive,1.0
291,role_labeled,passive,passive,a physician is hurt by a partner .,a buddy hurts a candidate .,a candidate is hurt by a buddy .,a,buddy,a,candidate,hurt,hurts,hurt,"[""AGENT=buddy"", ""PATIENT=candidate"", ""VERB=hurt""]","Prime sentence: a physician is hurt by a partner .
Event roles: AGENT=buddy; PATIENT=candidate; VERB=hurt
Sentence: the",Sentence: the,first_noun,-8.74419116973877,-6.404647350311279,2.3395438194274902,passive,1.0
291,role_labeled,no_prime_eos,no_prime_eos,,a buddy hurts a candidate .,a candidate is hurt by a buddy .,a,buddy,a,candidate,hurt,hurts,hurt,"[""AGENT=buddy"", ""PATIENT=candidate"", ""VERB=hurt""]","Event roles: AGENT=buddy; PATIENT=candidate; VERB=hurt
Sentence: the",Sentence: the,first_noun,-7.495831489562988,-4.916810989379883,2.5790205001831055,passive,1.0
291,role_labeled,filler,filler,The painter waited near the doorway .,a buddy hurts a candidate .,a candidate is hurt by a buddy .,a,buddy,a,candidate,hurt,hurts,hurt,"[""AGENT=buddy"", ""PATIENT=candidate"", ""VERB=hurt""]","Prime sentence: The painter waited near the doorway .
Event roles: AGENT=buddy; PATIENT=candidate; VERB=hurt
Sentence: the",Sentence: the,first_noun,-8.41000747680664,-5.8572492599487305,2.55275821685791,passive,1.0
292,role_labeled,active,active,a brother hurries a buddy .,an opponent hurries a parent .,a parent is hurried by an opponent .,an,opponent,a,parent,hurry,hurries,hurried,"[""PATIENT=parent"", ""AGENT=opponent"", ""VERB=hurry""]","Prime sentence: a brother hurries a buddy .
Event roles: PATIENT=parent; AGENT=opponent; VERB=hurry
Sentence: the",Sentence: the,first_noun,-6.848227500915527,-5.684407711029053,1.1638197898864746,passive,1.0
292,role_labeled,passive,passive,a buddy is hurried by a brother .,an opponent hurries a parent .,a parent is hurried by an opponent .,an,opponent,a,parent,hurry,hurries,hurried,"[""PATIENT=parent"", ""AGENT=opponent"", ""VERB=hurry""]","Prime sentence: a buddy is hurried by a brother .
Event roles: PATIENT=parent; AGENT=opponent; VERB=hurry
Sentence: the",Sentence: the,first_noun,-6.821714401245117,-5.877485752105713,0.9442286491394043,passive,1.0
292,role_labeled,no_prime_eos,no_prime_eos,,an opponent hurries a parent .,a parent is hurried by an opponent .,an,opponent,a,parent,hurry,hurries,hurried,"[""PATIENT=parent"", ""AGENT=opponent"", ""VERB=hurry""]","Event roles: PATIENT=parent; AGENT=opponent; VERB=hurry
Sentence: the",Sentence: the,first_noun,-4.944299221038818,-6.189577579498291,-1.2452783584594727,active,0.0
292,role_labeled,filler,filler,The teacher listened during assembly .,an opponent hurries a parent .,a parent is hurried by an opponent .,an,opponent,a,parent,hurry,hurries,hurried,"[""PATIENT=parent"", ""AGENT=opponent"", ""VERB=hurry""]","Prime sentence: The teacher listened during assembly .
Event roles: PATIENT=parent; AGENT=opponent; VERB=hurry
Sentence: the",Sentence: the,first_noun,-5.638304710388184,-4.792736530303955,0.8455681800842285,passive,1.0
293,role_labeled,active,active,a pilot washes a president .,a captain washes a champion .,a champion is washed by a captain .,a,captain,a,champion,wash,washes,washed,"[""PATIENT=champion"", ""VERB=wash"", ""AGENT=captain""]","Prime sentence: a pilot washes a president .
Event roles: PATIENT=champion; VERB=wash; AGENT=captain
Sentence: the",Sentence: the,first_noun,-4.197340965270996,-6.845860481262207,-2.648519515991211,active,0.0
293,role_labeled,passive,passive,a president is washed by a pilot .,a captain washes a champion .,a champion is washed by a captain .,a,captain,a,champion,wash,washes,washed,"[""PATIENT=champion"", ""VERB=wash"", ""AGENT=captain""]","Prime sentence: a president is washed by a pilot .
Event roles: PATIENT=champion; VERB=wash; AGENT=captain
Sentence: the",Sentence: the,first_noun,-4.460122108459473,-7.469012260437012,-3.008890151977539,active,0.0
293,role_labeled,no_prime_eos,no_prime_eos,,a captain washes a champion .,a champion is washed by a captain .,a,captain,a,champion,wash,washes,washed,"[""PATIENT=champion"", ""VERB=wash"", ""AGENT=captain""]","Event roles: PATIENT=champion; VERB=wash; AGENT=captain
Sentence: the",Sentence: the,first_noun,-3.704725980758667,-5.040928363800049,-1.3362023830413818,active,0.0
293,role_labeled,filler,filler,The engine cooled before dawn .,a captain washes a champion .,a champion is washed by a captain .,a,captain,a,champion,wash,washes,washed,"[""PATIENT=champion"", ""VERB=wash"", ""AGENT=captain""]","Prime sentence: The engine cooled before dawn .
Event roles: PATIENT=champion; VERB=wash; AGENT=captain
Sentence: the",Sentence: the,first_noun,-4.274755477905273,-6.678716659545898,-2.403961181640625,active,0.0
294,role_labeled,active,active,a chief carries a child .,a president carries a priest .,a priest is carried by a president .,a,president,a,priest,carry,carries,carried,"[""AGENT=president"", ""VERB=carry"", ""PATIENT=priest""]","Prime sentence: a chief carries a child .
Event roles: AGENT=president; VERB=carry; PATIENT=priest
Sentence: the",Sentence: the,first_noun,-3.7100026607513428,-4.001954078674316,-0.29195141792297363,active,0.0
294,role_labeled,passive,passive,a child is carried by a chief .,a president carries a priest .,a priest is carried by a president .,a,president,a,priest,carry,carries,carried,"[""AGENT=president"", ""VERB=carry"", ""PATIENT=priest""]","Prime sentence: a child is carried by a chief .
Event roles: AGENT=president; VERB=carry; PATIENT=priest
Sentence: the",Sentence: the,first_noun,-3.81933856010437,-3.7721402645111084,0.04719829559326172,passive,1.0
294,role_labeled,no_prime_eos,no_prime_eos,,a president carries a priest .,a priest is carried by a president .,a,president,a,priest,carry,carries,carried,"[""AGENT=president"", ""VERB=carry"", ""PATIENT=priest""]","Event roles: AGENT=president; VERB=carry; PATIENT=priest
Sentence: the",Sentence: the,first_noun,-3.2573442459106445,-4.279101848602295,-1.0217576026916504,active,0.0
294,role_labeled,filler,filler,The kettle whistled in the kitchen .,a president carries a priest .,a priest is carried by a president .,a,president,a,priest,carry,carries,carried,"[""AGENT=president"", ""VERB=carry"", ""PATIENT=priest""]","Prime sentence: The kettle whistled in the kitchen .
Event roles: AGENT=president; VERB=carry; PATIENT=priest
Sentence: the",Sentence: the,first_noun,-4.896388053894043,-4.7855224609375,0.11086559295654297,passive,1.0
295,role_labeled,active,active,an actress drags an adult .,a leader drags a man .,a man is dragged by a leader .,a,leader,a,man,drag,drags,dragged,"[""PATIENT=man"", ""AGENT=leader"", ""VERB=drag""]","Prime sentence: an actress drags an adult .
Event roles: PATIENT=man; AGENT=leader; VERB=drag
Sentence: the",Sentence: the,first_noun,-5.388623237609863,-3.876849412918091,1.5117738246917725,passive,1.0
295,role_labeled,passive,passive,an adult is dragged by an actress .,a leader drags a man .,a man is dragged by a leader .,a,leader,a,man,drag,drags,dragged,"[""PATIENT=man"", ""AGENT=leader"", ""VERB=drag""]","Prime sentence: an adult is dragged by an actress .
Event roles: PATIENT=man; AGENT=leader; VERB=drag
Sentence: the",Sentence: the,first_noun,-4.765714168548584,-3.2327327728271484,1.5329813957214355,passive,1.0
295,role_labeled,no_prime_eos,no_prime_eos,,a leader drags a man .,a man is dragged by a leader .,a,leader,a,man,drag,drags,dragged,"[""PATIENT=man"", ""AGENT=leader"", ""VERB=drag""]","Event roles: PATIENT=man; AGENT=leader; VERB=drag
Sentence: the",Sentence: the,first_noun,-3.739708662033081,-4.135885238647461,-0.3961765766143799,active,0.0
295,role_labeled,filler,filler,The market opened after sunrise .,a leader drags a man .,a man is dragged by a leader .,a,leader,a,man,drag,drags,dragged,"[""PATIENT=man"", ""AGENT=leader"", ""VERB=drag""]","Prime sentence: The market opened after sunrise .
Event roles: PATIENT=man; AGENT=leader; VERB=drag
Sentence: the",Sentence: the,first_noun,-5.3577728271484375,-4.905549049377441,0.4522237777709961,passive,1.0
296,role_labeled,active,active,a boy punches a brother .,a nurse punches an opponent .,an opponent is punched by a nurse .,a,nurse,an,opponent,punch,punches,punched,"[""VERB=punch"", ""AGENT=nurse"", ""PATIENT=opponent""]","Prime sentence: a boy punches a brother .
Event roles: VERB=punch; AGENT=nurse; PATIENT=opponent
Sentence: the",Sentence: the,first_noun,-4.215808391571045,-7.508687973022461,-3.292879581451416,active,0.0
296,role_labeled,passive,passive,a brother is punched by a boy .,a nurse punches an opponent .,an opponent is punched by a nurse .,a,nurse,an,opponent,punch,punches,punched,"[""VERB=punch"", ""AGENT=nurse"", ""PATIENT=opponent""]","Prime sentence: a brother is punched by a boy .
Event roles: VERB=punch; AGENT=nurse; PATIENT=opponent
Sentence: the",Sentence: the,first_noun,-3.5734691619873047,-6.980306625366211,-3.4068374633789062,active,0.0
296,role_labeled,no_prime_eos,no_prime_eos,,a nurse punches an opponent .,an opponent is punched by a nurse .,a,nurse,an,opponent,punch,punches,punched,"[""VERB=punch"", ""AGENT=nurse"", ""PATIENT=opponent""]","Event roles: VERB=punch; AGENT=nurse; PATIENT=opponent
Sentence: the",Sentence: the,first_noun,-4.035303592681885,-4.9362053871154785,-0.9009017944335938,active,0.0
296,role_labeled,filler,filler,The witness paused near the doorway .,a nurse punches an opponent .,an opponent is punched by a nurse .,a,nurse,an,opponent,punch,punches,punched,"[""VERB=punch"", ""AGENT=nurse"", ""PATIENT=opponent""]","Prime sentence: The witness paused near the doorway .
Event roles: VERB=punch; AGENT=nurse; PATIENT=opponent
Sentence: the",Sentence: the,first_noun,-2.8095455169677734,-6.271231174468994,-3.4616856575012207,active,0.0
297,role_labeled,active,active,a chief punches a child .,a president punches a priest .,a priest is punched by a president .,a,president,a,priest,punch,punches,punched,"[""AGENT=president"", ""VERB=punch"", ""PATIENT=priest""]","Prime sentence: a chief punches a child .
Event roles: AGENT=president; VERB=punch; PATIENT=priest
Sentence: the",Sentence: the,first_noun,-2.9092512130737305,-3.8113508224487305,-0.902099609375,active,0.0
297,role_labeled,passive,passive,a child is punched by a chief .,a president punches a priest .,a priest is punched by a president .,a,president,a,priest,punch,punches,punched,"[""AGENT=president"", ""VERB=punch"", ""PATIENT=priest""]","Prime sentence: a child is punched by a chief .
Event roles: AGENT=president; VERB=punch; PATIENT=priest
Sentence: the",Sentence: the,first_noun,-2.8683698177337646,-3.1951546669006348,-0.3267848491668701,active,0.0
297,role_labeled,no_prime_eos,no_prime_eos,,a president punches a priest .,a priest is punched by a president .,a,president,a,priest,punch,punches,punched,"[""AGENT=president"", ""VERB=punch"", ""PATIENT=priest""]","Event roles: AGENT=president; VERB=punch; PATIENT=priest
Sentence: the",Sentence: the,first_noun,-3.103296995162964,-4.003844261169434,-0.9005472660064697,active,0.0
297,role_labeled,filler,filler,The captain waited beside the harbor .,a president punches a priest .,a priest is punched by a president .,a,president,a,priest,punch,punches,punched,"[""AGENT=president"", ""VERB=punch"", ""PATIENT=priest""]","Prime sentence: The captain waited beside the harbor .
Event roles: AGENT=president; VERB=punch; PATIENT=priest
Sentence: the",Sentence: the,first_noun,-4.0911173820495605,-4.3711137771606445,-0.279996395111084,active,0.0
298,role_labeled,active,active,a physician comforts a pilot .,a candidate comforts a captain .,a captain is comforted by a candidate .,a,candidate,a,captain,comfort,comforts,comforted,"[""AGENT=candidate"", ""VERB=comfort"", ""PATIENT=captain""]","Prime sentence: a physician comforts a pilot .
Event roles: AGENT=candidate; VERB=comfort; PATIENT=captain
Sentence: the",Sentence: the,first_noun,-5.6702141761779785,-3.585172653198242,2.0850415229797363,passive,1.0
298,role_labeled,passive,passive,a pilot is comforted by a physician .,a candidate comforts a captain .,a captain is comforted by a candidate .,a,candidate,a,captain,comfort,comforts,comforted,"[""AGENT=candidate"", ""VERB=comfort"", ""PATIENT=captain""]","Prime sentence: a pilot is comforted by a physician .
Event roles: AGENT=candidate; VERB=comfort; PATIENT=captain
Sentence: the",Sentence: the,first_noun,-5.639165878295898,-3.586881399154663,2.0522844791412354,passive,1.0
298,role_labeled,no_prime_eos,no_prime_eos,,a candidate comforts a captain .,a captain is comforted by a candidate .,a,candidate,a,captain,comfort,comforts,comforted,"[""AGENT=candidate"", ""VERB=comfort"", ""PATIENT=captain""]","Event roles: AGENT=candidate; VERB=comfort; PATIENT=captain
Sentence: the",Sentence: the,first_noun,-4.367170333862305,-3.2279653549194336,1.139204978942871,passive,1.0
298,role_labeled,filler,filler,The radio crackled in the attic .,a candidate comforts a captain .,a captain is comforted by a candidate .,a,candidate,a,captain,comfort,comforts,comforted,"[""AGENT=candidate"", ""VERB=comfort"", ""PATIENT=captain""]","Prime sentence: The radio crackled in the attic .
Event roles: AGENT=candidate; VERB=comfort; PATIENT=captain
Sentence: the",Sentence: the,first_noun,-6.26145076751709,-4.2667131423950195,1.9947376251220703,passive,1.0
299,role_labeled,active,active,a physician understands a pilot .,a candidate understands a captain .,a captain is understood by a candidate .,a,candidate,a,captain,understand,understands,understood,"[""AGENT=candidate"", ""PATIENT=captain"", ""VERB=understand""]","Prime sentence: a physician understands a pilot .
Event roles: AGENT=candidate; PATIENT=captain; VERB=understand
Sentence: the",Sentence: the,first_noun,-5.949366569519043,-3.8344826698303223,2.1148838996887207,passive,1.0
299,role_labeled,passive,passive,a pilot is understood by a physician .,a candidate understands a captain .,a captain is understood by a candidate .,a,candidate,a,captain,understand,understands,understood,"[""AGENT=candidate"", ""PATIENT=captain"", ""VERB=understand""]","Prime sentence: a pilot is understood by a physician .
Event roles: AGENT=candidate; PATIENT=captain; VERB=understand
Sentence: the",Sentence: the,first_noun,-5.722572326660156,-3.6254308223724365,2.0971415042877197,passive,1.0
299,role_labeled,no_prime_eos,no_prime_eos,,a candidate understands a captain .,a captain is understood by a candidate .,a,candidate,a,captain,understand,understands,understood,"[""AGENT=candidate"", ""PATIENT=captain"", ""VERB=understand""]","Event roles: AGENT=candidate; PATIENT=captain; VERB=understand
Sentence: the",Sentence: the,first_noun,-4.6276397705078125,-3.380286693572998,1.2473530769348145,passive,1.0
299,role_labeled,filler,filler,The sculpture stood in the hallway .,a candidate understands a captain .,a captain is understood by a candidate .,a,candidate,a,captain,understand,understands,understood,"[""AGENT=candidate"", ""PATIENT=captain"", ""VERB=understand""]","Prime sentence: The sculpture stood in the hallway .
Event roles: AGENT=candidate; PATIENT=captain; VERB=understand
Sentence: the",Sentence: the,first_noun,-5.4617815017700195,-4.471993446350098,0.9897880554199219,passive,1.0
300,role_labeled,active,active,an author teaches a bishop .,a minister teaches a mother .,a mother is taught by a minister .,a,minister,a,mother,teach,teaches,taught,"[""PATIENT=mother"", ""AGENT=minister"", ""VERB=teach""]","Prime sentence: an author teaches a bishop .
Event roles: PATIENT=mother; AGENT=minister; VERB=teach
Sentence: the",Sentence: the,first_noun,-4.6053009033203125,-4.175476551055908,0.4298243522644043,passive,1.0
300,role_labeled,passive,passive,a bishop is taught by an author .,a minister teaches a mother .,a mother is taught by a minister .,a,minister,a,mother,teach,teaches,taught,"[""PATIENT=mother"", ""AGENT=minister"", ""VERB=teach""]","Prime sentence: a bishop is taught by an author .
Event roles: PATIENT=mother; AGENT=minister; VERB=teach
Sentence: the",Sentence: the,first_noun,-4.775891304016113,-4.235461711883545,0.5404295921325684,passive,1.0
300,role_labeled,no_prime_eos,no_prime_eos,,a minister teaches a mother .,a mother is taught by a minister .,a,minister,a,mother,teach,teaches,taught,"[""PATIENT=mother"", ""AGENT=minister"", ""VERB=teach""]","Event roles: PATIENT=mother; AGENT=minister; VERB=teach
Sentence: the",Sentence: the,first_noun,-4.410159111022949,-3.853067398071289,0.5570917129516602,passive,1.0
300,role_labeled,filler,filler,The lantern glowed near sunset .,a minister teaches a mother .,a mother is taught by a minister .,a,minister,a,mother,teach,teaches,taught,"[""PATIENT=mother"", ""AGENT=minister"", ""VERB=teach""]","Prime sentence: The lantern glowed near sunset .
Event roles: PATIENT=mother; AGENT=minister; VERB=teach
Sentence: the",Sentence: the,first_noun,-6.465093612670898,-5.126472473144531,1.3386211395263672,passive,1.0
301,role_labeled,active,active,a minister surprises a mother .,an aunt surprises an author .,an author is surprised by an aunt .,an,aunt,an,author,surpris,surprises,surprised,"[""AGENT=aunt"", ""VERB=surpris"", ""PATIENT=author""]","Prime sentence: a minister surprises a mother .
Event roles: AGENT=aunt; VERB=surpris; PATIENT=author
Sentence: the",Sentence: the,first_noun,-5.611357688903809,-6.04976224899292,-0.43840456008911133,active,0.0
301,role_labeled,passive,passive,a mother is surprised by a minister .,an aunt surprises an author .,an author is surprised by an aunt .,an,aunt,an,author,surpris,surprises,surprised,"[""AGENT=aunt"", ""VERB=surpris"", ""PATIENT=author""]","Prime sentence: a mother is surprised by a minister .
Event roles: AGENT=aunt; VERB=surpris; PATIENT=author
Sentence: the",Sentence: the,first_noun,-5.962712287902832,-6.118433952331543,-0.15572166442871094,active,0.0
301,role_labeled,no_prime_eos,no_prime_eos,,an aunt surprises an author .,an author is surprised by an aunt .,an,aunt,an,author,surpris,surprises,surprised,"[""AGENT=aunt"", ""VERB=surpris"", ""PATIENT=author""]","Event roles: AGENT=aunt; VERB=surpris; PATIENT=author
Sentence: the",Sentence: the,first_noun,-8.520517349243164,-4.631990432739258,3.8885269165039062,passive,1.0
301,role_labeled,filler,filler,The kettle whistled in the kitchen .,an aunt surprises an author .,an author is surprised by an aunt .,an,aunt,an,author,surpris,surprises,surprised,"[""AGENT=aunt"", ""VERB=surpris"", ""PATIENT=author""]","Prime sentence: The kettle whistled in the kitchen .
Event roles: AGENT=aunt; VERB=surpris; PATIENT=author
Sentence: the",Sentence: the,first_noun,-6.574714183807373,-7.931352138519287,-1.356637954711914,active,0.0
302,role_labeled,active,active,a brother describes a buddy .,an opponent describes a parent .,a parent is described by an opponent .,an,opponent,a,parent,describ,describes,described,"[""VERB=describ"", ""AGENT=opponent"", ""PATIENT=parent""]","Prime sentence: a brother describes a buddy .
Event roles: VERB=describ; AGENT=opponent; PATIENT=parent
Sentence: the",Sentence: the,first_noun,-7.301973819732666,-5.651239395141602,1.6507344245910645,passive,1.0
302,role_labeled,passive,passive,a buddy is described by a brother .,an opponent describes a parent .,a parent is described by an opponent .,an,opponent,a,parent,describ,describes,described,"[""VERB=describ"", ""AGENT=opponent"", ""PATIENT=parent""]","Prime sentence: a buddy is described by a brother .
Event roles: VERB=describ; AGENT=opponent; PATIENT=parent
Sentence: the",Sentence: the,first_noun,-6.605859756469727,-5.315398693084717,1.2904610633850098,passive,1.0
302,role_labeled,no_prime_eos,no_prime_eos,,an opponent describes a parent .,a parent is described by an opponent .,an,opponent,a,parent,describ,describes,described,"[""VERB=describ"", ""AGENT=opponent"", ""PATIENT=parent""]","Event roles: VERB=describ; AGENT=opponent; PATIENT=parent
Sentence: the",Sentence: the,first_noun,-5.163163661956787,-5.5006232261657715,-0.3374595642089844,active,0.0
302,role_labeled,filler,filler,The blanket dried on the line .,an opponent describes a parent .,a parent is described by an opponent .,an,opponent,a,parent,describ,describes,described,"[""VERB=describ"", ""AGENT=opponent"", ""PATIENT=parent""]","Prime sentence: The blanket dried on the line .
Event roles: VERB=describ; AGENT=opponent; PATIENT=parent
Sentence: the",Sentence: the,first_noun,-8.513715744018555,-6.796536445617676,1.717179298400879,passive,1.0
303,role_labeled,active,active,a physician helps a pilot .,a candidate helps a captain .,a captain is helped by a candidate .,a,candidate,a,captain,help,helps,helped,"[""PATIENT=captain"", ""VERB=help"", ""AGENT=candidate""]","Prime sentence: a physician helps a pilot .
Event roles: PATIENT=captain; VERB=help; AGENT=candidate
Sentence: the",Sentence: the,first_noun,-6.001420497894287,-3.032379150390625,2.969041347503662,passive,1.0
303,role_labeled,passive,passive,a pilot is helped by a physician .,a candidate helps a captain .,a captain is helped by a candidate .,a,candidate,a,captain,help,helps,helped,"[""PATIENT=captain"", ""VERB=help"", ""AGENT=candidate""]","Prime sentence: a pilot is helped by a physician .
Event roles: PATIENT=captain; VERB=help; AGENT=candidate
Sentence: the",Sentence: the,first_noun,-5.627998352050781,-3.1464576721191406,2.4815406799316406,passive,1.0
303,role_labeled,no_prime_eos,no_prime_eos,,a candidate helps a captain .,a captain is helped by a candidate .,a,candidate,a,captain,help,helps,helped,"[""PATIENT=captain"", ""VERB=help"", ""AGENT=candidate""]","Event roles: PATIENT=captain; VERB=help; AGENT=candidate
Sentence: the",Sentence: the,first_noun,-4.852151870727539,-3.314389705657959,1.53776216506958,passive,1.0
303,role_labeled,filler,filler,The engine cooled before dawn .,a candidate helps a captain .,a captain is helped by a candidate .,a,candidate,a,captain,help,helps,helped,"[""PATIENT=captain"", ""VERB=help"", ""AGENT=candidate""]","Prime sentence: The engine cooled before dawn .
Event roles: PATIENT=captain; VERB=help; AGENT=candidate
Sentence: the",Sentence: the,first_noun,-7.898343086242676,-3.764354705810547,4.133988380432129,passive,1.0
304,role_labeled,active,active,a princess embraces a professor .,a colonel embraces a cop .,a cop is embraced by a colonel .,a,colonel,a,cop,embrac,embraces,embraced,"[""PATIENT=cop"", ""VERB=embrac"", ""AGENT=colonel""]","Prime sentence: a princess embraces a professor .
Event roles: PATIENT=cop; VERB=embrac; AGENT=colonel
Sentence: the",Sentence: the,first_noun,-5.482381820678711,-6.156989097595215,-0.6746072769165039,active,0.0
304,role_labeled,passive,passive,a professor is embraced by a princess .,a colonel embraces a cop .,a cop is embraced by a colonel .,a,colonel,a,cop,embrac,embraces,embraced,"[""PATIENT=cop"", ""VERB=embrac"", ""AGENT=colonel""]","Prime sentence: a professor is embraced by a princess .
Event roles: PATIENT=cop; VERB=embrac; AGENT=colonel
Sentence: the",Sentence: the,first_noun,-5.457595348358154,-5.745576858520508,-0.2879815101623535,active,0.0
304,role_labeled,no_prime_eos,no_prime_eos,,a colonel embraces a cop .,a cop is embraced by a colonel .,a,colonel,a,cop,embrac,embraces,embraced,"[""PATIENT=cop"", ""VERB=embrac"", ""AGENT=colonel""]","Event roles: PATIENT=cop; VERB=embrac; AGENT=colonel
Sentence: the",Sentence: the,first_noun,-5.315820217132568,-5.58345890045166,-0.2676386833190918,active,0.0
304,role_labeled,filler,filler,The engine cooled before dawn .,a colonel embraces a cop .,a cop is embraced by a colonel .,a,colonel,a,cop,embrac,embraces,embraced,"[""PATIENT=cop"", ""VERB=embrac"", ""AGENT=colonel""]","Prime sentence: The engine cooled before dawn .
Event roles: PATIENT=cop; VERB=embrac; AGENT=colonel
Sentence: the",Sentence: the,first_noun,-5.785577774047852,-7.116645336151123,-1.3310675621032715,active,0.0
305,role_labeled,active,active,a wife catches a winner .,a hero catches a husband .,a husband is caught by a hero .,a,hero,a,husband,catch,catches,caught,"[""PATIENT=husband"", ""AGENT=hero"", ""VERB=catch""]","Prime sentence: a wife catches a winner .
Event roles: PATIENT=husband; AGENT=hero; VERB=catch
Sentence: the",Sentence: the,first_noun,-4.396090507507324,-2.7622578144073486,1.6338326930999756,passive,1.0
305,role_labeled,passive,passive,a winner is caught by a wife .,a hero catches a husband .,a husband is caught by a hero .,a,hero,a,husband,catch,catches,caught,"[""PATIENT=husband"", ""AGENT=hero"", ""VERB=catch""]","Prime sentence: a winner is caught by a wife .
Event roles: PATIENT=husband; AGENT=hero; VERB=catch
Sentence: the",Sentence: the,first_noun,-4.150241851806641,-2.5991008281707764,1.5511410236358643,passive,1.0
305,role_labeled,no_prime_eos,no_prime_eos,,a hero catches a husband .,a husband is caught by a hero .,a,hero,a,husband,catch,catches,caught,"[""PATIENT=husband"", ""AGENT=hero"", ""VERB=catch""]","Event roles: PATIENT=husband; AGENT=hero; VERB=catch
Sentence: the",Sentence: the,first_noun,-3.148613452911377,-3.9937045574188232,-0.8450911045074463,active,0.0
305,role_labeled,filler,filler,The radio crackled in the attic .,a hero catches a husband .,a husband is caught by a hero .,a,hero,a,husband,catch,catches,caught,"[""PATIENT=husband"", ""AGENT=hero"", ""VERB=catch""]","Prime sentence: The radio crackled in the attic .
Event roles: PATIENT=husband; AGENT=hero; VERB=catch
Sentence: the",Sentence: the,first_noun,-6.391200065612793,-5.547545433044434,0.8436546325683594,passive,1.0
306,role_labeled,active,active,an actor kisses an actress .,a lawyer kisses a leader .,a leader is kissed by a lawyer .,a,lawyer,a,leader,kiss,kisses,kissed,"[""PATIENT=leader"", ""AGENT=lawyer"", ""VERB=kiss""]","Prime sentence: an actor kisses an actress .
Event roles: PATIENT=leader; AGENT=lawyer; VERB=kiss
Sentence: the",Sentence: the,first_noun,-5.252717971801758,-5.148566246032715,0.10415172576904297,passive,1.0
306,role_labeled,passive,passive,an actress is kissed by an actor .,a lawyer kisses a leader .,a leader is kissed by a lawyer .,a,lawyer,a,leader,kiss,kisses,kissed,"[""PATIENT=leader"", ""AGENT=lawyer"", ""VERB=kiss""]","Prime sentence: an actress is kissed by an actor .
Event roles: PATIENT=leader; AGENT=lawyer; VERB=kiss
Sentence: the",Sentence: the,first_noun,-5.0372161865234375,-5.464455604553223,-0.42723941802978516,active,0.0
306,role_labeled,no_prime_eos,no_prime_eos,,a lawyer kisses a leader .,a leader is kissed by a lawyer .,a,lawyer,a,leader,kiss,kisses,kissed,"[""PATIENT=leader"", ""AGENT=lawyer"", ""VERB=kiss""]","Event roles: PATIENT=leader; AGENT=lawyer; VERB=kiss
Sentence: the",Sentence: the,first_noun,-5.404232978820801,-5.063933849334717,0.340299129486084,passive,1.0
306,role_labeled,filler,filler,The package arrived before noon .,a lawyer kisses a leader .,a leader is kissed by a lawyer .,a,lawyer,a,leader,kiss,kisses,kissed,"[""PATIENT=leader"", ""AGENT=lawyer"", ""VERB=kiss""]","Prime sentence: The package arrived before noon .
Event roles: PATIENT=leader; AGENT=lawyer; VERB=kiss
Sentence: the",Sentence: the,first_noun,-5.482411861419678,-6.65529727935791,-1.1728854179382324,active,0.0
307,role_labeled,active,active,a daughter teaches a doctor .,a reader teaches a scientist .,a scientist is taught by a reader .,a,reader,a,scientist,teach,teaches,taught,"[""VERB=teach"", ""PATIENT=scientist"", ""AGENT=reader""]","Prime sentence: a daughter teaches a doctor .
Event roles: VERB=teach; PATIENT=scientist; AGENT=reader
Sentence: the",Sentence: the,first_noun,-6.884910583496094,-4.238431930541992,2.6464786529541016,passive,1.0
307,role_labeled,passive,passive,a doctor is taught by a daughter .,a reader teaches a scientist .,a scientist is taught by a reader .,a,reader,a,scientist,teach,teaches,taught,"[""VERB=teach"", ""PATIENT=scientist"", ""AGENT=reader""]","Prime sentence: a doctor is taught by a daughter .
Event roles: VERB=teach; PATIENT=scientist; AGENT=reader
Sentence: the",Sentence: the,first_noun,-6.518391132354736,-3.8337888717651367,2.6846022605895996,passive,1.0
307,role_labeled,no_prime_eos,no_prime_eos,,a reader teaches a scientist .,a scientist is taught by a reader .,a,reader,a,scientist,teach,teaches,taught,"[""VERB=teach"", ""PATIENT=scientist"", ""AGENT=reader""]","Event roles: VERB=teach; PATIENT=scientist; AGENT=reader
Sentence: the",Sentence: the,first_noun,-4.772261619567871,-5.099910259246826,-0.3276486396789551,active,0.0
307,role_labeled,filler,filler,The engine cooled before dawn .,a reader teaches a scientist .,a scientist is taught by a reader .,a,reader,a,scientist,teach,teaches,taught,"[""VERB=teach"", ""PATIENT=scientist"", ""AGENT=reader""]","Prime sentence: The engine cooled before dawn .
Event roles: VERB=teach; PATIENT=scientist; AGENT=reader
Sentence: the",Sentence: the,first_noun,-7.769255638122559,-5.918575286865234,1.8506803512573242,passive,1.0
308,role_labeled,active,active,an actor joins an actress .,a lawyer joins a leader .,a leader is joined by a lawyer .,a,lawyer,a,leader,join,joins,joined,"[""PATIENT=leader"", ""AGENT=lawyer"", ""VERB=join""]","Prime sentence: an actor joins an actress .
Event roles: PATIENT=leader; AGENT=lawyer; VERB=join
Sentence: the",Sentence: the,first_noun,-5.6765336990356445,-4.594707489013672,1.0818262100219727,passive,1.0
308,role_labeled,passive,passive,an actress is joined by an actor .,a lawyer joins a leader .,a leader is joined by a lawyer .,a,lawyer,a,leader,join,joins,joined,"[""PATIENT=leader"", ""AGENT=lawyer"", ""VERB=join""]","Prime sentence: an actress is joined by an actor .
Event roles: PATIENT=leader; AGENT=lawyer; VERB=join
Sentence: the",Sentence: the,first_noun,-5.326348304748535,-4.539730072021484,0.7866182327270508,passive,1.0
308,role_labeled,no_prime_eos,no_prime_eos,,a lawyer joins a leader .,a leader is joined by a lawyer .,a,lawyer,a,leader,join,joins,joined,"[""PATIENT=leader"", ""AGENT=lawyer"", ""VERB=join""]","Event roles: PATIENT=leader; AGENT=lawyer; VERB=join
Sentence: the",Sentence: the,first_noun,-5.62130069732666,-4.116826057434082,1.5044746398925781,passive,1.0
308,role_labeled,filler,filler,The pillow rested on the sofa .,a lawyer joins a leader .,a leader is joined by a lawyer .,a,lawyer,a,leader,join,joins,joined,"[""PATIENT=leader"", ""AGENT=lawyer"", ""VERB=join""]","Prime sentence: The pillow rested on the sofa .
Event roles: PATIENT=leader; AGENT=lawyer; VERB=join
Sentence: the",Sentence: the,first_noun,-5.774965763092041,-7.769682884216309,-1.9947171211242676,active,0.0
309,role_labeled,active,active,a scientist chases a secretary .,a daughter chases a doctor .,a doctor is chased by a daughter .,a,daughter,a,doctor,chas,chases,chased,"[""AGENT=daughter"", ""PATIENT=doctor"", ""VERB=chas""]","Prime sentence: a scientist chases a secretary .
Event roles: AGENT=daughter; PATIENT=doctor; VERB=chas
Sentence: the",Sentence: the,first_noun,-5.006706237792969,-2.574681043624878,2.432025194168091,passive,1.0
309,role_labeled,passive,passive,a secretary is chased by a scientist .,a daughter chases a doctor .,a doctor is chased by a daughter .,a,daughter,a,doctor,chas,chases,chased,"[""AGENT=daughter"", ""PATIENT=doctor"", ""VERB=chas""]","Prime sentence: a secretary is chased by a scientist .
Event roles: AGENT=daughter; PATIENT=doctor; VERB=chas
Sentence: the",Sentence: the,first_noun,-5.733194351196289,-2.5167620182037354,3.2164323329925537,passive,1.0
309,role_labeled,no_prime_eos,no_prime_eos,,a daughter chases a doctor .,a doctor is chased by a daughter .,a,daughter,a,doctor,chas,chases,chased,"[""AGENT=daughter"", ""PATIENT=doctor"", ""VERB=chas""]","Event roles: AGENT=daughter; PATIENT=doctor; VERB=chas
Sentence: the",Sentence: the,first_noun,-4.790619850158691,-3.1086933612823486,1.6819264888763428,passive,1.0
309,role_labeled,filler,filler,The painter waited near the doorway .,a daughter chases a doctor .,a doctor is chased by a daughter .,a,daughter,a,doctor,chas,chases,chased,"[""AGENT=daughter"", ""PATIENT=doctor"", ""VERB=chas""]","Prime sentence: The painter waited near the doorway .
Event roles: AGENT=daughter; PATIENT=doctor; VERB=chas
Sentence: the",Sentence: the,first_noun,-5.548475742340088,-2.7447829246520996,2.8036928176879883,passive,1.0
310,role_labeled,active,active,a reader understands a scientist .,a cousin understands a daughter .,a daughter is understood by a cousin .,a,cousin,a,daughter,understand,understands,understood,"[""PATIENT=daughter"", ""AGENT=cousin"", ""VERB=understand""]","Prime sentence: a reader understands a scientist .
Event roles: PATIENT=daughter; AGENT=cousin; VERB=understand
Sentence: the",Sentence: the,first_noun,-8.278877258300781,-4.845208168029785,3.433669090270996,passive,1.0
310,role_labeled,passive,passive,a scientist is understood by a reader .,a cousin understands a daughter .,a daughter is understood by a cousin .,a,cousin,a,daughter,understand,understands,understood,"[""PATIENT=daughter"", ""AGENT=cousin"", ""VERB=understand""]","Prime sentence: a scientist is understood by a reader .
Event roles: PATIENT=daughter; AGENT=cousin; VERB=understand
Sentence: the",Sentence: the,first_noun,-8.288605690002441,-4.968926429748535,3.3196792602539062,passive,1.0
310,role_labeled,no_prime_eos,no_prime_eos,,a cousin understands a daughter .,a daughter is understood by a cousin .,a,cousin,a,daughter,understand,understands,understood,"[""PATIENT=daughter"", ""AGENT=cousin"", ""VERB=understand""]","Event roles: PATIENT=daughter; AGENT=cousin; VERB=understand
Sentence: the",Sentence: the,first_noun,-7.645665645599365,-4.191143035888672,3.4545226097106934,passive,1.0
310,role_labeled,filler,filler,The notebook stayed on the shelf .,a cousin understands a daughter .,a daughter is understood by a cousin .,a,cousin,a,daughter,understand,understands,understood,"[""PATIENT=daughter"", ""AGENT=cousin"", ""VERB=understand""]","Prime sentence: The notebook stayed on the shelf .
Event roles: PATIENT=daughter; AGENT=cousin; VERB=understand
Sentence: the",Sentence: the,first_noun,-7.609497547149658,-5.391721248626709,2.217776298522949,passive,1.0
311,role_labeled,active,active,an aunt bothers an author .,a mayor bothers a minister .,a minister is bothered by a mayor .,a,mayor,a,minister,bother,bothers,bothered,"[""VERB=bother"", ""AGENT=mayor"", ""PATIENT=minister""]","Prime sentence: an aunt bothers an author .
Event roles: VERB=bother; AGENT=mayor; PATIENT=minister
Sentence: the",Sentence: the,first_noun,-2.9659087657928467,-4.877645492553711,-1.9117367267608643,active,0.0
311,role_labeled,passive,passive,an author is bothered by an aunt .,a mayor bothers a minister .,a minister is bothered by a mayor .,a,mayor,a,minister,bother,bothers,bothered,"[""VERB=bother"", ""AGENT=mayor"", ""PATIENT=minister""]","Prime sentence: an author is bothered by an aunt .
Event roles: VERB=bother; AGENT=mayor; PATIENT=minister
Sentence: the",Sentence: the,first_noun,-3.10129714012146,-5.125092506408691,-2.0237953662872314,active,0.0
311,role_labeled,no_prime_eos,no_prime_eos,,a mayor bothers a minister .,a minister is bothered by a mayor .,a,mayor,a,minister,bother,bothers,bothered,"[""VERB=bother"", ""AGENT=mayor"", ""PATIENT=minister""]","Event roles: VERB=bother; AGENT=mayor; PATIENT=minister
Sentence: the",Sentence: the,first_noun,-2.874889612197876,-4.990182876586914,-2.115293264389038,active,0.0
311,role_labeled,filler,filler,The tourist wandered through the plaza .,a mayor bothers a minister .,a minister is bothered by a mayor .,a,mayor,a,minister,bother,bothers,bothered,"[""VERB=bother"", ""AGENT=mayor"", ""PATIENT=minister""]","Prime sentence: The tourist wandered through the plaza .
Event roles: VERB=bother; AGENT=mayor; PATIENT=minister
Sentence: the",Sentence: the,first_noun,-3.391964912414551,-5.507108211517334,-2.115143299102783,active,0.0
312,role_labeled,active,active,a mayor washes a minister .,an attorney washes an aunt .,an aunt is washed by an attorney .,an,attorney,an,aunt,wash,washes,washed,"[""AGENT=attorney"", ""PATIENT=aunt"", ""VERB=wash""]","Prime sentence: a mayor washes a minister .
Event roles: AGENT=attorney; PATIENT=aunt; VERB=wash
Sentence: the",Sentence: the,first_noun,-5.015267372131348,-7.207989692687988,-2.1927223205566406,active,0.0
312,role_labeled,passive,passive,a minister is washed by a mayor .,an attorney washes an aunt .,an aunt is washed by an attorney .,an,attorney,an,aunt,wash,washes,washed,"[""AGENT=attorney"", ""PATIENT=aunt"", ""VERB=wash""]","Prime sentence: a minister is washed by a mayor .
Event roles: AGENT=attorney; PATIENT=aunt; VERB=wash
Sentence: the",Sentence: the,first_noun,-5.481285572052002,-7.689713954925537,-2.208428382873535,active,0.0
312,role_labeled,no_prime_eos,no_prime_eos,,an attorney washes an aunt .,an aunt is washed by an attorney .,an,attorney,an,aunt,wash,washes,washed,"[""AGENT=attorney"", ""PATIENT=aunt"", ""VERB=wash""]","Event roles: AGENT=attorney; PATIENT=aunt; VERB=wash
Sentence: the",Sentence: the,first_noun,-5.39463996887207,-8.526461601257324,-3.131821632385254,active,0.0
312,role_labeled,filler,filler,The baker laughed during breakfast .,an attorney washes an aunt .,an aunt is washed by an attorney .,an,attorney,an,aunt,wash,washes,washed,"[""AGENT=attorney"", ""PATIENT=aunt"", ""VERB=wash""]","Prime sentence: The baker laughed during breakfast .
Event roles: AGENT=attorney; PATIENT=aunt; VERB=wash
Sentence: the",Sentence: the,first_noun,-5.19926643371582,-5.35243034362793,-0.15316390991210938,active,0.0
313,role_labeled,active,active,a chief joins a child .,a president joins a priest .,a priest is joined by a president .,a,president,a,priest,join,joins,joined,"[""PATIENT=priest"", ""AGENT=president"", ""VERB=join""]","Prime sentence: a chief joins a child .
Event roles: PATIENT=priest; AGENT=president; VERB=join
Sentence: the",Sentence: the,first_noun,-4.315812110900879,-3.6665542125701904,0.6492578983306885,passive,1.0
313,role_labeled,passive,passive,a child is joined by a chief .,a president joins a priest .,a priest is joined by a president .,a,president,a,priest,join,joins,joined,"[""PATIENT=priest"", ""AGENT=president"", ""VERB=join""]","Prime sentence: a child is joined by a chief .
Event roles: PATIENT=priest; AGENT=president; VERB=join
Sentence: the",Sentence: the,first_noun,-4.3259429931640625,-3.7649266719818115,0.561016321182251,passive,1.0
313,role_labeled,no_prime_eos,no_prime_eos,,a president joins a priest .,a priest is joined by a president .,a,president,a,priest,join,joins,joined,"[""PATIENT=priest"", ""AGENT=president"", ""VERB=join""]","Event roles: PATIENT=priest; AGENT=president; VERB=join
Sentence: the",Sentence: the,first_noun,-4.061853408813477,-4.070209503173828,-0.008356094360351562,active,0.0
313,role_labeled,filler,filler,The planet shimmered above the valley .,a president joins a priest .,a priest is joined by a president .,a,president,a,priest,join,joins,joined,"[""PATIENT=priest"", ""AGENT=president"", ""VERB=join""]","Prime sentence: The planet shimmered above the valley .
Event roles: PATIENT=priest; AGENT=president; VERB=join
Sentence: the",Sentence: the,first_noun,-4.6648101806640625,-5.017777442932129,-0.3529672622680664,active,0.0
314,role_labeled,active,active,an author forgives a bishop .,a minister forgives a mother .,a mother is forgiven by a minister .,a,minister,a,mother,forgiv,forgives,forgiven,"[""AGENT=minister"", ""VERB=forgiv"", ""PATIENT=mother""]","Prime sentence: an author forgives a bishop .
Event roles: AGENT=minister; VERB=forgiv; PATIENT=mother
Sentence: the",Sentence: the,first_noun,-4.615650653839111,-5.1624274253845215,-0.5467767715454102,active,0.0
314,role_labeled,passive,passive,a bishop is forgiven by an author .,a minister forgives a mother .,a mother is forgiven by a minister .,a,minister,a,mother,forgiv,forgives,forgiven,"[""AGENT=minister"", ""VERB=forgiv"", ""PATIENT=mother""]","Prime sentence: a bishop is forgiven by an author .
Event roles: AGENT=minister; VERB=forgiv; PATIENT=mother
Sentence: the",Sentence: the,first_noun,-4.501610279083252,-5.175131320953369,-0.6735210418701172,active,0.0
314,role_labeled,no_prime_eos,no_prime_eos,,a minister forgives a mother .,a mother is forgiven by a minister .,a,minister,a,mother,forgiv,forgives,forgiven,"[""AGENT=minister"", ""VERB=forgiv"", ""PATIENT=mother""]","Event roles: AGENT=minister; VERB=forgiv; PATIENT=mother
Sentence: the",Sentence: the,first_noun,-4.119869709014893,-4.631625175476074,-0.5117554664611816,active,0.0
314,role_labeled,filler,filler,The kettle whistled in the kitchen .,a minister forgives a mother .,a mother is forgiven by a minister .,a,minister,a,mother,forgiv,forgives,forgiven,"[""AGENT=minister"", ""VERB=forgiv"", ""PATIENT=mother""]","Prime sentence: The kettle whistled in the kitchen .
Event roles: AGENT=minister; VERB=forgiv; PATIENT=mother
Sentence: the",Sentence: the,first_noun,-6.451852798461914,-5.662236213684082,0.789616584777832,passive,1.0
315,role_labeled,active,active,a husband selects a kid .,a wife selects a winner .,a winner is selected by a wife .,a,wife,a,winner,select,selects,selected,"[""PATIENT=winner"", ""VERB=select"", ""AGENT=wife""]","Prime sentence: a husband selects a kid .
Event roles: PATIENT=winner; VERB=select; AGENT=wife
Sentence: the",Sentence: the,first_noun,-2.725721836090088,-5.9667792320251465,-3.2410573959350586,active,0.0
315,role_labeled,passive,passive,a kid is selected by a husband .,a wife selects a winner .,a winner is selected by a wife .,a,wife,a,winner,select,selects,selected,"[""PATIENT=winner"", ""VERB=select"", ""AGENT=wife""]","Prime sentence: a kid is selected by a husband .
Event roles: PATIENT=winner; VERB=select; AGENT=wife
Sentence: the",Sentence: the,first_noun,-2.8455100059509277,-5.842928886413574,-2.9974188804626465,active,0.0
315,role_labeled,no_prime_eos,no_prime_eos,,a wife selects a winner .,a winner is selected by a wife .,a,wife,a,winner,select,selects,selected,"[""PATIENT=winner"", ""VERB=select"", ""AGENT=wife""]","Event roles: PATIENT=winner; VERB=select; AGENT=wife
Sentence: the",Sentence: the,first_noun,-3.9145286083221436,-4.482769966125488,-0.5682413578033447,active,0.0
315,role_labeled,filler,filler,The sculpture stood in the hallway .,a wife selects a winner .,a winner is selected by a wife .,a,wife,a,winner,select,selects,selected,"[""PATIENT=winner"", ""VERB=select"", ""AGENT=wife""]","Prime sentence: The sculpture stood in the hallway .
Event roles: PATIENT=winner; VERB=select; AGENT=wife
Sentence: the",Sentence: the,first_noun,-4.379076957702637,-6.759019374847412,-2.3799424171447754,active,0.0
316,role_labeled,active,active,a lawyer bothers a leader .,a writer bothers an actor .,an actor is bothered by a writer .,a,writer,an,actor,bother,bothers,bothered,"[""AGENT=writer"", ""VERB=bother"", ""PATIENT=actor""]","Prime sentence: a lawyer bothers a leader .
Event roles: AGENT=writer; VERB=bother; PATIENT=actor
Sentence: the",Sentence: the,first_noun,-5.3466691970825195,-4.687307357788086,0.6593618392944336,passive,1.0
316,role_labeled,passive,passive,a leader is bothered by a lawyer .,a writer bothers an actor .,an actor is bothered by a writer .,a,writer,an,actor,bother,bothers,bothered,"[""AGENT=writer"", ""VERB=bother"", ""PATIENT=actor""]","Prime sentence: a leader is bothered by a lawyer .
Event roles: AGENT=writer; VERB=bother; PATIENT=actor
Sentence: the",Sentence: the,first_noun,-5.837874412536621,-5.405796527862549,0.43207788467407227,passive,1.0
316,role_labeled,no_prime_eos,no_prime_eos,,a writer bothers an actor .,an actor is bothered by a writer .,a,writer,an,actor,bother,bothers,bothered,"[""AGENT=writer"", ""VERB=bother"", ""PATIENT=actor""]","Event roles: AGENT=writer; VERB=bother; PATIENT=actor
Sentence: the",Sentence: the,first_noun,-4.617420196533203,-4.584280014038086,0.03314018249511719,passive,1.0
316,role_labeled,filler,filler,The radio crackled in the attic .,a writer bothers an actor .,an actor is bothered by a writer .,a,writer,an,actor,bother,bothers,bothered,"[""AGENT=writer"", ""VERB=bother"", ""PATIENT=actor""]","Prime sentence: The radio crackled in the attic .
Event roles: AGENT=writer; VERB=bother; PATIENT=actor
Sentence: the",Sentence: the,first_noun,-7.227910041809082,-6.768393039703369,0.4595170021057129,passive,1.0
317,role_labeled,active,active,a princess helps a professor .,a colonel helps a cop .,a cop is helped by a colonel .,a,colonel,a,cop,help,helps,helped,"[""AGENT=colonel"", ""VERB=help"", ""PATIENT=cop""]","Prime sentence: a princess helps a professor .
Event roles: AGENT=colonel; VERB=help; PATIENT=cop
Sentence: the",Sentence: the,first_noun,-3.9388389587402344,-5.6524481773376465,-1.713609218597412,active,0.0
317,role_labeled,passive,passive,a professor is helped by a princess .,a colonel helps a cop .,a cop is helped by a colonel .,a,colonel,a,cop,help,helps,helped,"[""AGENT=colonel"", ""VERB=help"", ""PATIENT=cop""]","Prime sentence: a professor is helped by a princess .
Event roles: AGENT=colonel; VERB=help; PATIENT=cop
Sentence: the",Sentence: the,first_noun,-3.305217742919922,-5.2305755615234375,-1.9253578186035156,active,0.0
317,role_labeled,no_prime_eos,no_prime_eos,,a colonel helps a cop .,a cop is helped by a colonel .,a,colonel,a,cop,help,helps,helped,"[""AGENT=colonel"", ""VERB=help"", ""PATIENT=cop""]","Event roles: AGENT=colonel; VERB=help; PATIENT=cop
Sentence: the",Sentence: the,first_noun,-3.9755859375,-5.723903656005859,-1.7483177185058594,active,0.0
317,role_labeled,filler,filler,The sculpture stood in the hallway .,a colonel helps a cop .,a cop is helped by a colonel .,a,colonel,a,cop,help,helps,helped,"[""AGENT=colonel"", ""VERB=help"", ""PATIENT=cop""]","Prime sentence: The sculpture stood in the hallway .
Event roles: AGENT=colonel; VERB=help; PATIENT=cop
Sentence: the",Sentence: the,first_noun,-4.269185543060303,-5.928925037384033,-1.6597394943237305,active,0.0
318,role_labeled,active,active,a parent judges a partner .,a brother judges a buddy .,a buddy is judged by a brother .,a,brother,a,buddy,judg,judges,judged,"[""VERB=judg"", ""PATIENT=buddy"", ""AGENT=brother""]","Prime sentence: a parent judges a partner .
Event roles: VERB=judg; PATIENT=buddy; AGENT=brother
Sentence: the",Sentence: the,first_noun,-5.679713249206543,-8.602982521057129,-2.923269271850586,active,0.0
318,role_labeled,passive,passive,a partner is judged by a parent .,a brother judges a buddy .,a buddy is judged by a brother .,a,brother,a,buddy,judg,judges,judged,"[""VERB=judg"", ""PATIENT=buddy"", ""AGENT=brother""]","Prime sentence: a partner is judged by a parent .
Event roles: VERB=judg; PATIENT=buddy; AGENT=brother
Sentence: the",Sentence: the,first_noun,-5.4547834396362305,-8.168375968933105,-2.713592529296875,active,0.0
318,role_labeled,no_prime_eos,no_prime_eos,,a brother judges a buddy .,a buddy is judged by a brother .,a,brother,a,buddy,judg,judges,judged,"[""VERB=judg"", ""PATIENT=buddy"", ""AGENT=brother""]","Event roles: VERB=judg; PATIENT=buddy; AGENT=brother
Sentence: the",Sentence: the,first_noun,-5.983819961547852,-9.081348419189453,-3.0975284576416016,active,0.0
318,role_labeled,filler,filler,The garden brightened after rain .,a brother judges a buddy .,a buddy is judged by a brother .,a,brother,a,buddy,judg,judges,judged,"[""VERB=judg"", ""PATIENT=buddy"", ""AGENT=brother""]","Prime sentence: The garden brightened after rain .
Event roles: VERB=judg; PATIENT=buddy; AGENT=brother
Sentence: the",Sentence: the,first_noun,-8.070489883422852,-10.46278190612793,-2.392292022705078,active,0.0
319,role_labeled,active,active,a daughter kisses a doctor .,a reader kisses a scientist .,a scientist is kissed by a reader .,a,reader,a,scientist,kiss,kisses,kissed,"[""AGENT=reader"", ""VERB=kiss"", ""PATIENT=scientist""]","Prime sentence: a daughter kisses a doctor .
Event roles: AGENT=reader; VERB=kiss; PATIENT=scientist
Sentence: the",Sentence: the,first_noun,-6.070561408996582,-3.772810459136963,2.297750949859619,passive,1.0
319,role_labeled,passive,passive,a doctor is kissed by a daughter .,a reader kisses a scientist .,a scientist is kissed by a reader .,a,reader,a,scientist,kiss,kisses,kissed,"[""AGENT=reader"", ""VERB=kiss"", ""PATIENT=scientist""]","Prime sentence: a doctor is kissed by a daughter .
Event roles: AGENT=reader; VERB=kiss; PATIENT=scientist
Sentence: the",Sentence: the,first_noun,-5.677196502685547,-3.463355779647827,2.2138407230377197,passive,1.0
319,role_labeled,no_prime_eos,no_prime_eos,,a reader kisses a scientist .,a scientist is kissed by a reader .,a,reader,a,scientist,kiss,kisses,kissed,"[""AGENT=reader"", ""VERB=kiss"", ""PATIENT=scientist""]","Event roles: AGENT=reader; VERB=kiss; PATIENT=scientist
Sentence: the",Sentence: the,first_noun,-4.466960906982422,-5.024605751037598,-0.5576448440551758,active,0.0
319,role_labeled,filler,filler,The sculpture stood in the hallway .,a reader kisses a scientist .,a scientist is kissed by a reader .,a,reader,a,scientist,kiss,kisses,kissed,"[""AGENT=reader"", ""VERB=kiss"", ""PATIENT=scientist""]","Prime sentence: The sculpture stood in the hallway .
Event roles: AGENT=reader; VERB=kiss; PATIENT=scientist
Sentence: the",Sentence: the,first_noun,-6.379827976226807,-4.0198163986206055,2.360011577606201,passive,1.0
320,role_labeled,active,active,a minister grabs a mother .,an aunt grabs an author .,an author is grabbed by an aunt .,an,aunt,an,author,grab,grabs,grabbed,"[""VERB=grab"", ""AGENT=aunt"", ""PATIENT=author""]","Prime sentence: a minister grabs a mother .
Event roles: VERB=grab; AGENT=aunt; PATIENT=author
Sentence: the",Sentence: the,first_noun,-5.650745391845703,-5.9535932540893555,-0.30284786224365234,active,0.0
320,role_labeled,passive,passive,a mother is grabbed by a minister .,an aunt grabs an author .,an author is grabbed by an aunt .,an,aunt,an,author,grab,grabs,grabbed,"[""VERB=grab"", ""AGENT=aunt"", ""PATIENT=author""]","Prime sentence: a mother is grabbed by a minister .
Event roles: VERB=grab; AGENT=aunt; PATIENT=author
Sentence: the",Sentence: the,first_noun,-6.013216972351074,-5.9290266036987305,0.08419036865234375,passive,1.0
320,role_labeled,no_prime_eos,no_prime_eos,,an aunt grabs an author .,an author is grabbed by an aunt .,an,aunt,an,author,grab,grabs,grabbed,"[""VERB=grab"", ""AGENT=aunt"", ""PATIENT=author""]","Event roles: VERB=grab; AGENT=aunt; PATIENT=author
Sentence: the",Sentence: the,first_noun,-9.382747650146484,-4.438665866851807,4.944081783294678,passive,1.0
320,role_labeled,filler,filler,The market opened after sunrise .,an aunt grabs an author .,an author is grabbed by an aunt .,an,aunt,an,author,grab,grabs,grabbed,"[""VERB=grab"", ""AGENT=aunt"", ""PATIENT=author""]","Prime sentence: The market opened after sunrise .
Event roles: VERB=grab; AGENT=aunt; PATIENT=author
Sentence: the",Sentence: the,first_noun,-9.340597152709961,-7.602758407592773,1.7378387451171875,passive,1.0
321,role_labeled,active,active,a teacher surprises an uncle .,a guest surprises a guy .,a guy is surprised by a guest .,a,guest,a,guy,surpris,surprises,surprised,"[""PATIENT=guy"", ""VERB=surpris"", ""AGENT=guest""]","Prime sentence: a teacher surprises an uncle .
Event roles: PATIENT=guy; VERB=surpris; AGENT=guest
Sentence: the",Sentence: the,first_noun,-5.75669002532959,-4.426400184631348,1.3302898406982422,passive,1.0
321,role_labeled,passive,passive,an uncle is surprised by a teacher .,a guest surprises a guy .,a guy is surprised by a guest .,a,guest,a,guy,surpris,surprises,surprised,"[""PATIENT=guy"", ""VERB=surpris"", ""AGENT=guest""]","Prime sentence: an uncle is surprised by a teacher .
Event roles: PATIENT=guy; VERB=surpris; AGENT=guest
Sentence: the",Sentence: the,first_noun,-5.6807661056518555,-4.334074020385742,1.3466920852661133,passive,1.0
321,role_labeled,no_prime_eos,no_prime_eos,,a guest surprises a guy .,a guy is surprised by a guest .,a,guest,a,guy,surpris,surprises,surprised,"[""PATIENT=guy"", ""VERB=surpris"", ""AGENT=guest""]","Event roles: PATIENT=guy; VERB=surpris; AGENT=guest
Sentence: the",Sentence: the,first_noun,-4.618680953979492,-4.373634338378906,0.24504661560058594,passive,1.0
321,role_labeled,filler,filler,The singer smiled after rehearsal .,a guest surprises a guy .,a guy is surprised by a guest .,a,guest,a,guy,surpris,surprises,surprised,"[""PATIENT=guy"", ""VERB=surpris"", ""AGENT=guest""]","Prime sentence: The singer smiled after rehearsal .
Event roles: PATIENT=guy; VERB=surpris; AGENT=guest
Sentence: the",Sentence: the,first_noun,-5.294166088104248,-4.12300443649292,1.1711616516113281,passive,1.0
322,role_labeled,active,active,a prince catches a princess .,a child catches a colonel .,a colonel is caught by a child .,a,child,a,colonel,catch,catches,caught,"[""VERB=catch"", ""PATIENT=colonel"", ""AGENT=child""]","Prime sentence: a prince catches a princess .
Event roles: VERB=catch; PATIENT=colonel; AGENT=child
Sentence: the",Sentence: the,first_noun,-4.35774040222168,-5.896121978759766,-1.538381576538086,active,0.0
322,role_labeled,passive,passive,a princess is caught by a prince .,a child catches a colonel .,a colonel is caught by a child .,a,child,a,colonel,catch,catches,caught,"[""VERB=catch"", ""PATIENT=colonel"", ""AGENT=child""]","Prime sentence: a princess is caught by a prince .
Event roles: VERB=catch; PATIENT=colonel; AGENT=child
Sentence: the",Sentence: the,first_noun,-4.379329681396484,-6.020486831665039,-1.6411571502685547,active,0.0
322,role_labeled,no_prime_eos,no_prime_eos,,a child catches a colonel .,a colonel is caught by a child .,a,child,a,colonel,catch,catches,caught,"[""VERB=catch"", ""PATIENT=colonel"", ""AGENT=child""]","Event roles: VERB=catch; PATIENT=colonel; AGENT=child
Sentence: the",Sentence: the,first_noun,-4.234121322631836,-5.269799709320068,-1.0356783866882324,active,0.0
322,role_labeled,filler,filler,The window rattled during the storm .,a child catches a colonel .,a colonel is caught by a child .,a,child,a,colonel,catch,catches,caught,"[""VERB=catch"", ""PATIENT=colonel"", ""AGENT=child""]","Prime sentence: The window rattled during the storm .
Event roles: VERB=catch; PATIENT=colonel; AGENT=child
Sentence: the",Sentence: the,first_noun,-5.04909610748291,-7.007347106933594,-1.9582509994506836,active,0.0
323,role_labeled,active,active,a physician destroys a pilot .,a candidate destroys a captain .,a captain is destroyed by a candidate .,a,candidate,a,captain,destroy,destroys,destroyed,"[""AGENT=candidate"", ""PATIENT=captain"", ""VERB=destroy""]","Prime sentence: a physician destroys a pilot .
Event roles: AGENT=candidate; PATIENT=captain; VERB=destroy
Sentence: the",Sentence: the,first_noun,-5.553836345672607,-3.3982789516448975,2.15555739402771,passive,1.0
323,role_labeled,passive,passive,a pilot is destroyed by a physician .,a candidate destroys a captain .,a captain is destroyed by a candidate .,a,candidate,a,captain,destroy,destroys,destroyed,"[""AGENT=candidate"", ""PATIENT=captain"", ""VERB=destroy""]","Prime sentence: a pilot is destroyed by a physician .
Event roles: AGENT=candidate; PATIENT=captain; VERB=destroy
Sentence: the",Sentence: the,first_noun,-5.308543682098389,-3.484435558319092,1.8241081237792969,passive,1.0
323,role_labeled,no_prime_eos,no_prime_eos,,a candidate destroys a captain .,a captain is destroyed by a candidate .,a,candidate,a,captain,destroy,destroys,destroyed,"[""AGENT=candidate"", ""PATIENT=captain"", ""VERB=destroy""]","Event roles: AGENT=candidate; PATIENT=captain; VERB=destroy
Sentence: the",Sentence: the,first_noun,-4.217020034790039,-3.230321168899536,0.9866988658905029,passive,1.0
323,role_labeled,filler,filler,The lantern glowed near sunset .,a candidate destroys a captain .,a captain is destroyed by a candidate .,a,candidate,a,captain,destroy,destroys,destroyed,"[""AGENT=candidate"", ""PATIENT=captain"", ""VERB=destroy""]","Prime sentence: The lantern glowed near sunset .
Event roles: AGENT=candidate; PATIENT=captain; VERB=destroy
Sentence: the",Sentence: the,first_noun,-6.969738960266113,-3.195211887359619,3.774527072906494,passive,1.0
324,role_labeled,active,active,a buddy grabs a candidate .,a parent grabs a partner .,a partner is grabbed by a parent .,a,parent,a,partner,grab,grabs,grabbed,"[""VERB=grab"", ""PATIENT=partner"", ""AGENT=parent""]","Prime sentence: a buddy grabs a candidate .
Event roles: VERB=grab; PATIENT=partner; AGENT=parent
Sentence: the",Sentence: the,first_noun,-5.648428916931152,-5.02979850769043,0.6186304092407227,passive,1.0
324,role_labeled,passive,passive,a candidate is grabbed by a buddy .,a parent grabs a partner .,a partner is grabbed by a parent .,a,parent,a,partner,grab,grabs,grabbed,"[""VERB=grab"", ""PATIENT=partner"", ""AGENT=parent""]","Prime sentence: a candidate is grabbed by a buddy .
Event roles: VERB=grab; PATIENT=partner; AGENT=parent
Sentence: the",Sentence: the,first_noun,-5.431733131408691,-5.06240177154541,0.36933135986328125,passive,1.0
324,role_labeled,no_prime_eos,no_prime_eos,,a parent grabs a partner .,a partner is grabbed by a parent .,a,parent,a,partner,grab,grabs,grabbed,"[""VERB=grab"", ""PATIENT=partner"", ""AGENT=parent""]","Event roles: VERB=grab; PATIENT=partner; AGENT=parent
Sentence: the",Sentence: the,first_noun,-5.056257247924805,-6.505993366241455,-1.4497361183166504,active,0.0
324,role_labeled,filler,filler,The violin echoed in the theater .,a parent grabs a partner .,a partner is grabbed by a parent .,a,parent,a,partner,grab,grabs,grabbed,"[""VERB=grab"", ""PATIENT=partner"", ""AGENT=parent""]","Prime sentence: The violin echoed in the theater .
Event roles: VERB=grab; PATIENT=partner; AGENT=parent
Sentence: the",Sentence: the,first_noun,-7.601817607879639,-8.352240562438965,-0.7504229545593262,active,0.0
325,role_labeled,active,active,a candidate comforts a captain .,a partner comforts a physician .,a physician is comforted by a partner .,a,partner,a,physician,comfort,comforts,comforted,"[""VERB=comfort"", ""AGENT=partner"", ""PATIENT=physician""]","Prime sentence: a candidate comforts a captain .
Event roles: VERB=comfort; AGENT=partner; PATIENT=physician
Sentence: the",Sentence: the,first_noun,-7.759098529815674,-5.957595348358154,1.8015031814575195,passive,1.0
325,role_labeled,passive,passive,a captain is comforted by a candidate .,a partner comforts a physician .,a physician is comforted by a partner .,a,partner,a,physician,comfort,comforts,comforted,"[""VERB=comfort"", ""AGENT=partner"", ""PATIENT=physician""]","Prime sentence: a captain is comforted by a candidate .
Event roles: VERB=comfort; AGENT=partner; PATIENT=physician
Sentence: the",Sentence: the,first_noun,-7.720615863800049,-5.742281913757324,1.9783339500427246,passive,1.0
325,role_labeled,no_prime_eos,no_prime_eos,,a partner comforts a physician .,a physician is comforted by a partner .,a,partner,a,physician,comfort,comforts,comforted,"[""VERB=comfort"", ""AGENT=partner"", ""PATIENT=physician""]","Event roles: VERB=comfort; AGENT=partner; PATIENT=physician
Sentence: the",Sentence: the,first_noun,-7.140823841094971,-4.150848388671875,2.9899754524230957,passive,1.0
325,role_labeled,filler,filler,The notebook stayed on the shelf .,a partner comforts a physician .,a physician is comforted by a partner .,a,partner,a,physician,comfort,comforts,comforted,"[""VERB=comfort"", ""AGENT=partner"", ""PATIENT=physician""]","Prime sentence: The notebook stayed on the shelf .
Event roles: VERB=comfort; AGENT=partner; PATIENT=physician
Sentence: the",Sentence: the,first_noun,-7.24213171005249,-5.8535051345825195,1.3886265754699707,passive,1.0
326,role_labeled,active,active,a prince raises a princess .,a child raises a colonel .,a colonel is raised by a child .,a,child,a,colonel,rais,raises,raised,"[""AGENT=child"", ""PATIENT=colonel"", ""VERB=rais""]","Prime sentence: a prince raises a princess .
Event roles: AGENT=child; PATIENT=colonel; VERB=rais
Sentence: the",Sentence: the,first_noun,-4.117264270782471,-5.155160427093506,-1.0378961563110352,active,0.0
326,role_labeled,passive,passive,a princess is raised by a prince .,a child raises a colonel .,a colonel is raised by a child .,a,child,a,colonel,rais,raises,raised,"[""AGENT=child"", ""PATIENT=colonel"", ""VERB=rais""]","Prime sentence: a princess is raised by a prince .
Event roles: AGENT=child; PATIENT=colonel; VERB=rais
Sentence: the",Sentence: the,first_noun,-4.360561847686768,-5.550389766693115,-1.1898279190063477,active,0.0
326,role_labeled,no_prime_eos,no_prime_eos,,a child raises a colonel .,a colonel is raised by a child .,a,child,a,colonel,rais,raises,raised,"[""AGENT=child"", ""PATIENT=colonel"", ""VERB=rais""]","Event roles: AGENT=child; PATIENT=colonel; VERB=rais
Sentence: the",Sentence: the,first_noun,-4.312226295471191,-5.160677909851074,-0.8484516143798828,active,0.0
326,role_labeled,filler,filler,The pillow rested on the sofa .,a child raises a colonel .,a colonel is raised by a child .,a,child,a,colonel,rais,raises,raised,"[""AGENT=child"", ""PATIENT=colonel"", ""VERB=rais""]","Prime sentence: The pillow rested on the sofa .
Event roles: AGENT=child; PATIENT=colonel; VERB=rais
Sentence: the",Sentence: the,first_noun,-4.581145286560059,-6.166682243347168,-1.5855369567871094,active,0.0
327,role_labeled,active,active,an uncle follows a wife .,a guy follows a hero .,a hero is followed by a guy .,a,guy,a,hero,follow,follows,followed,"[""PATIENT=hero"", ""AGENT=guy"", ""VERB=follow""]","Prime sentence: an uncle follows a wife .
Event roles: PATIENT=hero; AGENT=guy; VERB=follow
Sentence: the",Sentence: the,first_noun,-4.643858909606934,-4.658280372619629,-0.014421463012695312,active,0.0
327,role_labeled,passive,passive,a wife is followed by an uncle .,a guy follows a hero .,a hero is followed by a guy .,a,guy,a,hero,follow,follows,followed,"[""PATIENT=hero"", ""AGENT=guy"", ""VERB=follow""]","Prime sentence: a wife is followed by an uncle .
Event roles: PATIENT=hero; AGENT=guy; VERB=follow
Sentence: the",Sentence: the,first_noun,-5.416854381561279,-5.049993991851807,0.36686038970947266,passive,1.0
327,role_labeled,no_prime_eos,no_prime_eos,,a guy follows a hero .,a hero is followed by a guy .,a,guy,a,hero,follow,follows,followed,"[""PATIENT=hero"", ""AGENT=guy"", ""VERB=follow""]","Event roles: PATIENT=hero; AGENT=guy; VERB=follow
Sentence: the",Sentence: the,first_noun,-4.08621883392334,-2.954782485961914,1.1314363479614258,passive,1.0
327,role_labeled,filler,filler,The sculpture stood in the hallway .,a guy follows a hero .,a hero is followed by a guy .,a,guy,a,hero,follow,follows,followed,"[""PATIENT=hero"", ""AGENT=guy"", ""VERB=follow""]","Prime sentence: The sculpture stood in the hallway .
Event roles: PATIENT=hero; AGENT=guy; VERB=follow
Sentence: the",Sentence: the,first_noun,-5.173678398132324,-5.60288143157959,-0.4292030334472656,active,0.0
328,role_labeled,active,active,a child surprises a colonel .,a priest surprises a prince .,a prince is surprised by a priest .,a,priest,a,prince,surpris,surprises,surprised,"[""PATIENT=prince"", ""VERB=surpris"", ""AGENT=priest""]","Prime sentence: a child surprises a colonel .
Event roles: PATIENT=prince; VERB=surpris; AGENT=priest
Sentence: the",Sentence: the,first_noun,-3.5732574462890625,-4.173792839050293,-0.6005353927612305,active,0.0
328,role_labeled,passive,passive,a colonel is surprised by a child .,a priest surprises a prince .,a prince is surprised by a priest .,a,priest,a,prince,surpris,surprises,surprised,"[""PATIENT=prince"", ""VERB=surpris"", ""AGENT=priest""]","Prime sentence: a colonel is surprised by a child .
Event roles: PATIENT=prince; VERB=surpris; AGENT=priest
Sentence: the",Sentence: the,first_noun,-3.165766716003418,-3.6366453170776367,-0.47087860107421875,active,0.0
328,role_labeled,no_prime_eos,no_prime_eos,,a priest surprises a prince .,a prince is surprised by a priest .,a,priest,a,prince,surpris,surprises,surprised,"[""PATIENT=prince"", ""VERB=surpris"", ""AGENT=priest""]","Event roles: PATIENT=prince; VERB=surpris; AGENT=priest
Sentence: the",Sentence: the,first_noun,-3.507991075515747,-4.287229537963867,-0.7792384624481201,active,0.0
328,role_labeled,filler,filler,The window rattled during the storm .,a priest surprises a prince .,a prince is surprised by a priest .,a,priest,a,prince,surpris,surprises,surprised,"[""PATIENT=prince"", ""VERB=surpris"", ""AGENT=priest""]","Prime sentence: The window rattled during the storm .
Event roles: PATIENT=prince; VERB=surpris; AGENT=priest
Sentence: the",Sentence: the,first_noun,-5.071449279785156,-6.115045070648193,-1.043595790863037,active,0.0
329,role_labeled,active,active,a manager discovers a mayor .,an adult discovers an attorney .,an attorney is discovered by an adult .,an,adult,an,attorney,discover,discovers,discovered,"[""AGENT=adult"", ""PATIENT=attorney"", ""VERB=discover""]","Prime sentence: a manager discovers a mayor .
Event roles: AGENT=adult; PATIENT=attorney; VERB=discover
Sentence: the",Sentence: the,first_noun,-5.66235876083374,-5.5399675369262695,0.1223912239074707,passive,1.0
329,role_labeled,passive,passive,a mayor is discovered by a manager .,an adult discovers an attorney .,an attorney is discovered by an adult .,an,adult,an,attorney,discover,discovers,discovered,"[""AGENT=adult"", ""PATIENT=attorney"", ""VERB=discover""]","Prime sentence: a mayor is discovered by a manager .
Event roles: AGENT=adult; PATIENT=attorney; VERB=discover
Sentence: the",Sentence: the,first_noun,-5.542387962341309,-5.6016621589660645,-0.05927419662475586,active,0.0
329,role_labeled,no_prime_eos,no_prime_eos,,an adult discovers an attorney .,an attorney is discovered by an adult .,an,adult,an,attorney,discover,discovers,discovered,"[""AGENT=adult"", ""PATIENT=attorney"", ""VERB=discover""]","Event roles: AGENT=adult; PATIENT=attorney; VERB=discover
Sentence: the",Sentence: the,first_noun,-5.0157575607299805,-5.7067060470581055,-0.690948486328125,active,0.0
329,role_labeled,filler,filler,The window rattled during the storm .,an adult discovers an attorney .,an attorney is discovered by an adult .,an,adult,an,attorney,discover,discovers,discovered,"[""AGENT=adult"", ""PATIENT=attorney"", ""VERB=discover""]","Prime sentence: The window rattled during the storm .
Event roles: AGENT=adult; PATIENT=attorney; VERB=discover
Sentence: the",Sentence: the,first_noun,-8.058679580688477,-6.745733261108398,1.3129463195800781,passive,1.0
330,role_labeled,active,active,an uncle judges a wife .,a guy judges a hero .,a hero is judged by a guy .,a,guy,a,hero,judg,judges,judged,"[""VERB=judg"", ""AGENT=guy"", ""PATIENT=hero""]","Prime sentence: an uncle judges a wife .
Event roles: VERB=judg; AGENT=guy; PATIENT=hero
Sentence: the",Sentence: the,first_noun,-4.425673007965088,-4.5984110832214355,-0.17273807525634766,active,0.0
330,role_labeled,passive,passive,a wife is judged by an uncle .,a guy judges a hero .,a hero is judged by a guy .,a,guy,a,hero,judg,judges,judged,"[""VERB=judg"", ""AGENT=guy"", ""PATIENT=hero""]","Prime sentence: a wife is judged by an uncle .
Event roles: VERB=judg; AGENT=guy; PATIENT=hero
Sentence: the",Sentence: the,first_noun,-4.829781532287598,-5.392409324645996,-0.5626277923583984,active,0.0
330,role_labeled,no_prime_eos,no_prime_eos,,a guy judges a hero .,a hero is judged by a guy .,a,guy,a,hero,judg,judges,judged,"[""VERB=judg"", ""AGENT=guy"", ""PATIENT=hero""]","Event roles: VERB=judg; AGENT=guy; PATIENT=hero
Sentence: the",Sentence: the,first_noun,-5.004838943481445,-4.728470325469971,0.2763686180114746,passive,1.0
330,role_labeled,filler,filler,The window rattled during the storm .,a guy judges a hero .,a hero is judged by a guy .,a,guy,a,hero,judg,judges,judged,"[""VERB=judg"", ""AGENT=guy"", ""PATIENT=hero""]","Prime sentence: The window rattled during the storm .
Event roles: VERB=judg; AGENT=guy; PATIENT=hero
Sentence: the",Sentence: the,first_noun,-6.021270275115967,-6.82914924621582,-0.8078789710998535,active,0.0
331,role_labeled,active,active,a sheriff comforts a singer .,an employee comforts an employer .,an employer is comforted by an employee .,an,employee,an,employer,comfort,comforts,comforted,"[""AGENT=employee"", ""VERB=comfort"", ""PATIENT=employer""]","Prime sentence: a sheriff comforts a singer .
Event roles: AGENT=employee; VERB=comfort; PATIENT=employer
Sentence: the",Sentence: the,first_noun,-5.384180068969727,-6.488964080810547,-1.1047840118408203,active,0.0
331,role_labeled,passive,passive,a singer is comforted by a sheriff .,an employee comforts an employer .,an employer is comforted by an employee .,an,employee,an,employer,comfort,comforts,comforted,"[""AGENT=employee"", ""VERB=comfort"", ""PATIENT=employer""]","Prime sentence: a singer is comforted by a sheriff .
Event roles: AGENT=employee; VERB=comfort; PATIENT=employer
Sentence: the",Sentence: the,first_noun,-5.412306785583496,-6.176283836364746,-0.76397705078125,active,0.0
331,role_labeled,no_prime_eos,no_prime_eos,,an employee comforts an employer .,an employer is comforted by an employee .,an,employee,an,employer,comfort,comforts,comforted,"[""AGENT=employee"", ""VERB=comfort"", ""PATIENT=employer""]","Event roles: AGENT=employee; VERB=comfort; PATIENT=employer
Sentence: the",Sentence: the,first_noun,-3.2989561557769775,-5.095428466796875,-1.7964723110198975,active,0.0
331,role_labeled,filler,filler,The planet shimmered above the valley .,an employee comforts an employer .,an employer is comforted by an employee .,an,employee,an,employer,comfort,comforts,comforted,"[""AGENT=employee"", ""VERB=comfort"", ""PATIENT=employer""]","Prime sentence: The planet shimmered above the valley .
Event roles: AGENT=employee; VERB=comfort; PATIENT=employer
Sentence: the",Sentence: the,first_noun,-6.927755355834961,-8.200567245483398,-1.2728118896484375,active,0.0
332,role_labeled,active,active,a colonel carries a cop .,a prince carries a princess .,a princess is carried by a prince .,a,prince,a,princess,carry,carries,carried,"[""PATIENT=princess"", ""AGENT=prince"", ""VERB=carry""]","Prime sentence: a colonel carries a cop .
Event roles: PATIENT=princess; AGENT=prince; VERB=carry
Sentence: the",Sentence: the,first_noun,-3.2787985801696777,-4.003233909606934,-0.7244353294372559,active,0.0
332,role_labeled,passive,passive,a cop is carried by a colonel .,a prince carries a princess .,a princess is carried by a prince .,a,prince,a,princess,carry,carries,carried,"[""PATIENT=princess"", ""AGENT=prince"", ""VERB=carry""]","Prime sentence: a cop is carried by a colonel .
Event roles: PATIENT=princess; AGENT=prince; VERB=carry
Sentence: the",Sentence: the,first_noun,-3.639233350753784,-4.335141181945801,-0.6959078311920166,active,0.0
332,role_labeled,no_prime_eos,no_prime_eos,,a prince carries a princess .,a princess is carried by a prince .,a,prince,a,princess,carry,carries,carried,"[""PATIENT=princess"", ""AGENT=prince"", ""VERB=carry""]","Event roles: PATIENT=princess; AGENT=prince; VERB=carry
Sentence: the",Sentence: the,first_noun,-3.1139631271362305,-3.3302206993103027,-0.21625757217407227,active,0.0
332,role_labeled,filler,filler,The planet shimmered above the valley .,a prince carries a princess .,a princess is carried by a prince .,a,prince,a,princess,carry,carries,carried,"[""PATIENT=princess"", ""AGENT=prince"", ""VERB=carry""]","Prime sentence: The planet shimmered above the valley .
Event roles: PATIENT=princess; AGENT=prince; VERB=carry
Sentence: the",Sentence: the,first_noun,-4.936954498291016,-4.208282470703125,0.7286720275878906,passive,1.0
333,role_labeled,active,active,a manager embraces a mayor .,an adult embraces an attorney .,an attorney is embraced by an adult .,an,adult,an,attorney,embrac,embraces,embraced,"[""PATIENT=attorney"", ""VERB=embrac"", ""AGENT=adult""]","Prime sentence: a manager embraces a mayor .
Event roles: PATIENT=attorney; VERB=embrac; AGENT=adult
Sentence: the",Sentence: the,first_noun,-6.73808479309082,-6.101375579833984,0.6367092132568359,passive,1.0
333,role_labeled,passive,passive,a mayor is embraced by a manager .,an adult embraces an attorney .,an attorney is embraced by an adult .,an,adult,an,attorney,embrac,embraces,embraced,"[""PATIENT=attorney"", ""VERB=embrac"", ""AGENT=adult""]","Prime sentence: a mayor is embraced by a manager .
Event roles: PATIENT=attorney; VERB=embrac; AGENT=adult
Sentence: the",Sentence: the,first_noun,-6.654748916625977,-5.88053035736084,0.7742185592651367,passive,1.0
333,role_labeled,no_prime_eos,no_prime_eos,,an adult embraces an attorney .,an attorney is embraced by an adult .,an,adult,an,attorney,embrac,embraces,embraced,"[""PATIENT=attorney"", ""VERB=embrac"", ""AGENT=adult""]","Event roles: PATIENT=attorney; VERB=embrac; AGENT=adult
Sentence: the",Sentence: the,first_noun,-5.141481399536133,-6.081197261810303,-0.9397158622741699,active,0.0
333,role_labeled,filler,filler,The planet shimmered above the valley .,an adult embraces an attorney .,an attorney is embraced by an adult .,an,adult,an,attorney,embrac,embraces,embraced,"[""PATIENT=attorney"", ""VERB=embrac"", ""AGENT=adult""]","Prime sentence: The planet shimmered above the valley .
Event roles: PATIENT=attorney; VERB=embrac; AGENT=adult
Sentence: the",Sentence: the,first_noun,-7.179396629333496,-7.1976318359375,-0.018235206604003906,active,0.0
334,role_labeled,active,active,an actress bothers an adult .,a leader bothers a man .,a man is bothered by a leader .,a,leader,a,man,bother,bothers,bothered,"[""VERB=bother"", ""PATIENT=man"", ""AGENT=leader""]","Prime sentence: an actress bothers an adult .
Event roles: VERB=bother; PATIENT=man; AGENT=leader
Sentence: the",Sentence: the,first_noun,-6.394343376159668,-4.182382583618164,2.211960792541504,passive,1.0
334,role_labeled,passive,passive,an adult is bothered by an actress .,a leader bothers a man .,a man is bothered by a leader .,a,leader,a,man,bother,bothers,bothered,"[""VERB=bother"", ""PATIENT=man"", ""AGENT=leader""]","Prime sentence: an adult is bothered by an actress .
Event roles: VERB=bother; PATIENT=man; AGENT=leader
Sentence: the",Sentence: the,first_noun,-6.327785491943359,-4.1748809814453125,2.152904510498047,passive,1.0
334,role_labeled,no_prime_eos,no_prime_eos,,a leader bothers a man .,a man is bothered by a leader .,a,leader,a,man,bother,bothers,bothered,"[""VERB=bother"", ""PATIENT=man"", ""AGENT=leader""]","Event roles: VERB=bother; PATIENT=man; AGENT=leader
Sentence: the",Sentence: the,first_noun,-4.119089126586914,-4.530508995056152,-0.4114198684692383,active,0.0
334,role_labeled,filler,filler,The garden brightened after rain .,a leader bothers a man .,a man is bothered by a leader .,a,leader,a,man,bother,bothers,bothered,"[""VERB=bother"", ""PATIENT=man"", ""AGENT=leader""]","Prime sentence: The garden brightened after rain .
Event roles: VERB=bother; PATIENT=man; AGENT=leader
Sentence: the",Sentence: the,first_noun,-7.225050449371338,-4.842845916748047,2.382204532623291,passive,1.0
335,role_labeled,active,active,an actress helps an adult .,a leader helps a man .,a man is helped by a leader .,a,leader,a,man,help,helps,helped,"[""AGENT=leader"", ""PATIENT=man"", ""VERB=help""]","Prime sentence: an actress helps an adult .
Event roles: AGENT=leader; PATIENT=man; VERB=help
Sentence: the",Sentence: the,first_noun,-5.994247913360596,-4.334012508392334,1.6602354049682617,passive,1.0
335,role_labeled,passive,passive,an adult is helped by an actress .,a leader helps a man .,a man is helped by a leader .,a,leader,a,man,help,helps,helped,"[""AGENT=leader"", ""PATIENT=man"", ""VERB=help""]","Prime sentence: an adult is helped by an actress .
Event roles: AGENT=leader; PATIENT=man; VERB=help
Sentence: the",Sentence: the,first_noun,-6.227149963378906,-4.131502628326416,2.0956473350524902,passive,1.0
335,role_labeled,no_prime_eos,no_prime_eos,,a leader helps a man .,a man is helped by a leader .,a,leader,a,man,help,helps,helped,"[""AGENT=leader"", ""PATIENT=man"", ""VERB=help""]","Event roles: AGENT=leader; PATIENT=man; VERB=help
Sentence: the",Sentence: the,first_noun,-3.7358548641204834,-4.519471645355225,-0.7836167812347412,active,0.0
335,role_labeled,filler,filler,The tourist wandered through the plaza .,a leader helps a man .,a man is helped by a leader .,a,leader,a,man,help,helps,helped,"[""AGENT=leader"", ""PATIENT=man"", ""VERB=help""]","Prime sentence: The tourist wandered through the plaza .
Event roles: AGENT=leader; PATIENT=man; VERB=help
Sentence: the",Sentence: the,first_noun,-6.4818830490112305,-3.658271551132202,2.8236114978790283,passive,1.0
336,role_labeled,active,active,an actor teaches an actress .,a lawyer teaches a leader .,a leader is taught by a lawyer .,a,lawyer,a,leader,teach,teaches,taught,"[""AGENT=lawyer"", ""VERB=teach"", ""PATIENT=leader""]","Prime sentence: an actor teaches an actress .
Event roles: AGENT=lawyer; VERB=teach; PATIENT=leader
Sentence: the",Sentence: the,first_noun,-4.3622002601623535,-6.0655059814453125,-1.703305721282959,active,0.0
336,role_labeled,passive,passive,an actress is taught by an actor .,a lawyer teaches a leader .,a leader is taught by a lawyer .,a,lawyer,a,leader,teach,teaches,taught,"[""AGENT=lawyer"", ""VERB=teach"", ""PATIENT=leader""]","Prime sentence: an actress is taught by an actor .
Event roles: AGENT=lawyer; VERB=teach; PATIENT=leader
Sentence: the",Sentence: the,first_noun,-4.44352388381958,-6.454000473022461,-2.010476589202881,active,0.0
336,role_labeled,no_prime_eos,no_prime_eos,,a lawyer teaches a leader .,a leader is taught by a lawyer .,a,lawyer,a,leader,teach,teaches,taught,"[""AGENT=lawyer"", ""VERB=teach"", ""PATIENT=leader""]","Event roles: AGENT=lawyer; VERB=teach; PATIENT=leader
Sentence: the",Sentence: the,first_noun,-4.528259754180908,-5.22107458114624,-0.692814826965332,active,0.0
336,role_labeled,filler,filler,The baker laughed during breakfast .,a lawyer teaches a leader .,a leader is taught by a lawyer .,a,lawyer,a,leader,teach,teaches,taught,"[""AGENT=lawyer"", ""VERB=teach"", ""PATIENT=leader""]","Prime sentence: The baker laughed during breakfast .
Event roles: AGENT=lawyer; VERB=teach; PATIENT=leader
Sentence: the",Sentence: the,first_noun,-3.6271300315856934,-6.845156192779541,-3.2180261611938477,active,0.0
337,role_labeled,active,active,a lady surprises a lawyer .,a worker surprises a writer .,a writer is surprised by a worker .,a,worker,a,writer,surpris,surprises,surprised,"[""AGENT=worker"", ""PATIENT=writer"", ""VERB=surpris""]","Prime sentence: a lady surprises a lawyer .
Event roles: AGENT=worker; PATIENT=writer; VERB=surpris
Sentence: the",Sentence: the,first_noun,-5.903804302215576,-6.0463690757751465,-0.1425647735595703,active,0.0
337,role_labeled,passive,passive,a lawyer is surprised by a lady .,a worker surprises a writer .,a writer is surprised by a worker .,a,worker,a,writer,surpris,surprises,surprised,"[""AGENT=worker"", ""PATIENT=writer"", ""VERB=surpris""]","Prime sentence: a lawyer is surprised by a lady .
Event roles: AGENT=worker; PATIENT=writer; VERB=surpris
Sentence: the",Sentence: the,first_noun,-5.416051864624023,-5.969605445861816,-0.553553581237793,active,0.0
337,role_labeled,no_prime_eos,no_prime_eos,,a worker surprises a writer .,a writer is surprised by a worker .,a,worker,a,writer,surpris,surprises,surprised,"[""AGENT=worker"", ""PATIENT=writer"", ""VERB=surpris""]","Event roles: AGENT=worker; PATIENT=writer; VERB=surpris
Sentence: the",Sentence: the,first_noun,-4.4677910804748535,-5.301996231079102,-0.834205150604248,active,0.0
337,role_labeled,filler,filler,The package arrived before noon .,a worker surprises a writer .,a writer is surprised by a worker .,a,worker,a,writer,surpris,surprises,surprised,"[""AGENT=worker"", ""PATIENT=writer"", ""VERB=surpris""]","Prime sentence: The package arrived before noon .
Event roles: AGENT=worker; PATIENT=writer; VERB=surpris
Sentence: the",Sentence: the,first_noun,-5.772548675537109,-7.067729949951172,-1.2951812744140625,active,0.0
338,role_labeled,active,active,a scientist punches a secretary .,a daughter punches a doctor .,a doctor is punched by a daughter .,a,daughter,a,doctor,punch,punches,punched,"[""AGENT=daughter"", ""VERB=punch"", ""PATIENT=doctor""]","Prime sentence: a scientist punches a secretary .
Event roles: AGENT=daughter; VERB=punch; PATIENT=doctor
Sentence: the",Sentence: the,first_noun,-5.466887474060059,-2.6496925354003906,2.817194938659668,passive,1.0
338,role_labeled,passive,passive,a secretary is punched by a scientist .,a daughter punches a doctor .,a doctor is punched by a daughter .,a,daughter,a,doctor,punch,punches,punched,"[""AGENT=daughter"", ""VERB=punch"", ""PATIENT=doctor""]","Prime sentence: a secretary is punched by a scientist .
Event roles: AGENT=daughter; VERB=punch; PATIENT=doctor
Sentence: the",Sentence: the,first_noun,-5.153215408325195,-2.56669020652771,2.5865252017974854,passive,1.0
338,role_labeled,no_prime_eos,no_prime_eos,,a daughter punches a doctor .,a doctor is punched by a daughter .,a,daughter,a,doctor,punch,punches,punched,"[""AGENT=daughter"", ""VERB=punch"", ""PATIENT=doctor""]","Event roles: AGENT=daughter; VERB=punch; PATIENT=doctor
Sentence: the",Sentence: the,first_noun,-5.1482768058776855,-3.3540329933166504,1.7942438125610352,passive,1.0
338,role_labeled,filler,filler,The painter waited near the doorway .,a daughter punches a doctor .,a doctor is punched by a daughter .,a,daughter,a,doctor,punch,punches,punched,"[""AGENT=daughter"", ""VERB=punch"", ""PATIENT=doctor""]","Prime sentence: The painter waited near the doorway .
Event roles: AGENT=daughter; VERB=punch; PATIENT=doctor
Sentence: the",Sentence: the,first_noun,-5.6483588218688965,-2.875265121459961,2.7730937004089355,passive,1.0
339,role_labeled,active,active,a pilot helps a president .,a captain helps a champion .,a champion is helped by a captain .,a,captain,a,champion,help,helps,helped,"[""VERB=help"", ""PATIENT=champion"", ""AGENT=captain""]","Prime sentence: a pilot helps a president .
Event roles: VERB=help; PATIENT=champion; AGENT=captain
Sentence: the",Sentence: the,first_noun,-4.68734073638916,-6.946061134338379,-2.2587203979492188,active,0.0
339,role_labeled,passive,passive,a president is helped by a pilot .,a captain helps a champion .,a champion is helped by a captain .,a,captain,a,champion,help,helps,helped,"[""VERB=help"", ""PATIENT=champion"", ""AGENT=captain""]","Prime sentence: a president is helped by a pilot .
Event roles: VERB=help; PATIENT=champion; AGENT=captain
Sentence: the",Sentence: the,first_noun,-4.490288734436035,-7.259007453918457,-2.768718719482422,active,0.0
339,role_labeled,no_prime_eos,no_prime_eos,,a captain helps a champion .,a champion is helped by a captain .,a,captain,a,champion,help,helps,helped,"[""VERB=help"", ""PATIENT=champion"", ""AGENT=captain""]","Event roles: VERB=help; PATIENT=champion; AGENT=captain
Sentence: the",Sentence: the,first_noun,-3.73278546333313,-4.633844375610352,-0.9010589122772217,active,0.0
339,role_labeled,filler,filler,The traveler rested beside the river .,a captain helps a champion .,a champion is helped by a captain .,a,captain,a,champion,help,helps,helped,"[""VERB=help"", ""PATIENT=champion"", ""AGENT=captain""]","Prime sentence: The traveler rested beside the river .
Event roles: VERB=help; PATIENT=champion; AGENT=captain
Sentence: the",Sentence: the,first_noun,-5.218070030212402,-6.089571952819824,-0.8715019226074219,active,0.0
340,role_labeled,active,active,a scientist hurries a secretary .,a daughter hurries a doctor .,a doctor is hurried by a daughter .,a,daughter,a,doctor,hurry,hurries,hurried,"[""PATIENT=doctor"", ""VERB=hurry"", ""AGENT=daughter""]","Prime sentence: a scientist hurries a secretary .
Event roles: PATIENT=doctor; VERB=hurry; AGENT=daughter
Sentence: the",Sentence: the,first_noun,-5.038708686828613,-2.0602355003356934,2.97847318649292,passive,1.0
340,role_labeled,passive,passive,a secretary is hurried by a scientist .,a daughter hurries a doctor .,a doctor is hurried by a daughter .,a,daughter,a,doctor,hurry,hurries,hurried,"[""PATIENT=doctor"", ""VERB=hurry"", ""AGENT=daughter""]","Prime sentence: a secretary is hurried by a scientist .
Event roles: PATIENT=doctor; VERB=hurry; AGENT=daughter
Sentence: the",Sentence: the,first_noun,-5.67233943939209,-2.3323490619659424,3.3399903774261475,passive,1.0
340,role_labeled,no_prime_eos,no_prime_eos,,a daughter hurries a doctor .,a doctor is hurried by a daughter .,a,daughter,a,doctor,hurry,hurries,hurried,"[""PATIENT=doctor"", ""VERB=hurry"", ""AGENT=daughter""]","Event roles: PATIENT=doctor; VERB=hurry; AGENT=daughter
Sentence: the",Sentence: the,first_noun,-4.9774489402771,-2.884796619415283,2.0926523208618164,passive,1.0
340,role_labeled,filler,filler,The witness paused near the doorway .,a daughter hurries a doctor .,a doctor is hurried by a daughter .,a,daughter,a,doctor,hurry,hurries,hurried,"[""PATIENT=doctor"", ""VERB=hurry"", ""AGENT=daughter""]","Prime sentence: The witness paused near the doorway .
Event roles: PATIENT=doctor; VERB=hurry; AGENT=daughter
Sentence: the",Sentence: the,first_noun,-5.609447479248047,-2.283212900161743,3.3262345790863037,passive,1.0
341,role_labeled,active,active,a lady protects a lawyer .,a worker protects a writer .,a writer is protected by a worker .,a,worker,a,writer,protect,protects,protected,"[""PATIENT=writer"", ""AGENT=worker"", ""VERB=protect""]","Prime sentence: a lady protects a lawyer .
Event roles: PATIENT=writer; AGENT=worker; VERB=protect
Sentence: the",Sentence: the,first_noun,-6.003905773162842,-5.9304351806640625,0.0734705924987793,passive,1.0
341,role_labeled,passive,passive,a lawyer is protected by a lady .,a worker protects a writer .,a writer is protected by a worker .,a,worker,a,writer,protect,protects,protected,"[""PATIENT=writer"", ""AGENT=worker"", ""VERB=protect""]","Prime sentence: a lawyer is protected by a lady .
Event roles: PATIENT=writer; AGENT=worker; VERB=protect
Sentence: the",Sentence: the,first_noun,-5.343464374542236,-5.337510108947754,0.005954265594482422,passive,1.0
341,role_labeled,no_prime_eos,no_prime_eos,,a worker protects a writer .,a writer is protected by a worker .,a,worker,a,writer,protect,protects,protected,"[""PATIENT=writer"", ""AGENT=worker"", ""VERB=protect""]","Event roles: PATIENT=writer; AGENT=worker; VERB=protect
Sentence: the",Sentence: the,first_noun,-4.90374755859375,-5.459155082702637,-0.5554075241088867,active,0.0
341,role_labeled,filler,filler,The planet shimmered above the valley .,a worker protects a writer .,a writer is protected by a worker .,a,worker,a,writer,protect,protects,protected,"[""PATIENT=writer"", ""AGENT=worker"", ""VERB=protect""]","Prime sentence: The planet shimmered above the valley .
Event roles: PATIENT=writer; AGENT=worker; VERB=protect
Sentence: the",Sentence: the,first_noun,-7.210629463195801,-8.278697967529297,-1.068068504333496,active,0.0
342,role_labeled,active,active,a cop helps a cousin .,a princess helps a professor .,a professor is helped by a princess .,a,princess,a,professor,help,helps,helped,"[""VERB=help"", ""AGENT=princess"", ""PATIENT=professor""]","Prime sentence: a cop helps a cousin .
Event roles: VERB=help; AGENT=princess; PATIENT=professor
Sentence: the",Sentence: the,first_noun,-4.925778388977051,-4.110952377319336,0.8148260116577148,passive,1.0
342,role_labeled,passive,passive,a cousin is helped by a cop .,a princess helps a professor .,a professor is helped by a princess .,a,princess,a,professor,help,helps,helped,"[""VERB=help"", ""AGENT=princess"", ""PATIENT=professor""]","Prime sentence: a cousin is helped by a cop .
Event roles: VERB=help; AGENT=princess; PATIENT=professor
Sentence: the",Sentence: the,first_noun,-5.324690818786621,-4.51820182800293,0.8064889907836914,passive,1.0
342,role_labeled,no_prime_eos,no_prime_eos,,a princess helps a professor .,a professor is helped by a princess .,a,princess,a,professor,help,helps,helped,"[""VERB=help"", ""AGENT=princess"", ""PATIENT=professor""]","Event roles: VERB=help; AGENT=princess; PATIENT=professor
Sentence: the",Sentence: the,first_noun,-5.2466864585876465,-5.215991497039795,0.030694961547851562,passive,1.0
342,role_labeled,filler,filler,The captain waited beside the harbor .,a princess helps a professor .,a professor is helped by a princess .,a,princess,a,professor,help,helps,helped,"[""VERB=help"", ""AGENT=princess"", ""PATIENT=professor""]","Prime sentence: The captain waited beside the harbor .
Event roles: VERB=help; AGENT=princess; PATIENT=professor
Sentence: the",Sentence: the,first_noun,-3.9727649688720703,-5.517671585083008,-1.5449066162109375,active,0.0
343,role_labeled,active,active,a captain strikes a champion .,a physician strikes a pilot .,a pilot is struck by a physician .,a,physician,a,pilot,strik,strikes,struck,"[""AGENT=physician"", ""VERB=strik"", ""PATIENT=pilot""]","Prime sentence: a captain strikes a champion .
Event roles: AGENT=physician; VERB=strik; PATIENT=pilot
Sentence: the",Sentence: the,first_noun,-5.531696796417236,-3.7292890548706055,1.8024077415466309,passive,1.0
343,role_labeled,passive,passive,a champion is struck by a captain .,a physician strikes a pilot .,a pilot is struck by a physician .,a,physician,a,pilot,strik,strikes,struck,"[""AGENT=physician"", ""VERB=strik"", ""PATIENT=pilot""]","Prime sentence: a champion is struck by a captain .
Event roles: AGENT=physician; VERB=strik; PATIENT=pilot
Sentence: the",Sentence: the,first_noun,-5.212937831878662,-3.622187614440918,1.5907502174377441,passive,1.0
343,role_labeled,no_prime_eos,no_prime_eos,,a physician strikes a pilot .,a pilot is struck by a physician .,a,physician,a,pilot,strik,strikes,struck,"[""AGENT=physician"", ""VERB=strik"", ""PATIENT=pilot""]","Event roles: AGENT=physician; VERB=strik; PATIENT=pilot
Sentence: the",Sentence: the,first_noun,-4.060795783996582,-2.70832896232605,1.3524668216705322,passive,1.0
343,role_labeled,filler,filler,The garden brightened after rain .,a physician strikes a pilot .,a pilot is struck by a physician .,a,physician,a,pilot,strik,strikes,struck,"[""AGENT=physician"", ""VERB=strik"", ""PATIENT=pilot""]","Prime sentence: The garden brightened after rain .
Event roles: AGENT=physician; VERB=strik; PATIENT=pilot
Sentence: the",Sentence: the,first_noun,-7.528546333312988,-5.109623908996582,2.4189224243164062,passive,1.0
344,role_labeled,active,active,a king raises a lady .,a woman raises a worker .,a worker is raised by a woman .,a,woman,a,worker,rais,raises,raised,"[""VERB=rais"", ""PATIENT=worker"", ""AGENT=woman""]","Prime sentence: a king raises a lady .
Event roles: VERB=rais; PATIENT=worker; AGENT=woman
Sentence: the",Sentence: the,first_noun,-3.791928291320801,-6.374049186706543,-2.582120895385742,active,0.0
344,role_labeled,passive,passive,a lady is raised by a king .,a woman raises a worker .,a worker is raised by a woman .,a,woman,a,worker,rais,raises,raised,"[""VERB=rais"", ""PATIENT=worker"", ""AGENT=woman""]","Prime sentence: a lady is raised by a king .
Event roles: VERB=rais; PATIENT=worker; AGENT=woman
Sentence: the",Sentence: the,first_noun,-3.9291162490844727,-6.850131988525391,-2.921015739440918,active,0.0
344,role_labeled,no_prime_eos,no_prime_eos,,a woman raises a worker .,a worker is raised by a woman .,a,woman,a,worker,rais,raises,raised,"[""VERB=rais"", ""PATIENT=worker"", ""AGENT=woman""]","Event roles: VERB=rais; PATIENT=worker; AGENT=woman
Sentence: the",Sentence: the,first_noun,-3.1730170249938965,-5.593935012817383,-2.4209179878234863,active,0.0
344,role_labeled,filler,filler,The package arrived before noon .,a woman raises a worker .,a worker is raised by a woman .,a,woman,a,worker,rais,raises,raised,"[""VERB=rais"", ""PATIENT=worker"", ""AGENT=woman""]","Prime sentence: The package arrived before noon .
Event roles: VERB=rais; PATIENT=worker; AGENT=woman
Sentence: the",Sentence: the,first_noun,-4.00825834274292,-5.4408369064331055,-1.4325785636901855,active,0.0
345,role_labeled,active,active,a hero kills a husband .,an uncle kills a wife .,a wife is killed by an uncle .,an,uncle,a,wife,kill,kills,killed,"[""PATIENT=wife"", ""AGENT=uncle"", ""VERB=kill""]","Prime sentence: a hero kills a husband .
Event roles: PATIENT=wife; AGENT=uncle; VERB=kill
Sentence: the",Sentence: the,first_noun,-5.623736381530762,-2.7834694385528564,2.8402669429779053,passive,1.0
345,role_labeled,passive,passive,a husband is killed by a hero .,an uncle kills a wife .,a wife is killed by an uncle .,an,uncle,a,wife,kill,kills,killed,"[""PATIENT=wife"", ""AGENT=uncle"", ""VERB=kill""]","Prime sentence: a husband is killed by a hero .
Event roles: PATIENT=wife; AGENT=uncle; VERB=kill
Sentence: the",Sentence: the,first_noun,-6.125366687774658,-3.0771567821502686,3.0482099056243896,passive,1.0
345,role_labeled,no_prime_eos,no_prime_eos,,an uncle kills a wife .,a wife is killed by an uncle .,an,uncle,a,wife,kill,kills,killed,"[""PATIENT=wife"", ""AGENT=uncle"", ""VERB=kill""]","Event roles: PATIENT=wife; AGENT=uncle; VERB=kill
Sentence: the",Sentence: the,first_noun,-6.95906400680542,-3.8185126781463623,3.1405513286590576,passive,1.0
345,role_labeled,filler,filler,The violin echoed in the theater .,an uncle kills a wife .,a wife is killed by an uncle .,an,uncle,a,wife,kill,kills,killed,"[""PATIENT=wife"", ""AGENT=uncle"", ""VERB=kill""]","Prime sentence: The violin echoed in the theater .
Event roles: PATIENT=wife; AGENT=uncle; VERB=kill
Sentence: the",Sentence: the,first_noun,-7.736845016479492,-4.514791488647461,3.2220535278320312,passive,1.0
346,role_labeled,active,active,a king strikes a lady .,a woman strikes a worker .,a worker is struck by a woman .,a,woman,a,worker,strik,strikes,struck,"[""PATIENT=worker"", ""AGENT=woman"", ""VERB=strik""]","Prime sentence: a king strikes a lady .
Event roles: PATIENT=worker; AGENT=woman; VERB=strik
Sentence: the",Sentence: the,first_noun,-3.6004481315612793,-5.349907875061035,-1.7494597434997559,active,0.0
346,role_labeled,passive,passive,a lady is struck by a king .,a woman strikes a worker .,a worker is struck by a woman .,a,woman,a,worker,strik,strikes,struck,"[""PATIENT=worker"", ""AGENT=woman"", ""VERB=strik""]","Prime sentence: a lady is struck by a king .
Event roles: PATIENT=worker; AGENT=woman; VERB=strik
Sentence: the",Sentence: the,first_noun,-3.379948854446411,-4.9966044425964355,-1.6166555881500244,active,0.0
346,role_labeled,no_prime_eos,no_prime_eos,,a woman strikes a worker .,a worker is struck by a woman .,a,woman,a,worker,strik,strikes,struck,"[""PATIENT=worker"", ""AGENT=woman"", ""VERB=strik""]","Event roles: PATIENT=worker; AGENT=woman; VERB=strik
Sentence: the",Sentence: the,first_noun,-2.8032147884368896,-4.90782356262207,-2.1046087741851807,active,0.0
346,role_labeled,filler,filler,The painter waited near the doorway .,a woman strikes a worker .,a worker is struck by a woman .,a,woman,a,worker,strik,strikes,struck,"[""PATIENT=worker"", ""AGENT=woman"", ""VERB=strik""]","Prime sentence: The painter waited near the doorway .
Event roles: PATIENT=worker; AGENT=woman; VERB=strik
Sentence: the",Sentence: the,first_noun,-2.8263795375823975,-4.20402717590332,-1.3776476383209229,active,0.0
347,role_labeled,active,active,a mother embraces a nurse .,an author embraces a bishop .,a bishop is embraced by an author .,an,author,a,bishop,embrac,embraces,embraced,"[""PATIENT=bishop"", ""VERB=embrac"", ""AGENT=author""]","Prime sentence: a mother embraces a nurse .
Event roles: PATIENT=bishop; VERB=embrac; AGENT=author
Sentence: the",Sentence: the,first_noun,-6.130480766296387,-3.9891159534454346,2.141364812850952,passive,1.0
347,role_labeled,passive,passive,a nurse is embraced by a mother .,an author embraces a bishop .,a bishop is embraced by an author .,an,author,a,bishop,embrac,embraces,embraced,"[""PATIENT=bishop"", ""VERB=embrac"", ""AGENT=author""]","Prime sentence: a nurse is embraced by a mother .
Event roles: PATIENT=bishop; VERB=embrac; AGENT=author
Sentence: the",Sentence: the,first_noun,-5.889847755432129,-3.8464243412017822,2.0434234142303467,passive,1.0
347,role_labeled,no_prime_eos,no_prime_eos,,an author embraces a bishop .,a bishop is embraced by an author .,an,author,a,bishop,embrac,embraces,embraced,"[""PATIENT=bishop"", ""VERB=embrac"", ""AGENT=author""]","Event roles: PATIENT=bishop; VERB=embrac; AGENT=author
Sentence: the",Sentence: the,first_noun,-4.779706001281738,-3.8966119289398193,0.883094072341919,passive,1.0
347,role_labeled,filler,filler,The pillow rested on the sofa .,an author embraces a bishop .,a bishop is embraced by an author .,an,author,a,bishop,embrac,embraces,embraced,"[""PATIENT=bishop"", ""VERB=embrac"", ""AGENT=author""]","Prime sentence: The pillow rested on the sofa .
Event roles: PATIENT=bishop; VERB=embrac; AGENT=author
Sentence: the",Sentence: the,first_noun,-7.060248374938965,-5.374942302703857,1.6853060722351074,passive,1.0
348,role_labeled,active,active,a candidate drags a captain .,a partner drags a physician .,a physician is dragged by a partner .,a,partner,a,physician,drag,drags,dragged,"[""VERB=drag"", ""AGENT=partner"", ""PATIENT=physician""]","Prime sentence: a candidate drags a captain .
Event roles: VERB=drag; AGENT=partner; PATIENT=physician
Sentence: the",Sentence: the,first_noun,-7.204036235809326,-5.793693542480469,1.4103426933288574,passive,1.0
348,role_labeled,passive,passive,a captain is dragged by a candidate .,a partner drags a physician .,a physician is dragged by a partner .,a,partner,a,physician,drag,drags,dragged,"[""VERB=drag"", ""AGENT=partner"", ""PATIENT=physician""]","Prime sentence: a captain is dragged by a candidate .
Event roles: VERB=drag; AGENT=partner; PATIENT=physician
Sentence: the",Sentence: the,first_noun,-7.131299018859863,-5.711272239685059,1.4200267791748047,passive,1.0
348,role_labeled,no_prime_eos,no_prime_eos,,a partner drags a physician .,a physician is dragged by a partner .,a,partner,a,physician,drag,drags,dragged,"[""VERB=drag"", ""AGENT=partner"", ""PATIENT=physician""]","Event roles: VERB=drag; AGENT=partner; PATIENT=physician
Sentence: the",Sentence: the,first_noun,-7.169089317321777,-3.9990124702453613,3.170076847076416,passive,1.0
348,role_labeled,filler,filler,The baker laughed during breakfast .,a partner drags a physician .,a physician is dragged by a partner .,a,partner,a,physician,drag,drags,dragged,"[""VERB=drag"", ""AGENT=partner"", ""PATIENT=physician""]","Prime sentence: The baker laughed during breakfast .
Event roles: VERB=drag; AGENT=partner; PATIENT=physician
Sentence: the",Sentence: the,first_noun,-6.853211402893066,-6.084102630615234,0.769108772277832,passive,1.0
349,role_labeled,active,active,an adult surprises an attorney .,a man surprises a manager .,a manager is surprised by a man .,a,man,a,manager,surpris,surprises,surprised,"[""PATIENT=manager"", ""AGENT=man"", ""VERB=surpris""]","Prime sentence: an adult surprises an attorney .
Event roles: PATIENT=manager; AGENT=man; VERB=surpris
Sentence: the",Sentence: the,first_noun,-4.348402500152588,-4.174246311187744,0.17415618896484375,passive,1.0
349,role_labeled,passive,passive,an attorney is surprised by an adult .,a man surprises a manager .,a manager is surprised by a man .,a,man,a,manager,surpris,surprises,surprised,"[""PATIENT=manager"", ""AGENT=man"", ""VERB=surpris""]","Prime sentence: an attorney is surprised by an adult .
Event roles: PATIENT=manager; AGENT=man; VERB=surpris
Sentence: the",Sentence: the,first_noun,-4.35418701171875,-3.8319528102874756,0.5222342014312744,passive,1.0
349,role_labeled,no_prime_eos,no_prime_eos,,a man surprises a manager .,a manager is surprised by a man .,a,man,a,manager,surpris,surprises,surprised,"[""PATIENT=manager"", ""AGENT=man"", ""VERB=surpris""]","Event roles: PATIENT=manager; AGENT=man; VERB=surpris
Sentence: the",Sentence: the,first_noun,-4.338327407836914,-4.70865535736084,-0.3703279495239258,active,0.0
349,role_labeled,filler,filler,The market opened after sunrise .,a man surprises a manager .,a manager is surprised by a man .,a,man,a,manager,surpris,surprises,surprised,"[""PATIENT=manager"", ""AGENT=man"", ""VERB=surpris""]","Prime sentence: The market opened after sunrise .
Event roles: PATIENT=manager; AGENT=man; VERB=surpris
Sentence: the",Sentence: the,first_noun,-5.2912092208862305,-5.951098442077637,-0.6598892211914062,active,0.0
350,role_labeled,active,active,a secretary follows a sheriff .,a doctor follows an employee .,an employee is followed by a doctor .,a,doctor,an,employee,follow,follows,followed,"[""PATIENT=employee"", ""VERB=follow"", ""AGENT=doctor""]","Prime sentence: a secretary follows a sheriff .
Event roles: PATIENT=employee; VERB=follow; AGENT=doctor
Sentence: the",Sentence: the,first_noun,-2.8143534660339355,-4.851921081542969,-2.037567615509033,active,0.0
350,role_labeled,passive,passive,a sheriff is followed by a secretary .,a doctor follows an employee .,an employee is followed by a doctor .,a,doctor,an,employee,follow,follows,followed,"[""PATIENT=employee"", ""VERB=follow"", ""AGENT=doctor""]","Prime sentence: a sheriff is followed by a secretary .
Event roles: PATIENT=employee; VERB=follow; AGENT=doctor
Sentence: the",Sentence: the,first_noun,-3.0324671268463135,-4.839256286621094,-1.8067891597747803,active,0.0
350,role_labeled,no_prime_eos,no_prime_eos,,a doctor follows an employee .,an employee is followed by a doctor .,a,doctor,an,employee,follow,follows,followed,"[""PATIENT=employee"", ""VERB=follow"", ""AGENT=doctor""]","Event roles: PATIENT=employee; VERB=follow; AGENT=doctor
Sentence: the",Sentence: the,first_noun,-2.876741647720337,-4.4373064041137695,-1.5605647563934326,active,0.0
350,role_labeled,filler,filler,The engine cooled before dawn .,a doctor follows an employee .,an employee is followed by a doctor .,a,doctor,an,employee,follow,follows,followed,"[""PATIENT=employee"", ""VERB=follow"", ""AGENT=doctor""]","Prime sentence: The engine cooled before dawn .
Event roles: PATIENT=employee; VERB=follow; AGENT=doctor
Sentence: the",Sentence: the,first_noun,-4.343045234680176,-7.161069869995117,-2.8180246353149414,active,0.0
351,role_labeled,active,active,a prince judges a princess .,a child judges a colonel .,a colonel is judged by a child .,a,child,a,colonel,judg,judges,judged,"[""VERB=judg"", ""AGENT=child"", ""PATIENT=colonel""]","Prime sentence: a prince judges a princess .
Event roles: VERB=judg; AGENT=child; PATIENT=colonel
Sentence: the",Sentence: the,first_noun,-4.3100810050964355,-5.929632186889648,-1.619551181793213,active,0.0
351,role_labeled,passive,passive,a princess is judged by a prince .,a child judges a colonel .,a colonel is judged by a child .,a,child,a,colonel,judg,judges,judged,"[""VERB=judg"", ""AGENT=child"", ""PATIENT=colonel""]","Prime sentence: a princess is judged by a prince .
Event roles: VERB=judg; AGENT=child; PATIENT=colonel
Sentence: the",Sentence: the,first_noun,-4.402524948120117,-6.092048645019531,-1.689523696899414,active,0.0
351,role_labeled,no_prime_eos,no_prime_eos,,a child judges a colonel .,a colonel is judged by a child .,a,child,a,colonel,judg,judges,judged,"[""VERB=judg"", ""AGENT=child"", ""PATIENT=colonel""]","Event roles: VERB=judg; AGENT=child; PATIENT=colonel
Sentence: the",Sentence: the,first_noun,-4.768056869506836,-5.728754043579102,-0.9606971740722656,active,0.0
351,role_labeled,filler,filler,The tourist wandered through the plaza .,a child judges a colonel .,a colonel is judged by a child .,a,child,a,colonel,judg,judges,judged,"[""VERB=judg"", ""AGENT=child"", ""PATIENT=colonel""]","Prime sentence: The tourist wandered through the plaza .
Event roles: VERB=judg; AGENT=child; PATIENT=colonel
Sentence: the",Sentence: the,first_noun,-3.8830416202545166,-5.245553970336914,-1.3625123500823975,active,0.0
352,role_labeled,active,active,a priest hurries a prince .,a chief hurries a child .,a child is hurried by a chief .,a,chief,a,child,hurry,hurries,hurried,"[""PATIENT=child"", ""AGENT=chief"", ""VERB=hurry""]","Prime sentence: a priest hurries a prince .
Event roles: PATIENT=child; AGENT=chief; VERB=hurry
Sentence: the",Sentence: the,first_noun,-4.519245147705078,-3.773136615753174,0.7461085319519043,passive,1.0
352,role_labeled,passive,passive,a prince is hurried by a priest .,a chief hurries a child .,a child is hurried by a chief .,a,chief,a,child,hurry,hurries,hurried,"[""PATIENT=child"", ""AGENT=chief"", ""VERB=hurry""]","Prime sentence: a prince is hurried by a priest .
Event roles: PATIENT=child; AGENT=chief; VERB=hurry
Sentence: the",Sentence: the,first_noun,-4.823246955871582,-3.952657699584961,0.8705892562866211,passive,1.0
352,role_labeled,no_prime_eos,no_prime_eos,,a chief hurries a child .,a child is hurried by a chief .,a,chief,a,child,hurry,hurries,hurried,"[""PATIENT=child"", ""AGENT=chief"", ""VERB=hurry""]","Event roles: PATIENT=child; AGENT=chief; VERB=hurry
Sentence: the",Sentence: the,first_noun,-4.029195785522461,-3.6823315620422363,0.3468642234802246,passive,1.0
352,role_labeled,filler,filler,The sculpture stood in the hallway .,a chief hurries a child .,a child is hurried by a chief .,a,chief,a,child,hurry,hurries,hurried,"[""PATIENT=child"", ""AGENT=chief"", ""VERB=hurry""]","Prime sentence: The sculpture stood in the hallway .
Event roles: PATIENT=child; AGENT=chief; VERB=hurry
Sentence: the",Sentence: the,first_noun,-6.194218158721924,-3.3900532722473145,2.8041648864746094,passive,1.0
353,role_labeled,active,active,a pilot catches a president .,a captain catches a champion .,a champion is caught by a captain .,a,captain,a,champion,catch,catches,caught,"[""VERB=catch"", ""PATIENT=champion"", ""AGENT=captain""]","Prime sentence: a pilot catches a president .
Event roles: VERB=catch; PATIENT=champion; AGENT=captain
Sentence: the",Sentence: the,first_noun,-3.9864795207977295,-6.328523635864258,-2.3420441150665283,active,0.0
353,role_labeled,passive,passive,a president is caught by a pilot .,a captain catches a champion .,a champion is caught by a captain .,a,captain,a,champion,catch,catches,caught,"[""VERB=catch"", ""PATIENT=champion"", ""AGENT=captain""]","Prime sentence: a president is caught by a pilot .
Event roles: VERB=catch; PATIENT=champion; AGENT=captain
Sentence: the",Sentence: the,first_noun,-4.202149391174316,-6.957448959350586,-2.7552995681762695,active,0.0
353,role_labeled,no_prime_eos,no_prime_eos,,a captain catches a champion .,a champion is caught by a captain .,a,captain,a,champion,catch,catches,caught,"[""VERB=catch"", ""PATIENT=champion"", ""AGENT=captain""]","Event roles: VERB=catch; PATIENT=champion; AGENT=captain
Sentence: the",Sentence: the,first_noun,-3.5082688331604004,-4.621243953704834,-1.1129751205444336,active,0.0
353,role_labeled,filler,filler,The blanket dried on the line .,a captain catches a champion .,a champion is caught by a captain .,a,captain,a,champion,catch,catches,caught,"[""VERB=catch"", ""PATIENT=champion"", ""AGENT=captain""]","Prime sentence: The blanket dried on the line .
Event roles: VERB=catch; PATIENT=champion; AGENT=captain
Sentence: the",Sentence: the,first_noun,-5.479891777038574,-5.622676372528076,-0.14278459548950195,active,0.0
354,role_labeled,active,active,a soldier asks a son .,a father asks a friend .,a friend is asked by a father .,a,father,a,friend,ask,asks,asked,"[""AGENT=father"", ""PATIENT=friend"", ""VERB=ask""]","Prime sentence: a soldier asks a son .
Event roles: AGENT=father; PATIENT=friend; VERB=ask
Sentence: the",Sentence: the,first_noun,-2.1544229984283447,-5.553827285766602,-3.399404287338257,active,0.0
354,role_labeled,passive,passive,a son is asked by a soldier .,a father asks a friend .,a friend is asked by a father .,a,father,a,friend,ask,asks,asked,"[""AGENT=father"", ""PATIENT=friend"", ""VERB=ask""]","Prime sentence: a son is asked by a soldier .
Event roles: AGENT=father; PATIENT=friend; VERB=ask
Sentence: the",Sentence: the,first_noun,-2.6591479778289795,-5.681612014770508,-3.0224640369415283,active,0.0
354,role_labeled,no_prime_eos,no_prime_eos,,a father asks a friend .,a friend is asked by a father .,a,father,a,friend,ask,asks,asked,"[""AGENT=father"", ""PATIENT=friend"", ""VERB=ask""]","Event roles: AGENT=father; PATIENT=friend; VERB=ask
Sentence: the",Sentence: the,first_noun,-3.169119119644165,-5.857364177703857,-2.6882450580596924,active,0.0
354,role_labeled,filler,filler,The market opened after sunrise .,a father asks a friend .,a friend is asked by a father .,a,father,a,friend,ask,asks,asked,"[""AGENT=father"", ""PATIENT=friend"", ""VERB=ask""]","Prime sentence: The market opened after sunrise .
Event roles: AGENT=father; PATIENT=friend; VERB=ask
Sentence: the",Sentence: the,first_noun,-5.187914848327637,-7.583618640899658,-2.3957037925720215,active,0.0
355,role_labeled,active,active,a girl teaches a guest .,a son teaches a student .,a student is taught by a son .,a,son,a,student,teach,teaches,taught,"[""AGENT=son"", ""VERB=teach"", ""PATIENT=student""]","Prime sentence: a girl teaches a guest .
Event roles: AGENT=son; VERB=teach; PATIENT=student
Sentence: the",Sentence: the,first_noun,-5.219290733337402,-4.61838436126709,0.6009063720703125,passive,1.0
355,role_labeled,passive,passive,a guest is taught by a girl .,a son teaches a student .,a student is taught by a son .,a,son,a,student,teach,teaches,taught,"[""AGENT=son"", ""VERB=teach"", ""PATIENT=student""]","Prime sentence: a guest is taught by a girl .
Event roles: AGENT=son; VERB=teach; PATIENT=student
Sentence: the",Sentence: the,first_noun,-5.004768371582031,-4.522707939147949,0.48206043243408203,passive,1.0
355,role_labeled,no_prime_eos,no_prime_eos,,a son teaches a student .,a student is taught by a son .,a,son,a,student,teach,teaches,taught,"[""AGENT=son"", ""VERB=teach"", ""PATIENT=student""]","Event roles: AGENT=son; VERB=teach; PATIENT=student
Sentence: the",Sentence: the,first_noun,-4.820716857910156,-3.4851796627044678,1.3355371952056885,passive,1.0
355,role_labeled,filler,filler,The planet shimmered above the valley .,a son teaches a student .,a student is taught by a son .,a,son,a,student,teach,teaches,taught,"[""AGENT=son"", ""VERB=teach"", ""PATIENT=student""]","Prime sentence: The planet shimmered above the valley .
Event roles: AGENT=son; VERB=teach; PATIENT=student
Sentence: the",Sentence: the,first_noun,-5.998897552490234,-5.536043167114258,0.46285438537597656,passive,1.0
356,role_labeled,active,active,a princess selects a professor .,a colonel selects a cop .,a cop is selected by a colonel .,a,colonel,a,cop,select,selects,selected,"[""AGENT=colonel"", ""PATIENT=cop"", ""VERB=select""]","Prime sentence: a princess selects a professor .
Event roles: AGENT=colonel; PATIENT=cop; VERB=select
Sentence: the",Sentence: the,first_noun,-3.2846200466156006,-5.561964988708496,-2.2773449420928955,active,0.0
356,role_labeled,passive,passive,a professor is selected by a princess .,a colonel selects a cop .,a cop is selected by a colonel .,a,colonel,a,cop,select,selects,selected,"[""AGENT=colonel"", ""PATIENT=cop"", ""VERB=select""]","Prime sentence: a professor is selected by a princess .
Event roles: AGENT=colonel; PATIENT=cop; VERB=select
Sentence: the",Sentence: the,first_noun,-3.2754340171813965,-5.662925720214844,-2.3874917030334473,active,0.0
356,role_labeled,no_prime_eos,no_prime_eos,,a colonel selects a cop .,a cop is selected by a colonel .,a,colonel,a,cop,select,selects,selected,"[""AGENT=colonel"", ""PATIENT=cop"", ""VERB=select""]","Event roles: AGENT=colonel; PATIENT=cop; VERB=select
Sentence: the",Sentence: the,first_noun,-4.51888370513916,-5.860204219818115,-1.341320514678955,active,0.0
356,role_labeled,filler,filler,The notebook stayed on the shelf .,a colonel selects a cop .,a cop is selected by a colonel .,a,colonel,a,cop,select,selects,selected,"[""AGENT=colonel"", ""PATIENT=cop"", ""VERB=select""]","Prime sentence: The notebook stayed on the shelf .
Event roles: AGENT=colonel; PATIENT=cop; VERB=select
Sentence: the",Sentence: the,first_noun,-4.930941581726074,-5.033044815063477,-0.10210323333740234,active,0.0
357,role_labeled,active,active,an uncle beats a wife .,a guy beats a hero .,a hero is beaten by a guy .,a,guy,a,hero,beat,beats,beaten,"[""PATIENT=hero"", ""VERB=beat"", ""AGENT=guy""]","Prime sentence: an uncle beats a wife .
Event roles: PATIENT=hero; VERB=beat; AGENT=guy
Sentence: the",Sentence: the,first_noun,-4.2415876388549805,-4.796263694763184,-0.5546760559082031,active,0.0
357,role_labeled,passive,passive,a wife is beaten by an uncle .,a guy beats a hero .,a hero is beaten by a guy .,a,guy,a,hero,beat,beats,beaten,"[""PATIENT=hero"", ""VERB=beat"", ""AGENT=guy""]","Prime sentence: a wife is beaten by an uncle .
Event roles: PATIENT=hero; VERB=beat; AGENT=guy
Sentence: the",Sentence: the,first_noun,-4.800743103027344,-5.049535751342773,-0.2487926483154297,active,0.0
357,role_labeled,no_prime_eos,no_prime_eos,,a guy beats a hero .,a hero is beaten by a guy .,a,guy,a,hero,beat,beats,beaten,"[""PATIENT=hero"", ""VERB=beat"", ""AGENT=guy""]","Event roles: PATIENT=hero; VERB=beat; AGENT=guy
Sentence: the",Sentence: the,first_noun,-4.526162147521973,-3.1117162704467773,1.4144458770751953,passive,1.0
357,role_labeled,filler,filler,The traveler rested beside the river .,a guy beats a hero .,a hero is beaten by a guy .,a,guy,a,hero,beat,beats,beaten,"[""PATIENT=hero"", ""VERB=beat"", ""AGENT=guy""]","Prime sentence: The traveler rested beside the river .
Event roles: PATIENT=hero; VERB=beat; AGENT=guy
Sentence: the",Sentence: the,first_noun,-5.6092400550842285,-5.129329681396484,0.47991037368774414,passive,1.0
358,role_labeled,active,active,a lawyer understands a leader .,a writer understands an actor .,an actor is understood by a writer .,a,writer,an,actor,understand,understands,understood,"[""VERB=understand"", ""AGENT=writer"", ""PATIENT=actor""]","Prime sentence: a lawyer understands a leader .
Event roles: VERB=understand; AGENT=writer; PATIENT=actor
Sentence: the",Sentence: the,first_noun,-6.0716729164123535,-6.148746490478516,-0.07707357406616211,active,0.0
358,role_labeled,passive,passive,a leader is understood by a lawyer .,a writer understands an actor .,an actor is understood by a writer .,a,writer,an,actor,understand,understands,understood,"[""VERB=understand"", ""AGENT=writer"", ""PATIENT=actor""]","Prime sentence: a leader is understood by a lawyer .
Event roles: VERB=understand; AGENT=writer; PATIENT=actor
Sentence: the",Sentence: the,first_noun,-6.229516983032227,-5.843029975891113,0.3864870071411133,passive,1.0
358,role_labeled,no_prime_eos,no_prime_eos,,a writer understands an actor .,an actor is understood by a writer .,a,writer,an,actor,understand,understands,understood,"[""VERB=understand"", ""AGENT=writer"", ""PATIENT=actor""]","Event roles: VERB=understand; AGENT=writer; PATIENT=actor
Sentence: the",Sentence: the,first_noun,-4.8808512687683105,-5.1941986083984375,-0.31334733963012695,active,0.0
358,role_labeled,filler,filler,The sculpture stood in the hallway .,a writer understands an actor .,an actor is understood by a writer .,a,writer,an,actor,understand,understands,understood,"[""VERB=understand"", ""AGENT=writer"", ""PATIENT=actor""]","Prime sentence: The sculpture stood in the hallway .
Event roles: VERB=understand; AGENT=writer; PATIENT=actor
Sentence: the",Sentence: the,first_noun,-6.763418197631836,-6.300479888916016,0.4629383087158203,passive,1.0
359,role_labeled,active,active,a wife describes a winner .,a hero describes a husband .,a husband is described by a hero .,a,hero,a,husband,describ,describes,described,"[""AGENT=hero"", ""PATIENT=husband"", ""VERB=describ""]","Prime sentence: a wife describes a winner .
Event roles: AGENT=hero; PATIENT=husband; VERB=describ
Sentence: the",Sentence: the,first_noun,-4.4447784423828125,-3.7476727962493896,0.6971056461334229,passive,1.0
359,role_labeled,passive,passive,a winner is described by a wife .,a hero describes a husband .,a husband is described by a hero .,a,hero,a,husband,describ,describes,described,"[""AGENT=hero"", ""PATIENT=husband"", ""VERB=describ""]","Prime sentence: a winner is described by a wife .
Event roles: AGENT=hero; PATIENT=husband; VERB=describ
Sentence: the",Sentence: the,first_noun,-4.257993221282959,-3.8172528743743896,0.44074034690856934,passive,1.0
359,role_labeled,no_prime_eos,no_prime_eos,,a hero describes a husband .,a husband is described by a hero .,a,hero,a,husband,describ,describes,described,"[""AGENT=hero"", ""PATIENT=husband"", ""VERB=describ""]","Event roles: AGENT=hero; PATIENT=husband; VERB=describ
Sentence: the",Sentence: the,first_noun,-3.082796096801758,-4.76353645324707,-1.6807403564453125,active,0.0
359,role_labeled,filler,filler,The captain waited beside the harbor .,a hero describes a husband .,a husband is described by a hero .,a,hero,a,husband,describ,describes,described,"[""AGENT=hero"", ""PATIENT=husband"", ""VERB=describ""]","Prime sentence: The captain waited beside the harbor .
Event roles: AGENT=hero; PATIENT=husband; VERB=describ
Sentence: the",Sentence: the,first_noun,-5.36667537689209,-5.880483150482178,-0.5138077735900879,active,0.0
360,role_labeled,active,active,an actress beats an adult .,a leader beats a man .,a man is beaten by a leader .,a,leader,a,man,beat,beats,beaten,"[""PATIENT=man"", ""VERB=beat"", ""AGENT=leader""]","Prime sentence: an actress beats an adult .
Event roles: PATIENT=man; VERB=beat; AGENT=leader
Sentence: the",Sentence: the,first_noun,-5.895608901977539,-3.756915330886841,2.1386935710906982,passive,1.0
360,role_labeled,passive,passive,an adult is beaten by an actress .,a leader beats a man .,a man is beaten by a leader .,a,leader,a,man,beat,beats,beaten,"[""PATIENT=man"", ""VERB=beat"", ""AGENT=leader""]","Prime sentence: an adult is beaten by an actress .
Event roles: PATIENT=man; VERB=beat; AGENT=leader
Sentence: the",Sentence: the,first_noun,-5.73089599609375,-3.3624794483184814,2.3684165477752686,passive,1.0
360,role_labeled,no_prime_eos,no_prime_eos,,a leader beats a man .,a man is beaten by a leader .,a,leader,a,man,beat,beats,beaten,"[""PATIENT=man"", ""VERB=beat"", ""AGENT=leader""]","Event roles: PATIENT=man; VERB=beat; AGENT=leader
Sentence: the",Sentence: the,first_noun,-3.9531729221343994,-4.0361833572387695,-0.08301043510437012,active,0.0
360,role_labeled,filler,filler,The baker laughed during breakfast .,a leader beats a man .,a man is beaten by a leader .,a,leader,a,man,beat,beats,beaten,"[""PATIENT=man"", ""VERB=beat"", ""AGENT=leader""]","Prime sentence: The baker laughed during breakfast .
Event roles: PATIENT=man; VERB=beat; AGENT=leader
Sentence: the",Sentence: the,first_noun,-5.665346145629883,-3.3753037452697754,2.2900424003601074,passive,1.0
361,role_labeled,active,active,a cousin helps a daughter .,a professor helps a reader .,a reader is helped by a professor .,a,professor,a,reader,help,helps,helped,"[""PATIENT=reader"", ""AGENT=professor"", ""VERB=help""]","Prime sentence: a cousin helps a daughter .
Event roles: PATIENT=reader; AGENT=professor; VERB=help
Sentence: the",Sentence: the,first_noun,-3.863947629928589,-6.405142784118652,-2.5411951541900635,active,0.0
361,role_labeled,passive,passive,a daughter is helped by a cousin .,a professor helps a reader .,a reader is helped by a professor .,a,professor,a,reader,help,helps,helped,"[""PATIENT=reader"", ""AGENT=professor"", ""VERB=help""]","Prime sentence: a daughter is helped by a cousin .
Event roles: PATIENT=reader; AGENT=professor; VERB=help
Sentence: the",Sentence: the,first_noun,-4.1848297119140625,-5.853382110595703,-1.6685523986816406,active,0.0
361,role_labeled,no_prime_eos,no_prime_eos,,a professor helps a reader .,a reader is helped by a professor .,a,professor,a,reader,help,helps,helped,"[""PATIENT=reader"", ""AGENT=professor"", ""VERB=help""]","Event roles: PATIENT=reader; AGENT=professor; VERB=help
Sentence: the",Sentence: the,first_noun,-4.101593017578125,-5.2464189529418945,-1.1448259353637695,active,0.0
361,role_labeled,filler,filler,The tourist wandered through the plaza .,a professor helps a reader .,a reader is helped by a professor .,a,professor,a,reader,help,helps,helped,"[""PATIENT=reader"", ""AGENT=professor"", ""VERB=help""]","Prime sentence: The tourist wandered through the plaza .
Event roles: PATIENT=reader; AGENT=professor; VERB=help
Sentence: the",Sentence: the,first_noun,-3.59281849861145,-6.865033149719238,-3.272214651107788,active,0.0
362,role_labeled,active,active,a physician teaches a pilot .,a candidate teaches a captain .,a captain is taught by a candidate .,a,candidate,a,captain,teach,teaches,taught,"[""AGENT=candidate"", ""VERB=teach"", ""PATIENT=captain""]","Prime sentence: a physician teaches a pilot .
Event roles: AGENT=candidate; VERB=teach; PATIENT=captain
Sentence: the",Sentence: the,first_noun,-5.4492998123168945,-3.5053346157073975,1.943965196609497,passive,1.0
362,role_labeled,passive,passive,a pilot is taught by a physician .,a candidate teaches a captain .,a captain is taught by a candidate .,a,candidate,a,captain,teach,teaches,taught,"[""AGENT=candidate"", ""VERB=teach"", ""PATIENT=captain""]","Prime sentence: a pilot is taught by a physician .
Event roles: AGENT=candidate; VERB=teach; PATIENT=captain
Sentence: the",Sentence: the,first_noun,-5.628681659698486,-3.3484458923339844,2.280235767364502,passive,1.0
362,role_labeled,no_prime_eos,no_prime_eos,,a candidate teaches a captain .,a captain is taught by a candidate .,a,candidate,a,captain,teach,teaches,taught,"[""AGENT=candidate"", ""VERB=teach"", ""PATIENT=captain""]","Event roles: AGENT=candidate; VERB=teach; PATIENT=captain
Sentence: the",Sentence: the,first_noun,-4.1075663566589355,-3.4748435020446777,0.6327228546142578,passive,1.0
362,role_labeled,filler,filler,The notebook stayed on the shelf .,a candidate teaches a captain .,a captain is taught by a candidate .,a,candidate,a,captain,teach,teaches,taught,"[""AGENT=candidate"", ""VERB=teach"", ""PATIENT=captain""]","Prime sentence: The notebook stayed on the shelf .
Event roles: AGENT=candidate; VERB=teach; PATIENT=captain
Sentence: the",Sentence: the,first_noun,-6.33275032043457,-3.5470216274261475,2.785728693008423,passive,1.0
363,role_labeled,active,active,a daughter punches a doctor .,a reader punches a scientist .,a scientist is punched by a reader .,a,reader,a,scientist,punch,punches,punched,"[""VERB=punch"", ""PATIENT=scientist"", ""AGENT=reader""]","Prime sentence: a daughter punches a doctor .
Event roles: VERB=punch; PATIENT=scientist; AGENT=reader
Sentence: the",Sentence: the,first_noun,-6.440237998962402,-4.0000152587890625,2.44022274017334,passive,1.0
363,role_labeled,passive,passive,a doctor is punched by a daughter .,a reader punches a scientist .,a scientist is punched by a reader .,a,reader,a,scientist,punch,punches,punched,"[""VERB=punch"", ""PATIENT=scientist"", ""AGENT=reader""]","Prime sentence: a doctor is punched by a daughter .
Event roles: VERB=punch; PATIENT=scientist; AGENT=reader
Sentence: the",Sentence: the,first_noun,-5.893031597137451,-3.134009838104248,2.759021759033203,passive,1.0
363,role_labeled,no_prime_eos,no_prime_eos,,a reader punches a scientist .,a scientist is punched by a reader .,a,reader,a,scientist,punch,punches,punched,"[""VERB=punch"", ""PATIENT=scientist"", ""AGENT=reader""]","Event roles: VERB=punch; PATIENT=scientist; AGENT=reader
Sentence: the",Sentence: the,first_noun,-4.594571113586426,-4.62159538269043,-0.027024269104003906,active,0.0
363,role_labeled,filler,filler,The painter waited near the doorway .,a reader punches a scientist .,a scientist is punched by a reader .,a,reader,a,scientist,punch,punches,punched,"[""VERB=punch"", ""PATIENT=scientist"", ""AGENT=reader""]","Prime sentence: The painter waited near the doorway .
Event roles: VERB=punch; PATIENT=scientist; AGENT=reader
Sentence: the",Sentence: the,first_noun,-6.1893744468688965,-3.044478416442871,3.1448960304260254,passive,1.0
364,role_labeled,active,active,a leader washes a man .,an actor washes an actress .,an actress is washed by an actor .,an,actor,an,actress,wash,washes,washed,"[""VERB=wash"", ""AGENT=actor"", ""PATIENT=actress""]","Prime sentence: a leader washes a man .
Event roles: VERB=wash; AGENT=actor; PATIENT=actress
Sentence: the",Sentence: the,first_noun,-5.296775817871094,-6.893740653991699,-1.5969648361206055,active,0.0
364,role_labeled,passive,passive,a man is washed by a leader .,an actor washes an actress .,an actress is washed by an actor .,an,actor,an,actress,wash,washes,washed,"[""VERB=wash"", ""AGENT=actor"", ""PATIENT=actress""]","Prime sentence: a man is washed by a leader .
Event roles: VERB=wash; AGENT=actor; PATIENT=actress
Sentence: the",Sentence: the,first_noun,-5.886030197143555,-7.646797180175781,-1.7607669830322266,active,0.0
364,role_labeled,no_prime_eos,no_prime_eos,,an actor washes an actress .,an actress is washed by an actor .,an,actor,an,actress,wash,washes,washed,"[""VERB=wash"", ""AGENT=actor"", ""PATIENT=actress""]","Event roles: VERB=wash; AGENT=actor; PATIENT=actress
Sentence: the",Sentence: the,first_noun,-4.475830554962158,-6.258855819702148,-1.7830252647399902,active,0.0
364,role_labeled,filler,filler,The kettle whistled in the kitchen .,an actor washes an actress .,an actress is washed by an actor .,an,actor,an,actress,wash,washes,washed,"[""VERB=wash"", ""AGENT=actor"", ""PATIENT=actress""]","Prime sentence: The kettle whistled in the kitchen .
Event roles: VERB=wash; AGENT=actor; PATIENT=actress
Sentence: the",Sentence: the,first_noun,-7.8127946853637695,-8.672940254211426,-0.8601455688476562,active,0.0
365,role_labeled,active,active,a daughter destroys a doctor .,a reader destroys a scientist .,a scientist is destroyed by a reader .,a,reader,a,scientist,destroy,destroys,destroyed,"[""AGENT=reader"", ""VERB=destroy"", ""PATIENT=scientist""]","Prime sentence: a daughter destroys a doctor .
Event roles: AGENT=reader; VERB=destroy; PATIENT=scientist
Sentence: the",Sentence: the,first_noun,-5.601247787475586,-3.463724374771118,2.1375234127044678,passive,1.0
365,role_labeled,passive,passive,a doctor is destroyed by a daughter .,a reader destroys a scientist .,a scientist is destroyed by a reader .,a,reader,a,scientist,destroy,destroys,destroyed,"[""AGENT=reader"", ""VERB=destroy"", ""PATIENT=scientist""]","Prime sentence: a doctor is destroyed by a daughter .
Event roles: AGENT=reader; VERB=destroy; PATIENT=scientist
Sentence: the",Sentence: the,first_noun,-5.165650844573975,-3.026797294616699,2.1388535499572754,passive,1.0
365,role_labeled,no_prime_eos,no_prime_eos,,a reader destroys a scientist .,a scientist is destroyed by a reader .,a,reader,a,scientist,destroy,destroys,destroyed,"[""AGENT=reader"", ""VERB=destroy"", ""PATIENT=scientist""]","Event roles: AGENT=reader; VERB=destroy; PATIENT=scientist
Sentence: the",Sentence: the,first_noun,-4.0781331062316895,-4.728675842285156,-0.6505427360534668,active,0.0
365,role_labeled,filler,filler,The witness paused near the doorway .,a reader destroys a scientist .,a scientist is destroyed by a reader .,a,reader,a,scientist,destroy,destroys,destroyed,"[""AGENT=reader"", ""VERB=destroy"", ""PATIENT=scientist""]","Prime sentence: The witness paused near the doorway .
Event roles: AGENT=reader; VERB=destroy; PATIENT=scientist
Sentence: the",Sentence: the,first_noun,-4.805581092834473,-2.8068645000457764,1.9987165927886963,passive,1.0
366,role_labeled,active,active,a president chases a priest .,a champion chases a chief .,a chief is chased by a champion .,a,champion,a,chief,chas,chases,chased,"[""VERB=chas"", ""AGENT=champion"", ""PATIENT=chief""]","Prime sentence: a president chases a priest .
Event roles: VERB=chas; AGENT=champion; PATIENT=chief
Sentence: the",Sentence: the,first_noun,-6.865759372711182,-5.024706840515137,1.841052532196045,passive,1.0
366,role_labeled,passive,passive,a priest is chased by a president .,a champion chases a chief .,a chief is chased by a champion .,a,champion,a,chief,chas,chases,chased,"[""VERB=chas"", ""AGENT=champion"", ""PATIENT=chief""]","Prime sentence: a priest is chased by a president .
Event roles: VERB=chas; AGENT=champion; PATIENT=chief
Sentence: the",Sentence: the,first_noun,-6.571800231933594,-5.205265045166016,1.3665351867675781,passive,1.0
366,role_labeled,no_prime_eos,no_prime_eos,,a champion chases a chief .,a chief is chased by a champion .,a,champion,a,chief,chas,chases,chased,"[""VERB=chas"", ""AGENT=champion"", ""PATIENT=chief""]","Event roles: VERB=chas; AGENT=champion; PATIENT=chief
Sentence: the",Sentence: the,first_noun,-5.2773871421813965,-4.901778221130371,0.3756089210510254,passive,1.0
366,role_labeled,filler,filler,The blanket dried on the line .,a champion chases a chief .,a chief is chased by a champion .,a,champion,a,chief,chas,chases,chased,"[""VERB=chas"", ""AGENT=champion"", ""PATIENT=chief""]","Prime sentence: The blanket dried on the line .
Event roles: VERB=chas; AGENT=champion; PATIENT=chief
Sentence: the",Sentence: the,first_noun,-6.520724296569824,-6.759559154510498,-0.23883485794067383,active,0.0
367,role_labeled,active,active,a teacher grabs an uncle .,a guest grabs a guy .,a guy is grabbed by a guest .,a,guest,a,guy,grab,grabs,grabbed,"[""VERB=grab"", ""PATIENT=guy"", ""AGENT=guest""]","Prime sentence: a teacher grabs an uncle .
Event roles: VERB=grab; PATIENT=guy; AGENT=guest
Sentence: the",Sentence: the,first_noun,-6.022607326507568,-4.067699432373047,1.9549078941345215,passive,1.0
367,role_labeled,passive,passive,an uncle is grabbed by a teacher .,a guest grabs a guy .,a guy is grabbed by a guest .,a,guest,a,guy,grab,grabs,grabbed,"[""VERB=grab"", ""PATIENT=guy"", ""AGENT=guest""]","Prime sentence: an uncle is grabbed by a teacher .
Event roles: VERB=grab; PATIENT=guy; AGENT=guest
Sentence: the",Sentence: the,first_noun,-6.0343403816223145,-4.10539436340332,1.9289460182189941,passive,1.0
367,role_labeled,no_prime_eos,no_prime_eos,,a guest grabs a guy .,a guy is grabbed by a guest .,a,guest,a,guy,grab,grabs,grabbed,"[""VERB=grab"", ""PATIENT=guy"", ""AGENT=guest""]","Event roles: VERB=grab; PATIENT=guy; AGENT=guest
Sentence: the",Sentence: the,first_noun,-4.994284629821777,-4.596495628356934,0.39778900146484375,passive,1.0
367,role_labeled,filler,filler,The tourist wandered through the plaza .,a guest grabs a guy .,a guy is grabbed by a guest .,a,guest,a,guy,grab,grabs,grabbed,"[""VERB=grab"", ""PATIENT=guy"", ""AGENT=guest""]","Prime sentence: The tourist wandered through the plaza .
Event roles: VERB=grab; PATIENT=guy; AGENT=guest
Sentence: the",Sentence: the,first_noun,-5.0584893226623535,-3.741495370864868,1.3169939517974854,passive,1.0
368,role_labeled,active,active,a doctor judges an employee .,a scientist judges a secretary .,a secretary is judged by a scientist .,a,scientist,a,secretary,judg,judges,judged,"[""VERB=judg"", ""AGENT=scientist"", ""PATIENT=secretary""]","Prime sentence: a doctor judges an employee .
Event roles: VERB=judg; AGENT=scientist; PATIENT=secretary
Sentence: the",Sentence: the,first_noun,-3.8686628341674805,-6.277750015258789,-2.4090871810913086,active,0.0
368,role_labeled,passive,passive,an employee is judged by a doctor .,a scientist judges a secretary .,a secretary is judged by a scientist .,a,scientist,a,secretary,judg,judges,judged,"[""VERB=judg"", ""AGENT=scientist"", ""PATIENT=secretary""]","Prime sentence: an employee is judged by a doctor .
Event roles: VERB=judg; AGENT=scientist; PATIENT=secretary
Sentence: the",Sentence: the,first_noun,-3.9091806411743164,-6.177427768707275,-2.268247127532959,active,0.0
368,role_labeled,no_prime_eos,no_prime_eos,,a scientist judges a secretary .,a secretary is judged by a scientist .,a,scientist,a,secretary,judg,judges,judged,"[""VERB=judg"", ""AGENT=scientist"", ""PATIENT=secretary""]","Event roles: VERB=judg; AGENT=scientist; PATIENT=secretary
Sentence: the",Sentence: the,first_noun,-4.872424125671387,-7.060023307800293,-2.1875991821289062,active,0.0
368,role_labeled,filler,filler,The lantern glowed near sunset .,a scientist judges a secretary .,a secretary is judged by a scientist .,a,scientist,a,secretary,judg,judges,judged,"[""VERB=judg"", ""AGENT=scientist"", ""PATIENT=secretary""]","Prime sentence: The lantern glowed near sunset .
Event roles: VERB=judg; AGENT=scientist; PATIENT=secretary
Sentence: the",Sentence: the,first_noun,-5.637401580810547,-8.182132720947266,-2.5447311401367188,active,0.0
369,role_labeled,active,active,a parent carries a partner .,a brother carries a buddy .,a buddy is carried by a brother .,a,brother,a,buddy,carry,carries,carried,"[""PATIENT=buddy"", ""VERB=carry"", ""AGENT=brother""]","Prime sentence: a parent carries a partner .
Event roles: PATIENT=buddy; VERB=carry; AGENT=brother
Sentence: the",Sentence: the,first_noun,-5.130365371704102,-8.09031867980957,-2.9599533081054688,active,0.0
369,role_labeled,passive,passive,a partner is carried by a parent .,a brother carries a buddy .,a buddy is carried by a brother .,a,brother,a,buddy,carry,carries,carried,"[""PATIENT=buddy"", ""VERB=carry"", ""AGENT=brother""]","Prime sentence: a partner is carried by a parent .
Event roles: PATIENT=buddy; VERB=carry; AGENT=brother
Sentence: the",Sentence: the,first_noun,-4.806209564208984,-7.297636032104492,-2.491426467895508,active,0.0
369,role_labeled,no_prime_eos,no_prime_eos,,a brother carries a buddy .,a buddy is carried by a brother .,a,brother,a,buddy,carry,carries,carried,"[""PATIENT=buddy"", ""VERB=carry"", ""AGENT=brother""]","Event roles: PATIENT=buddy; VERB=carry; AGENT=brother
Sentence: the",Sentence: the,first_noun,-5.079566478729248,-7.5550665855407715,-2.4755001068115234,active,0.0
369,role_labeled,filler,filler,The garden brightened after rain .,a brother carries a buddy .,a buddy is carried by a brother .,a,brother,a,buddy,carry,carries,carried,"[""PATIENT=buddy"", ""VERB=carry"", ""AGENT=brother""]","Prime sentence: The garden brightened after rain .
Event roles: PATIENT=buddy; VERB=carry; AGENT=brother
Sentence: the",Sentence: the,first_noun,-7.985899925231934,-10.382960319519043,-2.3970603942871094,active,0.0
370,role_labeled,active,active,a partner comforts a physician .,a buddy comforts a candidate .,a candidate is comforted by a buddy .,a,buddy,a,candidate,comfort,comforts,comforted,"[""PATIENT=candidate"", ""VERB=comfort"", ""AGENT=buddy""]","Prime sentence: a partner comforts a physician .
Event roles: PATIENT=candidate; VERB=comfort; AGENT=buddy
Sentence: the",Sentence: the,first_noun,-8.910707473754883,-4.93504524230957,3.9756622314453125,passive,1.0
370,role_labeled,passive,passive,a physician is comforted by a partner .,a buddy comforts a candidate .,a candidate is comforted by a buddy .,a,buddy,a,candidate,comfort,comforts,comforted,"[""PATIENT=candidate"", ""VERB=comfort"", ""AGENT=buddy""]","Prime sentence: a physician is comforted by a partner .
Event roles: PATIENT=candidate; VERB=comfort; AGENT=buddy
Sentence: the",Sentence: the,first_noun,-9.839238166809082,-5.037191390991211,4.802046775817871,passive,1.0
370,role_labeled,no_prime_eos,no_prime_eos,,a buddy comforts a candidate .,a candidate is comforted by a buddy .,a,buddy,a,candidate,comfort,comforts,comforted,"[""PATIENT=candidate"", ""VERB=comfort"", ""AGENT=buddy""]","Event roles: PATIENT=candidate; VERB=comfort; AGENT=buddy
Sentence: the",Sentence: the,first_noun,-8.331319808959961,-4.347160339355469,3.984159469604492,passive,1.0
370,role_labeled,filler,filler,The lantern glowed near sunset .,a buddy comforts a candidate .,a candidate is comforted by a buddy .,a,buddy,a,candidate,comfort,comforts,comforted,"[""PATIENT=candidate"", ""VERB=comfort"", ""AGENT=buddy""]","Prime sentence: The lantern glowed near sunset .
Event roles: PATIENT=candidate; VERB=comfort; AGENT=buddy
Sentence: the",Sentence: the,first_noun,-10.506091117858887,-6.693028450012207,3.8130626678466797,passive,1.0
371,role_labeled,active,active,an author bothers a bishop .,a minister bothers a mother .,a mother is bothered by a minister .,a,minister,a,mother,bother,bothers,bothered,"[""VERB=bother"", ""PATIENT=mother"", ""AGENT=minister""]","Prime sentence: an author bothers a bishop .
Event roles: VERB=bother; PATIENT=mother; AGENT=minister
Sentence: the",Sentence: the,first_noun,-4.983799934387207,-5.153491973876953,-0.1696920394897461,active,0.0
371,role_labeled,passive,passive,a bishop is bothered by an author .,a minister bothers a mother .,a mother is bothered by a minister .,a,minister,a,mother,bother,bothers,bothered,"[""VERB=bother"", ""PATIENT=mother"", ""AGENT=minister""]","Prime sentence: a bishop is bothered by an author .
Event roles: VERB=bother; PATIENT=mother; AGENT=minister
Sentence: the",Sentence: the,first_noun,-4.8547258377075195,-5.160335540771484,-0.30560970306396484,active,0.0
371,role_labeled,no_prime_eos,no_prime_eos,,a minister bothers a mother .,a mother is bothered by a minister .,a,minister,a,mother,bother,bothers,bothered,"[""VERB=bother"", ""PATIENT=mother"", ""AGENT=minister""]","Event roles: VERB=bother; PATIENT=mother; AGENT=minister
Sentence: the",Sentence: the,first_noun,-4.991559028625488,-4.8626532554626465,0.1289057731628418,passive,1.0
371,role_labeled,filler,filler,The kettle whistled in the kitchen .,a minister bothers a mother .,a mother is bothered by a minister .,a,minister,a,mother,bother,bothers,bothered,"[""VERB=bother"", ""PATIENT=mother"", ""AGENT=minister""]","Prime sentence: The kettle whistled in the kitchen .
Event roles: VERB=bother; PATIENT=mother; AGENT=minister
Sentence: the",Sentence: the,first_noun,-6.514182090759277,-5.793369293212891,0.7208127975463867,passive,1.0
372,role_labeled,active,active,a hero raises a husband .,an uncle raises a wife .,a wife is raised by an uncle .,an,uncle,a,wife,rais,raises,raised,"[""AGENT=uncle"", ""PATIENT=wife"", ""VERB=rais""]","Prime sentence: a hero raises a husband .
Event roles: AGENT=uncle; PATIENT=wife; VERB=rais
Sentence: the",Sentence: the,first_noun,-5.444217205047607,-4.000154972076416,1.4440622329711914,passive,1.0
372,role_labeled,passive,passive,a husband is raised by a hero .,an uncle raises a wife .,a wife is raised by an uncle .,an,uncle,a,wife,rais,raises,raised,"[""AGENT=uncle"", ""PATIENT=wife"", ""VERB=rais""]","Prime sentence: a husband is raised by a hero .
Event roles: AGENT=uncle; PATIENT=wife; VERB=rais
Sentence: the",Sentence: the,first_noun,-6.314345836639404,-4.003654479980469,2.3106913566589355,passive,1.0
372,role_labeled,no_prime_eos,no_prime_eos,,an uncle raises a wife .,a wife is raised by an uncle .,an,uncle,a,wife,rais,raises,raised,"[""AGENT=uncle"", ""PATIENT=wife"", ""VERB=rais""]","Event roles: AGENT=uncle; PATIENT=wife; VERB=rais
Sentence: the",Sentence: the,first_noun,-7.171212196350098,-4.447652339935303,2.723559856414795,passive,1.0
372,role_labeled,filler,filler,The garden brightened after rain .,an uncle raises a wife .,a wife is raised by an uncle .,an,uncle,a,wife,rais,raises,raised,"[""AGENT=uncle"", ""PATIENT=wife"", ""VERB=rais""]","Prime sentence: The garden brightened after rain .
Event roles: AGENT=uncle; PATIENT=wife; VERB=rais
Sentence: the",Sentence: the,first_noun,-7.215447902679443,-5.360082149505615,1.8553657531738281,passive,1.0
373,role_labeled,active,active,a hero embraces a husband .,an uncle embraces a wife .,a wife is embraced by an uncle .,an,uncle,a,wife,embrac,embraces,embraced,"[""AGENT=uncle"", ""PATIENT=wife"", ""VERB=embrac""]","Prime sentence: a hero embraces a husband .
Event roles: AGENT=uncle; PATIENT=wife; VERB=embrac
Sentence: the",Sentence: the,first_noun,-6.403921127319336,-4.501770496368408,1.9021506309509277,passive,1.0
373,role_labeled,passive,passive,a husband is embraced by a hero .,an uncle embraces a wife .,a wife is embraced by an uncle .,an,uncle,a,wife,embrac,embraces,embraced,"[""AGENT=uncle"", ""PATIENT=wife"", ""VERB=embrac""]","Prime sentence: a husband is embraced by a hero .
Event roles: AGENT=uncle; PATIENT=wife; VERB=embrac
Sentence: the",Sentence: the,first_noun,-6.661589622497559,-4.383790969848633,2.277798652648926,passive,1.0
373,role_labeled,no_prime_eos,no_prime_eos,,an uncle embraces a wife .,a wife is embraced by an uncle .,an,uncle,a,wife,embrac,embraces,embraced,"[""AGENT=uncle"", ""PATIENT=wife"", ""VERB=embrac""]","Event roles: AGENT=uncle; PATIENT=wife; VERB=embrac
Sentence: the",Sentence: the,first_noun,-7.085573196411133,-4.399199485778809,2.686373710632324,passive,1.0
373,role_labeled,filler,filler,The engine cooled before dawn .,an uncle embraces a wife .,a wife is embraced by an uncle .,an,uncle,a,wife,embrac,embraces,embraced,"[""AGENT=uncle"", ""PATIENT=wife"", ""VERB=embrac""]","Prime sentence: The engine cooled before dawn .
Event roles: AGENT=uncle; PATIENT=wife; VERB=embrac
Sentence: the",Sentence: the,first_noun,-6.789401531219482,-5.269660949707031,1.5197405815124512,passive,1.0
374,role_labeled,active,active,a sheriff washes a singer .,an employee washes an employer .,an employer is washed by an employee .,an,employee,an,employer,wash,washes,washed,"[""PATIENT=employer"", ""AGENT=employee"", ""VERB=wash""]","Prime sentence: a sheriff washes a singer .
Event roles: PATIENT=employer; AGENT=employee; VERB=wash
Sentence: the",Sentence: the,first_noun,-4.927640914916992,-4.798947811126709,0.1286931037902832,passive,1.0
374,role_labeled,passive,passive,a singer is washed by a sheriff .,an employee washes an employer .,an employer is washed by an employee .,an,employee,an,employer,wash,washes,washed,"[""PATIENT=employer"", ""AGENT=employee"", ""VERB=wash""]","Prime sentence: a singer is washed by a sheriff .
Event roles: PATIENT=employer; AGENT=employee; VERB=wash
Sentence: the",Sentence: the,first_noun,-5.263157844543457,-5.077862739562988,0.18529510498046875,passive,1.0
374,role_labeled,no_prime_eos,no_prime_eos,,an employee washes an employer .,an employer is washed by an employee .,an,employee,an,employer,wash,washes,washed,"[""PATIENT=employer"", ""AGENT=employee"", ""VERB=wash""]","Event roles: PATIENT=employer; AGENT=employee; VERB=wash
Sentence: the",Sentence: the,first_noun,-3.9223551750183105,-5.153603553771973,-1.231248378753662,active,0.0
374,role_labeled,filler,filler,The singer smiled after rehearsal .,an employee washes an employer .,an employer is washed by an employee .,an,employee,an,employer,wash,washes,washed,"[""PATIENT=employer"", ""AGENT=employee"", ""VERB=wash""]","Prime sentence: The singer smiled after rehearsal .
Event roles: PATIENT=employer; AGENT=employee; VERB=wash
Sentence: the",Sentence: the,first_noun,-5.279557704925537,-6.4739885330200195,-1.1944308280944824,active,0.0
375,role_labeled,active,active,a professor strikes a reader .,a cop strikes a cousin .,a cousin is struck by a cop .,a,cop,a,cousin,strik,strikes,struck,"[""PATIENT=cousin"", ""VERB=strik"", ""AGENT=cop""]","Prime sentence: a professor strikes a reader .
Event roles: PATIENT=cousin; VERB=strik; AGENT=cop
Sentence: the",Sentence: the,first_noun,-4.978506088256836,-8.207474708557129,-3.228968620300293,active,0.0
375,role_labeled,passive,passive,a reader is struck by a professor .,a cop strikes a cousin .,a cousin is struck by a cop .,a,cop,a,cousin,strik,strikes,struck,"[""PATIENT=cousin"", ""VERB=strik"", ""AGENT=cop""]","Prime sentence: a reader is struck by a professor .
Event roles: PATIENT=cousin; VERB=strik; AGENT=cop
Sentence: the",Sentence: the,first_noun,-5.380802631378174,-8.1778564453125,-2.797053813934326,active,0.0
375,role_labeled,no_prime_eos,no_prime_eos,,a cop strikes a cousin .,a cousin is struck by a cop .,a,cop,a,cousin,strik,strikes,struck,"[""PATIENT=cousin"", ""VERB=strik"", ""AGENT=cop""]","Event roles: PATIENT=cousin; VERB=strik; AGENT=cop
Sentence: the",Sentence: the,first_noun,-5.41887903213501,-8.097188949584961,-2.678309917449951,active,0.0
375,role_labeled,filler,filler,The witness paused near the doorway .,a cop strikes a cousin .,a cousin is struck by a cop .,a,cop,a,cousin,strik,strikes,struck,"[""PATIENT=cousin"", ""VERB=strik"", ""AGENT=cop""]","Prime sentence: The witness paused near the doorway .
Event roles: PATIENT=cousin; VERB=strik; AGENT=cop
Sentence: the",Sentence: the,first_noun,-4.778056621551514,-6.447547912597656,-1.6694912910461426,active,0.0
376,role_labeled,active,active,a friend catches a girl .,a soldier catches a son .,a son is caught by a soldier .,a,soldier,a,son,catch,catches,caught,"[""VERB=catch"", ""PATIENT=son"", ""AGENT=soldier""]","Prime sentence: a friend catches a girl .
Event roles: VERB=catch; PATIENT=son; AGENT=soldier
Sentence: the",Sentence: the,first_noun,-3.278151273727417,-4.822882652282715,-1.5447313785552979,active,0.0
376,role_labeled,passive,passive,a girl is caught by a friend .,a soldier catches a son .,a son is caught by a soldier .,a,soldier,a,son,catch,catches,caught,"[""VERB=catch"", ""PATIENT=son"", ""AGENT=soldier""]","Prime sentence: a girl is caught by a friend .
Event roles: VERB=catch; PATIENT=son; AGENT=soldier
Sentence: the",Sentence: the,first_noun,-2.9715278148651123,-4.90894889831543,-1.9374210834503174,active,0.0
376,role_labeled,no_prime_eos,no_prime_eos,,a soldier catches a son .,a son is caught by a soldier .,a,soldier,a,son,catch,catches,caught,"[""VERB=catch"", ""PATIENT=son"", ""AGENT=soldier""]","Event roles: VERB=catch; PATIENT=son; AGENT=soldier
Sentence: the",Sentence: the,first_noun,-3.91658878326416,-5.1499433517456055,-1.2333545684814453,active,0.0
376,role_labeled,filler,filler,The pillow rested on the sofa .,a soldier catches a son .,a son is caught by a soldier .,a,soldier,a,son,catch,catches,caught,"[""VERB=catch"", ""PATIENT=son"", ""AGENT=soldier""]","Prime sentence: The pillow rested on the sofa .
Event roles: VERB=catch; PATIENT=son; AGENT=soldier
Sentence: the",Sentence: the,first_noun,-5.001593589782715,-6.593544006347656,-1.5919504165649414,active,0.0
377,role_labeled,active,active,a daughter carries a doctor .,a reader carries a scientist .,a scientist is carried by a reader .,a,reader,a,scientist,carry,carries,carried,"[""AGENT=reader"", ""PATIENT=scientist"", ""VERB=carry""]","Prime sentence: a daughter carries a doctor .
Event roles: AGENT=reader; PATIENT=scientist; VERB=carry
Sentence: the",Sentence: the,first_noun,-5.827465057373047,-4.090879917144775,1.7365851402282715,passive,1.0
377,role_labeled,passive,passive,a doctor is carried by a daughter .,a reader carries a scientist .,a scientist is carried by a reader .,a,reader,a,scientist,carry,carries,carried,"[""AGENT=reader"", ""PATIENT=scientist"", ""VERB=carry""]","Prime sentence: a doctor is carried by a daughter .
Event roles: AGENT=reader; PATIENT=scientist; VERB=carry
Sentence: the",Sentence: the,first_noun,-5.558732986450195,-3.863323211669922,1.6954097747802734,passive,1.0
377,role_labeled,no_prime_eos,no_prime_eos,,a reader carries a scientist .,a scientist is carried by a reader .,a,reader,a,scientist,carry,carries,carried,"[""AGENT=reader"", ""PATIENT=scientist"", ""VERB=carry""]","Event roles: AGENT=reader; PATIENT=scientist; VERB=carry
Sentence: the",Sentence: the,first_noun,-4.386574745178223,-4.668544769287109,-0.2819700241088867,active,0.0
377,role_labeled,filler,filler,The tourist wandered through the plaza .,a reader carries a scientist .,a scientist is carried by a reader .,a,reader,a,scientist,carry,carries,carried,"[""AGENT=reader"", ""PATIENT=scientist"", ""VERB=carry""]","Prime sentence: The tourist wandered through the plaza .
Event roles: AGENT=reader; PATIENT=scientist; VERB=carry
Sentence: the",Sentence: the,first_noun,-6.996365547180176,-3.2072579860687256,3.78910756111145,passive,1.0
378,role_labeled,active,active,a brother strikes a buddy .,an opponent strikes a parent .,a parent is struck by an opponent .,an,opponent,a,parent,strik,strikes,struck,"[""PATIENT=parent"", ""AGENT=opponent"", ""VERB=strik""]","Prime sentence: a brother strikes a buddy .
Event roles: PATIENT=parent; AGENT=opponent; VERB=strik
Sentence: the",Sentence: the,first_noun,-7.364833831787109,-5.85444450378418,1.5103893280029297,passive,1.0
378,role_labeled,passive,passive,a buddy is struck by a brother .,an opponent strikes a parent .,a parent is struck by an opponent .,an,opponent,a,parent,strik,strikes,struck,"[""PATIENT=parent"", ""AGENT=opponent"", ""VERB=strik""]","Prime sentence: a buddy is struck by a brother .
Event roles: PATIENT=parent; AGENT=opponent; VERB=strik
Sentence: the",Sentence: the,first_noun,-6.4901227951049805,-5.396012783050537,1.0941100120544434,passive,1.0
378,role_labeled,no_prime_eos,no_prime_eos,,an opponent strikes a parent .,a parent is struck by an opponent .,an,opponent,a,parent,strik,strikes,struck,"[""PATIENT=parent"", ""AGENT=opponent"", ""VERB=strik""]","Event roles: PATIENT=parent; AGENT=opponent; VERB=strik
Sentence: the",Sentence: the,first_noun,-4.964337348937988,-5.86610221862793,-0.9017648696899414,active,0.0
378,role_labeled,filler,filler,The garden brightened after rain .,an opponent strikes a parent .,a parent is struck by an opponent .,an,opponent,a,parent,strik,strikes,struck,"[""PATIENT=parent"", ""AGENT=opponent"", ""VERB=strik""]","Prime sentence: The garden brightened after rain .
Event roles: PATIENT=parent; AGENT=opponent; VERB=strik
Sentence: the",Sentence: the,first_noun,-8.960125923156738,-7.607349395751953,1.3527765274047852,passive,1.0
379,role_labeled,active,active,a king destroys a lady .,a woman destroys a worker .,a worker is destroyed by a woman .,a,woman,a,worker,destroy,destroys,destroyed,"[""AGENT=woman"", ""VERB=destroy"", ""PATIENT=worker""]","Prime sentence: a king destroys a lady .
Event roles: AGENT=woman; VERB=destroy; PATIENT=worker
Sentence: the",Sentence: the,first_noun,-3.1265931129455566,-5.7454986572265625,-2.618905544281006,active,0.0
379,role_labeled,passive,passive,a lady is destroyed by a king .,a woman destroys a worker .,a worker is destroyed by a woman .,a,woman,a,worker,destroy,destroys,destroyed,"[""AGENT=woman"", ""VERB=destroy"", ""PATIENT=worker""]","Prime sentence: a lady is destroyed by a king .
Event roles: AGENT=woman; VERB=destroy; PATIENT=worker
Sentence: the",Sentence: the,first_noun,-3.103163242340088,-5.662778854370117,-2.5596156120300293,active,0.0
379,role_labeled,no_prime_eos,no_prime_eos,,a woman destroys a worker .,a worker is destroyed by a woman .,a,woman,a,worker,destroy,destroys,destroyed,"[""AGENT=woman"", ""VERB=destroy"", ""PATIENT=worker""]","Event roles: AGENT=woman; VERB=destroy; PATIENT=worker
Sentence: the",Sentence: the,first_noun,-2.230943202972412,-4.420576572418213,-2.189633369445801,active,0.0
379,role_labeled,filler,filler,The captain waited beside the harbor .,a woman destroys a worker .,a worker is destroyed by a woman .,a,woman,a,worker,destroy,destroys,destroyed,"[""AGENT=woman"", ""VERB=destroy"", ""PATIENT=worker""]","Prime sentence: The captain waited beside the harbor .
Event roles: AGENT=woman; VERB=destroy; PATIENT=worker
Sentence: the",Sentence: the,first_noun,-3.5613059997558594,-6.600749492645264,-3.0394434928894043,active,0.0
380,role_labeled,active,active,a girl grabs a guest .,a son grabs a student .,a student is grabbed by a son .,a,son,a,student,grab,grabs,grabbed,"[""VERB=grab"", ""AGENT=son"", ""PATIENT=student""]","Prime sentence: a girl grabs a guest .
Event roles: VERB=grab; AGENT=son; PATIENT=student
Sentence: the",Sentence: the,first_noun,-5.431534767150879,-3.8793582916259766,1.5521764755249023,passive,1.0
380,role_labeled,passive,passive,a guest is grabbed by a girl .,a son grabs a student .,a student is grabbed by a son .,a,son,a,student,grab,grabs,grabbed,"[""VERB=grab"", ""AGENT=son"", ""PATIENT=student""]","Prime sentence: a guest is grabbed by a girl .
Event roles: VERB=grab; AGENT=son; PATIENT=student
Sentence: the",Sentence: the,first_noun,-5.10406494140625,-3.4694929122924805,1.6345720291137695,passive,1.0
380,role_labeled,no_prime_eos,no_prime_eos,,a son grabs a student .,a student is grabbed by a son .,a,son,a,student,grab,grabs,grabbed,"[""VERB=grab"", ""AGENT=son"", ""PATIENT=student""]","Event roles: VERB=grab; AGENT=son; PATIENT=student
Sentence: the",Sentence: the,first_noun,-5.766849994659424,-3.3841845989227295,2.3826653957366943,passive,1.0
380,role_labeled,filler,filler,The witness paused near the doorway .,a son grabs a student .,a student is grabbed by a son .,a,son,a,student,grab,grabs,grabbed,"[""VERB=grab"", ""AGENT=son"", ""PATIENT=student""]","Prime sentence: The witness paused near the doorway .
Event roles: VERB=grab; AGENT=son; PATIENT=student
Sentence: the",Sentence: the,first_noun,-5.928098678588867,-2.666074275970459,3.262024402618408,passive,1.0
381,role_labeled,active,active,a manager hurries a mayor .,an adult hurries an attorney .,an attorney is hurried by an adult .,an,adult,an,attorney,hurry,hurries,hurried,"[""VERB=hurry"", ""AGENT=adult"", ""PATIENT=attorney""]","Prime sentence: a manager hurries a mayor .
Event roles: VERB=hurry; AGENT=adult; PATIENT=attorney
Sentence: the",Sentence: the,first_noun,-6.382397174835205,-6.38736629486084,-0.004969120025634766,active,0.0
381,role_labeled,passive,passive,a mayor is hurried by a manager .,an adult hurries an attorney .,an attorney is hurried by an adult .,an,adult,an,attorney,hurry,hurries,hurried,"[""VERB=hurry"", ""AGENT=adult"", ""PATIENT=attorney""]","Prime sentence: a mayor is hurried by a manager .
Event roles: VERB=hurry; AGENT=adult; PATIENT=attorney
Sentence: the",Sentence: the,first_noun,-6.925092697143555,-6.839723110198975,0.08536958694458008,passive,1.0
381,role_labeled,no_prime_eos,no_prime_eos,,an adult hurries an attorney .,an attorney is hurried by an adult .,an,adult,an,attorney,hurry,hurries,hurried,"[""VERB=hurry"", ""AGENT=adult"", ""PATIENT=attorney""]","Event roles: VERB=hurry; AGENT=adult; PATIENT=attorney
Sentence: the",Sentence: the,first_noun,-5.420287132263184,-6.600508689880371,-1.1802215576171875,active,0.0
381,role_labeled,filler,filler,The planet shimmered above the valley .,an adult hurries an attorney .,an attorney is hurried by an adult .,an,adult,an,attorney,hurry,hurries,hurried,"[""VERB=hurry"", ""AGENT=adult"", ""PATIENT=attorney""]","Prime sentence: The planet shimmered above the valley .
Event roles: VERB=hurry; AGENT=adult; PATIENT=attorney
Sentence: the",Sentence: the,first_noun,-7.077950477600098,-7.665716171264648,-0.5877656936645508,active,0.0
382,role_labeled,active,active,a chief helps a child .,a president helps a priest .,a priest is helped by a president .,a,president,a,priest,help,helps,helped,"[""VERB=help"", ""PATIENT=priest"", ""AGENT=president""]","Prime sentence: a chief helps a child .
Event roles: VERB=help; PATIENT=priest; AGENT=president
Sentence: the",Sentence: the,first_noun,-3.9527666568756104,-3.907130479812622,0.04563617706298828,passive,1.0
382,role_labeled,passive,passive,a child is helped by a chief .,a president helps a priest .,a priest is helped by a president .,a,president,a,priest,help,helps,helped,"[""VERB=help"", ""PATIENT=priest"", ""AGENT=president""]","Prime sentence: a child is helped by a chief .
Event roles: VERB=help; PATIENT=priest; AGENT=president
Sentence: the",Sentence: the,first_noun,-3.800715923309326,-4.029187202453613,-0.2284712791442871,active,0.0
382,role_labeled,no_prime_eos,no_prime_eos,,a president helps a priest .,a priest is helped by a president .,a,president,a,priest,help,helps,helped,"[""VERB=help"", ""PATIENT=priest"", ""AGENT=president""]","Event roles: VERB=help; PATIENT=priest; AGENT=president
Sentence: the",Sentence: the,first_noun,-4.045266151428223,-4.380208492279053,-0.3349423408508301,active,0.0
382,role_labeled,filler,filler,The teacher listened during assembly .,a president helps a priest .,a priest is helped by a president .,a,president,a,priest,help,helps,helped,"[""VERB=help"", ""PATIENT=priest"", ""AGENT=president""]","Prime sentence: The teacher listened during assembly .
Event roles: VERB=help; PATIENT=priest; AGENT=president
Sentence: the",Sentence: the,first_noun,-3.2701151371002197,-2.6557233333587646,0.6143918037414551,passive,1.0
383,role_labeled,active,active,a friend forgives a girl .,a soldier forgives a son .,a son is forgiven by a soldier .,a,soldier,a,son,forgiv,forgives,forgiven,"[""VERB=forgiv"", ""AGENT=soldier"", ""PATIENT=son""]","Prime sentence: a friend forgives a girl .
Event roles: VERB=forgiv; AGENT=soldier; PATIENT=son
Sentence: the",Sentence: the,first_noun,-4.513064384460449,-5.117579460144043,-0.6045150756835938,active,0.0
383,role_labeled,passive,passive,a girl is forgiven by a friend .,a soldier forgives a son .,a son is forgiven by a soldier .,a,soldier,a,son,forgiv,forgives,forgiven,"[""VERB=forgiv"", ""AGENT=soldier"", ""PATIENT=son""]","Prime sentence: a girl is forgiven by a friend .
Event roles: VERB=forgiv; AGENT=soldier; PATIENT=son
Sentence: the",Sentence: the,first_noun,-3.9297444820404053,-5.22071647644043,-1.2909719944000244,active,0.0
383,role_labeled,no_prime_eos,no_prime_eos,,a soldier forgives a son .,a son is forgiven by a soldier .,a,soldier,a,son,forgiv,forgives,forgiven,"[""VERB=forgiv"", ""AGENT=soldier"", ""PATIENT=son""]","Event roles: VERB=forgiv; AGENT=soldier; PATIENT=son
Sentence: the",Sentence: the,first_noun,-4.093658447265625,-4.726407051086426,-0.6327486038208008,active,0.0
383,role_labeled,filler,filler,The captain waited beside the harbor .,a soldier forgives a son .,a son is forgiven by a soldier .,a,soldier,a,son,forgiv,forgives,forgiven,"[""VERB=forgiv"", ""AGENT=soldier"", ""PATIENT=son""]","Prime sentence: The captain waited beside the harbor .
Event roles: VERB=forgiv; AGENT=soldier; PATIENT=son
Sentence: the",Sentence: the,first_noun,-4.729343414306641,-6.040419578552246,-1.3110761642456055,active,0.0
384,role_labeled,active,active,a captain punches a champion .,a physician punches a pilot .,a pilot is punched by a physician .,a,physician,a,pilot,punch,punches,punched,"[""AGENT=physician"", ""VERB=punch"", ""PATIENT=pilot""]","Prime sentence: a captain punches a champion .
Event roles: AGENT=physician; VERB=punch; PATIENT=pilot
Sentence: the",Sentence: the,first_noun,-5.3689470291137695,-3.0822651386260986,2.286681890487671,passive,1.0
384,role_labeled,passive,passive,a champion is punched by a captain .,a physician punches a pilot .,a pilot is punched by a physician .,a,physician,a,pilot,punch,punches,punched,"[""AGENT=physician"", ""VERB=punch"", ""PATIENT=pilot""]","Prime sentence: a champion is punched by a captain .
Event roles: AGENT=physician; VERB=punch; PATIENT=pilot
Sentence: the",Sentence: the,first_noun,-5.341486930847168,-3.3796215057373047,1.9618654251098633,passive,1.0
384,role_labeled,no_prime_eos,no_prime_eos,,a physician punches a pilot .,a pilot is punched by a physician .,a,physician,a,pilot,punch,punches,punched,"[""AGENT=physician"", ""VERB=punch"", ""PATIENT=pilot""]","Event roles: AGENT=physician; VERB=punch; PATIENT=pilot
Sentence: the",Sentence: the,first_noun,-4.106899738311768,-3.0381641387939453,1.0687355995178223,passive,1.0
384,role_labeled,filler,filler,The singer smiled after rehearsal .,a physician punches a pilot .,a pilot is punched by a physician .,a,physician,a,pilot,punch,punches,punched,"[""AGENT=physician"", ""VERB=punch"", ""PATIENT=pilot""]","Prime sentence: The singer smiled after rehearsal .
Event roles: AGENT=physician; VERB=punch; PATIENT=pilot
Sentence: the",Sentence: the,first_noun,-5.636259078979492,-3.039283514022827,2.596975564956665,passive,1.0
385,role_labeled,active,active,an adult carries an attorney .,a man carries a manager .,a manager is carried by a man .,a,man,a,manager,carry,carries,carried,"[""VERB=carry"", ""PATIENT=manager"", ""AGENT=man""]","Prime sentence: an adult carries an attorney .
Event roles: VERB=carry; PATIENT=manager; AGENT=man
Sentence: the",Sentence: the,first_noun,-4.305655479431152,-4.593031883239746,-0.28737640380859375,active,0.0
385,role_labeled,passive,passive,an attorney is carried by an adult .,a man carries a manager .,a manager is carried by a man .,a,man,a,manager,carry,carries,carried,"[""VERB=carry"", ""PATIENT=manager"", ""AGENT=man""]","Prime sentence: an attorney is carried by an adult .
Event roles: VERB=carry; PATIENT=manager; AGENT=man
Sentence: the",Sentence: the,first_noun,-4.508832931518555,-5.175171852111816,-0.6663389205932617,active,0.0
385,role_labeled,no_prime_eos,no_prime_eos,,a man carries a manager .,a manager is carried by a man .,a,man,a,manager,carry,carries,carried,"[""VERB=carry"", ""PATIENT=manager"", ""AGENT=man""]","Event roles: VERB=carry; PATIENT=manager; AGENT=man
Sentence: the",Sentence: the,first_noun,-4.533047199249268,-4.594539165496826,-0.061491966247558594,active,0.0
385,role_labeled,filler,filler,The tourist wandered through the plaza .,a man carries a manager .,a manager is carried by a man .,a,man,a,manager,carry,carries,carried,"[""VERB=carry"", ""PATIENT=manager"", ""AGENT=man""]","Prime sentence: The tourist wandered through the plaza .
Event roles: VERB=carry; PATIENT=manager; AGENT=man
Sentence: the",Sentence: the,first_noun,-4.012655258178711,-4.302891731262207,-0.2902364730834961,active,0.0
386,role_labeled,active,active,an uncle strikes a wife .,a guy strikes a hero .,a hero is struck by a guy .,a,guy,a,hero,strik,strikes,struck,"[""VERB=strik"", ""AGENT=guy"", ""PATIENT=hero""]","Prime sentence: an uncle strikes a wife .
Event roles: VERB=strik; AGENT=guy; PATIENT=hero
Sentence: the",Sentence: the,first_noun,-4.310482025146484,-4.985289573669434,-0.6748075485229492,active,0.0
386,role_labeled,passive,passive,a wife is struck by an uncle .,a guy strikes a hero .,a hero is struck by a guy .,a,guy,a,hero,strik,strikes,struck,"[""VERB=strik"", ""AGENT=guy"", ""PATIENT=hero""]","Prime sentence: a wife is struck by an uncle .
Event roles: VERB=strik; AGENT=guy; PATIENT=hero
Sentence: the",Sentence: the,first_noun,-4.581066131591797,-5.205107688903809,-0.6240415573120117,active,0.0
386,role_labeled,no_prime_eos,no_prime_eos,,a guy strikes a hero .,a hero is struck by a guy .,a,guy,a,hero,strik,strikes,struck,"[""VERB=strik"", ""AGENT=guy"", ""PATIENT=hero""]","Event roles: VERB=strik; AGENT=guy; PATIENT=hero
Sentence: the",Sentence: the,first_noun,-4.950257301330566,-4.259838104248047,0.6904191970825195,passive,1.0
386,role_labeled,filler,filler,The garden brightened after rain .,a guy strikes a hero .,a hero is struck by a guy .,a,guy,a,hero,strik,strikes,struck,"[""VERB=strik"", ""AGENT=guy"", ""PATIENT=hero""]","Prime sentence: The garden brightened after rain .
Event roles: VERB=strik; AGENT=guy; PATIENT=hero
Sentence: the",Sentence: the,first_noun,-6.254611492156982,-6.239442348480225,0.015169143676757812,passive,1.0
387,role_labeled,active,active,an uncle discovers a wife .,a guy discovers a hero .,a hero is discovered by a guy .,a,guy,a,hero,discover,discovers,discovered,"[""VERB=discover"", ""AGENT=guy"", ""PATIENT=hero""]","Prime sentence: an uncle discovers a wife .
Event roles: VERB=discover; AGENT=guy; PATIENT=hero
Sentence: the",Sentence: the,first_noun,-4.054952621459961,-4.231419563293457,-0.1764669418334961,active,0.0
387,role_labeled,passive,passive,a wife is discovered by an uncle .,a guy discovers a hero .,a hero is discovered by a guy .,a,guy,a,hero,discover,discovers,discovered,"[""VERB=discover"", ""AGENT=guy"", ""PATIENT=hero""]","Prime sentence: a wife is discovered by an uncle .
Event roles: VERB=discover; AGENT=guy; PATIENT=hero
Sentence: the",Sentence: the,first_noun,-4.457300186157227,-4.701769828796387,-0.24446964263916016,active,0.0
387,role_labeled,no_prime_eos,no_prime_eos,,a guy discovers a hero .,a hero is discovered by a guy .,a,guy,a,hero,discover,discovers,discovered,"[""VERB=discover"", ""AGENT=guy"", ""PATIENT=hero""]","Event roles: VERB=discover; AGENT=guy; PATIENT=hero
Sentence: the",Sentence: the,first_noun,-5.264503002166748,-4.075643539428711,1.188859462738037,passive,1.0
387,role_labeled,filler,filler,The singer smiled after rehearsal .,a guy discovers a hero .,a hero is discovered by a guy .,a,guy,a,hero,discover,discovers,discovered,"[""VERB=discover"", ""AGENT=guy"", ""PATIENT=hero""]","Prime sentence: The singer smiled after rehearsal .
Event roles: VERB=discover; AGENT=guy; PATIENT=hero
Sentence: the",Sentence: the,first_noun,-4.424022674560547,-5.389354705810547,-0.96533203125,active,0.0
388,role_labeled,active,active,a daughter helps a doctor .,a reader helps a scientist .,a scientist is helped by a reader .,a,reader,a,scientist,help,helps,helped,"[""AGENT=reader"", ""PATIENT=scientist"", ""VERB=help""]","Prime sentence: a daughter helps a doctor .
Event roles: AGENT=reader; PATIENT=scientist; VERB=help
Sentence: the",Sentence: the,first_noun,-6.059207916259766,-4.027465343475342,2.031742572784424,passive,1.0
388,role_labeled,passive,passive,a doctor is helped by a daughter .,a reader helps a scientist .,a scientist is helped by a reader .,a,reader,a,scientist,help,helps,helped,"[""AGENT=reader"", ""PATIENT=scientist"", ""VERB=help""]","Prime sentence: a doctor is helped by a daughter .
Event roles: AGENT=reader; PATIENT=scientist; VERB=help
Sentence: the",Sentence: the,first_noun,-5.55486536026001,-3.86537504196167,1.6894903182983398,passive,1.0
388,role_labeled,no_prime_eos,no_prime_eos,,a reader helps a scientist .,a scientist is helped by a reader .,a,reader,a,scientist,help,helps,helped,"[""AGENT=reader"", ""PATIENT=scientist"", ""VERB=help""]","Event roles: AGENT=reader; PATIENT=scientist; VERB=help
Sentence: the",Sentence: the,first_noun,-4.349503993988037,-4.8637471199035645,-0.5142431259155273,active,0.0
388,role_labeled,filler,filler,The teacher listened during assembly .,a reader helps a scientist .,a scientist is helped by a reader .,a,reader,a,scientist,help,helps,helped,"[""AGENT=reader"", ""PATIENT=scientist"", ""VERB=help""]","Prime sentence: The teacher listened during assembly .
Event roles: AGENT=reader; PATIENT=scientist; VERB=help
Sentence: the",Sentence: the,first_noun,-4.634538650512695,-3.2411997318267822,1.393338918685913,passive,1.0
389,role_labeled,active,active,a colonel beats a cop .,a prince beats a princess .,a princess is beaten by a prince .,a,prince,a,princess,beat,beats,beaten,"[""VERB=beat"", ""PATIENT=princess"", ""AGENT=prince""]","Prime sentence: a colonel beats a cop .
Event roles: VERB=beat; PATIENT=princess; AGENT=prince
Sentence: the",Sentence: the,first_noun,-3.7563564777374268,-4.2724151611328125,-0.5160586833953857,active,0.0
389,role_labeled,passive,passive,a cop is beaten by a colonel .,a prince beats a princess .,a princess is beaten by a prince .,a,prince,a,princess,beat,beats,beaten,"[""VERB=beat"", ""PATIENT=princess"", ""AGENT=prince""]","Prime sentence: a cop is beaten by a colonel .
Event roles: VERB=beat; PATIENT=princess; AGENT=prince
Sentence: the",Sentence: the,first_noun,-4.443758010864258,-4.712551116943359,-0.26879310607910156,active,0.0
389,role_labeled,no_prime_eos,no_prime_eos,,a prince beats a princess .,a princess is beaten by a prince .,a,prince,a,princess,beat,beats,beaten,"[""VERB=beat"", ""PATIENT=princess"", ""AGENT=prince""]","Event roles: VERB=beat; PATIENT=princess; AGENT=prince
Sentence: the",Sentence: the,first_noun,-3.6599769592285156,-3.9014229774475098,-0.24144601821899414,active,0.0
389,role_labeled,filler,filler,The witness paused near the doorway .,a prince beats a princess .,a princess is beaten by a prince .,a,prince,a,princess,beat,beats,beaten,"[""VERB=beat"", ""PATIENT=princess"", ""AGENT=prince""]","Prime sentence: The witness paused near the doorway .
Event roles: VERB=beat; PATIENT=princess; AGENT=prince
Sentence: the",Sentence: the,first_noun,-2.74647855758667,-3.0094833374023438,-0.26300477981567383,active,0.0
390,role_labeled,active,active,an employer carries a father .,a sheriff carries a singer .,a singer is carried by a sheriff .,a,sheriff,a,singer,carry,carries,carried,"[""AGENT=sheriff"", ""PATIENT=singer"", ""VERB=carry""]","Prime sentence: an employer carries a father .
Event roles: AGENT=sheriff; PATIENT=singer; VERB=carry
Sentence: the",Sentence: the,first_noun,-3.781662940979004,-6.1709818840026855,-2.3893189430236816,active,0.0
390,role_labeled,passive,passive,a father is carried by an employer .,a sheriff carries a singer .,a singer is carried by a sheriff .,a,sheriff,a,singer,carry,carries,carried,"[""AGENT=sheriff"", ""PATIENT=singer"", ""VERB=carry""]","Prime sentence: a father is carried by an employer .
Event roles: AGENT=sheriff; PATIENT=singer; VERB=carry
Sentence: the",Sentence: the,first_noun,-4.391538619995117,-6.286762237548828,-1.895223617553711,active,0.0
390,role_labeled,no_prime_eos,no_prime_eos,,a sheriff carries a singer .,a singer is carried by a sheriff .,a,sheriff,a,singer,carry,carries,carried,"[""AGENT=sheriff"", ""PATIENT=singer"", ""VERB=carry""]","Event roles: AGENT=sheriff; PATIENT=singer; VERB=carry
Sentence: the",Sentence: the,first_noun,-5.649410247802734,-5.0183424949646,0.6310677528381348,passive,1.0
390,role_labeled,filler,filler,The violin echoed in the theater .,a sheriff carries a singer .,a singer is carried by a sheriff .,a,sheriff,a,singer,carry,carries,carried,"[""AGENT=sheriff"", ""PATIENT=singer"", ""VERB=carry""]","Prime sentence: The violin echoed in the theater .
Event roles: AGENT=sheriff; PATIENT=singer; VERB=carry
Sentence: the",Sentence: the,first_noun,-4.649896144866943,-6.029548168182373,-1.3796520233154297,active,0.0
391,role_labeled,active,active,a secretary chases a sheriff .,a doctor chases an employee .,an employee is chased by a doctor .,a,doctor,an,employee,chas,chases,chased,"[""PATIENT=employee"", ""VERB=chas"", ""AGENT=doctor""]","Prime sentence: a secretary chases a sheriff .
Event roles: PATIENT=employee; VERB=chas; AGENT=doctor
Sentence: the",Sentence: the,first_noun,-2.9725992679595947,-5.080364227294922,-2.107764959335327,active,0.0
391,role_labeled,passive,passive,a sheriff is chased by a secretary .,a doctor chases an employee .,an employee is chased by a doctor .,a,doctor,an,employee,chas,chases,chased,"[""PATIENT=employee"", ""VERB=chas"", ""AGENT=doctor""]","Prime sentence: a sheriff is chased by a secretary .
Event roles: PATIENT=employee; VERB=chas; AGENT=doctor
Sentence: the",Sentence: the,first_noun,-3.0197925567626953,-4.396673202514648,-1.3768806457519531,active,0.0
391,role_labeled,no_prime_eos,no_prime_eos,,a doctor chases an employee .,an employee is chased by a doctor .,a,doctor,an,employee,chas,chases,chased,"[""PATIENT=employee"", ""VERB=chas"", ""AGENT=doctor""]","Event roles: PATIENT=employee; VERB=chas; AGENT=doctor
Sentence: the",Sentence: the,first_noun,-2.878061532974243,-4.640183448791504,-1.7621219158172607,active,0.0
391,role_labeled,filler,filler,The radio crackled in the attic .,a doctor chases an employee .,an employee is chased by a doctor .,a,doctor,an,employee,chas,chases,chased,"[""PATIENT=employee"", ""VERB=chas"", ""AGENT=doctor""]","Prime sentence: The radio crackled in the attic .
Event roles: PATIENT=employee; VERB=chas; AGENT=doctor
Sentence: the",Sentence: the,first_noun,-3.69528865814209,-7.003500938415527,-3.3082122802734375,active,0.0
392,role_labeled,active,active,a teacher strikes an uncle .,a guest strikes a guy .,a guy is struck by a guest .,a,guest,a,guy,strik,strikes,struck,"[""VERB=strik"", ""PATIENT=guy"", ""AGENT=guest""]","Prime sentence: a teacher strikes an uncle .
Event roles: VERB=strik; PATIENT=guy; AGENT=guest
Sentence: the",Sentence: the,first_noun,-6.593353748321533,-4.690343856811523,1.9030098915100098,passive,1.0
392,role_labeled,passive,passive,an uncle is struck by a teacher .,a guest strikes a guy .,a guy is struck by a guest .,a,guest,a,guy,strik,strikes,struck,"[""VERB=strik"", ""PATIENT=guy"", ""AGENT=guest""]","Prime sentence: an uncle is struck by a teacher .
Event roles: VERB=strik; PATIENT=guy; AGENT=guest
Sentence: the",Sentence: the,first_noun,-6.211321830749512,-4.6859822273254395,1.5253396034240723,passive,1.0
392,role_labeled,no_prime_eos,no_prime_eos,,a guest strikes a guy .,a guy is struck by a guest .,a,guest,a,guy,strik,strikes,struck,"[""VERB=strik"", ""PATIENT=guy"", ""AGENT=guest""]","Event roles: VERB=strik; PATIENT=guy; AGENT=guest
Sentence: the",Sentence: the,first_noun,-5.089705944061279,-5.250148296356201,-0.16044235229492188,active,0.0
392,role_labeled,filler,filler,The painter waited near the doorway .,a guest strikes a guy .,a guy is struck by a guest .,a,guest,a,guy,strik,strikes,struck,"[""VERB=strik"", ""PATIENT=guy"", ""AGENT=guest""]","Prime sentence: The painter waited near the doorway .
Event roles: VERB=strik; PATIENT=guy; AGENT=guest
Sentence: the",Sentence: the,first_noun,-5.10280704498291,-4.186832904815674,0.9159741401672363,passive,1.0
393,role_labeled,active,active,a guest destroys a guy .,a student destroys a teacher .,a teacher is destroyed by a student .,a,student,a,teacher,destroy,destroys,destroyed,"[""VERB=destroy"", ""AGENT=student"", ""PATIENT=teacher""]","Prime sentence: a guest destroys a guy .
Event roles: VERB=destroy; AGENT=student; PATIENT=teacher
Sentence: the",Sentence: the,first_noun,-2.4045462608337402,-2.878164291381836,-0.4736180305480957,active,0.0
393,role_labeled,passive,passive,a guy is destroyed by a guest .,a student destroys a teacher .,a teacher is destroyed by a student .,a,student,a,teacher,destroy,destroys,destroyed,"[""VERB=destroy"", ""AGENT=student"", ""PATIENT=teacher""]","Prime sentence: a guy is destroyed by a guest .
Event roles: VERB=destroy; AGENT=student; PATIENT=teacher
Sentence: the",Sentence: the,first_noun,-2.7717604637145996,-3.00689959526062,-0.2351391315460205,active,0.0
393,role_labeled,no_prime_eos,no_prime_eos,,a student destroys a teacher .,a teacher is destroyed by a student .,a,student,a,teacher,destroy,destroys,destroyed,"[""VERB=destroy"", ""AGENT=student"", ""PATIENT=teacher""]","Event roles: VERB=destroy; AGENT=student; PATIENT=teacher
Sentence: the",Sentence: the,first_noun,-2.937747001647949,-3.493211269378662,-0.5554642677307129,active,0.0
393,role_labeled,filler,filler,The sculpture stood in the hallway .,a student destroys a teacher .,a teacher is destroyed by a student .,a,student,a,teacher,destroy,destroys,destroyed,"[""VERB=destroy"", ""AGENT=student"", ""PATIENT=teacher""]","Prime sentence: The sculpture stood in the hallway .
Event roles: VERB=destroy; AGENT=student; PATIENT=teacher
Sentence: the",Sentence: the,first_noun,-2.8811793327331543,-2.9126839637756348,-0.03150463104248047,active,0.0
394,role_labeled,active,active,a leader kisses a man .,an actor kisses an actress .,an actress is kissed by an actor .,an,actor,an,actress,kiss,kisses,kissed,"[""AGENT=actor"", ""VERB=kiss"", ""PATIENT=actress""]","Prime sentence: a leader kisses a man .
Event roles: AGENT=actor; VERB=kiss; PATIENT=actress
Sentence: the",Sentence: the,first_noun,-4.295101165771484,-6.166347503662109,-1.871246337890625,active,0.0
394,role_labeled,passive,passive,a man is kissed by a leader .,an actor kisses an actress .,an actress is kissed by an actor .,an,actor,an,actress,kiss,kisses,kissed,"[""AGENT=actor"", ""VERB=kiss"", ""PATIENT=actress""]","Prime sentence: a man is kissed by a leader .
Event roles: AGENT=actor; VERB=kiss; PATIENT=actress
Sentence: the",Sentence: the,first_noun,-4.592953681945801,-6.476592063903809,-1.8836383819580078,active,0.0
394,role_labeled,no_prime_eos,no_prime_eos,,an actor kisses an actress .,an actress is kissed by an actor .,an,actor,an,actress,kiss,kisses,kissed,"[""AGENT=actor"", ""VERB=kiss"", ""PATIENT=actress""]","Event roles: AGENT=actor; VERB=kiss; PATIENT=actress
Sentence: the",Sentence: the,first_noun,-4.218270778656006,-5.675297260284424,-1.457026481628418,active,0.0
394,role_labeled,filler,filler,The painter waited near the doorway .,an actor kisses an actress .,an actress is kissed by an actor .,an,actor,an,actress,kiss,kisses,kissed,"[""AGENT=actor"", ""VERB=kiss"", ""PATIENT=actress""]","Prime sentence: The painter waited near the doorway .
Event roles: AGENT=actor; VERB=kiss; PATIENT=actress
Sentence: the",Sentence: the,first_noun,-4.22402286529541,-5.478458881378174,-1.2544360160827637,active,0.0
395,role_labeled,active,active,an actress surprises an adult .,a leader surprises a man .,a man is surprised by a leader .,a,leader,a,man,surpris,surprises,surprised,"[""VERB=surpris"", ""AGENT=leader"", ""PATIENT=man""]","Prime sentence: an actress surprises an adult .
Event roles: VERB=surpris; AGENT=leader; PATIENT=man
Sentence: the",Sentence: the,first_noun,-5.945694923400879,-4.410582542419434,1.5351123809814453,passive,1.0
395,role_labeled,passive,passive,an adult is surprised by an actress .,a leader surprises a man .,a man is surprised by a leader .,a,leader,a,man,surpris,surprises,surprised,"[""VERB=surpris"", ""AGENT=leader"", ""PATIENT=man""]","Prime sentence: an adult is surprised by an actress .
Event roles: VERB=surpris; AGENT=leader; PATIENT=man
Sentence: the",Sentence: the,first_noun,-5.842543601989746,-4.259955406188965,1.5825881958007812,passive,1.0
395,role_labeled,no_prime_eos,no_prime_eos,,a leader surprises a man .,a man is surprised by a leader .,a,leader,a,man,surpris,surprises,surprised,"[""VERB=surpris"", ""AGENT=leader"", ""PATIENT=man""]","Event roles: VERB=surpris; AGENT=leader; PATIENT=man
Sentence: the",Sentence: the,first_noun,-4.234422206878662,-4.523530960083008,-0.2891087532043457,active,0.0
395,role_labeled,filler,filler,The blanket dried on the line .,a leader surprises a man .,a man is surprised by a leader .,a,leader,a,man,surpris,surprises,surprised,"[""VERB=surpris"", ""AGENT=leader"", ""PATIENT=man""]","Prime sentence: The blanket dried on the line .
Event roles: VERB=surpris; AGENT=leader; PATIENT=man
Sentence: the",Sentence: the,first_noun,-6.463809967041016,-4.78895378112793,1.674856185913086,passive,1.0
396,role_labeled,active,active,a woman drags a worker .,a kid drags a king .,a king is dragged by a kid .,a,kid,a,king,drag,drags,dragged,"[""AGENT=kid"", ""PATIENT=king"", ""VERB=drag""]","Prime sentence: a woman drags a worker .
Event roles: AGENT=kid; PATIENT=king; VERB=drag
Sentence: the",Sentence: the,first_noun,-5.138728618621826,-2.7279343605041504,2.410794258117676,passive,1.0
396,role_labeled,passive,passive,a worker is dragged by a woman .,a kid drags a king .,a king is dragged by a kid .,a,kid,a,king,drag,drags,dragged,"[""AGENT=kid"", ""PATIENT=king"", ""VERB=drag""]","Prime sentence: a worker is dragged by a woman .
Event roles: AGENT=kid; PATIENT=king; VERB=drag
Sentence: the",Sentence: the,first_noun,-4.90234375,-2.3405678272247314,2.5617759227752686,passive,1.0
396,role_labeled,no_prime_eos,no_prime_eos,,a kid drags a king .,a king is dragged by a kid .,a,kid,a,king,drag,drags,dragged,"[""AGENT=kid"", ""PATIENT=king"", ""VERB=drag""]","Event roles: AGENT=kid; PATIENT=king; VERB=drag
Sentence: the",Sentence: the,first_noun,-5.770746231079102,-2.9412126541137695,2.829533576965332,passive,1.0
396,role_labeled,filler,filler,The kettle whistled in the kitchen .,a kid drags a king .,a king is dragged by a kid .,a,kid,a,king,drag,drags,dragged,"[""AGENT=kid"", ""PATIENT=king"", ""VERB=drag""]","Prime sentence: The kettle whistled in the kitchen .
Event roles: AGENT=kid; PATIENT=king; VERB=drag
Sentence: the",Sentence: the,first_noun,-5.458968639373779,-4.711565017700195,0.747403621673584,passive,1.0
397,role_labeled,active,active,a singer kisses a soldier .,an employer kisses a father .,a father is kissed by an employer .,an,employer,a,father,kiss,kisses,kissed,"[""PATIENT=father"", ""VERB=kiss"", ""AGENT=employer""]","Prime sentence: a singer kisses a soldier .
Event roles: PATIENT=father; VERB=kiss; AGENT=employer
Sentence: the",Sentence: the,first_noun,-7.341555595397949,-3.8326327800750732,3.508922815322876,passive,1.0
397,role_labeled,passive,passive,a soldier is kissed by a singer .,an employer kisses a father .,a father is kissed by an employer .,an,employer,a,father,kiss,kisses,kissed,"[""PATIENT=father"", ""VERB=kiss"", ""AGENT=employer""]","Prime sentence: a soldier is kissed by a singer .
Event roles: PATIENT=father; VERB=kiss; AGENT=employer
Sentence: the",Sentence: the,first_noun,-7.06005859375,-3.9824039936065674,3.0776546001434326,passive,1.0
397,role_labeled,no_prime_eos,no_prime_eos,,an employer kisses a father .,a father is kissed by an employer .,an,employer,a,father,kiss,kisses,kissed,"[""PATIENT=father"", ""VERB=kiss"", ""AGENT=employer""]","Event roles: PATIENT=father; VERB=kiss; AGENT=employer
Sentence: the",Sentence: the,first_noun,-5.910330772399902,-3.727579116821289,2.1827516555786133,passive,1.0
397,role_labeled,filler,filler,The singer smiled after rehearsal .,an employer kisses a father .,a father is kissed by an employer .,an,employer,a,father,kiss,kisses,kissed,"[""PATIENT=father"", ""VERB=kiss"", ""AGENT=employer""]","Prime sentence: The singer smiled after rehearsal .
Event roles: PATIENT=father; VERB=kiss; AGENT=employer
Sentence: the",Sentence: the,first_noun,-7.513137340545654,-4.2905144691467285,3.222622871398926,passive,1.0
398,role_labeled,active,active,a singer punches a soldier .,an employer punches a father .,a father is punched by an employer .,an,employer,a,father,punch,punches,punched,"[""AGENT=employer"", ""PATIENT=father"", ""VERB=punch""]","Prime sentence: a singer punches a soldier .
Event roles: AGENT=employer; PATIENT=father; VERB=punch
Sentence: the",Sentence: the,first_noun,-6.421955108642578,-4.5607757568359375,1.8611793518066406,passive,1.0
398,role_labeled,passive,passive,a soldier is punched by a singer .,an employer punches a father .,a father is punched by an employer .,an,employer,a,father,punch,punches,punched,"[""AGENT=employer"", ""PATIENT=father"", ""VERB=punch""]","Prime sentence: a soldier is punched by a singer .
Event roles: AGENT=employer; PATIENT=father; VERB=punch
Sentence: the",Sentence: the,first_noun,-5.906306266784668,-4.356653213500977,1.5496530532836914,passive,1.0
398,role_labeled,no_prime_eos,no_prime_eos,,an employer punches a father .,a father is punched by an employer .,an,employer,a,father,punch,punches,punched,"[""AGENT=employer"", ""PATIENT=father"", ""VERB=punch""]","Event roles: AGENT=employer; PATIENT=father; VERB=punch
Sentence: the",Sentence: the,first_noun,-5.206704139709473,-4.343998432159424,0.8627057075500488,passive,1.0
398,role_labeled,filler,filler,The garden brightened after rain .,an employer punches a father .,a father is punched by an employer .,an,employer,a,father,punch,punches,punched,"[""AGENT=employer"", ""PATIENT=father"", ""VERB=punch""]","Prime sentence: The garden brightened after rain .
Event roles: AGENT=employer; PATIENT=father; VERB=punch
Sentence: the",Sentence: the,first_noun,-8.860084533691406,-5.6371026039123535,3.2229819297790527,passive,1.0
399,role_labeled,active,active,an employee teaches an employer .,a secretary teaches a sheriff .,a sheriff is taught by a secretary .,a,secretary,a,sheriff,teach,teaches,taught,"[""AGENT=secretary"", ""PATIENT=sheriff"", ""VERB=teach""]","Prime sentence: an employee teaches an employer .
Event roles: AGENT=secretary; PATIENT=sheriff; VERB=teach
Sentence: the",Sentence: the,first_noun,-5.106132984161377,-4.2700300216674805,0.8361029624938965,passive,1.0
399,role_labeled,passive,passive,an employer is taught by an employee .,a secretary teaches a sheriff .,a sheriff is taught by a secretary .,a,secretary,a,sheriff,teach,teaches,taught,"[""AGENT=secretary"", ""PATIENT=sheriff"", ""VERB=teach""]","Prime sentence: an employer is taught by an employee .
Event roles: AGENT=secretary; PATIENT=sheriff; VERB=teach
Sentence: the",Sentence: the,first_noun,-5.60073184967041,-4.596691608428955,1.004040241241455,passive,1.0
399,role_labeled,no_prime_eos,no_prime_eos,,a secretary teaches a sheriff .,a sheriff is taught by a secretary .,a,secretary,a,sheriff,teach,teaches,taught,"[""AGENT=secretary"", ""PATIENT=sheriff"", ""VERB=teach""]","Event roles: AGENT=secretary; PATIENT=sheriff; VERB=teach
Sentence: the",Sentence: the,first_noun,-4.691092014312744,-5.015631198883057,-0.3245391845703125,active,0.0
399,role_labeled,filler,filler,The lantern glowed near sunset .,a secretary teaches a sheriff .,a sheriff is taught by a secretary .,a,secretary,a,sheriff,teach,teaches,taught,"[""AGENT=secretary"", ""PATIENT=sheriff"", ""VERB=teach""]","Prime sentence: The lantern glowed near sunset .
Event roles: AGENT=secretary; PATIENT=sheriff; VERB=teach
Sentence: the",Sentence: the,first_noun,-7.813333988189697,-5.039693355560303,2.7736406326293945,passive,1.0
400,role_labeled,active,active,a winner chases a woman .,a husband chases a kid .,a kid is chased by a husband .,a,husband,a,kid,chas,chases,chased,"[""AGENT=husband"", ""PATIENT=kid"", ""VERB=chas""]","Prime sentence: a winner chases a woman .
Event roles: AGENT=husband; PATIENT=kid; VERB=chas
Sentence: the",Sentence: the,first_noun,-3.0918591022491455,-5.9144487380981445,-2.822589635848999,active,0.0
400,role_labeled,passive,passive,a woman is chased by a winner .,a husband chases a kid .,a kid is chased by a husband .,a,husband,a,kid,chas,chases,chased,"[""AGENT=husband"", ""PATIENT=kid"", ""VERB=chas""]","Prime sentence: a woman is chased by a winner .
Event roles: AGENT=husband; PATIENT=kid; VERB=chas
Sentence: the",Sentence: the,first_noun,-3.6526548862457275,-5.7209672927856445,-2.068312406539917,active,0.0
400,role_labeled,no_prime_eos,no_prime_eos,,a husband chases a kid .,a kid is chased by a husband .,a,husband,a,kid,chas,chases,chased,"[""AGENT=husband"", ""PATIENT=kid"", ""VERB=chas""]","Event roles: AGENT=husband; PATIENT=kid; VERB=chas
Sentence: the",Sentence: the,first_noun,-3.6237244606018066,-5.345184803009033,-1.7214603424072266,active,0.0
400,role_labeled,filler,filler,The jacket hung behind the chair .,a husband chases a kid .,a kid is chased by a husband .,a,husband,a,kid,chas,chases,chased,"[""AGENT=husband"", ""PATIENT=kid"", ""VERB=chas""]","Prime sentence: The jacket hung behind the chair .
Event roles: AGENT=husband; PATIENT=kid; VERB=chas
Sentence: the",Sentence: the,first_noun,-5.156968116760254,-5.062429428100586,0.09453868865966797,passive,1.0
401,role_labeled,active,active,a pilot follows a president .,a captain follows a champion .,a champion is followed by a captain .,a,captain,a,champion,follow,follows,followed,"[""VERB=follow"", ""PATIENT=champion"", ""AGENT=captain""]","Prime sentence: a pilot follows a president .
Event roles: VERB=follow; PATIENT=champion; AGENT=captain
Sentence: the",Sentence: the,first_noun,-4.228249549865723,-7.298122406005859,-3.0698728561401367,active,0.0
401,role_labeled,passive,passive,a president is followed by a pilot .,a captain follows a champion .,a champion is followed by a captain .,a,captain,a,champion,follow,follows,followed,"[""VERB=follow"", ""PATIENT=champion"", ""AGENT=captain""]","Prime sentence: a president is followed by a pilot .
Event roles: VERB=follow; PATIENT=champion; AGENT=captain
Sentence: the",Sentence: the,first_noun,-4.572536945343018,-7.835150241851807,-3.262613296508789,active,0.0
401,role_labeled,no_prime_eos,no_prime_eos,,a captain follows a champion .,a champion is followed by a captain .,a,captain,a,champion,follow,follows,followed,"[""VERB=follow"", ""PATIENT=champion"", ""AGENT=captain""]","Event roles: VERB=follow; PATIENT=champion; AGENT=captain
Sentence: the",Sentence: the,first_noun,-3.6256608963012695,-4.954675674438477,-1.329014778137207,active,0.0
401,role_labeled,filler,filler,The baker laughed during breakfast .,a captain follows a champion .,a champion is followed by a captain .,a,captain,a,champion,follow,follows,followed,"[""VERB=follow"", ""PATIENT=champion"", ""AGENT=captain""]","Prime sentence: The baker laughed during breakfast .
Event roles: VERB=follow; PATIENT=champion; AGENT=captain
Sentence: the",Sentence: the,first_noun,-4.446134567260742,-6.776914596557617,-2.330780029296875,active,0.0
402,role_labeled,active,active,a doctor asks an employee .,a scientist asks a secretary .,a secretary is asked by a scientist .,a,scientist,a,secretary,ask,asks,asked,"[""AGENT=scientist"", ""VERB=ask"", ""PATIENT=secretary""]","Prime sentence: a doctor asks an employee .
Event roles: AGENT=scientist; VERB=ask; PATIENT=secretary
Sentence: the",Sentence: the,first_noun,-3.3256096839904785,-5.400999546051025,-2.075389862060547,active,0.0
402,role_labeled,passive,passive,an employee is asked by a doctor .,a scientist asks a secretary .,a secretary is asked by a scientist .,a,scientist,a,secretary,ask,asks,asked,"[""AGENT=scientist"", ""VERB=ask"", ""PATIENT=secretary""]","Prime sentence: an employee is asked by a doctor .
Event roles: AGENT=scientist; VERB=ask; PATIENT=secretary
Sentence: the",Sentence: the,first_noun,-3.4969396591186523,-5.68533182144165,-2.188392162322998,active,0.0
402,role_labeled,no_prime_eos,no_prime_eos,,a scientist asks a secretary .,a secretary is asked by a scientist .,a,scientist,a,secretary,ask,asks,asked,"[""AGENT=scientist"", ""VERB=ask"", ""PATIENT=secretary""]","Event roles: AGENT=scientist; VERB=ask; PATIENT=secretary
Sentence: the",Sentence: the,first_noun,-4.137394905090332,-6.979959011077881,-2.842564105987549,active,0.0
402,role_labeled,filler,filler,The signal flickered across the screen .,a scientist asks a secretary .,a secretary is asked by a scientist .,a,scientist,a,secretary,ask,asks,asked,"[""AGENT=scientist"", ""VERB=ask"", ""PATIENT=secretary""]","Prime sentence: The signal flickered across the screen .
Event roles: AGENT=scientist; VERB=ask; PATIENT=secretary
Sentence: the",Sentence: the,first_noun,-4.202049255371094,-6.346370220184326,-2.1443209648132324,active,0.0
403,role_labeled,active,active,a scientist bothers a secretary .,a daughter bothers a doctor .,a doctor is bothered by a daughter .,a,daughter,a,doctor,bother,bothers,bothered,"[""AGENT=daughter"", ""PATIENT=doctor"", ""VERB=bother""]","Prime sentence: a scientist bothers a secretary .
Event roles: AGENT=daughter; PATIENT=doctor; VERB=bother
Sentence: the",Sentence: the,first_noun,-5.140533924102783,-2.5523200035095215,2.5882139205932617,passive,1.0
403,role_labeled,passive,passive,a secretary is bothered by a scientist .,a daughter bothers a doctor .,a doctor is bothered by a daughter .,a,daughter,a,doctor,bother,bothers,bothered,"[""AGENT=daughter"", ""PATIENT=doctor"", ""VERB=bother""]","Prime sentence: a secretary is bothered by a scientist .
Event roles: AGENT=daughter; PATIENT=doctor; VERB=bother
Sentence: the",Sentence: the,first_noun,-5.588473320007324,-2.6415762901306152,2.946897029876709,passive,1.0
403,role_labeled,no_prime_eos,no_prime_eos,,a daughter bothers a doctor .,a doctor is bothered by a daughter .,a,daughter,a,doctor,bother,bothers,bothered,"[""AGENT=daughter"", ""PATIENT=doctor"", ""VERB=bother""]","Event roles: AGENT=daughter; PATIENT=doctor; VERB=bother
Sentence: the",Sentence: the,first_noun,-5.08604621887207,-3.068852424621582,2.0171937942504883,passive,1.0
403,role_labeled,filler,filler,The garden brightened after rain .,a daughter bothers a doctor .,a doctor is bothered by a daughter .,a,daughter,a,doctor,bother,bothers,bothered,"[""AGENT=daughter"", ""PATIENT=doctor"", ""VERB=bother""]","Prime sentence: The garden brightened after rain .
Event roles: AGENT=daughter; PATIENT=doctor; VERB=bother
Sentence: the",Sentence: the,first_noun,-6.538834095001221,-4.56053352355957,1.9783005714416504,passive,1.0
404,role_labeled,active,active,a husband teaches a kid .,a wife teaches a winner .,a winner is taught by a wife .,a,wife,a,winner,teach,teaches,taught,"[""VERB=teach"", ""AGENT=wife"", ""PATIENT=winner""]","Prime sentence: a husband teaches a kid .
Event roles: VERB=teach; AGENT=wife; PATIENT=winner
Sentence: the",Sentence: the,first_noun,-3.2261409759521484,-6.7902631759643555,-3.564122200012207,active,0.0
404,role_labeled,passive,passive,a kid is taught by a husband .,a wife teaches a winner .,a winner is taught by a wife .,a,wife,a,winner,teach,teaches,taught,"[""VERB=teach"", ""AGENT=wife"", ""PATIENT=winner""]","Prime sentence: a kid is taught by a husband .
Event roles: VERB=teach; AGENT=wife; PATIENT=winner
Sentence: the",Sentence: the,first_noun,-3.3089406490325928,-6.737678527832031,-3.4287378787994385,active,0.0
404,role_labeled,no_prime_eos,no_prime_eos,,a wife teaches a winner .,a winner is taught by a wife .,a,wife,a,winner,teach,teaches,taught,"[""VERB=teach"", ""AGENT=wife"", ""PATIENT=winner""]","Event roles: VERB=teach; AGENT=wife; PATIENT=winner
Sentence: the",Sentence: the,first_noun,-3.9467039108276367,-5.067815780639648,-1.1211118698120117,active,0.0
404,role_labeled,filler,filler,The singer smiled after rehearsal .,a wife teaches a winner .,a winner is taught by a wife .,a,wife,a,winner,teach,teaches,taught,"[""VERB=teach"", ""AGENT=wife"", ""PATIENT=winner""]","Prime sentence: The singer smiled after rehearsal .
Event roles: VERB=teach; AGENT=wife; PATIENT=winner
Sentence: the",Sentence: the,first_noun,-4.2812347412109375,-5.948204040527344,-1.6669692993164062,active,0.0
405,role_labeled,active,active,an actress forgives an adult .,a leader forgives a man .,a man is forgiven by a leader .,a,leader,a,man,forgiv,forgives,forgiven,"[""AGENT=leader"", ""VERB=forgiv"", ""PATIENT=man""]","Prime sentence: an actress forgives an adult .
Event roles: AGENT=leader; VERB=forgiv; PATIENT=man
Sentence: the",Sentence: the,first_noun,-6.06341028213501,-4.518962383270264,1.544447898864746,passive,1.0
405,role_labeled,passive,passive,an adult is forgiven by an actress .,a leader forgives a man .,a man is forgiven by a leader .,a,leader,a,man,forgiv,forgives,forgiven,"[""AGENT=leader"", ""VERB=forgiv"", ""PATIENT=man""]","Prime sentence: an adult is forgiven by an actress .
Event roles: AGENT=leader; VERB=forgiv; PATIENT=man
Sentence: the",Sentence: the,first_noun,-6.371949672698975,-4.4466118812561035,1.925337791442871,passive,1.0
405,role_labeled,no_prime_eos,no_prime_eos,,a leader forgives a man .,a man is forgiven by a leader .,a,leader,a,man,forgiv,forgives,forgiven,"[""AGENT=leader"", ""VERB=forgiv"", ""PATIENT=man""]","Event roles: AGENT=leader; VERB=forgiv; PATIENT=man
Sentence: the",Sentence: the,first_noun,-3.585883617401123,-4.951093673706055,-1.3652100563049316,active,0.0
405,role_labeled,filler,filler,The lantern glowed near sunset .,a leader forgives a man .,a man is forgiven by a leader .,a,leader,a,man,forgiv,forgives,forgiven,"[""AGENT=leader"", ""VERB=forgiv"", ""PATIENT=man""]","Prime sentence: The lantern glowed near sunset .
Event roles: AGENT=leader; VERB=forgiv; PATIENT=man
Sentence: the",Sentence: the,first_noun,-6.494274616241455,-4.641256332397461,1.8530182838439941,passive,1.0
406,role_labeled,active,active,an author punches a bishop .,a minister punches a mother .,a mother is punched by a minister .,a,minister,a,mother,punch,punches,punched,"[""PATIENT=mother"", ""AGENT=minister"", ""VERB=punch""]","Prime sentence: an author punches a bishop .
Event roles: PATIENT=mother; AGENT=minister; VERB=punch
Sentence: the",Sentence: the,first_noun,-4.703059196472168,-4.129324913024902,0.5737342834472656,passive,1.0
406,role_labeled,passive,passive,a bishop is punched by an author .,a minister punches a mother .,a mother is punched by a minister .,a,minister,a,mother,punch,punches,punched,"[""PATIENT=mother"", ""AGENT=minister"", ""VERB=punch""]","Prime sentence: a bishop is punched by an author .
Event roles: PATIENT=mother; AGENT=minister; VERB=punch
Sentence: the",Sentence: the,first_noun,-4.440290451049805,-4.246295928955078,0.19399452209472656,passive,1.0
406,role_labeled,no_prime_eos,no_prime_eos,,a minister punches a mother .,a mother is punched by a minister .,a,minister,a,mother,punch,punches,punched,"[""PATIENT=mother"", ""AGENT=minister"", ""VERB=punch""]","Event roles: PATIENT=mother; AGENT=minister; VERB=punch
Sentence: the",Sentence: the,first_noun,-4.484105587005615,-3.8384103775024414,0.6456952095031738,passive,1.0
406,role_labeled,filler,filler,The painter waited near the doorway .,a minister punches a mother .,a mother is punched by a minister .,a,minister,a,mother,punch,punches,punched,"[""PATIENT=mother"", ""AGENT=minister"", ""VERB=punch""]","Prime sentence: The painter waited near the doorway .
Event roles: PATIENT=mother; AGENT=minister; VERB=punch
Sentence: the",Sentence: the,first_noun,-4.647812843322754,-3.827596426010132,0.8202164173126221,passive,1.0
407,role_labeled,active,active,a reader teaches a scientist .,a cousin teaches a daughter .,a daughter is taught by a cousin .,a,cousin,a,daughter,teach,teaches,taught,"[""AGENT=cousin"", ""VERB=teach"", ""PATIENT=daughter""]","Prime sentence: a reader teaches a scientist .
Event roles: AGENT=cousin; VERB=teach; PATIENT=daughter
Sentence: the",Sentence: the,first_noun,-7.676425933837891,-5.29201602935791,2.3844099044799805,passive,1.0
407,role_labeled,passive,passive,a scientist is taught by a reader .,a cousin teaches a daughter .,a daughter is taught by a cousin .,a,cousin,a,daughter,teach,teaches,taught,"[""AGENT=cousin"", ""VERB=teach"", ""PATIENT=daughter""]","Prime sentence: a scientist is taught by a reader .
Event roles: AGENT=cousin; VERB=teach; PATIENT=daughter
Sentence: the",Sentence: the,first_noun,-7.742123603820801,-5.344104290008545,2.398019313812256,passive,1.0
407,role_labeled,no_prime_eos,no_prime_eos,,a cousin teaches a daughter .,a daughter is taught by a cousin .,a,cousin,a,daughter,teach,teaches,taught,"[""AGENT=cousin"", ""VERB=teach"", ""PATIENT=daughter""]","Event roles: AGENT=cousin; VERB=teach; PATIENT=daughter
Sentence: the",Sentence: the,first_noun,-7.701280117034912,-4.527079105377197,3.174201011657715,passive,1.0
407,role_labeled,filler,filler,The pillow rested on the sofa .,a cousin teaches a daughter .,a daughter is taught by a cousin .,a,cousin,a,daughter,teach,teaches,taught,"[""AGENT=cousin"", ""VERB=teach"", ""PATIENT=daughter""]","Prime sentence: The pillow rested on the sofa .
Event roles: AGENT=cousin; VERB=teach; PATIENT=daughter
Sentence: the",Sentence: the,first_noun,-8.620315551757812,-6.700089931488037,1.9202256202697754,passive,1.0
408,role_labeled,active,active,a partner hurries a physician .,a buddy hurries a candidate .,a candidate is hurried by a buddy .,a,buddy,a,candidate,hurry,hurries,hurried,"[""AGENT=buddy"", ""PATIENT=candidate"", ""VERB=hurry""]","Prime sentence: a partner hurries a physician .
Event roles: AGENT=buddy; PATIENT=candidate; VERB=hurry
Sentence: the",Sentence: the,first_noun,-7.502920150756836,-5.533546447753906,1.9693737030029297,passive,1.0
408,role_labeled,passive,passive,a physician is hurried by a partner .,a buddy hurries a candidate .,a candidate is hurried by a buddy .,a,buddy,a,candidate,hurry,hurries,hurried,"[""AGENT=buddy"", ""PATIENT=candidate"", ""VERB=hurry""]","Prime sentence: a physician is hurried by a partner .
Event roles: AGENT=buddy; PATIENT=candidate; VERB=hurry
Sentence: the",Sentence: the,first_noun,-9.062522888183594,-6.5734357833862305,2.4890871047973633,passive,1.0
408,role_labeled,no_prime_eos,no_prime_eos,,a buddy hurries a candidate .,a candidate is hurried by a buddy .,a,buddy,a,candidate,hurry,hurries,hurried,"[""AGENT=buddy"", ""PATIENT=candidate"", ""VERB=hurry""]","Event roles: AGENT=buddy; PATIENT=candidate; VERB=hurry
Sentence: the",Sentence: the,first_noun,-7.645155906677246,-4.9570136070251465,2.6881422996520996,passive,1.0
408,role_labeled,filler,filler,The signal flickered across the screen .,a buddy hurries a candidate .,a candidate is hurried by a buddy .,a,buddy,a,candidate,hurry,hurries,hurried,"[""AGENT=buddy"", ""PATIENT=candidate"", ""VERB=hurry""]","Prime sentence: The signal flickered across the screen .
Event roles: AGENT=buddy; PATIENT=candidate; VERB=hurry
Sentence: the",Sentence: the,first_noun,-8.2078218460083,-6.788841247558594,1.418980598449707,passive,1.0
409,role_labeled,active,active,a cop beats a cousin .,a princess beats a professor .,a professor is beaten by a princess .,a,princess,a,professor,beat,beats,beaten,"[""PATIENT=professor"", ""VERB=beat"", ""AGENT=princess""]","Prime sentence: a cop beats a cousin .
Event roles: PATIENT=professor; VERB=beat; AGENT=princess
Sentence: the",Sentence: the,first_noun,-5.59996223449707,-3.556494951248169,2.0434672832489014,passive,1.0
409,role_labeled,passive,passive,a cousin is beaten by a cop .,a princess beats a professor .,a professor is beaten by a princess .,a,princess,a,professor,beat,beats,beaten,"[""PATIENT=professor"", ""VERB=beat"", ""AGENT=princess""]","Prime sentence: a cousin is beaten by a cop .
Event roles: PATIENT=professor; VERB=beat; AGENT=princess
Sentence: the",Sentence: the,first_noun,-5.336528778076172,-3.8532426357269287,1.4832861423492432,passive,1.0
409,role_labeled,no_prime_eos,no_prime_eos,,a princess beats a professor .,a professor is beaten by a princess .,a,princess,a,professor,beat,beats,beaten,"[""PATIENT=professor"", ""VERB=beat"", ""AGENT=princess""]","Event roles: PATIENT=professor; VERB=beat; AGENT=princess
Sentence: the",Sentence: the,first_noun,-4.609833240509033,-4.368793964385986,0.24103927612304688,passive,1.0
409,role_labeled,filler,filler,The singer smiled after rehearsal .,a princess beats a professor .,a professor is beaten by a princess .,a,princess,a,professor,beat,beats,beaten,"[""PATIENT=professor"", ""VERB=beat"", ""AGENT=princess""]","Prime sentence: The singer smiled after rehearsal .
Event roles: PATIENT=professor; VERB=beat; AGENT=princess
Sentence: the",Sentence: the,first_noun,-4.926292896270752,-4.083372116088867,0.8429207801818848,passive,1.0
410,role_labeled,active,active,a priest joins a prince .,a chief joins a child .,a child is joined by a chief .,a,chief,a,child,join,joins,joined,"[""PATIENT=child"", ""VERB=join"", ""AGENT=chief""]","Prime sentence: a priest joins a prince .
Event roles: PATIENT=child; VERB=join; AGENT=chief
Sentence: the",Sentence: the,first_noun,-4.686747074127197,-3.855576753616333,0.8311703205108643,passive,1.0
410,role_labeled,passive,passive,a prince is joined by a priest .,a chief joins a child .,a child is joined by a chief .,a,chief,a,child,join,joins,joined,"[""PATIENT=child"", ""VERB=join"", ""AGENT=chief""]","Prime sentence: a prince is joined by a priest .
Event roles: PATIENT=child; VERB=join; AGENT=chief
Sentence: the",Sentence: the,first_noun,-4.806326389312744,-3.791935682296753,1.0143907070159912,passive,1.0
410,role_labeled,no_prime_eos,no_prime_eos,,a chief joins a child .,a child is joined by a chief .,a,chief,a,child,join,joins,joined,"[""PATIENT=child"", ""VERB=join"", ""AGENT=chief""]","Event roles: PATIENT=child; VERB=join; AGENT=chief
Sentence: the",Sentence: the,first_noun,-4.344341278076172,-3.250317335128784,1.0940239429473877,passive,1.0
410,role_labeled,filler,filler,The lantern glowed near sunset .,a chief joins a child .,a child is joined by a chief .,a,chief,a,child,join,joins,joined,"[""PATIENT=child"", ""VERB=join"", ""AGENT=chief""]","Prime sentence: The lantern glowed near sunset .
Event roles: PATIENT=child; VERB=join; AGENT=chief
Sentence: the",Sentence: the,first_noun,-5.9935102462768555,-4.756921768188477,1.236588478088379,passive,1.0
411,role_labeled,active,active,a pilot forgets a president .,a captain forgets a champion .,a champion is forgotten by a captain .,a,captain,a,champion,forget,forgets,forgotten,"[""VERB=forget"", ""PATIENT=champion"", ""AGENT=captain""]","Prime sentence: a pilot forgets a president .
Event roles: VERB=forget; PATIENT=champion; AGENT=captain
Sentence: the",Sentence: the,first_noun,-4.378994464874268,-7.32162618637085,-2.942631721496582,active,0.0
411,role_labeled,passive,passive,a president is forgotten by a pilot .,a captain forgets a champion .,a champion is forgotten by a captain .,a,captain,a,champion,forget,forgets,forgotten,"[""VERB=forget"", ""PATIENT=champion"", ""AGENT=captain""]","Prime sentence: a president is forgotten by a pilot .
Event roles: VERB=forget; PATIENT=champion; AGENT=captain
Sentence: the",Sentence: the,first_noun,-4.536515235900879,-7.698037147521973,-3.1615219116210938,active,0.0
411,role_labeled,no_prime_eos,no_prime_eos,,a captain forgets a champion .,a champion is forgotten by a captain .,a,captain,a,champion,forget,forgets,forgotten,"[""VERB=forget"", ""PATIENT=champion"", ""AGENT=captain""]","Event roles: VERB=forget; PATIENT=champion; AGENT=captain
Sentence: the",Sentence: the,first_noun,-3.663950204849243,-5.21224308013916,-1.548292875289917,active,0.0
411,role_labeled,filler,filler,The engine cooled before dawn .,a captain forgets a champion .,a champion is forgotten by a captain .,a,captain,a,champion,forget,forgets,forgotten,"[""VERB=forget"", ""PATIENT=champion"", ""AGENT=captain""]","Prime sentence: The engine cooled before dawn .
Event roles: VERB=forget; PATIENT=champion; AGENT=captain
Sentence: the",Sentence: the,first_noun,-4.817539691925049,-6.929140090942383,-2.111600399017334,active,0.0
412,role_labeled,active,active,a mayor kisses a minister .,an attorney kisses an aunt .,an aunt is kissed by an attorney .,an,attorney,an,aunt,kiss,kisses,kissed,"[""PATIENT=aunt"", ""VERB=kiss"", ""AGENT=attorney""]","Prime sentence: a mayor kisses a minister .
Event roles: PATIENT=aunt; VERB=kiss; AGENT=attorney
Sentence: the",Sentence: the,first_noun,-6.691446304321289,-6.885635852813721,-0.19418954849243164,active,0.0
412,role_labeled,passive,passive,a minister is kissed by a mayor .,an attorney kisses an aunt .,an aunt is kissed by an attorney .,an,attorney,an,aunt,kiss,kisses,kissed,"[""PATIENT=aunt"", ""VERB=kiss"", ""AGENT=attorney""]","Prime sentence: a minister is kissed by a mayor .
Event roles: PATIENT=aunt; VERB=kiss; AGENT=attorney
Sentence: the",Sentence: the,first_noun,-6.638640880584717,-7.259586811065674,-0.620945930480957,active,0.0
412,role_labeled,no_prime_eos,no_prime_eos,,an attorney kisses an aunt .,an aunt is kissed by an attorney .,an,attorney,an,aunt,kiss,kisses,kissed,"[""PATIENT=aunt"", ""VERB=kiss"", ""AGENT=attorney""]","Event roles: PATIENT=aunt; VERB=kiss; AGENT=attorney
Sentence: the",Sentence: the,first_noun,-6.175906181335449,-8.505547523498535,-2.329641342163086,active,0.0
412,role_labeled,filler,filler,The violin echoed in the theater .,an attorney kisses an aunt .,an aunt is kissed by an attorney .,an,attorney,an,aunt,kiss,kisses,kissed,"[""PATIENT=aunt"", ""VERB=kiss"", ""AGENT=attorney""]","Prime sentence: The violin echoed in the theater .
Event roles: PATIENT=aunt; VERB=kiss; AGENT=attorney
Sentence: the",Sentence: the,first_noun,-6.731839656829834,-7.825886249542236,-1.0940465927124023,active,0.0
413,role_labeled,active,active,a champion strikes a chief .,a pilot strikes a president .,a president is struck by a pilot .,a,pilot,a,president,strik,strikes,struck,"[""AGENT=pilot"", ""PATIENT=president"", ""VERB=strik""]","Prime sentence: a champion strikes a chief .
Event roles: AGENT=pilot; PATIENT=president; VERB=strik
Sentence: the",Sentence: the,first_noun,-4.459754943847656,-4.0552263259887695,0.4045286178588867,passive,1.0
413,role_labeled,passive,passive,a chief is struck by a champion .,a pilot strikes a president .,a president is struck by a pilot .,a,pilot,a,president,strik,strikes,struck,"[""AGENT=pilot"", ""PATIENT=president"", ""VERB=strik""]","Prime sentence: a chief is struck by a champion .
Event roles: AGENT=pilot; PATIENT=president; VERB=strik
Sentence: the",Sentence: the,first_noun,-4.280092239379883,-3.7554986476898193,0.5245935916900635,passive,1.0
413,role_labeled,no_prime_eos,no_prime_eos,,a pilot strikes a president .,a president is struck by a pilot .,a,pilot,a,president,strik,strikes,struck,"[""AGENT=pilot"", ""PATIENT=president"", ""VERB=strik""]","Event roles: AGENT=pilot; PATIENT=president; VERB=strik
Sentence: the",Sentence: the,first_noun,-2.884812116622925,-3.613908529281616,-0.7290964126586914,active,0.0
413,role_labeled,filler,filler,The garden brightened after rain .,a pilot strikes a president .,a president is struck by a pilot .,a,pilot,a,president,strik,strikes,struck,"[""AGENT=pilot"", ""PATIENT=president"", ""VERB=strik""]","Prime sentence: The garden brightened after rain .
Event roles: AGENT=pilot; PATIENT=president; VERB=strik
Sentence: the",Sentence: the,first_noun,-5.924671173095703,-4.998176574707031,0.9264945983886719,passive,1.0
414,role_labeled,active,active,a nurse teaches an opponent .,a bishop teaches a boy .,a boy is taught by a bishop .,a,bishop,a,boy,teach,teaches,taught,"[""VERB=teach"", ""PATIENT=boy"", ""AGENT=bishop""]","Prime sentence: a nurse teaches an opponent .
Event roles: VERB=teach; PATIENT=boy; AGENT=bishop
Sentence: the",Sentence: the,first_noun,-2.757042169570923,-3.6935243606567383,-0.9364821910858154,active,0.0
414,role_labeled,passive,passive,an opponent is taught by a nurse .,a bishop teaches a boy .,a boy is taught by a bishop .,a,bishop,a,boy,teach,teaches,taught,"[""VERB=teach"", ""PATIENT=boy"", ""AGENT=bishop""]","Prime sentence: an opponent is taught by a nurse .
Event roles: VERB=teach; PATIENT=boy; AGENT=bishop
Sentence: the",Sentence: the,first_noun,-3.001319408416748,-3.663053035736084,-0.6617336273193359,active,0.0
414,role_labeled,no_prime_eos,no_prime_eos,,a bishop teaches a boy .,a boy is taught by a bishop .,a,bishop,a,boy,teach,teaches,taught,"[""VERB=teach"", ""PATIENT=boy"", ""AGENT=bishop""]","Event roles: VERB=teach; PATIENT=boy; AGENT=bishop
Sentence: the",Sentence: the,first_noun,-3.6579160690307617,-4.053440570831299,-0.3955245018005371,active,0.0
414,role_labeled,filler,filler,The teacher listened during assembly .,a bishop teaches a boy .,a boy is taught by a bishop .,a,bishop,a,boy,teach,teaches,taught,"[""VERB=teach"", ""PATIENT=boy"", ""AGENT=bishop""]","Prime sentence: The teacher listened during assembly .
Event roles: VERB=teach; PATIENT=boy; AGENT=bishop
Sentence: the",Sentence: the,first_noun,-3.0645828247070312,-2.1854939460754395,0.8790888786315918,passive,1.0
415,role_labeled,active,active,an attorney asks an aunt .,a manager asks a mayor .,a mayor is asked by a manager .,a,manager,a,mayor,ask,asks,asked,"[""VERB=ask"", ""PATIENT=mayor"", ""AGENT=manager""]","Prime sentence: an attorney asks an aunt .
Event roles: VERB=ask; PATIENT=mayor; AGENT=manager
Sentence: the",Sentence: the,first_noun,-5.528773784637451,-2.0251693725585938,3.5036044120788574,passive,1.0
415,role_labeled,passive,passive,an aunt is asked by an attorney .,a manager asks a mayor .,a mayor is asked by a manager .,a,manager,a,mayor,ask,asks,asked,"[""VERB=ask"", ""PATIENT=mayor"", ""AGENT=manager""]","Prime sentence: an aunt is asked by an attorney .
Event roles: VERB=ask; PATIENT=mayor; AGENT=manager
Sentence: the",Sentence: the,first_noun,-5.453204154968262,-2.2221992015838623,3.2310049533843994,passive,1.0
415,role_labeled,no_prime_eos,no_prime_eos,,a manager asks a mayor .,a mayor is asked by a manager .,a,manager,a,mayor,ask,asks,asked,"[""VERB=ask"", ""PATIENT=mayor"", ""AGENT=manager""]","Event roles: VERB=ask; PATIENT=mayor; AGENT=manager
Sentence: the",Sentence: the,first_noun,-5.315598011016846,-2.5770955085754395,2.7385025024414062,passive,1.0
415,role_labeled,filler,filler,The painter waited near the doorway .,a manager asks a mayor .,a mayor is asked by a manager .,a,manager,a,mayor,ask,asks,asked,"[""VERB=ask"", ""PATIENT=mayor"", ""AGENT=manager""]","Prime sentence: The painter waited near the doorway .
Event roles: VERB=ask; PATIENT=mayor; AGENT=manager
Sentence: the",Sentence: the,first_noun,-5.376283645629883,-3.444885492324829,1.9313981533050537,passive,1.0
416,role_labeled,active,active,a friend kills a girl .,a soldier kills a son .,a son is killed by a soldier .,a,soldier,a,son,kill,kills,killed,"[""AGENT=soldier"", ""VERB=kill"", ""PATIENT=son""]","Prime sentence: a friend kills a girl .
Event roles: AGENT=soldier; VERB=kill; PATIENT=son
Sentence: the",Sentence: the,first_noun,-3.27681827545166,-4.396958827972412,-1.120140552520752,active,0.0
416,role_labeled,passive,passive,a girl is killed by a friend .,a soldier kills a son .,a son is killed by a soldier .,a,soldier,a,son,kill,kills,killed,"[""AGENT=soldier"", ""VERB=kill"", ""PATIENT=son""]","Prime sentence: a girl is killed by a friend .
Event roles: AGENT=soldier; VERB=kill; PATIENT=son
Sentence: the",Sentence: the,first_noun,-3.0814924240112305,-4.776022434234619,-1.6945300102233887,active,0.0
416,role_labeled,no_prime_eos,no_prime_eos,,a soldier kills a son .,a son is killed by a soldier .,a,soldier,a,son,kill,kills,killed,"[""AGENT=soldier"", ""VERB=kill"", ""PATIENT=son""]","Event roles: AGENT=soldier; VERB=kill; PATIENT=son
Sentence: the",Sentence: the,first_noun,-3.1586854457855225,-4.651694297790527,-1.4930088520050049,active,0.0
416,role_labeled,filler,filler,The baker laughed during breakfast .,a soldier kills a son .,a son is killed by a soldier .,a,soldier,a,son,kill,kills,killed,"[""AGENT=soldier"", ""VERB=kill"", ""PATIENT=son""]","Prime sentence: The baker laughed during breakfast .
Event roles: AGENT=soldier; VERB=kill; PATIENT=son
Sentence: the",Sentence: the,first_noun,-3.230409622192383,-5.8748321533203125,-2.6444225311279297,active,0.0
417,role_labeled,active,active,a president protects a priest .,a champion protects a chief .,a chief is protected by a champion .,a,champion,a,chief,protect,protects,protected,"[""AGENT=champion"", ""VERB=protect"", ""PATIENT=chief""]","Prime sentence: a president protects a priest .
Event roles: AGENT=champion; VERB=protect; PATIENT=chief
Sentence: the",Sentence: the,first_noun,-7.08101749420166,-5.122305393218994,1.958712100982666,passive,1.0
417,role_labeled,passive,passive,a priest is protected by a president .,a champion protects a chief .,a chief is protected by a champion .,a,champion,a,chief,protect,protects,protected,"[""AGENT=champion"", ""VERB=protect"", ""PATIENT=chief""]","Prime sentence: a priest is protected by a president .
Event roles: AGENT=champion; VERB=protect; PATIENT=chief
Sentence: the",Sentence: the,first_noun,-5.594734191894531,-4.861201286315918,0.7335329055786133,passive,1.0
417,role_labeled,no_prime_eos,no_prime_eos,,a champion protects a chief .,a chief is protected by a champion .,a,champion,a,chief,protect,protects,protected,"[""AGENT=champion"", ""VERB=protect"", ""PATIENT=chief""]","Event roles: AGENT=champion; VERB=protect; PATIENT=chief
Sentence: the",Sentence: the,first_noun,-4.352541923522949,-4.759256362915039,-0.40671443939208984,active,0.0
417,role_labeled,filler,filler,The market opened after sunrise .,a champion protects a chief .,a chief is protected by a champion .,a,champion,a,chief,protect,protects,protected,"[""AGENT=champion"", ""VERB=protect"", ""PATIENT=chief""]","Prime sentence: The market opened after sunrise .
Event roles: AGENT=champion; VERB=protect; PATIENT=chief
Sentence: the",Sentence: the,first_noun,-6.227605819702148,-5.777829170227051,0.44977664947509766,passive,1.0
418,role_labeled,active,active,a father chases a friend .,a singer chases a soldier .,a soldier is chased by a singer .,a,singer,a,soldier,chas,chases,chased,"[""PATIENT=soldier"", ""AGENT=singer"", ""VERB=chas""]","Prime sentence: a father chases a friend .
Event roles: PATIENT=soldier; AGENT=singer; VERB=chas
Sentence: the",Sentence: the,first_noun,-6.037420272827148,-3.7367684841156006,2.300651788711548,passive,1.0
418,role_labeled,passive,passive,a friend is chased by a father .,a singer chases a soldier .,a soldier is chased by a singer .,a,singer,a,soldier,chas,chases,chased,"[""PATIENT=soldier"", ""AGENT=singer"", ""VERB=chas""]","Prime sentence: a friend is chased by a father .
Event roles: PATIENT=soldier; AGENT=singer; VERB=chas
Sentence: the",Sentence: the,first_noun,-5.764011383056641,-3.583589553833008,2.180421829223633,passive,1.0
418,role_labeled,no_prime_eos,no_prime_eos,,a singer chases a soldier .,a soldier is chased by a singer .,a,singer,a,soldier,chas,chases,chased,"[""PATIENT=soldier"", ""AGENT=singer"", ""VERB=chas""]","Event roles: PATIENT=soldier; AGENT=singer; VERB=chas
Sentence: the",Sentence: the,first_noun,-5.087366104125977,-4.107888221740723,0.9794778823852539,passive,1.0
418,role_labeled,filler,filler,The blanket dried on the line .,a singer chases a soldier .,a soldier is chased by a singer .,a,singer,a,soldier,chas,chases,chased,"[""PATIENT=soldier"", ""AGENT=singer"", ""VERB=chas""]","Prime sentence: The blanket dried on the line .
Event roles: PATIENT=soldier; AGENT=singer; VERB=chas
Sentence: the",Sentence: the,first_noun,-6.518982887268066,-4.266773700714111,2.252209186553955,passive,1.0
419,role_labeled,active,active,a mayor understands a minister .,an attorney understands an aunt .,an aunt is understood by an attorney .,an,attorney,an,aunt,understand,understands,understood,"[""AGENT=attorney"", ""PATIENT=aunt"", ""VERB=understand""]","Prime sentence: a mayor understands a minister .
Event roles: AGENT=attorney; PATIENT=aunt; VERB=understand
Sentence: the",Sentence: the,first_noun,-5.576043128967285,-8.297359466552734,-2.721316337585449,active,0.0
419,role_labeled,passive,passive,a minister is understood by a mayor .,an attorney understands an aunt .,an aunt is understood by an attorney .,an,attorney,an,aunt,understand,understands,understood,"[""AGENT=attorney"", ""PATIENT=aunt"", ""VERB=understand""]","Prime sentence: a minister is understood by a mayor .
Event roles: AGENT=attorney; PATIENT=aunt; VERB=understand
Sentence: the",Sentence: the,first_noun,-5.471341133117676,-8.118019104003906,-2.6466779708862305,active,0.0
419,role_labeled,no_prime_eos,no_prime_eos,,an attorney understands an aunt .,an aunt is understood by an attorney .,an,attorney,an,aunt,understand,understands,understood,"[""AGENT=attorney"", ""PATIENT=aunt"", ""VERB=understand""]","Event roles: AGENT=attorney; PATIENT=aunt; VERB=understand
Sentence: the",Sentence: the,first_noun,-5.243250846862793,-8.348175048828125,-3.104924201965332,active,0.0
419,role_labeled,filler,filler,The tourist wandered through the plaza .,an attorney understands an aunt .,an aunt is understood by an attorney .,an,attorney,an,aunt,understand,understands,understood,"[""AGENT=attorney"", ""PATIENT=aunt"", ""VERB=understand""]","Prime sentence: The tourist wandered through the plaza .
Event roles: AGENT=attorney; PATIENT=aunt; VERB=understand
Sentence: the",Sentence: the,first_noun,-5.632601737976074,-5.199170112609863,0.43343162536621094,passive,1.0
420,role_labeled,active,active,a kid forgives a king .,a winner forgives a woman .,a woman is forgiven by a winner .,a,winner,a,woman,forgiv,forgives,forgiven,"[""PATIENT=woman"", ""VERB=forgiv"", ""AGENT=winner""]","Prime sentence: a kid forgives a king .
Event roles: PATIENT=woman; VERB=forgiv; AGENT=winner
Sentence: the",Sentence: the,first_noun,-6.9171142578125,-4.376767158508301,2.540347099304199,passive,1.0
420,role_labeled,passive,passive,a king is forgiven by a kid .,a winner forgives a woman .,a woman is forgiven by a winner .,a,winner,a,woman,forgiv,forgives,forgiven,"[""PATIENT=woman"", ""VERB=forgiv"", ""AGENT=winner""]","Prime sentence: a king is forgiven by a kid .
Event roles: PATIENT=woman; VERB=forgiv; AGENT=winner
Sentence: the",Sentence: the,first_noun,-6.739521026611328,-4.606607437133789,2.132913589477539,passive,1.0
420,role_labeled,no_prime_eos,no_prime_eos,,a winner forgives a woman .,a woman is forgiven by a winner .,a,winner,a,woman,forgiv,forgives,forgiven,"[""PATIENT=woman"", ""VERB=forgiv"", ""AGENT=winner""]","Event roles: PATIENT=woman; VERB=forgiv; AGENT=winner
Sentence: the",Sentence: the,first_noun,-4.211688041687012,-2.908982038497925,1.302706003189087,passive,1.0
420,role_labeled,filler,filler,The tourist wandered through the plaza .,a winner forgives a woman .,a woman is forgiven by a winner .,a,winner,a,woman,forgiv,forgives,forgiven,"[""PATIENT=woman"", ""VERB=forgiv"", ""AGENT=winner""]","Prime sentence: The tourist wandered through the plaza .
Event roles: PATIENT=woman; VERB=forgiv; AGENT=winner
Sentence: the",Sentence: the,first_noun,-7.488559246063232,-2.270786762237549,5.217772483825684,passive,1.0
421,role_labeled,active,active,a nurse joins an opponent .,a bishop joins a boy .,a boy is joined by a bishop .,a,bishop,a,boy,join,joins,joined,"[""VERB=join"", ""AGENT=bishop"", ""PATIENT=boy""]","Prime sentence: a nurse joins an opponent .
Event roles: VERB=join; AGENT=bishop; PATIENT=boy
Sentence: the",Sentence: the,first_noun,-3.2131869792938232,-3.974156618118286,-0.7609696388244629,active,0.0
421,role_labeled,passive,passive,an opponent is joined by a nurse .,a bishop joins a boy .,a boy is joined by a bishop .,a,bishop,a,boy,join,joins,joined,"[""VERB=join"", ""AGENT=bishop"", ""PATIENT=boy""]","Prime sentence: an opponent is joined by a nurse .
Event roles: VERB=join; AGENT=bishop; PATIENT=boy
Sentence: the",Sentence: the,first_noun,-3.1948773860931396,-3.67391037940979,-0.4790329933166504,active,0.0
421,role_labeled,no_prime_eos,no_prime_eos,,a bishop joins a boy .,a boy is joined by a bishop .,a,bishop,a,boy,join,joins,joined,"[""VERB=join"", ""AGENT=bishop"", ""PATIENT=boy""]","Event roles: VERB=join; AGENT=bishop; PATIENT=boy
Sentence: the",Sentence: the,first_noun,-4.006708145141602,-4.960267066955566,-0.9535589218139648,active,0.0
421,role_labeled,filler,filler,The captain waited beside the harbor .,a bishop joins a boy .,a boy is joined by a bishop .,a,bishop,a,boy,join,joins,joined,"[""VERB=join"", ""AGENT=bishop"", ""PATIENT=boy""]","Prime sentence: The captain waited beside the harbor .
Event roles: VERB=join; AGENT=bishop; PATIENT=boy
Sentence: the",Sentence: the,first_noun,-4.043295860290527,-4.193168640136719,-0.1498727798461914,active,0.0
422,role_labeled,active,active,an actor asks an actress .,a lawyer asks a leader .,a leader is asked by a lawyer .,a,lawyer,a,leader,ask,asks,asked,"[""VERB=ask"", ""AGENT=lawyer"", ""PATIENT=leader""]","Prime sentence: an actor asks an actress .
Event roles: VERB=ask; AGENT=lawyer; PATIENT=leader
Sentence: the",Sentence: the,first_noun,-5.2209978103637695,-5.435908317565918,-0.21491050720214844,active,0.0
422,role_labeled,passive,passive,an actress is asked by an actor .,a lawyer asks a leader .,a leader is asked by a lawyer .,a,lawyer,a,leader,ask,asks,asked,"[""VERB=ask"", ""AGENT=lawyer"", ""PATIENT=leader""]","Prime sentence: an actress is asked by an actor .
Event roles: VERB=ask; AGENT=lawyer; PATIENT=leader
Sentence: the",Sentence: the,first_noun,-5.118175983428955,-5.641624927520752,-0.5234489440917969,active,0.0
422,role_labeled,no_prime_eos,no_prime_eos,,a lawyer asks a leader .,a leader is asked by a lawyer .,a,lawyer,a,leader,ask,asks,asked,"[""VERB=ask"", ""AGENT=lawyer"", ""PATIENT=leader""]","Event roles: VERB=ask; AGENT=lawyer; PATIENT=leader
Sentence: the",Sentence: the,first_noun,-5.074423313140869,-5.052219390869141,0.022203922271728516,passive,1.0
422,role_labeled,filler,filler,The captain waited beside the harbor .,a lawyer asks a leader .,a leader is asked by a lawyer .,a,lawyer,a,leader,ask,asks,asked,"[""VERB=ask"", ""AGENT=lawyer"", ""PATIENT=leader""]","Prime sentence: The captain waited beside the harbor .
Event roles: VERB=ask; AGENT=lawyer; PATIENT=leader
Sentence: the",Sentence: the,first_noun,-5.639289855957031,-5.978137016296387,-0.33884716033935547,active,0.0
423,role_labeled,active,active,a man catches a manager .,an actress catches an adult .,an adult is caught by an actress .,an,actress,an,adult,catch,catches,caught,"[""AGENT=actress"", ""VERB=catch"", ""PATIENT=adult""]","Prime sentence: a man catches a manager .
Event roles: AGENT=actress; VERB=catch; PATIENT=adult
Sentence: the",Sentence: the,first_noun,-5.605158805847168,-7.031950950622559,-1.4267921447753906,active,0.0
423,role_labeled,passive,passive,a manager is caught by a man .,an actress catches an adult .,an adult is caught by an actress .,an,actress,an,adult,catch,catches,caught,"[""AGENT=actress"", ""VERB=catch"", ""PATIENT=adult""]","Prime sentence: a manager is caught by a man .
Event roles: AGENT=actress; VERB=catch; PATIENT=adult
Sentence: the",Sentence: the,first_noun,-5.35297966003418,-6.665862083435059,-1.312882423400879,active,0.0
423,role_labeled,no_prime_eos,no_prime_eos,,an actress catches an adult .,an adult is caught by an actress .,an,actress,an,adult,catch,catches,caught,"[""AGENT=actress"", ""VERB=catch"", ""PATIENT=adult""]","Event roles: AGENT=actress; VERB=catch; PATIENT=adult
Sentence: the",Sentence: the,first_noun,-6.018626689910889,-5.5876383781433105,0.4309883117675781,passive,1.0
423,role_labeled,filler,filler,The package arrived before noon .,an actress catches an adult .,an adult is caught by an actress .,an,actress,an,adult,catch,catches,caught,"[""AGENT=actress"", ""VERB=catch"", ""PATIENT=adult""]","Prime sentence: The package arrived before noon .
Event roles: AGENT=actress; VERB=catch; PATIENT=adult
Sentence: the",Sentence: the,first_noun,-6.960245132446289,-6.872678756713867,0.08756637573242188,passive,1.0
424,role_labeled,active,active,a husband carries a kid .,a wife carries a winner .,a winner is carried by a wife .,a,wife,a,winner,carry,carries,carried,"[""PATIENT=winner"", ""VERB=carry"", ""AGENT=wife""]","Prime sentence: a husband carries a kid .
Event roles: PATIENT=winner; VERB=carry; AGENT=wife
Sentence: the",Sentence: the,first_noun,-3.1145057678222656,-7.180408477783203,-4.0659027099609375,active,0.0
424,role_labeled,passive,passive,a kid is carried by a husband .,a wife carries a winner .,a winner is carried by a wife .,a,wife,a,winner,carry,carries,carried,"[""PATIENT=winner"", ""VERB=carry"", ""AGENT=wife""]","Prime sentence: a kid is carried by a husband .
Event roles: PATIENT=winner; VERB=carry; AGENT=wife
Sentence: the",Sentence: the,first_noun,-3.455535411834717,-6.778957366943359,-3.3234219551086426,active,0.0
424,role_labeled,no_prime_eos,no_prime_eos,,a wife carries a winner .,a winner is carried by a wife .,a,wife,a,winner,carry,carries,carried,"[""PATIENT=winner"", ""VERB=carry"", ""AGENT=wife""]","Event roles: PATIENT=winner; VERB=carry; AGENT=wife
Sentence: the",Sentence: the,first_noun,-4.124385833740234,-4.47913932800293,-0.3547534942626953,active,0.0
424,role_labeled,filler,filler,The jacket hung behind the chair .,a wife carries a winner .,a winner is carried by a wife .,a,wife,a,winner,carry,carries,carried,"[""PATIENT=winner"", ""VERB=carry"", ""AGENT=wife""]","Prime sentence: The jacket hung behind the chair .
Event roles: PATIENT=winner; VERB=carry; AGENT=wife
Sentence: the",Sentence: the,first_noun,-4.608495712280273,-7.858990669250488,-3.250494956970215,active,0.0
425,role_labeled,active,active,a kid embraces a king .,a winner embraces a woman .,a woman is embraced by a winner .,a,winner,a,woman,embrac,embraces,embraced,"[""PATIENT=woman"", ""VERB=embrac"", ""AGENT=winner""]","Prime sentence: a kid embraces a king .
Event roles: PATIENT=woman; VERB=embrac; AGENT=winner
Sentence: the",Sentence: the,first_noun,-6.357244968414307,-4.401316165924072,1.9559288024902344,passive,1.0
425,role_labeled,passive,passive,a king is embraced by a kid .,a winner embraces a woman .,a woman is embraced by a winner .,a,winner,a,woman,embrac,embraces,embraced,"[""PATIENT=woman"", ""VERB=embrac"", ""AGENT=winner""]","Prime sentence: a king is embraced by a kid .
Event roles: PATIENT=woman; VERB=embrac; AGENT=winner
Sentence: the",Sentence: the,first_noun,-6.622004985809326,-4.4900922775268555,2.1319127082824707,passive,1.0
425,role_labeled,no_prime_eos,no_prime_eos,,a winner embraces a woman .,a woman is embraced by a winner .,a,winner,a,woman,embrac,embraces,embraced,"[""PATIENT=woman"", ""VERB=embrac"", ""AGENT=winner""]","Event roles: PATIENT=woman; VERB=embrac; AGENT=winner
Sentence: the",Sentence: the,first_noun,-3.985797166824341,-2.866621732711792,1.1191754341125488,passive,1.0
425,role_labeled,filler,filler,The traveler rested beside the river .,a winner embraces a woman .,a woman is embraced by a winner .,a,winner,a,woman,embrac,embraces,embraced,"[""PATIENT=woman"", ""VERB=embrac"", ""AGENT=winner""]","Prime sentence: The traveler rested beside the river .
Event roles: PATIENT=woman; VERB=embrac; AGENT=winner
Sentence: the",Sentence: the,first_noun,-7.833981037139893,-3.6725857257843018,4.161395311355591,passive,1.0
426,role_labeled,active,active,a guest grabs a guy .,a student grabs a teacher .,a teacher is grabbed by a student .,a,student,a,teacher,grab,grabs,grabbed,"[""AGENT=student"", ""PATIENT=teacher"", ""VERB=grab""]","Prime sentence: a guest grabs a guy .
Event roles: AGENT=student; PATIENT=teacher; VERB=grab
Sentence: the",Sentence: the,first_noun,-1.85138738155365,-3.199265480041504,-1.347878098487854,active,0.0
426,role_labeled,passive,passive,a guy is grabbed by a guest .,a student grabs a teacher .,a teacher is grabbed by a student .,a,student,a,teacher,grab,grabs,grabbed,"[""AGENT=student"", ""PATIENT=teacher"", ""VERB=grab""]","Prime sentence: a guy is grabbed by a guest .
Event roles: AGENT=student; PATIENT=teacher; VERB=grab
Sentence: the",Sentence: the,first_noun,-2.494445562362671,-3.0345098972320557,-0.5400643348693848,active,0.0
426,role_labeled,no_prime_eos,no_prime_eos,,a student grabs a teacher .,a teacher is grabbed by a student .,a,student,a,teacher,grab,grabs,grabbed,"[""AGENT=student"", ""PATIENT=teacher"", ""VERB=grab""]","Event roles: AGENT=student; PATIENT=teacher; VERB=grab
Sentence: the",Sentence: the,first_noun,-2.6771817207336426,-3.511902332305908,-0.8347206115722656,active,0.0
426,role_labeled,filler,filler,The baker laughed during breakfast .,a student grabs a teacher .,a teacher is grabbed by a student .,a,student,a,teacher,grab,grabs,grabbed,"[""AGENT=student"", ""PATIENT=teacher"", ""VERB=grab""]","Prime sentence: The baker laughed during breakfast .
Event roles: AGENT=student; PATIENT=teacher; VERB=grab
Sentence: the",Sentence: the,first_noun,-3.1074016094207764,-2.3556740283966064,0.7517275810241699,passive,1.0
427,role_labeled,active,active,a bishop beats a boy .,a mother beats a nurse .,a nurse is beaten by a mother .,a,mother,a,nurse,beat,beats,beaten,"[""VERB=beat"", ""AGENT=mother"", ""PATIENT=nurse""]","Prime sentence: a bishop beats a boy .
Event roles: VERB=beat; AGENT=mother; PATIENT=nurse
Sentence: the",Sentence: the,first_noun,-3.741736650466919,-5.122664451599121,-1.3809278011322021,active,0.0
427,role_labeled,passive,passive,a boy is beaten by a bishop .,a mother beats a nurse .,a nurse is beaten by a mother .,a,mother,a,nurse,beat,beats,beaten,"[""VERB=beat"", ""AGENT=mother"", ""PATIENT=nurse""]","Prime sentence: a boy is beaten by a bishop .
Event roles: VERB=beat; AGENT=mother; PATIENT=nurse
Sentence: the",Sentence: the,first_noun,-4.0035881996154785,-5.208051681518555,-1.2044634819030762,active,0.0
427,role_labeled,no_prime_eos,no_prime_eos,,a mother beats a nurse .,a nurse is beaten by a mother .,a,mother,a,nurse,beat,beats,beaten,"[""VERB=beat"", ""AGENT=mother"", ""PATIENT=nurse""]","Event roles: VERB=beat; AGENT=mother; PATIENT=nurse
Sentence: the",Sentence: the,first_noun,-4.033958435058594,-4.480936527252197,-0.4469780921936035,active,0.0
427,role_labeled,filler,filler,The baker laughed during breakfast .,a mother beats a nurse .,a nurse is beaten by a mother .,a,mother,a,nurse,beat,beats,beaten,"[""VERB=beat"", ""AGENT=mother"", ""PATIENT=nurse""]","Prime sentence: The baker laughed during breakfast .
Event roles: VERB=beat; AGENT=mother; PATIENT=nurse
Sentence: the",Sentence: the,first_noun,-3.3543317317962646,-4.669522285461426,-1.3151905536651611,active,0.0
428,role_labeled,active,active,a hero bothers a husband .,an uncle bothers a wife .,a wife is bothered by an uncle .,an,uncle,a,wife,bother,bothers,bothered,"[""PATIENT=wife"", ""AGENT=uncle"", ""VERB=bother""]","Prime sentence: a hero bothers a husband .
Event roles: PATIENT=wife; AGENT=uncle; VERB=bother
Sentence: the",Sentence: the,first_noun,-6.28365421295166,-3.1143226623535156,3.1693315505981445,passive,1.0
428,role_labeled,passive,passive,a husband is bothered by a hero .,an uncle bothers a wife .,a wife is bothered by an uncle .,an,uncle,a,wife,bother,bothers,bothered,"[""PATIENT=wife"", ""AGENT=uncle"", ""VERB=bother""]","Prime sentence: a husband is bothered by a hero .
Event roles: PATIENT=wife; AGENT=uncle; VERB=bother
Sentence: the",Sentence: the,first_noun,-6.66120719909668,-3.5949606895446777,3.066246509552002,passive,1.0
428,role_labeled,no_prime_eos,no_prime_eos,,an uncle bothers a wife .,a wife is bothered by an uncle .,an,uncle,a,wife,bother,bothers,bothered,"[""PATIENT=wife"", ""AGENT=uncle"", ""VERB=bother""]","Event roles: PATIENT=wife; AGENT=uncle; VERB=bother
Sentence: the",Sentence: the,first_noun,-6.747832298278809,-3.705613374710083,3.0422189235687256,passive,1.0
428,role_labeled,filler,filler,The notebook stayed on the shelf .,an uncle bothers a wife .,a wife is bothered by an uncle .,an,uncle,a,wife,bother,bothers,bothered,"[""PATIENT=wife"", ""AGENT=uncle"", ""VERB=bother""]","Prime sentence: The notebook stayed on the shelf .
Event roles: PATIENT=wife; AGENT=uncle; VERB=bother
Sentence: the",Sentence: the,first_noun,-6.480680465698242,-4.106790542602539,2.373889923095703,passive,1.0
429,role_labeled,active,active,a guy describes a hero .,a teacher describes an uncle .,an uncle is described by a teacher .,a,teacher,an,uncle,describ,describes,described,"[""AGENT=teacher"", ""VERB=describ"", ""PATIENT=uncle""]","Prime sentence: a guy describes a hero .
Event roles: AGENT=teacher; VERB=describ; PATIENT=uncle
Sentence: the",Sentence: the,first_noun,-3.669618844985962,-7.15989875793457,-3.4902799129486084,active,0.0
429,role_labeled,passive,passive,a hero is described by a guy .,a teacher describes an uncle .,an uncle is described by a teacher .,a,teacher,an,uncle,describ,describes,described,"[""AGENT=teacher"", ""VERB=describ"", ""PATIENT=uncle""]","Prime sentence: a hero is described by a guy .
Event roles: AGENT=teacher; VERB=describ; PATIENT=uncle
Sentence: the",Sentence: the,first_noun,-3.6546850204467773,-7.281054496765137,-3.6263694763183594,active,0.0
429,role_labeled,no_prime_eos,no_prime_eos,,a teacher describes an uncle .,an uncle is described by a teacher .,a,teacher,an,uncle,describ,describes,described,"[""AGENT=teacher"", ""VERB=describ"", ""PATIENT=uncle""]","Event roles: AGENT=teacher; VERB=describ; PATIENT=uncle
Sentence: the",Sentence: the,first_noun,-2.710806369781494,-7.429693698883057,-4.7188873291015625,active,0.0
429,role_labeled,filler,filler,The singer smiled after rehearsal .,a teacher describes an uncle .,an uncle is described by a teacher .,a,teacher,an,uncle,describ,describes,described,"[""AGENT=teacher"", ""VERB=describ"", ""PATIENT=uncle""]","Prime sentence: The singer smiled after rehearsal .
Event roles: AGENT=teacher; VERB=describ; PATIENT=uncle
Sentence: the",Sentence: the,first_noun,-3.432570457458496,-6.680741786956787,-3.248171329498291,active,0.0
430,role_labeled,active,active,an employee describes an employer .,a secretary describes a sheriff .,a sheriff is described by a secretary .,a,secretary,a,sheriff,describ,describes,described,"[""VERB=describ"", ""PATIENT=sheriff"", ""AGENT=secretary""]","Prime sentence: an employee describes an employer .
Event roles: VERB=describ; PATIENT=sheriff; AGENT=secretary
Sentence: the",Sentence: the,first_noun,-5.484199523925781,-4.37873649597168,1.1054630279541016,passive,1.0
430,role_labeled,passive,passive,an employer is described by an employee .,a secretary describes a sheriff .,a sheriff is described by a secretary .,a,secretary,a,sheriff,describ,describes,described,"[""VERB=describ"", ""PATIENT=sheriff"", ""AGENT=secretary""]","Prime sentence: an employer is described by an employee .
Event roles: VERB=describ; PATIENT=sheriff; AGENT=secretary
Sentence: the",Sentence: the,first_noun,-6.092512130737305,-4.820023536682129,1.2724885940551758,passive,1.0
430,role_labeled,no_prime_eos,no_prime_eos,,a secretary describes a sheriff .,a sheriff is described by a secretary .,a,secretary,a,sheriff,describ,describes,described,"[""VERB=describ"", ""PATIENT=sheriff"", ""AGENT=secretary""]","Event roles: VERB=describ; PATIENT=sheriff; AGENT=secretary
Sentence: the",Sentence: the,first_noun,-5.771994113922119,-7.120337009429932,-1.3483428955078125,active,0.0
430,role_labeled,filler,filler,The singer smiled after rehearsal .,a secretary describes a sheriff .,a sheriff is described by a secretary .,a,secretary,a,sheriff,describ,describes,described,"[""VERB=describ"", ""PATIENT=sheriff"", ""AGENT=secretary""]","Prime sentence: The singer smiled after rehearsal .
Event roles: VERB=describ; PATIENT=sheriff; AGENT=secretary
Sentence: the",Sentence: the,first_noun,-5.8964433670043945,-4.219709396362305,1.6767339706420898,passive,1.0
431,role_labeled,active,active,an adult punches an attorney .,a man punches a manager .,a manager is punched by a man .,a,man,a,manager,punch,punches,punched,"[""VERB=punch"", ""AGENT=man"", ""PATIENT=manager""]","Prime sentence: an adult punches an attorney .
Event roles: VERB=punch; AGENT=man; PATIENT=manager
Sentence: the",Sentence: the,first_noun,-3.290163993835449,-4.065234184265137,-0.7750701904296875,active,0.0
431,role_labeled,passive,passive,an attorney is punched by an adult .,a man punches a manager .,a manager is punched by a man .,a,man,a,manager,punch,punches,punched,"[""VERB=punch"", ""AGENT=man"", ""PATIENT=manager""]","Prime sentence: an attorney is punched by an adult .
Event roles: VERB=punch; AGENT=man; PATIENT=manager
Sentence: the",Sentence: the,first_noun,-3.5254507064819336,-3.7873125076293945,-0.26186180114746094,active,0.0
431,role_labeled,no_prime_eos,no_prime_eos,,a man punches a manager .,a manager is punched by a man .,a,man,a,manager,punch,punches,punched,"[""VERB=punch"", ""AGENT=man"", ""PATIENT=manager""]","Event roles: VERB=punch; AGENT=man; PATIENT=manager
Sentence: the",Sentence: the,first_noun,-3.3928050994873047,-3.775784492492676,-0.3829793930053711,active,0.0
431,role_labeled,filler,filler,The signal flickered across the screen .,a man punches a manager .,a manager is punched by a man .,a,man,a,manager,punch,punches,punched,"[""VERB=punch"", ""AGENT=man"", ""PATIENT=manager""]","Prime sentence: The signal flickered across the screen .
Event roles: VERB=punch; AGENT=man; PATIENT=manager
Sentence: the",Sentence: the,first_noun,-3.296865463256836,-4.158021926879883,-0.8611564636230469,active,0.0
432,role_labeled,active,active,a manager comforts a mayor .,an adult comforts an attorney .,an attorney is comforted by an adult .,an,adult,an,attorney,comfort,comforts,comforted,"[""AGENT=adult"", ""VERB=comfort"", ""PATIENT=attorney""]","Prime sentence: a manager comforts a mayor .
Event roles: AGENT=adult; VERB=comfort; PATIENT=attorney
Sentence: the",Sentence: the,first_noun,-6.121959686279297,-5.937324047088623,0.18463563919067383,passive,1.0
432,role_labeled,passive,passive,a mayor is comforted by a manager .,an adult comforts an attorney .,an attorney is comforted by an adult .,an,adult,an,attorney,comfort,comforts,comforted,"[""AGENT=adult"", ""VERB=comfort"", ""PATIENT=attorney""]","Prime sentence: a mayor is comforted by a manager .
Event roles: AGENT=adult; VERB=comfort; PATIENT=attorney
Sentence: the",Sentence: the,first_noun,-6.492531776428223,-5.735842227935791,0.7566895484924316,passive,1.0
432,role_labeled,no_prime_eos,no_prime_eos,,an adult comforts an attorney .,an attorney is comforted by an adult .,an,adult,an,attorney,comfort,comforts,comforted,"[""AGENT=adult"", ""VERB=comfort"", ""PATIENT=attorney""]","Event roles: AGENT=adult; VERB=comfort; PATIENT=attorney
Sentence: the",Sentence: the,first_noun,-4.7354655265808105,-6.202942848205566,-1.4674773216247559,active,0.0
432,role_labeled,filler,filler,The baker laughed during breakfast .,an adult comforts an attorney .,an attorney is comforted by an adult .,an,adult,an,attorney,comfort,comforts,comforted,"[""AGENT=adult"", ""VERB=comfort"", ""PATIENT=attorney""]","Prime sentence: The baker laughed during breakfast .
Event roles: AGENT=adult; VERB=comfort; PATIENT=attorney
Sentence: the",Sentence: the,first_noun,-6.3686723709106445,-4.852610111236572,1.5160622596740723,passive,1.0
433,role_labeled,active,active,a sheriff surprises a singer .,an employee surprises an employer .,an employer is surprised by an employee .,an,employee,an,employer,surpris,surprises,surprised,"[""VERB=surpris"", ""AGENT=employee"", ""PATIENT=employer""]","Prime sentence: a sheriff surprises a singer .
Event roles: VERB=surpris; AGENT=employee; PATIENT=employer
Sentence: the",Sentence: the,first_noun,-5.763803482055664,-6.5554962158203125,-0.7916927337646484,active,0.0
433,role_labeled,passive,passive,a singer is surprised by a sheriff .,an employee surprises an employer .,an employer is surprised by an employee .,an,employee,an,employer,surpris,surprises,surprised,"[""VERB=surpris"", ""AGENT=employee"", ""PATIENT=employer""]","Prime sentence: a singer is surprised by a sheriff .
Event roles: VERB=surpris; AGENT=employee; PATIENT=employer
Sentence: the",Sentence: the,first_noun,-5.521458148956299,-6.185251235961914,-0.6637930870056152,active,0.0
433,role_labeled,no_prime_eos,no_prime_eos,,an employee surprises an employer .,an employer is surprised by an employee .,an,employee,an,employer,surpris,surprises,surprised,"[""VERB=surpris"", ""AGENT=employee"", ""PATIENT=employer""]","Event roles: VERB=surpris; AGENT=employee; PATIENT=employer
Sentence: the",Sentence: the,first_noun,-4.095594882965088,-5.267938613891602,-1.1723437309265137,active,0.0
433,role_labeled,filler,filler,The painter waited near the doorway .,an employee surprises an employer .,an employer is surprised by an employee .,an,employee,an,employer,surpris,surprises,surprised,"[""VERB=surpris"", ""AGENT=employee"", ""PATIENT=employer""]","Prime sentence: The painter waited near the doorway .
Event roles: VERB=surpris; AGENT=employee; PATIENT=employer
Sentence: the",Sentence: the,first_noun,-5.22987174987793,-6.1309614181518555,-0.9010896682739258,active,0.0
434,role_labeled,active,active,a friend drags a girl .,a soldier drags a son .,a son is dragged by a soldier .,a,soldier,a,son,drag,drags,dragged,"[""AGENT=soldier"", ""PATIENT=son"", ""VERB=drag""]","Prime sentence: a friend drags a girl .
Event roles: AGENT=soldier; PATIENT=son; VERB=drag
Sentence: the",Sentence: the,first_noun,-3.1758077144622803,-5.435084342956543,-2.2592766284942627,active,0.0
434,role_labeled,passive,passive,a girl is dragged by a friend .,a soldier drags a son .,a son is dragged by a soldier .,a,soldier,a,son,drag,drags,dragged,"[""AGENT=soldier"", ""PATIENT=son"", ""VERB=drag""]","Prime sentence: a girl is dragged by a friend .
Event roles: AGENT=soldier; PATIENT=son; VERB=drag
Sentence: the",Sentence: the,first_noun,-3.2353243827819824,-5.83385705947876,-2.5985326766967773,active,0.0
434,role_labeled,no_prime_eos,no_prime_eos,,a soldier drags a son .,a son is dragged by a soldier .,a,soldier,a,son,drag,drags,dragged,"[""AGENT=soldier"", ""PATIENT=son"", ""VERB=drag""]","Event roles: AGENT=soldier; PATIENT=son; VERB=drag
Sentence: the",Sentence: the,first_noun,-3.655869245529175,-4.926644325256348,-1.2707750797271729,active,0.0
434,role_labeled,filler,filler,The painter waited near the doorway .,a soldier drags a son .,a son is dragged by a soldier .,a,soldier,a,son,drag,drags,dragged,"[""AGENT=soldier"", ""PATIENT=son"", ""VERB=drag""]","Prime sentence: The painter waited near the doorway .
Event roles: AGENT=soldier; PATIENT=son; VERB=drag
Sentence: the",Sentence: the,first_noun,-2.9750075340270996,-5.351649284362793,-2.3766417503356934,active,0.0
435,role_labeled,active,active,an employee beats an employer .,a secretary beats a sheriff .,a sheriff is beaten by a secretary .,a,secretary,a,sheriff,beat,beats,beaten,"[""AGENT=secretary"", ""PATIENT=sheriff"", ""VERB=beat""]","Prime sentence: an employee beats an employer .
Event roles: AGENT=secretary; PATIENT=sheriff; VERB=beat
Sentence: the",Sentence: the,first_noun,-5.119355201721191,-4.230618476867676,0.8887367248535156,passive,1.0
435,role_labeled,passive,passive,an employer is beaten by an employee .,a secretary beats a sheriff .,a sheriff is beaten by a secretary .,a,secretary,a,sheriff,beat,beats,beaten,"[""AGENT=secretary"", ""PATIENT=sheriff"", ""VERB=beat""]","Prime sentence: an employer is beaten by an employee .
Event roles: AGENT=secretary; PATIENT=sheriff; VERB=beat
Sentence: the",Sentence: the,first_noun,-5.234778881072998,-4.183109283447266,1.0516695976257324,passive,1.0
435,role_labeled,no_prime_eos,no_prime_eos,,a secretary beats a sheriff .,a sheriff is beaten by a secretary .,a,secretary,a,sheriff,beat,beats,beaten,"[""AGENT=secretary"", ""PATIENT=sheriff"", ""VERB=beat""]","Event roles: AGENT=secretary; PATIENT=sheriff; VERB=beat
Sentence: the",Sentence: the,first_noun,-4.911323547363281,-5.056814193725586,-0.1454906463623047,active,0.0
435,role_labeled,filler,filler,The kettle whistled in the kitchen .,a secretary beats a sheriff .,a sheriff is beaten by a secretary .,a,secretary,a,sheriff,beat,beats,beaten,"[""AGENT=secretary"", ""PATIENT=sheriff"", ""VERB=beat""]","Prime sentence: The kettle whistled in the kitchen .
Event roles: AGENT=secretary; PATIENT=sheriff; VERB=beat
Sentence: the",Sentence: the,first_noun,-6.693721294403076,-4.64585542678833,2.047865867614746,passive,1.0
436,role_labeled,active,active,a mayor grabs a minister .,an attorney grabs an aunt .,an aunt is grabbed by an attorney .,an,attorney,an,aunt,grab,grabs,grabbed,"[""PATIENT=aunt"", ""AGENT=attorney"", ""VERB=grab""]","Prime sentence: a mayor grabs a minister .
Event roles: PATIENT=aunt; AGENT=attorney; VERB=grab
Sentence: the",Sentence: the,first_noun,-6.029360294342041,-7.235790252685547,-1.2064299583435059,active,0.0
436,role_labeled,passive,passive,a minister is grabbed by a mayor .,an attorney grabs an aunt .,an aunt is grabbed by an attorney .,an,attorney,an,aunt,grab,grabs,grabbed,"[""PATIENT=aunt"", ""AGENT=attorney"", ""VERB=grab""]","Prime sentence: a minister is grabbed by a mayor .
Event roles: PATIENT=aunt; AGENT=attorney; VERB=grab
Sentence: the",Sentence: the,first_noun,-5.935140609741211,-7.598198890686035,-1.6630582809448242,active,0.0
436,role_labeled,no_prime_eos,no_prime_eos,,an attorney grabs an aunt .,an aunt is grabbed by an attorney .,an,attorney,an,aunt,grab,grabs,grabbed,"[""PATIENT=aunt"", ""AGENT=attorney"", ""VERB=grab""]","Event roles: PATIENT=aunt; AGENT=attorney; VERB=grab
Sentence: the",Sentence: the,first_noun,-5.666035175323486,-9.416242599487305,-3.7502074241638184,active,0.0
436,role_labeled,filler,filler,The jacket hung behind the chair .,an attorney grabs an aunt .,an aunt is grabbed by an attorney .,an,attorney,an,aunt,grab,grabs,grabbed,"[""PATIENT=aunt"", ""AGENT=attorney"", ""VERB=grab""]","Prime sentence: The jacket hung behind the chair .
Event roles: PATIENT=aunt; AGENT=attorney; VERB=grab
Sentence: the",Sentence: the,first_noun,-5.965620040893555,-7.9373779296875,-1.9717578887939453,active,0.0
437,role_labeled,active,active,a woman describes a worker .,a kid describes a king .,a king is described by a kid .,a,kid,a,king,describ,describes,described,"[""AGENT=kid"", ""PATIENT=king"", ""VERB=describ""]","Prime sentence: a woman describes a worker .
Event roles: AGENT=kid; PATIENT=king; VERB=describ
Sentence: the",Sentence: the,first_noun,-5.456539154052734,-3.344197988510132,2.1123411655426025,passive,1.0
437,role_labeled,passive,passive,a worker is described by a woman .,a kid describes a king .,a king is described by a kid .,a,kid,a,king,describ,describes,described,"[""AGENT=kid"", ""PATIENT=king"", ""VERB=describ""]","Prime sentence: a worker is described by a woman .
Event roles: AGENT=kid; PATIENT=king; VERB=describ
Sentence: the",Sentence: the,first_noun,-5.361506938934326,-2.7311763763427734,2.6303305625915527,passive,1.0
437,role_labeled,no_prime_eos,no_prime_eos,,a kid describes a king .,a king is described by a kid .,a,kid,a,king,describ,describes,described,"[""AGENT=kid"", ""PATIENT=king"", ""VERB=describ""]","Event roles: AGENT=kid; PATIENT=king; VERB=describ
Sentence: the",Sentence: the,first_noun,-6.0431718826293945,-3.0256123542785645,3.01755952835083,passive,1.0
437,role_labeled,filler,filler,The engine cooled before dawn .,a kid describes a king .,a king is described by a kid .,a,kid,a,king,describ,describes,described,"[""AGENT=kid"", ""PATIENT=king"", ""VERB=describ""]","Prime sentence: The engine cooled before dawn .
Event roles: AGENT=kid; PATIENT=king; VERB=describ
Sentence: the",Sentence: the,first_noun,-6.043676376342773,-3.802992582321167,2.2406837940216064,passive,1.0
438,role_labeled,active,active,an actor embraces an actress .,a lawyer embraces a leader .,a leader is embraced by a lawyer .,a,lawyer,a,leader,embrac,embraces,embraced,"[""AGENT=lawyer"", ""VERB=embrac"", ""PATIENT=leader""]","Prime sentence: an actor embraces an actress .
Event roles: AGENT=lawyer; VERB=embrac; PATIENT=leader
Sentence: the",Sentence: the,first_noun,-4.908273696899414,-6.450466156005859,-1.5421924591064453,active,0.0
438,role_labeled,passive,passive,an actress is embraced by an actor .,a lawyer embraces a leader .,a leader is embraced by a lawyer .,a,lawyer,a,leader,embrac,embraces,embraced,"[""AGENT=lawyer"", ""VERB=embrac"", ""PATIENT=leader""]","Prime sentence: an actress is embraced by an actor .
Event roles: AGENT=lawyer; VERB=embrac; PATIENT=leader
Sentence: the",Sentence: the,first_noun,-4.793869972229004,-6.673738479614258,-1.879868507385254,active,0.0
438,role_labeled,no_prime_eos,no_prime_eos,,a lawyer embraces a leader .,a leader is embraced by a lawyer .,a,lawyer,a,leader,embrac,embraces,embraced,"[""AGENT=lawyer"", ""VERB=embrac"", ""PATIENT=leader""]","Event roles: AGENT=lawyer; VERB=embrac; PATIENT=leader
Sentence: the",Sentence: the,first_noun,-4.579163074493408,-5.305166721343994,-0.7260036468505859,active,0.0
438,role_labeled,filler,filler,The window rattled during the storm .,a lawyer embraces a leader .,a leader is embraced by a lawyer .,a,lawyer,a,leader,embrac,embraces,embraced,"[""AGENT=lawyer"", ""VERB=embrac"", ""PATIENT=leader""]","Prime sentence: The window rattled during the storm .
Event roles: AGENT=lawyer; VERB=embrac; PATIENT=leader
Sentence: the",Sentence: the,first_noun,-5.666168689727783,-7.4789276123046875,-1.8127589225769043,active,0.0
439,role_labeled,active,active,a doctor joins an employee .,a scientist joins a secretary .,a secretary is joined by a scientist .,a,scientist,a,secretary,join,joins,joined,"[""AGENT=scientist"", ""PATIENT=secretary"", ""VERB=join""]","Prime sentence: a doctor joins an employee .
Event roles: AGENT=scientist; PATIENT=secretary; VERB=join
Sentence: the",Sentence: the,first_noun,-3.241088390350342,-5.560897350311279,-2.3198089599609375,active,0.0
439,role_labeled,passive,passive,an employee is joined by a doctor .,a scientist joins a secretary .,a secretary is joined by a scientist .,a,scientist,a,secretary,join,joins,joined,"[""AGENT=scientist"", ""PATIENT=secretary"", ""VERB=join""]","Prime sentence: an employee is joined by a doctor .
Event roles: AGENT=scientist; PATIENT=secretary; VERB=join
Sentence: the",Sentence: the,first_noun,-3.3694801330566406,-5.442291259765625,-2.0728111267089844,active,0.0
439,role_labeled,no_prime_eos,no_prime_eos,,a scientist joins a secretary .,a secretary is joined by a scientist .,a,scientist,a,secretary,join,joins,joined,"[""AGENT=scientist"", ""PATIENT=secretary"", ""VERB=join""]","Event roles: AGENT=scientist; PATIENT=secretary; VERB=join
Sentence: the",Sentence: the,first_noun,-3.8420777320861816,-6.806607723236084,-2.9645299911499023,active,0.0
439,role_labeled,filler,filler,The singer smiled after rehearsal .,a scientist joins a secretary .,a secretary is joined by a scientist .,a,scientist,a,secretary,join,joins,joined,"[""AGENT=scientist"", ""PATIENT=secretary"", ""VERB=join""]","Prime sentence: The singer smiled after rehearsal .
Event roles: AGENT=scientist; PATIENT=secretary; VERB=join
Sentence: the",Sentence: the,first_noun,-3.7158892154693604,-6.089862823486328,-2.3739736080169678,active,0.0
440,role_labeled,active,active,a professor follows a reader .,a cop follows a cousin .,a cousin is followed by a cop .,a,cop,a,cousin,follow,follows,followed,"[""PATIENT=cousin"", ""VERB=follow"", ""AGENT=cop""]","Prime sentence: a professor follows a reader .
Event roles: PATIENT=cousin; VERB=follow; AGENT=cop
Sentence: the",Sentence: the,first_noun,-5.6302900314331055,-7.911749839782715,-2.2814598083496094,active,0.0
440,role_labeled,passive,passive,a reader is followed by a professor .,a cop follows a cousin .,a cousin is followed by a cop .,a,cop,a,cousin,follow,follows,followed,"[""PATIENT=cousin"", ""VERB=follow"", ""AGENT=cop""]","Prime sentence: a reader is followed by a professor .
Event roles: PATIENT=cousin; VERB=follow; AGENT=cop
Sentence: the",Sentence: the,first_noun,-5.690936088562012,-8.137260437011719,-2.446324348449707,active,0.0
440,role_labeled,no_prime_eos,no_prime_eos,,a cop follows a cousin .,a cousin is followed by a cop .,a,cop,a,cousin,follow,follows,followed,"[""PATIENT=cousin"", ""VERB=follow"", ""AGENT=cop""]","Event roles: PATIENT=cousin; VERB=follow; AGENT=cop
Sentence: the",Sentence: the,first_noun,-5.416375160217285,-7.828549861907959,-2.412174701690674,active,0.0
440,role_labeled,filler,filler,The violin echoed in the theater .,a cop follows a cousin .,a cousin is followed by a cop .,a,cop,a,cousin,follow,follows,followed,"[""PATIENT=cousin"", ""VERB=follow"", ""AGENT=cop""]","Prime sentence: The violin echoed in the theater .
Event roles: PATIENT=cousin; VERB=follow; AGENT=cop
Sentence: the",Sentence: the,first_noun,-7.162804126739502,-9.225927352905273,-2.0631232261657715,active,0.0
441,role_labeled,active,active,a daughter judges a doctor .,a reader judges a scientist .,a scientist is judged by a reader .,a,reader,a,scientist,judg,judges,judged,"[""AGENT=reader"", ""VERB=judg"", ""PATIENT=scientist""]","Prime sentence: a daughter judges a doctor .
Event roles: AGENT=reader; VERB=judg; PATIENT=scientist
Sentence: the",Sentence: the,first_noun,-6.140386581420898,-4.342824935913086,1.7975616455078125,passive,1.0
441,role_labeled,passive,passive,a doctor is judged by a daughter .,a reader judges a scientist .,a scientist is judged by a reader .,a,reader,a,scientist,judg,judges,judged,"[""AGENT=reader"", ""VERB=judg"", ""PATIENT=scientist""]","Prime sentence: a doctor is judged by a daughter .
Event roles: AGENT=reader; VERB=judg; PATIENT=scientist
Sentence: the",Sentence: the,first_noun,-5.482927322387695,-3.8506932258605957,1.6322340965270996,passive,1.0
441,role_labeled,no_prime_eos,no_prime_eos,,a reader judges a scientist .,a scientist is judged by a reader .,a,reader,a,scientist,judg,judges,judged,"[""AGENT=reader"", ""VERB=judg"", ""PATIENT=scientist""]","Event roles: AGENT=reader; VERB=judg; PATIENT=scientist
Sentence: the",Sentence: the,first_noun,-4.347097396850586,-5.0884318351745605,-0.7413344383239746,active,0.0
441,role_labeled,filler,filler,The painter waited near the doorway .,a reader judges a scientist .,a scientist is judged by a reader .,a,reader,a,scientist,judg,judges,judged,"[""AGENT=reader"", ""VERB=judg"", ""PATIENT=scientist""]","Prime sentence: The painter waited near the doorway .
Event roles: AGENT=reader; VERB=judg; PATIENT=scientist
Sentence: the",Sentence: the,first_noun,-5.701425552368164,-3.4685213565826416,2.2329041957855225,passive,1.0
442,role_labeled,active,active,a leader beats a man .,an actor beats an actress .,an actress is beaten by an actor .,an,actor,an,actress,beat,beats,beaten,"[""VERB=beat"", ""AGENT=actor"", ""PATIENT=actress""]","Prime sentence: a leader beats a man .
Event roles: VERB=beat; AGENT=actor; PATIENT=actress
Sentence: the",Sentence: the,first_noun,-5.739368438720703,-7.641246795654297,-1.9018783569335938,active,0.0
442,role_labeled,passive,passive,a man is beaten by a leader .,an actor beats an actress .,an actress is beaten by an actor .,an,actor,an,actress,beat,beats,beaten,"[""VERB=beat"", ""AGENT=actor"", ""PATIENT=actress""]","Prime sentence: a man is beaten by a leader .
Event roles: VERB=beat; AGENT=actor; PATIENT=actress
Sentence: the",Sentence: the,first_noun,-5.36488676071167,-7.52862548828125,-2.16373872756958,active,0.0
442,role_labeled,no_prime_eos,no_prime_eos,,an actor beats an actress .,an actress is beaten by an actor .,an,actor,an,actress,beat,beats,beaten,"[""VERB=beat"", ""AGENT=actor"", ""PATIENT=actress""]","Event roles: VERB=beat; AGENT=actor; PATIENT=actress
Sentence: the",Sentence: the,first_noun,-4.491462707519531,-6.3875885009765625,-1.8961257934570312,active,0.0
442,role_labeled,filler,filler,The painter waited near the doorway .,an actor beats an actress .,an actress is beaten by an actor .,an,actor,an,actress,beat,beats,beaten,"[""VERB=beat"", ""AGENT=actor"", ""PATIENT=actress""]","Prime sentence: The painter waited near the doorway .
Event roles: VERB=beat; AGENT=actor; PATIENT=actress
Sentence: the",Sentence: the,first_noun,-4.9010009765625,-6.066727638244629,-1.165726661682129,active,0.0
443,role_labeled,active,active,a secretary punches a sheriff .,a doctor punches an employee .,an employee is punched by a doctor .,a,doctor,an,employee,punch,punches,punched,"[""VERB=punch"", ""PATIENT=employee"", ""AGENT=doctor""]","Prime sentence: a secretary punches a sheriff .
Event roles: VERB=punch; PATIENT=employee; AGENT=doctor
Sentence: the",Sentence: the,first_noun,-3.654881000518799,-5.414304733276367,-1.7594237327575684,active,0.0
443,role_labeled,passive,passive,a sheriff is punched by a secretary .,a doctor punches an employee .,an employee is punched by a doctor .,a,doctor,an,employee,punch,punches,punched,"[""VERB=punch"", ""PATIENT=employee"", ""AGENT=doctor""]","Prime sentence: a sheriff is punched by a secretary .
Event roles: VERB=punch; PATIENT=employee; AGENT=doctor
Sentence: the",Sentence: the,first_noun,-3.4392435550689697,-4.917283058166504,-1.4780395030975342,active,0.0
443,role_labeled,no_prime_eos,no_prime_eos,,a doctor punches an employee .,an employee is punched by a doctor .,a,doctor,an,employee,punch,punches,punched,"[""VERB=punch"", ""PATIENT=employee"", ""AGENT=doctor""]","Event roles: VERB=punch; PATIENT=employee; AGENT=doctor
Sentence: the",Sentence: the,first_noun,-3.115940809249878,-4.909303665161133,-1.7933628559112549,active,0.0
443,role_labeled,filler,filler,The witness paused near the doorway .,a doctor punches an employee .,an employee is punched by a doctor .,a,doctor,an,employee,punch,punches,punched,"[""VERB=punch"", ""PATIENT=employee"", ""AGENT=doctor""]","Prime sentence: The witness paused near the doorway .
Event roles: VERB=punch; PATIENT=employee; AGENT=doctor
Sentence: the",Sentence: the,first_noun,-3.724982738494873,-4.036464691162109,-0.31148195266723633,active,0.0
444,role_labeled,active,active,a father follows a friend .,a singer follows a soldier .,a soldier is followed by a singer .,a,singer,a,soldier,follow,follows,followed,"[""VERB=follow"", ""PATIENT=soldier"", ""AGENT=singer""]","Prime sentence: a father follows a friend .
Event roles: VERB=follow; PATIENT=soldier; AGENT=singer
Sentence: the",Sentence: the,first_noun,-6.4491376876831055,-4.069005012512207,2.3801326751708984,passive,1.0
444,role_labeled,passive,passive,a friend is followed by a father .,a singer follows a soldier .,a soldier is followed by a singer .,a,singer,a,soldier,follow,follows,followed,"[""VERB=follow"", ""PATIENT=soldier"", ""AGENT=singer""]","Prime sentence: a friend is followed by a father .
Event roles: VERB=follow; PATIENT=soldier; AGENT=singer
Sentence: the",Sentence: the,first_noun,-6.663361549377441,-4.35739803314209,2.3059635162353516,passive,1.0
444,role_labeled,no_prime_eos,no_prime_eos,,a singer follows a soldier .,a soldier is followed by a singer .,a,singer,a,soldier,follow,follows,followed,"[""VERB=follow"", ""PATIENT=soldier"", ""AGENT=singer""]","Event roles: VERB=follow; PATIENT=soldier; AGENT=singer
Sentence: the",Sentence: the,first_noun,-5.383385181427002,-4.078427314758301,1.3049578666687012,passive,1.0
444,role_labeled,filler,filler,The sculpture stood in the hallway .,a singer follows a soldier .,a soldier is followed by a singer .,a,singer,a,soldier,follow,follows,followed,"[""VERB=follow"", ""PATIENT=soldier"", ""AGENT=singer""]","Prime sentence: The sculpture stood in the hallway .
Event roles: VERB=follow; PATIENT=soldier; AGENT=singer
Sentence: the",Sentence: the,first_noun,-6.361439228057861,-3.432081699371338,2.9293575286865234,passive,1.0
445,role_labeled,active,active,an aunt hurts an author .,a mayor hurts a minister .,a minister is hurt by a mayor .,a,mayor,a,minister,hurt,hurts,hurt,"[""PATIENT=minister"", ""VERB=hurt"", ""AGENT=mayor""]","Prime sentence: an aunt hurts an author .
Event roles: PATIENT=minister; VERB=hurt; AGENT=mayor
Sentence: the",Sentence: the,first_noun,-3.157630443572998,-4.32490348815918,-1.1672730445861816,active,0.0
445,role_labeled,passive,passive,an author is hurt by an aunt .,a mayor hurts a minister .,a minister is hurt by a mayor .,a,mayor,a,minister,hurt,hurts,hurt,"[""PATIENT=minister"", ""VERB=hurt"", ""AGENT=mayor""]","Prime sentence: an author is hurt by an aunt .
Event roles: PATIENT=minister; VERB=hurt; AGENT=mayor
Sentence: the",Sentence: the,first_noun,-3.2939341068267822,-4.465557098388672,-1.1716229915618896,active,0.0
445,role_labeled,no_prime_eos,no_prime_eos,,a mayor hurts a minister .,a minister is hurt by a mayor .,a,mayor,a,minister,hurt,hurts,hurt,"[""PATIENT=minister"", ""VERB=hurt"", ""AGENT=mayor""]","Event roles: PATIENT=minister; VERB=hurt; AGENT=mayor
Sentence: the",Sentence: the,first_noun,-3.4033329486846924,-4.446743965148926,-1.0434110164642334,active,0.0
445,role_labeled,filler,filler,The planet shimmered above the valley .,a mayor hurts a minister .,a minister is hurt by a mayor .,a,mayor,a,minister,hurt,hurts,hurt,"[""PATIENT=minister"", ""VERB=hurt"", ""AGENT=mayor""]","Prime sentence: The planet shimmered above the valley .
Event roles: PATIENT=minister; VERB=hurt; AGENT=mayor
Sentence: the",Sentence: the,first_noun,-4.449007987976074,-5.890046119689941,-1.4410381317138672,active,0.0
446,role_labeled,active,active,an aunt punches an author .,a mayor punches a minister .,a minister is punched by a mayor .,a,mayor,a,minister,punch,punches,punched,"[""PATIENT=minister"", ""AGENT=mayor"", ""VERB=punch""]","Prime sentence: an aunt punches an author .
Event roles: PATIENT=minister; AGENT=mayor; VERB=punch
Sentence: the",Sentence: the,first_noun,-3.0826056003570557,-4.577471733093262,-1.494866132736206,active,0.0
446,role_labeled,passive,passive,an author is punched by an aunt .,a mayor punches a minister .,a minister is punched by a mayor .,a,mayor,a,minister,punch,punches,punched,"[""PATIENT=minister"", ""AGENT=mayor"", ""VERB=punch""]","Prime sentence: an author is punched by an aunt .
Event roles: PATIENT=minister; AGENT=mayor; VERB=punch
Sentence: the",Sentence: the,first_noun,-3.0990817546844482,-4.441967964172363,-1.342886209487915,active,0.0
446,role_labeled,no_prime_eos,no_prime_eos,,a mayor punches a minister .,a minister is punched by a mayor .,a,mayor,a,minister,punch,punches,punched,"[""PATIENT=minister"", ""AGENT=mayor"", ""VERB=punch""]","Event roles: PATIENT=minister; AGENT=mayor; VERB=punch
Sentence: the",Sentence: the,first_noun,-3.2575392723083496,-4.781957626342773,-1.5244183540344238,active,0.0
446,role_labeled,filler,filler,The teacher listened during assembly .,a mayor punches a minister .,a minister is punched by a mayor .,a,mayor,a,minister,punch,punches,punched,"[""PATIENT=minister"", ""AGENT=mayor"", ""VERB=punch""]","Prime sentence: The teacher listened during assembly .
Event roles: PATIENT=minister; AGENT=mayor; VERB=punch
Sentence: the",Sentence: the,first_noun,-3.0941786766052246,-4.0765767097473145,-0.9823980331420898,active,0.0
447,role_labeled,active,active,a writer hurries an actor .,a lady hurries a lawyer .,a lawyer is hurried by a lady .,a,lady,a,lawyer,hurry,hurries,hurried,"[""PATIENT=lawyer"", ""AGENT=lady"", ""VERB=hurry""]","Prime sentence: a writer hurries an actor .
Event roles: PATIENT=lawyer; AGENT=lady; VERB=hurry
Sentence: the",Sentence: the,first_noun,-5.356675148010254,-3.971576452255249,1.3850986957550049,passive,1.0
447,role_labeled,passive,passive,an actor is hurried by a writer .,a lady hurries a lawyer .,a lawyer is hurried by a lady .,a,lady,a,lawyer,hurry,hurries,hurried,"[""PATIENT=lawyer"", ""AGENT=lady"", ""VERB=hurry""]","Prime sentence: an actor is hurried by a writer .
Event roles: PATIENT=lawyer; AGENT=lady; VERB=hurry
Sentence: the",Sentence: the,first_noun,-5.893791198730469,-4.610569953918457,1.2832212448120117,passive,1.0
447,role_labeled,no_prime_eos,no_prime_eos,,a lady hurries a lawyer .,a lawyer is hurried by a lady .,a,lady,a,lawyer,hurry,hurries,hurried,"[""PATIENT=lawyer"", ""AGENT=lady"", ""VERB=hurry""]","Event roles: PATIENT=lawyer; AGENT=lady; VERB=hurry
Sentence: the",Sentence: the,first_noun,-5.376168251037598,-4.654720306396484,0.7214479446411133,passive,1.0
447,role_labeled,filler,filler,The jacket hung behind the chair .,a lady hurries a lawyer .,a lawyer is hurried by a lady .,a,lady,a,lawyer,hurry,hurries,hurried,"[""PATIENT=lawyer"", ""AGENT=lady"", ""VERB=hurry""]","Prime sentence: The jacket hung behind the chair .
Event roles: PATIENT=lawyer; AGENT=lady; VERB=hurry
Sentence: the",Sentence: the,first_noun,-4.789408206939697,-4.411797046661377,0.3776111602783203,passive,1.0
448,role_labeled,active,active,an employee comforts an employer .,a secretary comforts a sheriff .,a sheriff is comforted by a secretary .,a,secretary,a,sheriff,comfort,comforts,comforted,"[""PATIENT=sheriff"", ""AGENT=secretary"", ""VERB=comfort""]","Prime sentence: an employee comforts an employer .
Event roles: PATIENT=sheriff; AGENT=secretary; VERB=comfort
Sentence: the",Sentence: the,first_noun,-5.225048065185547,-3.7097232341766357,1.5153248310089111,passive,1.0
448,role_labeled,passive,passive,an employer is comforted by an employee .,a secretary comforts a sheriff .,a sheriff is comforted by a secretary .,a,secretary,a,sheriff,comfort,comforts,comforted,"[""PATIENT=sheriff"", ""AGENT=secretary"", ""VERB=comfort""]","Prime sentence: an employer is comforted by an employee .
Event roles: PATIENT=sheriff; AGENT=secretary; VERB=comfort
Sentence: the",Sentence: the,first_noun,-5.973004341125488,-4.222244739532471,1.7507596015930176,passive,1.0
448,role_labeled,no_prime_eos,no_prime_eos,,a secretary comforts a sheriff .,a sheriff is comforted by a secretary .,a,secretary,a,sheriff,comfort,comforts,comforted,"[""PATIENT=sheriff"", ""AGENT=secretary"", ""VERB=comfort""]","Event roles: PATIENT=sheriff; AGENT=secretary; VERB=comfort
Sentence: the",Sentence: the,first_noun,-5.252094745635986,-6.449559688568115,-1.197464942932129,active,0.0
448,role_labeled,filler,filler,The signal flickered across the screen .,a secretary comforts a sheriff .,a sheriff is comforted by a secretary .,a,secretary,a,sheriff,comfort,comforts,comforted,"[""PATIENT=sheriff"", ""AGENT=secretary"", ""VERB=comfort""]","Prime sentence: The signal flickered across the screen .
Event roles: PATIENT=sheriff; AGENT=secretary; VERB=comfort
Sentence: the",Sentence: the,first_noun,-5.454111099243164,-4.6957621574401855,0.7583489418029785,passive,1.0
449,role_labeled,active,active,a soldier grabs a son .,a father grabs a friend .,a friend is grabbed by a father .,a,father,a,friend,grab,grabs,grabbed,"[""VERB=grab"", ""PATIENT=friend"", ""AGENT=father""]","Prime sentence: a soldier grabs a son .
Event roles: VERB=grab; PATIENT=friend; AGENT=father
Sentence: the",Sentence: the,first_noun,-2.484931468963623,-5.5930280685424805,-3.1080965995788574,active,0.0
449,role_labeled,passive,passive,a son is grabbed by a soldier .,a father grabs a friend .,a friend is grabbed by a father .,a,father,a,friend,grab,grabs,grabbed,"[""VERB=grab"", ""PATIENT=friend"", ""AGENT=father""]","Prime sentence: a son is grabbed by a soldier .
Event roles: VERB=grab; PATIENT=friend; AGENT=father
Sentence: the",Sentence: the,first_noun,-2.9573094844818115,-5.75830602645874,-2.8009965419769287,active,0.0
449,role_labeled,no_prime_eos,no_prime_eos,,a father grabs a friend .,a friend is grabbed by a father .,a,father,a,friend,grab,grabs,grabbed,"[""VERB=grab"", ""PATIENT=friend"", ""AGENT=father""]","Event roles: VERB=grab; PATIENT=friend; AGENT=father
Sentence: the",Sentence: the,first_noun,-4.398033618927002,-6.211099624633789,-1.813066005706787,active,0.0
449,role_labeled,filler,filler,The violin echoed in the theater .,a father grabs a friend .,a friend is grabbed by a father .,a,father,a,friend,grab,grabs,grabbed,"[""VERB=grab"", ""PATIENT=friend"", ""AGENT=father""]","Prime sentence: The violin echoed in the theater .
Event roles: VERB=grab; PATIENT=friend; AGENT=father
Sentence: the",Sentence: the,first_noun,-5.421668529510498,-7.500367164611816,-2.0786986351013184,active,0.0
450,role_labeled,active,active,a nurse washes an opponent .,a bishop washes a boy .,a boy is washed by a bishop .,a,bishop,a,boy,wash,washes,washed,"[""PATIENT=boy"", ""VERB=wash"", ""AGENT=bishop""]","Prime sentence: a nurse washes an opponent .
Event roles: PATIENT=boy; VERB=wash; AGENT=bishop
Sentence: the",Sentence: the,first_noun,-2.572636604309082,-3.3136284351348877,-0.7409918308258057,active,0.0
450,role_labeled,passive,passive,an opponent is washed by a nurse .,a bishop washes a boy .,a boy is washed by a bishop .,a,bishop,a,boy,wash,washes,washed,"[""PATIENT=boy"", ""VERB=wash"", ""AGENT=bishop""]","Prime sentence: an opponent is washed by a nurse .
Event roles: PATIENT=boy; VERB=wash; AGENT=bishop
Sentence: the",Sentence: the,first_noun,-2.906162977218628,-3.6247358322143555,-0.7185728549957275,active,0.0
450,role_labeled,no_prime_eos,no_prime_eos,,a bishop washes a boy .,a boy is washed by a bishop .,a,bishop,a,boy,wash,washes,washed,"[""PATIENT=boy"", ""VERB=wash"", ""AGENT=bishop""]","Event roles: PATIENT=boy; VERB=wash; AGENT=bishop
Sentence: the",Sentence: the,first_noun,-3.9420340061187744,-3.0526552200317383,0.8893787860870361,passive,1.0
450,role_labeled,filler,filler,The painter waited near the doorway .,a bishop washes a boy .,a boy is washed by a bishop .,a,bishop,a,boy,wash,washes,washed,"[""PATIENT=boy"", ""VERB=wash"", ""AGENT=bishop""]","Prime sentence: The painter waited near the doorway .
Event roles: PATIENT=boy; VERB=wash; AGENT=bishop
Sentence: the",Sentence: the,first_noun,-4.146083831787109,-2.3344178199768066,1.8116660118103027,passive,1.0
451,role_labeled,active,active,an adult grabs an attorney .,a man grabs a manager .,a manager is grabbed by a man .,a,man,a,manager,grab,grabs,grabbed,"[""PATIENT=manager"", ""VERB=grab"", ""AGENT=man""]","Prime sentence: an adult grabs an attorney .
Event roles: PATIENT=manager; VERB=grab; AGENT=man
Sentence: the",Sentence: the,first_noun,-3.853097438812256,-3.003195285797119,0.8499021530151367,passive,1.0
451,role_labeled,passive,passive,an attorney is grabbed by an adult .,a man grabs a manager .,a manager is grabbed by a man .,a,man,a,manager,grab,grabs,grabbed,"[""PATIENT=manager"", ""VERB=grab"", ""AGENT=man""]","Prime sentence: an attorney is grabbed by an adult .
Event roles: PATIENT=manager; VERB=grab; AGENT=man
Sentence: the",Sentence: the,first_noun,-3.9252445697784424,-3.2139837741851807,0.7112607955932617,passive,1.0
451,role_labeled,no_prime_eos,no_prime_eos,,a man grabs a manager .,a manager is grabbed by a man .,a,man,a,manager,grab,grabs,grabbed,"[""PATIENT=manager"", ""VERB=grab"", ""AGENT=man""]","Event roles: PATIENT=manager; VERB=grab; AGENT=man
Sentence: the",Sentence: the,first_noun,-4.3621931076049805,-4.17401123046875,0.18818187713623047,passive,1.0
451,role_labeled,filler,filler,The engine cooled before dawn .,a man grabs a manager .,a manager is grabbed by a man .,a,man,a,manager,grab,grabs,grabbed,"[""PATIENT=manager"", ""VERB=grab"", ""AGENT=man""]","Prime sentence: The engine cooled before dawn .
Event roles: PATIENT=manager; VERB=grab; AGENT=man
Sentence: the",Sentence: the,first_noun,-4.831936836242676,-6.342680931091309,-1.5107440948486328,active,0.0
452,role_labeled,active,active,an attorney understands an aunt .,a manager understands a mayor .,a mayor is understood by a manager .,a,manager,a,mayor,understand,understands,understood,"[""VERB=understand"", ""PATIENT=mayor"", ""AGENT=manager""]","Prime sentence: an attorney understands an aunt .
Event roles: VERB=understand; PATIENT=mayor; AGENT=manager
Sentence: the",Sentence: the,first_noun,-6.07319974899292,-2.844336986541748,3.228862762451172,passive,1.0
452,role_labeled,passive,passive,an aunt is understood by an attorney .,a manager understands a mayor .,a mayor is understood by a manager .,a,manager,a,mayor,understand,understands,understood,"[""VERB=understand"", ""PATIENT=mayor"", ""AGENT=manager""]","Prime sentence: an aunt is understood by an attorney .
Event roles: VERB=understand; PATIENT=mayor; AGENT=manager
Sentence: the",Sentence: the,first_noun,-5.730504989624023,-2.5208094120025635,3.20969557762146,passive,1.0
452,role_labeled,no_prime_eos,no_prime_eos,,a manager understands a mayor .,a mayor is understood by a manager .,a,manager,a,mayor,understand,understands,understood,"[""VERB=understand"", ""PATIENT=mayor"", ""AGENT=manager""]","Event roles: VERB=understand; PATIENT=mayor; AGENT=manager
Sentence: the",Sentence: the,first_noun,-5.675889015197754,-2.7360589504241943,2.9398300647735596,passive,1.0
452,role_labeled,filler,filler,The notebook stayed on the shelf .,a manager understands a mayor .,a mayor is understood by a manager .,a,manager,a,mayor,understand,understands,understood,"[""VERB=understand"", ""PATIENT=mayor"", ""AGENT=manager""]","Prime sentence: The notebook stayed on the shelf .
Event roles: VERB=understand; PATIENT=mayor; AGENT=manager
Sentence: the",Sentence: the,first_noun,-5.02901554107666,-3.8748857975006104,1.1541297435760498,passive,1.0
453,role_labeled,active,active,a champion discovers a chief .,a pilot discovers a president .,a president is discovered by a pilot .,a,pilot,a,president,discover,discovers,discovered,"[""VERB=discover"", ""PATIENT=president"", ""AGENT=pilot""]","Prime sentence: a champion discovers a chief .
Event roles: VERB=discover; PATIENT=president; AGENT=pilot
Sentence: the",Sentence: the,first_noun,-4.463449001312256,-3.382808208465576,1.0806407928466797,passive,1.0
453,role_labeled,passive,passive,a chief is discovered by a champion .,a pilot discovers a president .,a president is discovered by a pilot .,a,pilot,a,president,discover,discovers,discovered,"[""VERB=discover"", ""PATIENT=president"", ""AGENT=pilot""]","Prime sentence: a chief is discovered by a champion .
Event roles: VERB=discover; PATIENT=president; AGENT=pilot
Sentence: the",Sentence: the,first_noun,-4.227640628814697,-3.3943724632263184,0.8332681655883789,passive,1.0
453,role_labeled,no_prime_eos,no_prime_eos,,a pilot discovers a president .,a president is discovered by a pilot .,a,pilot,a,president,discover,discovers,discovered,"[""VERB=discover"", ""PATIENT=president"", ""AGENT=pilot""]","Event roles: VERB=discover; PATIENT=president; AGENT=pilot
Sentence: the",Sentence: the,first_noun,-3.166419267654419,-3.7099392414093018,-0.5435199737548828,active,0.0
453,role_labeled,filler,filler,The blanket dried on the line .,a pilot discovers a president .,a president is discovered by a pilot .,a,pilot,a,president,discover,discovers,discovered,"[""VERB=discover"", ""PATIENT=president"", ""AGENT=pilot""]","Prime sentence: The blanket dried on the line .
Event roles: VERB=discover; PATIENT=president; AGENT=pilot
Sentence: the",Sentence: the,first_noun,-4.7410688400268555,-5.346983432769775,-0.6059145927429199,active,0.0
454,role_labeled,active,active,an author joins a bishop .,a minister joins a mother .,a mother is joined by a minister .,a,minister,a,mother,join,joins,joined,"[""PATIENT=mother"", ""AGENT=minister"", ""VERB=join""]","Prime sentence: an author joins a bishop .
Event roles: PATIENT=mother; AGENT=minister; VERB=join
Sentence: the",Sentence: the,first_noun,-4.575850963592529,-4.0799241065979,0.4959268569946289,passive,1.0
454,role_labeled,passive,passive,a bishop is joined by an author .,a minister joins a mother .,a mother is joined by a minister .,a,minister,a,mother,join,joins,joined,"[""PATIENT=mother"", ""AGENT=minister"", ""VERB=join""]","Prime sentence: a bishop is joined by an author .
Event roles: PATIENT=mother; AGENT=minister; VERB=join
Sentence: the",Sentence: the,first_noun,-4.658161640167236,-4.339632987976074,0.3185286521911621,passive,1.0
454,role_labeled,no_prime_eos,no_prime_eos,,a minister joins a mother .,a mother is joined by a minister .,a,minister,a,mother,join,joins,joined,"[""PATIENT=mother"", ""AGENT=minister"", ""VERB=join""]","Event roles: PATIENT=mother; AGENT=minister; VERB=join
Sentence: the",Sentence: the,first_noun,-4.434818267822266,-3.9365580081939697,0.4982602596282959,passive,1.0
454,role_labeled,filler,filler,The lantern glowed near sunset .,a minister joins a mother .,a mother is joined by a minister .,a,minister,a,mother,join,joins,joined,"[""PATIENT=mother"", ""AGENT=minister"", ""VERB=join""]","Prime sentence: The lantern glowed near sunset .
Event roles: PATIENT=mother; AGENT=minister; VERB=join
Sentence: the",Sentence: the,first_noun,-6.455836296081543,-5.293863296508789,1.161972999572754,passive,1.0
455,role_labeled,active,active,a captain embraces a champion .,a physician embraces a pilot .,a pilot is embraced by a physician .,a,physician,a,pilot,embrac,embraces,embraced,"[""AGENT=physician"", ""PATIENT=pilot"", ""VERB=embrac""]","Prime sentence: a captain embraces a champion .
Event roles: AGENT=physician; PATIENT=pilot; VERB=embrac
Sentence: the",Sentence: the,first_noun,-6.208975315093994,-4.157229900360107,2.0517454147338867,passive,1.0
455,role_labeled,passive,passive,a champion is embraced by a captain .,a physician embraces a pilot .,a pilot is embraced by a physician .,a,physician,a,pilot,embrac,embraces,embraced,"[""AGENT=physician"", ""PATIENT=pilot"", ""VERB=embrac""]","Prime sentence: a champion is embraced by a captain .
Event roles: AGENT=physician; PATIENT=pilot; VERB=embrac
Sentence: the",Sentence: the,first_noun,-5.86041784286499,-4.030918121337891,1.8294997215270996,passive,1.0
455,role_labeled,no_prime_eos,no_prime_eos,,a physician embraces a pilot .,a pilot is embraced by a physician .,a,physician,a,pilot,embrac,embraces,embraced,"[""AGENT=physician"", ""PATIENT=pilot"", ""VERB=embrac""]","Event roles: AGENT=physician; PATIENT=pilot; VERB=embrac
Sentence: the",Sentence: the,first_noun,-4.288724899291992,-2.626398801803589,1.6623260974884033,passive,1.0
455,role_labeled,filler,filler,The singer smiled after rehearsal .,a physician embraces a pilot .,a pilot is embraced by a physician .,a,physician,a,pilot,embrac,embraces,embraced,"[""AGENT=physician"", ""PATIENT=pilot"", ""VERB=embrac""]","Prime sentence: The singer smiled after rehearsal .
Event roles: AGENT=physician; PATIENT=pilot; VERB=embrac
Sentence: the",Sentence: the,first_noun,-5.584666728973389,-2.922809362411499,2.6618573665618896,passive,1.0
456,role_labeled,active,active,a champion raises a chief .,a pilot raises a president .,a president is raised by a pilot .,a,pilot,a,president,rais,raises,raised,"[""VERB=rais"", ""PATIENT=president"", ""AGENT=pilot""]","Prime sentence: a champion raises a chief .
Event roles: VERB=rais; PATIENT=president; AGENT=pilot
Sentence: the",Sentence: the,first_noun,-5.114051818847656,-3.8858001232147217,1.2282516956329346,passive,1.0
456,role_labeled,passive,passive,a chief is raised by a champion .,a pilot raises a president .,a president is raised by a pilot .,a,pilot,a,president,rais,raises,raised,"[""VERB=rais"", ""PATIENT=president"", ""AGENT=pilot""]","Prime sentence: a chief is raised by a champion .
Event roles: VERB=rais; PATIENT=president; AGENT=pilot
Sentence: the",Sentence: the,first_noun,-5.1994171142578125,-4.084964752197266,1.1144523620605469,passive,1.0
456,role_labeled,no_prime_eos,no_prime_eos,,a pilot raises a president .,a president is raised by a pilot .,a,pilot,a,president,rais,raises,raised,"[""VERB=rais"", ""PATIENT=president"", ""AGENT=pilot""]","Event roles: VERB=rais; PATIENT=president; AGENT=pilot
Sentence: the",Sentence: the,first_noun,-3.13407039642334,-4.266019344329834,-1.1319489479064941,active,0.0
456,role_labeled,filler,filler,The jacket hung behind the chair .,a pilot raises a president .,a president is raised by a pilot .,a,pilot,a,president,rais,raises,raised,"[""VERB=rais"", ""PATIENT=president"", ""AGENT=pilot""]","Prime sentence: The jacket hung behind the chair .
Event roles: VERB=rais; PATIENT=president; AGENT=pilot
Sentence: the",Sentence: the,first_noun,-4.125010013580322,-4.251028060913086,-0.12601804733276367,active,0.0
457,role_labeled,active,active,a cop drags a cousin .,a princess drags a professor .,a professor is dragged by a princess .,a,princess,a,professor,drag,drags,dragged,"[""AGENT=princess"", ""PATIENT=professor"", ""VERB=drag""]","Prime sentence: a cop drags a cousin .
Event roles: AGENT=princess; PATIENT=professor; VERB=drag
Sentence: the",Sentence: the,first_noun,-4.940176963806152,-3.9337542057037354,1.006422758102417,passive,1.0
457,role_labeled,passive,passive,a cousin is dragged by a cop .,a princess drags a professor .,a professor is dragged by a princess .,a,princess,a,professor,drag,drags,dragged,"[""AGENT=princess"", ""PATIENT=professor"", ""VERB=drag""]","Prime sentence: a cousin is dragged by a cop .
Event roles: AGENT=princess; PATIENT=professor; VERB=drag
Sentence: the",Sentence: the,first_noun,-5.057621955871582,-4.162994384765625,0.894627571105957,passive,1.0
457,role_labeled,no_prime_eos,no_prime_eos,,a princess drags a professor .,a professor is dragged by a princess .,a,princess,a,professor,drag,drags,dragged,"[""AGENT=princess"", ""PATIENT=professor"", ""VERB=drag""]","Event roles: AGENT=princess; PATIENT=professor; VERB=drag
Sentence: the",Sentence: the,first_noun,-4.709985256195068,-4.801900863647461,-0.09191560745239258,active,0.0
457,role_labeled,filler,filler,The signal flickered across the screen .,a princess drags a professor .,a professor is dragged by a princess .,a,princess,a,professor,drag,drags,dragged,"[""AGENT=princess"", ""PATIENT=professor"", ""VERB=drag""]","Prime sentence: The signal flickered across the screen .
Event roles: AGENT=princess; PATIENT=professor; VERB=drag
Sentence: the",Sentence: the,first_noun,-4.442118167877197,-5.072598457336426,-0.6304802894592285,active,0.0
458,role_labeled,active,active,a professor chases a reader .,a cop chases a cousin .,a cousin is chased by a cop .,a,cop,a,cousin,chas,chases,chased,"[""PATIENT=cousin"", ""AGENT=cop"", ""VERB=chas""]","Prime sentence: a professor chases a reader .
Event roles: PATIENT=cousin; AGENT=cop; VERB=chas
Sentence: the",Sentence: the,first_noun,-4.707828521728516,-8.306416511535645,-3.598587989807129,active,0.0
458,role_labeled,passive,passive,a reader is chased by a professor .,a cop chases a cousin .,a cousin is chased by a cop .,a,cop,a,cousin,chas,chases,chased,"[""PATIENT=cousin"", ""AGENT=cop"", ""VERB=chas""]","Prime sentence: a reader is chased by a professor .
Event roles: PATIENT=cousin; AGENT=cop; VERB=chas
Sentence: the",Sentence: the,first_noun,-4.944810390472412,-8.624297142028809,-3.6794867515563965,active,0.0
458,role_labeled,no_prime_eos,no_prime_eos,,a cop chases a cousin .,a cousin is chased by a cop .,a,cop,a,cousin,chas,chases,chased,"[""PATIENT=cousin"", ""AGENT=cop"", ""VERB=chas""]","Event roles: PATIENT=cousin; AGENT=cop; VERB=chas
Sentence: the",Sentence: the,first_noun,-4.640440940856934,-8.144150733947754,-3.5037097930908203,active,0.0
458,role_labeled,filler,filler,The traveler rested beside the river .,a cop chases a cousin .,a cousin is chased by a cop .,a,cop,a,cousin,chas,chases,chased,"[""PATIENT=cousin"", ""AGENT=cop"", ""VERB=chas""]","Prime sentence: The traveler rested beside the river .
Event roles: PATIENT=cousin; AGENT=cop; VERB=chas
Sentence: the",Sentence: the,first_noun,-6.2626447677612305,-7.780350685119629,-1.5177059173583984,active,0.0
459,role_labeled,active,active,a parent destroys a partner .,a brother destroys a buddy .,a buddy is destroyed by a brother .,a,brother,a,buddy,destroy,destroys,destroyed,"[""VERB=destroy"", ""AGENT=brother"", ""PATIENT=buddy""]","Prime sentence: a parent destroys a partner .
Event roles: VERB=destroy; AGENT=brother; PATIENT=buddy
Sentence: the",Sentence: the,first_noun,-4.624667167663574,-8.83692741394043,-4.2122602462768555,active,0.0
459,role_labeled,passive,passive,a partner is destroyed by a parent .,a brother destroys a buddy .,a buddy is destroyed by a brother .,a,brother,a,buddy,destroy,destroys,destroyed,"[""VERB=destroy"", ""AGENT=brother"", ""PATIENT=buddy""]","Prime sentence: a partner is destroyed by a parent .
Event roles: VERB=destroy; AGENT=brother; PATIENT=buddy
Sentence: the",Sentence: the,first_noun,-4.699398040771484,-8.452415466308594,-3.7530174255371094,active,0.0
459,role_labeled,no_prime_eos,no_prime_eos,,a brother destroys a buddy .,a buddy is destroyed by a brother .,a,brother,a,buddy,destroy,destroys,destroyed,"[""VERB=destroy"", ""AGENT=brother"", ""PATIENT=buddy""]","Event roles: VERB=destroy; AGENT=brother; PATIENT=buddy
Sentence: the",Sentence: the,first_noun,-4.850480079650879,-8.631061553955078,-3.780581474304199,active,0.0
459,role_labeled,filler,filler,The planet shimmered above the valley .,a brother destroys a buddy .,a buddy is destroyed by a brother .,a,brother,a,buddy,destroy,destroys,destroyed,"[""VERB=destroy"", ""AGENT=brother"", ""PATIENT=buddy""]","Prime sentence: The planet shimmered above the valley .
Event roles: VERB=destroy; AGENT=brother; PATIENT=buddy
Sentence: the",Sentence: the,first_noun,-7.743403911590576,-11.811063766479492,-4.067659854888916,active,0.0
460,role_labeled,active,active,a soldier teaches a son .,a father teaches a friend .,a friend is taught by a father .,a,father,a,friend,teach,teaches,taught,"[""PATIENT=friend"", ""VERB=teach"", ""AGENT=father""]","Prime sentence: a soldier teaches a son .
Event roles: PATIENT=friend; VERB=teach; AGENT=father
Sentence: the",Sentence: the,first_noun,-2.9662909507751465,-5.258708953857422,-2.2924180030822754,active,0.0
460,role_labeled,passive,passive,a son is taught by a soldier .,a father teaches a friend .,a friend is taught by a father .,a,father,a,friend,teach,teaches,taught,"[""PATIENT=friend"", ""VERB=teach"", ""AGENT=father""]","Prime sentence: a son is taught by a soldier .
Event roles: PATIENT=friend; VERB=teach; AGENT=father
Sentence: the",Sentence: the,first_noun,-3.1329619884490967,-5.608684539794922,-2.475722551345825,active,0.0
460,role_labeled,no_prime_eos,no_prime_eos,,a father teaches a friend .,a friend is taught by a father .,a,father,a,friend,teach,teaches,taught,"[""PATIENT=friend"", ""VERB=teach"", ""AGENT=father""]","Event roles: PATIENT=friend; VERB=teach; AGENT=father
Sentence: the",Sentence: the,first_noun,-3.8607935905456543,-5.448859691619873,-1.5880661010742188,active,0.0
460,role_labeled,filler,filler,The radio crackled in the attic .,a father teaches a friend .,a friend is taught by a father .,a,father,a,friend,teach,teaches,taught,"[""PATIENT=friend"", ""VERB=teach"", ""AGENT=father""]","Prime sentence: The radio crackled in the attic .
Event roles: PATIENT=friend; VERB=teach; AGENT=father
Sentence: the",Sentence: the,first_noun,-5.440083980560303,-7.416791915893555,-1.976707935333252,active,0.0
461,role_labeled,active,active,a colonel surprises a cop .,a prince surprises a princess .,a princess is surprised by a prince .,a,prince,a,princess,surpris,surprises,surprised,"[""VERB=surpris"", ""PATIENT=princess"", ""AGENT=prince""]","Prime sentence: a colonel surprises a cop .
Event roles: VERB=surpris; PATIENT=princess; AGENT=prince
Sentence: the",Sentence: the,first_noun,-4.372138023376465,-4.705805778503418,-0.3336677551269531,active,0.0
461,role_labeled,passive,passive,a cop is surprised by a colonel .,a prince surprises a princess .,a princess is surprised by a prince .,a,prince,a,princess,surpris,surprises,surprised,"[""VERB=surpris"", ""PATIENT=princess"", ""AGENT=prince""]","Prime sentence: a cop is surprised by a colonel .
Event roles: VERB=surpris; PATIENT=princess; AGENT=prince
Sentence: the",Sentence: the,first_noun,-4.587882995605469,-4.9980974197387695,-0.4102144241333008,active,0.0
461,role_labeled,no_prime_eos,no_prime_eos,,a prince surprises a princess .,a princess is surprised by a prince .,a,prince,a,princess,surpris,surprises,surprised,"[""VERB=surpris"", ""PATIENT=princess"", ""AGENT=prince""]","Event roles: VERB=surpris; PATIENT=princess; AGENT=prince
Sentence: the",Sentence: the,first_noun,-3.9088101387023926,-4.3051228523254395,-0.3963127136230469,active,0.0
461,role_labeled,filler,filler,The lantern glowed near sunset .,a prince surprises a princess .,a princess is surprised by a prince .,a,prince,a,princess,surpris,surprises,surprised,"[""VERB=surpris"", ""PATIENT=princess"", ""AGENT=prince""]","Prime sentence: The lantern glowed near sunset .
Event roles: VERB=surpris; PATIENT=princess; AGENT=prince
Sentence: the",Sentence: the,first_noun,-5.643782615661621,-5.066000938415527,0.5777816772460938,passive,1.0
462,role_labeled,active,active,an adult catches an attorney .,a man catches a manager .,a manager is caught by a man .,a,man,a,manager,catch,catches,caught,"[""AGENT=man"", ""VERB=catch"", ""PATIENT=manager""]","Prime sentence: an adult catches an attorney .
Event roles: AGENT=man; VERB=catch; PATIENT=manager
Sentence: the",Sentence: the,first_noun,-3.5826563835144043,-4.130224227905273,-0.5475678443908691,active,0.0
462,role_labeled,passive,passive,an attorney is caught by an adult .,a man catches a manager .,a manager is caught by a man .,a,man,a,manager,catch,catches,caught,"[""AGENT=man"", ""VERB=catch"", ""PATIENT=manager""]","Prime sentence: an attorney is caught by an adult .
Event roles: AGENT=man; VERB=catch; PATIENT=manager
Sentence: the",Sentence: the,first_noun,-3.964148759841919,-4.147396564483643,-0.18324780464172363,active,0.0
462,role_labeled,no_prime_eos,no_prime_eos,,a man catches a manager .,a manager is caught by a man .,a,man,a,manager,catch,catches,caught,"[""AGENT=man"", ""VERB=catch"", ""PATIENT=manager""]","Event roles: AGENT=man; VERB=catch; PATIENT=manager
Sentence: the",Sentence: the,first_noun,-3.2030186653137207,-4.025627613067627,-0.8226089477539062,active,0.0
462,role_labeled,filler,filler,The pillow rested on the sofa .,a man catches a manager .,a manager is caught by a man .,a,man,a,manager,catch,catches,caught,"[""AGENT=man"", ""VERB=catch"", ""PATIENT=manager""]","Prime sentence: The pillow rested on the sofa .
Event roles: AGENT=man; VERB=catch; PATIENT=manager
Sentence: the",Sentence: the,first_noun,-4.343796730041504,-5.273443222045898,-0.9296464920043945,active,0.0
463,role_labeled,active,active,a father grabs a friend .,a singer grabs a soldier .,a soldier is grabbed by a singer .,a,singer,a,soldier,grab,grabs,grabbed,"[""VERB=grab"", ""PATIENT=soldier"", ""AGENT=singer""]","Prime sentence: a father grabs a friend .
Event roles: VERB=grab; PATIENT=soldier; AGENT=singer
Sentence: the",Sentence: the,first_noun,-5.595757484436035,-2.9104764461517334,2.6852810382843018,passive,1.0
463,role_labeled,passive,passive,a friend is grabbed by a father .,a singer grabs a soldier .,a soldier is grabbed by a singer .,a,singer,a,soldier,grab,grabs,grabbed,"[""VERB=grab"", ""PATIENT=soldier"", ""AGENT=singer""]","Prime sentence: a friend is grabbed by a father .
Event roles: VERB=grab; PATIENT=soldier; AGENT=singer
Sentence: the",Sentence: the,first_noun,-5.5611982345581055,-3.18255352973938,2.3786447048187256,passive,1.0
463,role_labeled,no_prime_eos,no_prime_eos,,a singer grabs a soldier .,a soldier is grabbed by a singer .,a,singer,a,soldier,grab,grabs,grabbed,"[""VERB=grab"", ""PATIENT=soldier"", ""AGENT=singer""]","Event roles: VERB=grab; PATIENT=soldier; AGENT=singer
Sentence: the",Sentence: the,first_noun,-5.477508544921875,-4.1336469650268555,1.3438615798950195,passive,1.0
463,role_labeled,filler,filler,The painter waited near the doorway .,a singer grabs a soldier .,a soldier is grabbed by a singer .,a,singer,a,soldier,grab,grabs,grabbed,"[""VERB=grab"", ""PATIENT=soldier"", ""AGENT=singer""]","Prime sentence: The painter waited near the doorway .
Event roles: VERB=grab; PATIENT=soldier; AGENT=singer
Sentence: the",Sentence: the,first_noun,-4.7321457862854,-2.874026298522949,1.8581194877624512,passive,1.0
464,role_labeled,active,active,a sheriff kisses a singer .,an employee kisses an employer .,an employer is kissed by an employee .,an,employee,an,employer,kiss,kisses,kissed,"[""PATIENT=employer"", ""AGENT=employee"", ""VERB=kiss""]","Prime sentence: a sheriff kisses a singer .
Event roles: PATIENT=employer; AGENT=employee; VERB=kiss
Sentence: the",Sentence: the,first_noun,-5.4490461349487305,-5.680642127990723,-0.2315959930419922,active,0.0
464,role_labeled,passive,passive,a singer is kissed by a sheriff .,an employee kisses an employer .,an employer is kissed by an employee .,an,employee,an,employer,kiss,kisses,kissed,"[""PATIENT=employer"", ""AGENT=employee"", ""VERB=kiss""]","Prime sentence: a singer is kissed by a sheriff .
Event roles: PATIENT=employer; AGENT=employee; VERB=kiss
Sentence: the",Sentence: the,first_noun,-5.193183898925781,-5.320898056030273,-0.1277141571044922,active,0.0
464,role_labeled,no_prime_eos,no_prime_eos,,an employee kisses an employer .,an employer is kissed by an employee .,an,employee,an,employer,kiss,kisses,kissed,"[""PATIENT=employer"", ""AGENT=employee"", ""VERB=kiss""]","Event roles: PATIENT=employer; AGENT=employee; VERB=kiss
Sentence: the",Sentence: the,first_noun,-3.991569995880127,-5.405682563781738,-1.4141125679016113,active,0.0
464,role_labeled,filler,filler,The teacher listened during assembly .,an employee kisses an employer .,an employer is kissed by an employee .,an,employee,an,employer,kiss,kisses,kissed,"[""PATIENT=employer"", ""AGENT=employee"", ""VERB=kiss""]","Prime sentence: The teacher listened during assembly .
Event roles: PATIENT=employer; AGENT=employee; VERB=kiss
Sentence: the",Sentence: the,first_noun,-3.850745916366577,-4.99638557434082,-1.1456396579742432,active,0.0
465,role_labeled,active,active,a guy helps a hero .,a teacher helps an uncle .,an uncle is helped by a teacher .,a,teacher,an,uncle,help,helps,helped,"[""AGENT=teacher"", ""VERB=help"", ""PATIENT=uncle""]","Prime sentence: a guy helps a hero .
Event roles: AGENT=teacher; VERB=help; PATIENT=uncle
Sentence: the",Sentence: the,first_noun,-4.210772514343262,-6.8508710861206055,-2.6400985717773438,active,0.0
465,role_labeled,passive,passive,a hero is helped by a guy .,a teacher helps an uncle .,an uncle is helped by a teacher .,a,teacher,an,uncle,help,helps,helped,"[""AGENT=teacher"", ""VERB=help"", ""PATIENT=uncle""]","Prime sentence: a hero is helped by a guy .
Event roles: AGENT=teacher; VERB=help; PATIENT=uncle
Sentence: the",Sentence: the,first_noun,-4.079913139343262,-6.898104667663574,-2.8181915283203125,active,0.0
465,role_labeled,no_prime_eos,no_prime_eos,,a teacher helps an uncle .,an uncle is helped by a teacher .,a,teacher,an,uncle,help,helps,helped,"[""AGENT=teacher"", ""VERB=help"", ""PATIENT=uncle""]","Event roles: AGENT=teacher; VERB=help; PATIENT=uncle
Sentence: the",Sentence: the,first_noun,-2.686555862426758,-7.600188255310059,-4.913632392883301,active,0.0
465,role_labeled,filler,filler,The tourist wandered through the plaza .,a teacher helps an uncle .,an uncle is helped by a teacher .,a,teacher,an,uncle,help,helps,helped,"[""AGENT=teacher"", ""VERB=help"", ""PATIENT=uncle""]","Prime sentence: The tourist wandered through the plaza .
Event roles: AGENT=teacher; VERB=help; PATIENT=uncle
Sentence: the",Sentence: the,first_noun,-3.363826274871826,-6.611299991607666,-3.24747371673584,active,0.0
466,role_labeled,active,active,a nurse understands an opponent .,a bishop understands a boy .,a boy is understood by a bishop .,a,bishop,a,boy,understand,understands,understood,"[""PATIENT=boy"", ""AGENT=bishop"", ""VERB=understand""]","Prime sentence: a nurse understands an opponent .
Event roles: PATIENT=boy; AGENT=bishop; VERB=understand
Sentence: the",Sentence: the,first_noun,-3.872682571411133,-4.222675800323486,-0.3499932289123535,active,0.0
466,role_labeled,passive,passive,an opponent is understood by a nurse .,a bishop understands a boy .,a boy is understood by a bishop .,a,bishop,a,boy,understand,understands,understood,"[""PATIENT=boy"", ""AGENT=bishop"", ""VERB=understand""]","Prime sentence: an opponent is understood by a nurse .
Event roles: PATIENT=boy; AGENT=bishop; VERB=understand
Sentence: the",Sentence: the,first_noun,-3.980821132659912,-4.0824384689331055,-0.10161733627319336,active,0.0
466,role_labeled,no_prime_eos,no_prime_eos,,a bishop understands a boy .,a boy is understood by a bishop .,a,bishop,a,boy,understand,understands,understood,"[""PATIENT=boy"", ""AGENT=bishop"", ""VERB=understand""]","Event roles: PATIENT=boy; AGENT=bishop; VERB=understand
Sentence: the",Sentence: the,first_noun,-4.25312614440918,-3.5565006732940674,0.6966254711151123,passive,1.0
466,role_labeled,filler,filler,The baker laughed during breakfast .,a bishop understands a boy .,a boy is understood by a bishop .,a,bishop,a,boy,understand,understands,understood,"[""PATIENT=boy"", ""AGENT=bishop"", ""VERB=understand""]","Prime sentence: The baker laughed during breakfast .
Event roles: PATIENT=boy; AGENT=bishop; VERB=understand
Sentence: the",Sentence: the,first_noun,-3.166482448577881,-3.092367172241211,0.07411527633666992,passive,1.0
467,role_labeled,active,active,a cousin kisses a daughter .,a professor kisses a reader .,a reader is kissed by a professor .,a,professor,a,reader,kiss,kisses,kissed,"[""PATIENT=reader"", ""AGENT=professor"", ""VERB=kiss""]","Prime sentence: a cousin kisses a daughter .
Event roles: PATIENT=reader; AGENT=professor; VERB=kiss
Sentence: the",Sentence: the,first_noun,-4.033132076263428,-6.014308452606201,-1.9811763763427734,active,0.0
467,role_labeled,passive,passive,a daughter is kissed by a cousin .,a professor kisses a reader .,a reader is kissed by a professor .,a,professor,a,reader,kiss,kisses,kissed,"[""PATIENT=reader"", ""AGENT=professor"", ""VERB=kiss""]","Prime sentence: a daughter is kissed by a cousin .
Event roles: PATIENT=reader; AGENT=professor; VERB=kiss
Sentence: the",Sentence: the,first_noun,-3.989274501800537,-5.673689842224121,-1.684415340423584,active,0.0
467,role_labeled,no_prime_eos,no_prime_eos,,a professor kisses a reader .,a reader is kissed by a professor .,a,professor,a,reader,kiss,kisses,kissed,"[""PATIENT=reader"", ""AGENT=professor"", ""VERB=kiss""]","Event roles: PATIENT=reader; AGENT=professor; VERB=kiss
Sentence: the",Sentence: the,first_noun,-4.11766242980957,-5.522871971130371,-1.4052095413208008,active,0.0
467,role_labeled,filler,filler,The teacher listened during assembly .,a professor kisses a reader .,a reader is kissed by a professor .,a,professor,a,reader,kiss,kisses,kissed,"[""PATIENT=reader"", ""AGENT=professor"", ""VERB=kiss""]","Prime sentence: The teacher listened during assembly .
Event roles: PATIENT=reader; AGENT=professor; VERB=kiss
Sentence: the",Sentence: the,first_noun,-3.4441967010498047,-5.59899377822876,-2.154797077178955,active,0.0
468,role_labeled,active,active,a sheriff catches a singer .,an employee catches an employer .,an employer is caught by an employee .,an,employee,an,employer,catch,catches,caught,"[""PATIENT=employer"", ""VERB=catch"", ""AGENT=employee""]","Prime sentence: a sheriff catches a singer .
Event roles: PATIENT=employer; VERB=catch; AGENT=employee
Sentence: the",Sentence: the,first_noun,-4.464895248413086,-4.363722801208496,0.10117244720458984,passive,1.0
468,role_labeled,passive,passive,a singer is caught by a sheriff .,an employee catches an employer .,an employer is caught by an employee .,an,employee,an,employer,catch,catches,caught,"[""PATIENT=employer"", ""VERB=catch"", ""AGENT=employee""]","Prime sentence: a singer is caught by a sheriff .
Event roles: PATIENT=employer; VERB=catch; AGENT=employee
Sentence: the",Sentence: the,first_noun,-4.090977668762207,-3.83321475982666,0.2577629089355469,passive,1.0
468,role_labeled,no_prime_eos,no_prime_eos,,an employee catches an employer .,an employer is caught by an employee .,an,employee,an,employer,catch,catches,caught,"[""PATIENT=employer"", ""VERB=catch"", ""AGENT=employee""]","Event roles: PATIENT=employer; VERB=catch; AGENT=employee
Sentence: the",Sentence: the,first_noun,-3.4977200031280518,-4.189955711364746,-0.6922357082366943,active,0.0
468,role_labeled,filler,filler,The jacket hung behind the chair .,an employee catches an employer .,an employer is caught by an employee .,an,employee,an,employer,catch,catches,caught,"[""PATIENT=employer"", ""VERB=catch"", ""AGENT=employee""]","Prime sentence: The jacket hung behind the chair .
Event roles: PATIENT=employer; VERB=catch; AGENT=employee
Sentence: the",Sentence: the,first_noun,-5.394402027130127,-6.000344276428223,-0.6059422492980957,active,0.0
469,role_labeled,active,active,a writer carries an actor .,a lady carries a lawyer .,a lawyer is carried by a lady .,a,lady,a,lawyer,carry,carries,carried,"[""PATIENT=lawyer"", ""AGENT=lady"", ""VERB=carry""]","Prime sentence: a writer carries an actor .
Event roles: PATIENT=lawyer; AGENT=lady; VERB=carry
Sentence: the",Sentence: the,first_noun,-6.057700157165527,-4.7744245529174805,1.2832756042480469,passive,1.0
469,role_labeled,passive,passive,an actor is carried by a writer .,a lady carries a lawyer .,a lawyer is carried by a lady .,a,lady,a,lawyer,carry,carries,carried,"[""PATIENT=lawyer"", ""AGENT=lady"", ""VERB=carry""]","Prime sentence: an actor is carried by a writer .
Event roles: PATIENT=lawyer; AGENT=lady; VERB=carry
Sentence: the",Sentence: the,first_noun,-6.196868896484375,-4.808503150939941,1.3883657455444336,passive,1.0
469,role_labeled,no_prime_eos,no_prime_eos,,a lady carries a lawyer .,a lawyer is carried by a lady .,a,lady,a,lawyer,carry,carries,carried,"[""PATIENT=lawyer"", ""AGENT=lady"", ""VERB=carry""]","Event roles: PATIENT=lawyer; AGENT=lady; VERB=carry
Sentence: the",Sentence: the,first_noun,-5.571661949157715,-4.915245056152344,0.6564168930053711,passive,1.0
469,role_labeled,filler,filler,The captain waited beside the harbor .,a lady carries a lawyer .,a lawyer is carried by a lady .,a,lady,a,lawyer,carry,carries,carried,"[""PATIENT=lawyer"", ""AGENT=lady"", ""VERB=carry""]","Prime sentence: The captain waited beside the harbor .
Event roles: PATIENT=lawyer; AGENT=lady; VERB=carry
Sentence: the",Sentence: the,first_noun,-5.491365909576416,-5.643058776855469,-0.15169286727905273,active,0.0
470,role_labeled,active,active,a reader describes a scientist .,a cousin describes a daughter .,a daughter is described by a cousin .,a,cousin,a,daughter,describ,describes,described,"[""AGENT=cousin"", ""PATIENT=daughter"", ""VERB=describ""]","Prime sentence: a reader describes a scientist .
Event roles: AGENT=cousin; PATIENT=daughter; VERB=describ
Sentence: the",Sentence: the,first_noun,-7.718113422393799,-5.46407413482666,2.2540392875671387,passive,1.0
470,role_labeled,passive,passive,a scientist is described by a reader .,a cousin describes a daughter .,a daughter is described by a cousin .,a,cousin,a,daughter,describ,describes,described,"[""AGENT=cousin"", ""PATIENT=daughter"", ""VERB=describ""]","Prime sentence: a scientist is described by a reader .
Event roles: AGENT=cousin; PATIENT=daughter; VERB=describ
Sentence: the",Sentence: the,first_noun,-7.726966857910156,-5.099442005157471,2.6275248527526855,passive,1.0
470,role_labeled,no_prime_eos,no_prime_eos,,a cousin describes a daughter .,a daughter is described by a cousin .,a,cousin,a,daughter,describ,describes,described,"[""AGENT=cousin"", ""PATIENT=daughter"", ""VERB=describ""]","Event roles: AGENT=cousin; PATIENT=daughter; VERB=describ
Sentence: the",Sentence: the,first_noun,-7.454507827758789,-4.310235977172852,3.1442718505859375,passive,1.0
470,role_labeled,filler,filler,The engine cooled before dawn .,a cousin describes a daughter .,a daughter is described by a cousin .,a,cousin,a,daughter,describ,describes,described,"[""AGENT=cousin"", ""PATIENT=daughter"", ""VERB=describ""]","Prime sentence: The engine cooled before dawn .
Event roles: AGENT=cousin; PATIENT=daughter; VERB=describ
Sentence: the",Sentence: the,first_noun,-8.475460052490234,-6.0400590896606445,2.43540096282959,passive,1.0
471,role_labeled,active,active,a bishop follows a boy .,a mother follows a nurse .,a nurse is followed by a mother .,a,mother,a,nurse,follow,follows,followed,"[""VERB=follow"", ""PATIENT=nurse"", ""AGENT=mother""]","Prime sentence: a bishop follows a boy .
Event roles: VERB=follow; PATIENT=nurse; AGENT=mother
Sentence: the",Sentence: the,first_noun,-4.124971866607666,-4.895106792449951,-0.7701349258422852,active,0.0
471,role_labeled,passive,passive,a boy is followed by a bishop .,a mother follows a nurse .,a nurse is followed by a mother .,a,mother,a,nurse,follow,follows,followed,"[""VERB=follow"", ""PATIENT=nurse"", ""AGENT=mother""]","Prime sentence: a boy is followed by a bishop .
Event roles: VERB=follow; PATIENT=nurse; AGENT=mother
Sentence: the",Sentence: the,first_noun,-4.493234157562256,-5.00226354598999,-0.5090293884277344,active,0.0
471,role_labeled,no_prime_eos,no_prime_eos,,a mother follows a nurse .,a nurse is followed by a mother .,a,mother,a,nurse,follow,follows,followed,"[""VERB=follow"", ""PATIENT=nurse"", ""AGENT=mother""]","Event roles: VERB=follow; PATIENT=nurse; AGENT=mother
Sentence: the",Sentence: the,first_noun,-3.919318437576294,-4.232020854949951,-0.3127024173736572,active,0.0
471,role_labeled,filler,filler,The engine cooled before dawn .,a mother follows a nurse .,a nurse is followed by a mother .,a,mother,a,nurse,follow,follows,followed,"[""VERB=follow"", ""PATIENT=nurse"", ""AGENT=mother""]","Prime sentence: The engine cooled before dawn .
Event roles: VERB=follow; PATIENT=nurse; AGENT=mother
Sentence: the",Sentence: the,first_noun,-4.934488773345947,-5.671901702880859,-0.7374129295349121,active,0.0
472,role_labeled,active,active,a guest kisses a guy .,a student kisses a teacher .,a teacher is kissed by a student .,a,student,a,teacher,kiss,kisses,kissed,"[""VERB=kiss"", ""AGENT=student"", ""PATIENT=teacher""]","Prime sentence: a guest kisses a guy .
Event roles: VERB=kiss; AGENT=student; PATIENT=teacher
Sentence: the",Sentence: the,first_noun,-2.7504706382751465,-3.0987601280212402,-0.34828948974609375,active,0.0
472,role_labeled,passive,passive,a guy is kissed by a guest .,a student kisses a teacher .,a teacher is kissed by a student .,a,student,a,teacher,kiss,kisses,kissed,"[""VERB=kiss"", ""AGENT=student"", ""PATIENT=teacher""]","Prime sentence: a guy is kissed by a guest .
Event roles: VERB=kiss; AGENT=student; PATIENT=teacher
Sentence: the",Sentence: the,first_noun,-3.0240113735198975,-3.0761210918426514,-0.052109718322753906,active,0.0
472,role_labeled,no_prime_eos,no_prime_eos,,a student kisses a teacher .,a teacher is kissed by a student .,a,student,a,teacher,kiss,kisses,kissed,"[""VERB=kiss"", ""AGENT=student"", ""PATIENT=teacher""]","Event roles: VERB=kiss; AGENT=student; PATIENT=teacher
Sentence: the",Sentence: the,first_noun,-3.479900360107422,-3.683473587036133,-0.20357322692871094,active,0.0
472,role_labeled,filler,filler,The package arrived before noon .,a student kisses a teacher .,a teacher is kissed by a student .,a,student,a,teacher,kiss,kisses,kissed,"[""VERB=kiss"", ""AGENT=student"", ""PATIENT=teacher""]","Prime sentence: The package arrived before noon .
Event roles: VERB=kiss; AGENT=student; PATIENT=teacher
Sentence: the",Sentence: the,first_noun,-3.4774892330169678,-3.548583507537842,-0.07109427452087402,active,0.0
473,role_labeled,active,active,an opponent punches a parent .,a boy punches a brother .,a brother is punched by a boy .,a,boy,a,brother,punch,punches,punched,"[""AGENT=boy"", ""VERB=punch"", ""PATIENT=brother""]","Prime sentence: an opponent punches a parent .
Event roles: AGENT=boy; VERB=punch; PATIENT=brother
Sentence: the",Sentence: the,first_noun,-2.3321404457092285,-4.84670352935791,-2.5145630836486816,active,0.0
473,role_labeled,passive,passive,a parent is punched by an opponent .,a boy punches a brother .,a brother is punched by a boy .,a,boy,a,brother,punch,punches,punched,"[""AGENT=boy"", ""VERB=punch"", ""PATIENT=brother""]","Prime sentence: a parent is punched by an opponent .
Event roles: AGENT=boy; VERB=punch; PATIENT=brother
Sentence: the",Sentence: the,first_noun,-2.2379701137542725,-5.100674629211426,-2.8627045154571533,active,0.0
473,role_labeled,no_prime_eos,no_prime_eos,,a boy punches a brother .,a brother is punched by a boy .,a,boy,a,brother,punch,punches,punched,"[""AGENT=boy"", ""VERB=punch"", ""PATIENT=brother""]","Event roles: AGENT=boy; VERB=punch; PATIENT=brother
Sentence: the",Sentence: the,first_noun,-2.6335339546203613,-5.846092224121094,-3.2125582695007324,active,0.0
473,role_labeled,filler,filler,The witness paused near the doorway .,a boy punches a brother .,a brother is punched by a boy .,a,boy,a,brother,punch,punches,punched,"[""AGENT=boy"", ""VERB=punch"", ""PATIENT=brother""]","Prime sentence: The witness paused near the doorway .
Event roles: AGENT=boy; VERB=punch; PATIENT=brother
Sentence: the",Sentence: the,first_noun,-2.1954259872436523,-4.777262210845947,-2.581836223602295,active,0.0
474,role_labeled,active,active,a woman selects a worker .,a kid selects a king .,a king is selected by a kid .,a,kid,a,king,select,selects,selected,"[""VERB=select"", ""AGENT=kid"", ""PATIENT=king""]","Prime sentence: a woman selects a worker .
Event roles: VERB=select; AGENT=kid; PATIENT=king
Sentence: the",Sentence: the,first_noun,-6.019412994384766,-2.8505213260650635,3.168891668319702,passive,1.0
474,role_labeled,passive,passive,a worker is selected by a woman .,a kid selects a king .,a king is selected by a kid .,a,kid,a,king,select,selects,selected,"[""VERB=select"", ""AGENT=kid"", ""PATIENT=king""]","Prime sentence: a worker is selected by a woman .
Event roles: VERB=select; AGENT=kid; PATIENT=king
Sentence: the",Sentence: the,first_noun,-5.971004962921143,-2.3785905838012695,3.592414379119873,passive,1.0
474,role_labeled,no_prime_eos,no_prime_eos,,a kid selects a king .,a king is selected by a kid .,a,kid,a,king,select,selects,selected,"[""VERB=select"", ""AGENT=kid"", ""PATIENT=king""]","Event roles: VERB=select; AGENT=kid; PATIENT=king
Sentence: the",Sentence: the,first_noun,-6.575351715087891,-3.7487618923187256,2.826589822769165,passive,1.0
474,role_labeled,filler,filler,The baker laughed during breakfast .,a kid selects a king .,a king is selected by a kid .,a,kid,a,king,select,selects,selected,"[""VERB=select"", ""AGENT=kid"", ""PATIENT=king""]","Prime sentence: The baker laughed during breakfast .
Event roles: VERB=select; AGENT=kid; PATIENT=king
Sentence: the",Sentence: the,first_noun,-5.387714862823486,-2.6024274826049805,2.785287380218506,passive,1.0
475,role_labeled,active,active,a mayor selects a minister .,an attorney selects an aunt .,an aunt is selected by an attorney .,an,attorney,an,aunt,select,selects,selected,"[""VERB=select"", ""PATIENT=aunt"", ""AGENT=attorney""]","Prime sentence: a mayor selects a minister .
Event roles: VERB=select; PATIENT=aunt; AGENT=attorney
Sentence: the",Sentence: the,first_noun,-6.161060810089111,-7.224941730499268,-1.0638809204101562,active,0.0
475,role_labeled,passive,passive,a minister is selected by a mayor .,an attorney selects an aunt .,an aunt is selected by an attorney .,an,attorney,an,aunt,select,selects,selected,"[""VERB=select"", ""PATIENT=aunt"", ""AGENT=attorney""]","Prime sentence: a minister is selected by a mayor .
Event roles: VERB=select; PATIENT=aunt; AGENT=attorney
Sentence: the",Sentence: the,first_noun,-6.147430896759033,-7.815927505493164,-1.6684966087341309,active,0.0
475,role_labeled,no_prime_eos,no_prime_eos,,an attorney selects an aunt .,an aunt is selected by an attorney .,an,attorney,an,aunt,select,selects,selected,"[""VERB=select"", ""PATIENT=aunt"", ""AGENT=attorney""]","Event roles: VERB=select; PATIENT=aunt; AGENT=attorney
Sentence: the",Sentence: the,first_noun,-6.526446342468262,-10.138978958129883,-3.612532615661621,active,0.0
475,role_labeled,filler,filler,The jacket hung behind the chair .,an attorney selects an aunt .,an aunt is selected by an attorney .,an,attorney,an,aunt,select,selects,selected,"[""VERB=select"", ""PATIENT=aunt"", ""AGENT=attorney""]","Prime sentence: The jacket hung behind the chair .
Event roles: VERB=select; PATIENT=aunt; AGENT=attorney
Sentence: the",Sentence: the,first_noun,-6.19012451171875,-7.727878570556641,-1.5377540588378906,active,0.0
476,role_labeled,active,active,a priest drags a prince .,a chief drags a child .,a child is dragged by a chief .,a,chief,a,child,drag,drags,dragged,"[""AGENT=chief"", ""PATIENT=child"", ""VERB=drag""]","Prime sentence: a priest drags a prince .
Event roles: AGENT=chief; PATIENT=child; VERB=drag
Sentence: the",Sentence: the,first_noun,-4.402865409851074,-4.302554607391357,0.1003108024597168,passive,1.0
476,role_labeled,passive,passive,a prince is dragged by a priest .,a chief drags a child .,a child is dragged by a chief .,a,chief,a,child,drag,drags,dragged,"[""AGENT=chief"", ""PATIENT=child"", ""VERB=drag""]","Prime sentence: a prince is dragged by a priest .
Event roles: AGENT=chief; PATIENT=child; VERB=drag
Sentence: the",Sentence: the,first_noun,-4.6143059730529785,-3.9848480224609375,0.629457950592041,passive,1.0
476,role_labeled,no_prime_eos,no_prime_eos,,a chief drags a child .,a child is dragged by a chief .,a,chief,a,child,drag,drags,dragged,"[""AGENT=chief"", ""PATIENT=child"", ""VERB=drag""]","Event roles: AGENT=chief; PATIENT=child; VERB=drag
Sentence: the",Sentence: the,first_noun,-4.070321083068848,-3.3478403091430664,0.7224807739257812,passive,1.0
476,role_labeled,filler,filler,The notebook stayed on the shelf .,a chief drags a child .,a child is dragged by a chief .,a,chief,a,child,drag,drags,dragged,"[""AGENT=chief"", ""PATIENT=child"", ""VERB=drag""]","Prime sentence: The notebook stayed on the shelf .
Event roles: AGENT=chief; PATIENT=child; VERB=drag
Sentence: the",Sentence: the,first_noun,-6.608767509460449,-4.248710632324219,2.3600568771362305,passive,1.0
477,role_labeled,active,active,a guy hurts a hero .,a teacher hurts an uncle .,an uncle is hurt by a teacher .,a,teacher,an,uncle,hurt,hurts,hurt,"[""PATIENT=uncle"", ""AGENT=teacher"", ""VERB=hurt""]","Prime sentence: a guy hurts a hero .
Event roles: PATIENT=uncle; AGENT=teacher; VERB=hurt
Sentence: the",Sentence: the,first_noun,-3.878513813018799,-6.199620246887207,-2.321106433868408,active,0.0
477,role_labeled,passive,passive,a hero is hurt by a guy .,a teacher hurts an uncle .,an uncle is hurt by a teacher .,a,teacher,an,uncle,hurt,hurts,hurt,"[""PATIENT=uncle"", ""AGENT=teacher"", ""VERB=hurt""]","Prime sentence: a hero is hurt by a guy .
Event roles: PATIENT=uncle; AGENT=teacher; VERB=hurt
Sentence: the",Sentence: the,first_noun,-3.6910510063171387,-5.611457347869873,-1.9204063415527344,active,0.0
477,role_labeled,no_prime_eos,no_prime_eos,,a teacher hurts an uncle .,an uncle is hurt by a teacher .,a,teacher,an,uncle,hurt,hurts,hurt,"[""PATIENT=uncle"", ""AGENT=teacher"", ""VERB=hurt""]","Event roles: PATIENT=uncle; AGENT=teacher; VERB=hurt
Sentence: the",Sentence: the,first_noun,-2.847823143005371,-7.510609149932861,-4.66278600692749,active,0.0
477,role_labeled,filler,filler,The violin echoed in the theater .,a teacher hurts an uncle .,an uncle is hurt by a teacher .,a,teacher,an,uncle,hurt,hurts,hurt,"[""PATIENT=uncle"", ""AGENT=teacher"", ""VERB=hurt""]","Prime sentence: The violin echoed in the theater .
Event roles: PATIENT=uncle; AGENT=teacher; VERB=hurt
Sentence: the",Sentence: the,first_noun,-4.21311092376709,-6.880405902862549,-2.667294979095459,active,0.0
478,role_labeled,active,active,a kid surprises a king .,a winner surprises a woman .,a woman is surprised by a winner .,a,winner,a,woman,surpris,surprises,surprised,"[""PATIENT=woman"", ""VERB=surpris"", ""AGENT=winner""]","Prime sentence: a kid surprises a king .
Event roles: PATIENT=woman; VERB=surpris; AGENT=winner
Sentence: the",Sentence: the,first_noun,-6.406382083892822,-4.400432586669922,2.0059494972229004,passive,1.0
478,role_labeled,passive,passive,a king is surprised by a kid .,a winner surprises a woman .,a woman is surprised by a winner .,a,winner,a,woman,surpris,surprises,surprised,"[""PATIENT=woman"", ""VERB=surpris"", ""AGENT=winner""]","Prime sentence: a king is surprised by a kid .
Event roles: PATIENT=woman; VERB=surpris; AGENT=winner
Sentence: the",Sentence: the,first_noun,-6.57375431060791,-4.3790082931518555,2.1947460174560547,passive,1.0
478,role_labeled,no_prime_eos,no_prime_eos,,a winner surprises a woman .,a woman is surprised by a winner .,a,winner,a,woman,surpris,surprises,surprised,"[""PATIENT=woman"", ""VERB=surpris"", ""AGENT=winner""]","Event roles: PATIENT=woman; VERB=surpris; AGENT=winner
Sentence: the",Sentence: the,first_noun,-4.160252094268799,-2.883509635925293,1.2767424583435059,passive,1.0
478,role_labeled,filler,filler,The window rattled during the storm .,a winner surprises a woman .,a woman is surprised by a winner .,a,winner,a,woman,surpris,surprises,surprised,"[""PATIENT=woman"", ""VERB=surpris"", ""AGENT=winner""]","Prime sentence: The window rattled during the storm .
Event roles: PATIENT=woman; VERB=surpris; AGENT=winner
Sentence: the",Sentence: the,first_noun,-8.139094352722168,-4.225901126861572,3.9131932258605957,passive,1.0
479,role_labeled,active,active,a child chases a colonel .,a priest chases a prince .,a prince is chased by a priest .,a,priest,a,prince,chas,chases,chased,"[""AGENT=priest"", ""PATIENT=prince"", ""VERB=chas""]","Prime sentence: a child chases a colonel .
Event roles: AGENT=priest; PATIENT=prince; VERB=chas
Sentence: the",Sentence: the,first_noun,-4.1686482429504395,-4.120163440704346,0.04848480224609375,passive,1.0
479,role_labeled,passive,passive,a colonel is chased by a child .,a priest chases a prince .,a prince is chased by a priest .,a,priest,a,prince,chas,chases,chased,"[""AGENT=priest"", ""PATIENT=prince"", ""VERB=chas""]","Prime sentence: a colonel is chased by a child .
Event roles: AGENT=priest; PATIENT=prince; VERB=chas
Sentence: the",Sentence: the,first_noun,-3.338381290435791,-4.14374303817749,-0.8053617477416992,active,0.0
479,role_labeled,no_prime_eos,no_prime_eos,,a priest chases a prince .,a prince is chased by a priest .,a,priest,a,prince,chas,chases,chased,"[""AGENT=priest"", ""PATIENT=prince"", ""VERB=chas""]","Event roles: AGENT=priest; PATIENT=prince; VERB=chas
Sentence: the",Sentence: the,first_noun,-3.674074649810791,-3.7093505859375,-0.035275936126708984,active,0.0
479,role_labeled,filler,filler,The market opened after sunrise .,a priest chases a prince .,a prince is chased by a priest .,a,priest,a,prince,chas,chases,chased,"[""AGENT=priest"", ""PATIENT=prince"", ""VERB=chas""]","Prime sentence: The market opened after sunrise .
Event roles: AGENT=priest; PATIENT=prince; VERB=chas
Sentence: the",Sentence: the,first_noun,-5.226524829864502,-5.830113887786865,-0.6035890579223633,active,0.0
480,role_labeled,active,active,an attorney catches an aunt .,a manager catches a mayor .,a mayor is caught by a manager .,a,manager,a,mayor,catch,catches,caught,"[""PATIENT=mayor"", ""AGENT=manager"", ""VERB=catch""]","Prime sentence: an attorney catches an aunt .
Event roles: PATIENT=mayor; AGENT=manager; VERB=catch
Sentence: the",Sentence: the,first_noun,-5.407624244689941,-2.8131768703460693,2.594447374343872,passive,1.0
480,role_labeled,passive,passive,an aunt is caught by an attorney .,a manager catches a mayor .,a mayor is caught by a manager .,a,manager,a,mayor,catch,catches,caught,"[""PATIENT=mayor"", ""AGENT=manager"", ""VERB=catch""]","Prime sentence: an aunt is caught by an attorney .
Event roles: PATIENT=mayor; AGENT=manager; VERB=catch
Sentence: the",Sentence: the,first_noun,-5.364376544952393,-2.5411181449890137,2.823258399963379,passive,1.0
480,role_labeled,no_prime_eos,no_prime_eos,,a manager catches a mayor .,a mayor is caught by a manager .,a,manager,a,mayor,catch,catches,caught,"[""PATIENT=mayor"", ""AGENT=manager"", ""VERB=catch""]","Event roles: PATIENT=mayor; AGENT=manager; VERB=catch
Sentence: the",Sentence: the,first_noun,-4.965998649597168,-3.5039315223693848,1.4620671272277832,passive,1.0
480,role_labeled,filler,filler,The planet shimmered above the valley .,a manager catches a mayor .,a mayor is caught by a manager .,a,manager,a,mayor,catch,catches,caught,"[""PATIENT=mayor"", ""AGENT=manager"", ""VERB=catch""]","Prime sentence: The planet shimmered above the valley .
Event roles: PATIENT=mayor; AGENT=manager; VERB=catch
Sentence: the",Sentence: the,first_noun,-7.067543029785156,-4.195902347564697,2.871640682220459,passive,1.0
481,role_labeled,active,active,a soldier hurries a son .,a father hurries a friend .,a friend is hurried by a father .,a,father,a,friend,hurry,hurries,hurried,"[""VERB=hurry"", ""PATIENT=friend"", ""AGENT=father""]","Prime sentence: a soldier hurries a son .
Event roles: VERB=hurry; PATIENT=friend; AGENT=father
Sentence: the",Sentence: the,first_noun,-2.8944921493530273,-5.860304832458496,-2.9658126831054688,active,0.0
481,role_labeled,passive,passive,a son is hurried by a soldier .,a father hurries a friend .,a friend is hurried by a father .,a,father,a,friend,hurry,hurries,hurried,"[""VERB=hurry"", ""PATIENT=friend"", ""AGENT=father""]","Prime sentence: a son is hurried by a soldier .
Event roles: VERB=hurry; PATIENT=friend; AGENT=father
Sentence: the",Sentence: the,first_noun,-3.5259997844696045,-6.1092071533203125,-2.583207368850708,active,0.0
481,role_labeled,no_prime_eos,no_prime_eos,,a father hurries a friend .,a friend is hurried by a father .,a,father,a,friend,hurry,hurries,hurried,"[""VERB=hurry"", ""PATIENT=friend"", ""AGENT=father""]","Event roles: VERB=hurry; PATIENT=friend; AGENT=father
Sentence: the",Sentence: the,first_noun,-4.682581901550293,-6.550512313842773,-1.8679304122924805,active,0.0
481,role_labeled,filler,filler,The violin echoed in the theater .,a father hurries a friend .,a friend is hurried by a father .,a,father,a,friend,hurry,hurries,hurried,"[""VERB=hurry"", ""PATIENT=friend"", ""AGENT=father""]","Prime sentence: The violin echoed in the theater .
Event roles: VERB=hurry; PATIENT=friend; AGENT=father
Sentence: the",Sentence: the,first_noun,-5.2990193367004395,-7.431413650512695,-2.132394313812256,active,0.0
482,role_labeled,active,active,a chief embraces a child .,a president embraces a priest .,a priest is embraced by a president .,a,president,a,priest,embrac,embraces,embraced,"[""AGENT=president"", ""VERB=embrac"", ""PATIENT=priest""]","Prime sentence: a chief embraces a child .
Event roles: AGENT=president; VERB=embrac; PATIENT=priest
Sentence: the",Sentence: the,first_noun,-3.817391872406006,-4.32758903503418,-0.5101971626281738,active,0.0
482,role_labeled,passive,passive,a child is embraced by a chief .,a president embraces a priest .,a priest is embraced by a president .,a,president,a,priest,embrac,embraces,embraced,"[""AGENT=president"", ""VERB=embrac"", ""PATIENT=priest""]","Prime sentence: a child is embraced by a chief .
Event roles: AGENT=president; VERB=embrac; PATIENT=priest
Sentence: the",Sentence: the,first_noun,-3.82376766204834,-4.023433685302734,-0.19966602325439453,active,0.0
482,role_labeled,no_prime_eos,no_prime_eos,,a president embraces a priest .,a priest is embraced by a president .,a,president,a,priest,embrac,embraces,embraced,"[""AGENT=president"", ""VERB=embrac"", ""PATIENT=priest""]","Event roles: AGENT=president; VERB=embrac; PATIENT=priest
Sentence: the",Sentence: the,first_noun,-3.3192055225372314,-4.329958915710449,-1.0107533931732178,active,0.0
482,role_labeled,filler,filler,The jacket hung behind the chair .,a president embraces a priest .,a priest is embraced by a president .,a,president,a,priest,embrac,embraces,embraced,"[""AGENT=president"", ""VERB=embrac"", ""PATIENT=priest""]","Prime sentence: The jacket hung behind the chair .
Event roles: AGENT=president; VERB=embrac; PATIENT=priest
Sentence: the",Sentence: the,first_noun,-4.49671745300293,-4.189308166503906,0.30740928649902344,passive,1.0
483,role_labeled,active,active,a student carries a teacher .,a girl carries a guest .,a guest is carried by a girl .,a,girl,a,guest,carry,carries,carried,"[""AGENT=girl"", ""VERB=carry"", ""PATIENT=guest""]","Prime sentence: a student carries a teacher .
Event roles: AGENT=girl; VERB=carry; PATIENT=guest
Sentence: the",Sentence: the,first_noun,-2.0625717639923096,-6.449732780456543,-4.387161016464233,active,0.0
483,role_labeled,passive,passive,a teacher is carried by a student .,a girl carries a guest .,a guest is carried by a girl .,a,girl,a,guest,carry,carries,carried,"[""AGENT=girl"", ""VERB=carry"", ""PATIENT=guest""]","Prime sentence: a teacher is carried by a student .
Event roles: AGENT=girl; VERB=carry; PATIENT=guest
Sentence: the",Sentence: the,first_noun,-2.2754127979278564,-6.584784507751465,-4.309371709823608,active,0.0
483,role_labeled,no_prime_eos,no_prime_eos,,a girl carries a guest .,a guest is carried by a girl .,a,girl,a,guest,carry,carries,carried,"[""AGENT=girl"", ""VERB=carry"", ""PATIENT=guest""]","Event roles: AGENT=girl; VERB=carry; PATIENT=guest
Sentence: the",Sentence: the,first_noun,-1.7947537899017334,-5.208890438079834,-3.4141366481781006,active,0.0
483,role_labeled,filler,filler,The singer smiled after rehearsal .,a girl carries a guest .,a guest is carried by a girl .,a,girl,a,guest,carry,carries,carried,"[""AGENT=girl"", ""VERB=carry"", ""PATIENT=guest""]","Prime sentence: The singer smiled after rehearsal .
Event roles: AGENT=girl; VERB=carry; PATIENT=guest
Sentence: the",Sentence: the,first_noun,-2.6786394119262695,-5.534186840057373,-2.8555474281311035,active,0.0
484,role_labeled,active,active,a kid asks a king .,a winner asks a woman .,a woman is asked by a winner .,a,winner,a,woman,ask,asks,asked,"[""PATIENT=woman"", ""AGENT=winner"", ""VERB=ask""]","Prime sentence: a kid asks a king .
Event roles: PATIENT=woman; AGENT=winner; VERB=ask
Sentence: the",Sentence: the,first_noun,-6.344915390014648,-4.316130638122559,2.02878475189209,passive,1.0
484,role_labeled,passive,passive,a king is asked by a kid .,a winner asks a woman .,a woman is asked by a winner .,a,winner,a,woman,ask,asks,asked,"[""PATIENT=woman"", ""AGENT=winner"", ""VERB=ask""]","Prime sentence: a king is asked by a kid .
Event roles: PATIENT=woman; AGENT=winner; VERB=ask
Sentence: the",Sentence: the,first_noun,-6.390930652618408,-4.693842887878418,1.6970877647399902,passive,1.0
484,role_labeled,no_prime_eos,no_prime_eos,,a winner asks a woman .,a woman is asked by a winner .,a,winner,a,woman,ask,asks,asked,"[""PATIENT=woman"", ""AGENT=winner"", ""VERB=ask""]","Event roles: PATIENT=woman; AGENT=winner; VERB=ask
Sentence: the",Sentence: the,first_noun,-4.056897163391113,-3.1255245208740234,0.9313726425170898,passive,1.0
484,role_labeled,filler,filler,The package arrived before noon .,a winner asks a woman .,a woman is asked by a winner .,a,winner,a,woman,ask,asks,asked,"[""PATIENT=woman"", ""AGENT=winner"", ""VERB=ask""]","Prime sentence: The package arrived before noon .
Event roles: PATIENT=woman; AGENT=winner; VERB=ask
Sentence: the",Sentence: the,first_noun,-5.605792999267578,-3.9762401580810547,1.6295528411865234,passive,1.0
485,role_labeled,active,active,an uncle destroys a wife .,a guy destroys a hero .,a hero is destroyed by a guy .,a,guy,a,hero,destroy,destroys,destroyed,"[""PATIENT=hero"", ""AGENT=guy"", ""VERB=destroy""]","Prime sentence: an uncle destroys a wife .
Event roles: PATIENT=hero; AGENT=guy; VERB=destroy
Sentence: the",Sentence: the,first_noun,-4.336289405822754,-3.9594151973724365,0.3768742084503174,passive,1.0
485,role_labeled,passive,passive,a wife is destroyed by an uncle .,a guy destroys a hero .,a hero is destroyed by a guy .,a,guy,a,hero,destroy,destroys,destroyed,"[""PATIENT=hero"", ""AGENT=guy"", ""VERB=destroy""]","Prime sentence: a wife is destroyed by an uncle .
Event roles: PATIENT=hero; AGENT=guy; VERB=destroy
Sentence: the",Sentence: the,first_noun,-5.091676235198975,-4.458452224731445,0.6332240104675293,passive,1.0
485,role_labeled,no_prime_eos,no_prime_eos,,a guy destroys a hero .,a hero is destroyed by a guy .,a,guy,a,hero,destroy,destroys,destroyed,"[""PATIENT=hero"", ""AGENT=guy"", ""VERB=destroy""]","Event roles: PATIENT=hero; AGENT=guy; VERB=destroy
Sentence: the",Sentence: the,first_noun,-4.379871368408203,-2.8031678199768066,1.5767035484313965,passive,1.0
485,role_labeled,filler,filler,The sculpture stood in the hallway .,a guy destroys a hero .,a hero is destroyed by a guy .,a,guy,a,hero,destroy,destroys,destroyed,"[""PATIENT=hero"", ""AGENT=guy"", ""VERB=destroy""]","Prime sentence: The sculpture stood in the hallway .
Event roles: PATIENT=hero; AGENT=guy; VERB=destroy
Sentence: the",Sentence: the,first_noun,-5.292753219604492,-5.505054473876953,-0.21230125427246094,active,0.0
486,role_labeled,active,active,a chief surprises a child .,a president surprises a priest .,a priest is surprised by a president .,a,president,a,priest,surpris,surprises,surprised,"[""VERB=surpris"", ""AGENT=president"", ""PATIENT=priest""]","Prime sentence: a chief surprises a child .
Event roles: VERB=surpris; AGENT=president; PATIENT=priest
Sentence: the",Sentence: the,first_noun,-4.020954132080078,-4.342238426208496,-0.32128429412841797,active,0.0
486,role_labeled,passive,passive,a child is surprised by a chief .,a president surprises a priest .,a priest is surprised by a president .,a,president,a,priest,surpris,surprises,surprised,"[""VERB=surpris"", ""AGENT=president"", ""PATIENT=priest""]","Prime sentence: a child is surprised by a chief .
Event roles: VERB=surpris; AGENT=president; PATIENT=priest
Sentence: the",Sentence: the,first_noun,-3.399433135986328,-4.168144226074219,-0.7687110900878906,active,0.0
486,role_labeled,no_prime_eos,no_prime_eos,,a president surprises a priest .,a priest is surprised by a president .,a,president,a,priest,surpris,surprises,surprised,"[""VERB=surpris"", ""AGENT=president"", ""PATIENT=priest""]","Event roles: VERB=surpris; AGENT=president; PATIENT=priest
Sentence: the",Sentence: the,first_noun,-4.935431480407715,-4.331638336181641,0.6037931442260742,passive,1.0
486,role_labeled,filler,filler,The blanket dried on the line .,a president surprises a priest .,a priest is surprised by a president .,a,president,a,priest,surpris,surprises,surprised,"[""VERB=surpris"", ""AGENT=president"", ""PATIENT=priest""]","Prime sentence: The blanket dried on the line .
Event roles: VERB=surpris; AGENT=president; PATIENT=priest
Sentence: the",Sentence: the,first_noun,-5.204233169555664,-5.2530694007873535,-0.04883623123168945,active,0.0
487,role_labeled,active,active,a hero hurries a husband .,an uncle hurries a wife .,a wife is hurried by an uncle .,an,uncle,a,wife,hurry,hurries,hurried,"[""AGENT=uncle"", ""VERB=hurry"", ""PATIENT=wife""]","Prime sentence: a hero hurries a husband .
Event roles: AGENT=uncle; VERB=hurry; PATIENT=wife
Sentence: the",Sentence: the,first_noun,-5.003656387329102,-3.579479217529297,1.4241771697998047,passive,1.0
487,role_labeled,passive,passive,a husband is hurried by a hero .,an uncle hurries a wife .,a wife is hurried by an uncle .,an,uncle,a,wife,hurry,hurries,hurried,"[""AGENT=uncle"", ""VERB=hurry"", ""PATIENT=wife""]","Prime sentence: a husband is hurried by a hero .
Event roles: AGENT=uncle; VERB=hurry; PATIENT=wife
Sentence: the",Sentence: the,first_noun,-5.796564102172852,-4.040402412414551,1.7561616897583008,passive,1.0
487,role_labeled,no_prime_eos,no_prime_eos,,an uncle hurries a wife .,a wife is hurried by an uncle .,an,uncle,a,wife,hurry,hurries,hurried,"[""AGENT=uncle"", ""VERB=hurry"", ""PATIENT=wife""]","Event roles: AGENT=uncle; VERB=hurry; PATIENT=wife
Sentence: the",Sentence: the,first_noun,-6.497511863708496,-4.714128494262695,1.7833833694458008,passive,1.0
487,role_labeled,filler,filler,The garden brightened after rain .,an uncle hurries a wife .,a wife is hurried by an uncle .,an,uncle,a,wife,hurry,hurries,hurried,"[""AGENT=uncle"", ""VERB=hurry"", ""PATIENT=wife""]","Prime sentence: The garden brightened after rain .
Event roles: AGENT=uncle; VERB=hurry; PATIENT=wife
Sentence: the",Sentence: the,first_noun,-6.85166597366333,-5.191373825073242,1.660292148590088,passive,1.0
488,role_labeled,active,active,a president describes a priest .,a champion describes a chief .,a chief is described by a champion .,a,champion,a,chief,describ,describes,described,"[""PATIENT=chief"", ""VERB=describ"", ""AGENT=champion""]","Prime sentence: a president describes a priest .
Event roles: PATIENT=chief; VERB=describ; AGENT=champion
Sentence: the",Sentence: the,first_noun,-8.251371383666992,-4.663060665130615,3.588310718536377,passive,1.0
488,role_labeled,passive,passive,a priest is described by a president .,a champion describes a chief .,a chief is described by a champion .,a,champion,a,chief,describ,describes,described,"[""PATIENT=chief"", ""VERB=describ"", ""AGENT=champion""]","Prime sentence: a priest is described by a president .
Event roles: PATIENT=chief; VERB=describ; AGENT=champion
Sentence: the",Sentence: the,first_noun,-7.702882766723633,-4.48323917388916,3.2196435928344727,passive,1.0
488,role_labeled,no_prime_eos,no_prime_eos,,a champion describes a chief .,a chief is described by a champion .,a,champion,a,chief,describ,describes,described,"[""PATIENT=chief"", ""VERB=describ"", ""AGENT=champion""]","Event roles: PATIENT=chief; VERB=describ; AGENT=champion
Sentence: the",Sentence: the,first_noun,-5.270078182220459,-3.9315338134765625,1.3385443687438965,passive,1.0
488,role_labeled,filler,filler,The garden brightened after rain .,a champion describes a chief .,a chief is described by a champion .,a,champion,a,chief,describ,describes,described,"[""PATIENT=chief"", ""VERB=describ"", ""AGENT=champion""]","Prime sentence: The garden brightened after rain .
Event roles: PATIENT=chief; VERB=describ; AGENT=champion
Sentence: the",Sentence: the,first_noun,-8.377208709716797,-6.835911750793457,1.5412969589233398,passive,1.0
489,role_labeled,active,active,a reader asks a scientist .,a cousin asks a daughter .,a daughter is asked by a cousin .,a,cousin,a,daughter,ask,asks,asked,"[""VERB=ask"", ""AGENT=cousin"", ""PATIENT=daughter""]","Prime sentence: a reader asks a scientist .
Event roles: VERB=ask; AGENT=cousin; PATIENT=daughter
Sentence: the",Sentence: the,first_noun,-8.048910140991211,-5.577000617980957,2.471909523010254,passive,1.0
489,role_labeled,passive,passive,a scientist is asked by a reader .,a cousin asks a daughter .,a daughter is asked by a cousin .,a,cousin,a,daughter,ask,asks,asked,"[""VERB=ask"", ""AGENT=cousin"", ""PATIENT=daughter""]","Prime sentence: a scientist is asked by a reader .
Event roles: VERB=ask; AGENT=cousin; PATIENT=daughter
Sentence: the",Sentence: the,first_noun,-8.065149307250977,-5.434352874755859,2.630796432495117,passive,1.0
489,role_labeled,no_prime_eos,no_prime_eos,,a cousin asks a daughter .,a daughter is asked by a cousin .,a,cousin,a,daughter,ask,asks,asked,"[""VERB=ask"", ""AGENT=cousin"", ""PATIENT=daughter""]","Event roles: VERB=ask; AGENT=cousin; PATIENT=daughter
Sentence: the",Sentence: the,first_noun,-8.03857421875,-4.847538471221924,3.191035747528076,passive,1.0
489,role_labeled,filler,filler,The baker laughed during breakfast .,a cousin asks a daughter .,a daughter is asked by a cousin .,a,cousin,a,daughter,ask,asks,asked,"[""VERB=ask"", ""AGENT=cousin"", ""PATIENT=daughter""]","Prime sentence: The baker laughed during breakfast .
Event roles: VERB=ask; AGENT=cousin; PATIENT=daughter
Sentence: the",Sentence: the,first_noun,-7.371734142303467,-6.42711067199707,0.9446234703063965,passive,1.0
490,role_labeled,active,active,a nurse forgives an opponent .,a bishop forgives a boy .,a boy is forgiven by a bishop .,a,bishop,a,boy,forgiv,forgives,forgiven,"[""VERB=forgiv"", ""PATIENT=boy"", ""AGENT=bishop""]","Prime sentence: a nurse forgives an opponent .
Event roles: VERB=forgiv; PATIENT=boy; AGENT=bishop
Sentence: the",Sentence: the,first_noun,-3.149275779724121,-4.420107841491699,-1.2708320617675781,active,0.0
490,role_labeled,passive,passive,an opponent is forgiven by a nurse .,a bishop forgives a boy .,a boy is forgiven by a bishop .,a,bishop,a,boy,forgiv,forgives,forgiven,"[""VERB=forgiv"", ""PATIENT=boy"", ""AGENT=bishop""]","Prime sentence: an opponent is forgiven by a nurse .
Event roles: VERB=forgiv; PATIENT=boy; AGENT=bishop
Sentence: the",Sentence: the,first_noun,-3.1819276809692383,-3.9249653816223145,-0.7430377006530762,active,0.0
490,role_labeled,no_prime_eos,no_prime_eos,,a bishop forgives a boy .,a boy is forgiven by a bishop .,a,bishop,a,boy,forgiv,forgives,forgiven,"[""VERB=forgiv"", ""PATIENT=boy"", ""AGENT=bishop""]","Event roles: VERB=forgiv; PATIENT=boy; AGENT=bishop
Sentence: the",Sentence: the,first_noun,-3.984457015991211,-5.485391616821289,-1.5009346008300781,active,0.0
490,role_labeled,filler,filler,The blanket dried on the line .,a bishop forgives a boy .,a boy is forgiven by a bishop .,a,bishop,a,boy,forgiv,forgives,forgiven,"[""VERB=forgiv"", ""PATIENT=boy"", ""AGENT=bishop""]","Prime sentence: The blanket dried on the line .
Event roles: VERB=forgiv; PATIENT=boy; AGENT=bishop
Sentence: the",Sentence: the,first_noun,-4.803158283233643,-3.8872246742248535,0.9159336090087891,passive,1.0
491,role_labeled,active,active,a buddy raises a candidate .,a parent raises a partner .,a partner is raised by a parent .,a,parent,a,partner,rais,raises,raised,"[""AGENT=parent"", ""PATIENT=partner"", ""VERB=rais""]","Prime sentence: a buddy raises a candidate .
Event roles: AGENT=parent; PATIENT=partner; VERB=rais
Sentence: the",Sentence: the,first_noun,-4.565921783447266,-5.388250350952148,-0.8223285675048828,active,0.0
491,role_labeled,passive,passive,a candidate is raised by a buddy .,a parent raises a partner .,a partner is raised by a parent .,a,parent,a,partner,rais,raises,raised,"[""AGENT=parent"", ""PATIENT=partner"", ""VERB=rais""]","Prime sentence: a candidate is raised by a buddy .
Event roles: AGENT=parent; PATIENT=partner; VERB=rais
Sentence: the",Sentence: the,first_noun,-4.696477890014648,-5.688642501831055,-0.9921646118164062,active,0.0
491,role_labeled,no_prime_eos,no_prime_eos,,a parent raises a partner .,a partner is raised by a parent .,a,parent,a,partner,rais,raises,raised,"[""AGENT=parent"", ""PATIENT=partner"", ""VERB=rais""]","Event roles: AGENT=parent; PATIENT=partner; VERB=rais
Sentence: the",Sentence: the,first_noun,-4.878036975860596,-6.746177673339844,-1.868140697479248,active,0.0
491,role_labeled,filler,filler,The sculpture stood in the hallway .,a parent raises a partner .,a partner is raised by a parent .,a,parent,a,partner,rais,raises,raised,"[""AGENT=parent"", ""PATIENT=partner"", ""VERB=rais""]","Prime sentence: The sculpture stood in the hallway .
Event roles: AGENT=parent; PATIENT=partner; VERB=rais
Sentence: the",Sentence: the,first_noun,-6.642325401306152,-8.212966918945312,-1.5706415176391602,active,0.0
492,role_labeled,active,active,an actor catches an actress .,a lawyer catches a leader .,a leader is caught by a lawyer .,a,lawyer,a,leader,catch,catches,caught,"[""AGENT=lawyer"", ""PATIENT=leader"", ""VERB=catch""]","Prime sentence: an actor catches an actress .
Event roles: AGENT=lawyer; PATIENT=leader; VERB=catch
Sentence: the",Sentence: the,first_noun,-4.250630855560303,-5.749345302581787,-1.4987144470214844,active,0.0
492,role_labeled,passive,passive,an actress is caught by an actor .,a lawyer catches a leader .,a leader is caught by a lawyer .,a,lawyer,a,leader,catch,catches,caught,"[""AGENT=lawyer"", ""PATIENT=leader"", ""VERB=catch""]","Prime sentence: an actress is caught by an actor .
Event roles: AGENT=lawyer; PATIENT=leader; VERB=catch
Sentence: the",Sentence: the,first_noun,-3.9645793437957764,-5.832704544067383,-1.8681252002716064,active,0.0
492,role_labeled,no_prime_eos,no_prime_eos,,a lawyer catches a leader .,a leader is caught by a lawyer .,a,lawyer,a,leader,catch,catches,caught,"[""AGENT=lawyer"", ""PATIENT=leader"", ""VERB=catch""]","Event roles: AGENT=lawyer; PATIENT=leader; VERB=catch
Sentence: the",Sentence: the,first_noun,-4.445474624633789,-4.955999374389648,-0.5105247497558594,active,0.0
492,role_labeled,filler,filler,The teacher listened during assembly .,a lawyer catches a leader .,a leader is caught by a lawyer .,a,lawyer,a,leader,catch,catches,caught,"[""AGENT=lawyer"", ""PATIENT=leader"", ""VERB=catch""]","Prime sentence: The teacher listened during assembly .
Event roles: AGENT=lawyer; PATIENT=leader; VERB=catch
Sentence: the",Sentence: the,first_noun,-3.956273078918457,-4.023419380187988,-0.06714630126953125,active,0.0
493,role_labeled,active,active,a king kills a lady .,a woman kills a worker .,a worker is killed by a woman .,a,woman,a,worker,kill,kills,killed,"[""VERB=kill"", ""AGENT=woman"", ""PATIENT=worker""]","Prime sentence: a king kills a lady .
Event roles: VERB=kill; AGENT=woman; PATIENT=worker
Sentence: the",Sentence: the,first_noun,-3.6936097145080566,-6.031106948852539,-2.3374972343444824,active,0.0
493,role_labeled,passive,passive,a lady is killed by a king .,a woman kills a worker .,a worker is killed by a woman .,a,woman,a,worker,kill,kills,killed,"[""VERB=kill"", ""AGENT=woman"", ""PATIENT=worker""]","Prime sentence: a lady is killed by a king .
Event roles: VERB=kill; AGENT=woman; PATIENT=worker
Sentence: the",Sentence: the,first_noun,-3.563093423843384,-5.748384475708008,-2.185291051864624,active,0.0
493,role_labeled,no_prime_eos,no_prime_eos,,a woman kills a worker .,a worker is killed by a woman .,a,woman,a,worker,kill,kills,killed,"[""VERB=kill"", ""AGENT=woman"", ""PATIENT=worker""]","Event roles: VERB=kill; AGENT=woman; PATIENT=worker
Sentence: the",Sentence: the,first_noun,-2.681328773498535,-4.873298645019531,-2.191969871520996,active,0.0
493,role_labeled,filler,filler,The teacher listened during assembly .,a woman kills a worker .,a worker is killed by a woman .,a,woman,a,worker,kill,kills,killed,"[""VERB=kill"", ""AGENT=woman"", ""PATIENT=worker""]","Prime sentence: The teacher listened during assembly .
Event roles: VERB=kill; AGENT=woman; PATIENT=worker
Sentence: the",Sentence: the,first_noun,-2.5942511558532715,-3.0621471405029297,-0.4678959846496582,active,0.0
494,role_labeled,active,active,a lawyer follows a leader .,a writer follows an actor .,an actor is followed by a writer .,a,writer,an,actor,follow,follows,followed,"[""VERB=follow"", ""PATIENT=actor"", ""AGENT=writer""]","Prime sentence: a lawyer follows a leader .
Event roles: VERB=follow; PATIENT=actor; AGENT=writer
Sentence: the",Sentence: the,first_noun,-5.730744361877441,-4.708183288574219,1.0225610733032227,passive,1.0
494,role_labeled,passive,passive,a leader is followed by a lawyer .,a writer follows an actor .,an actor is followed by a writer .,a,writer,an,actor,follow,follows,followed,"[""VERB=follow"", ""PATIENT=actor"", ""AGENT=writer""]","Prime sentence: a leader is followed by a lawyer .
Event roles: VERB=follow; PATIENT=actor; AGENT=writer
Sentence: the",Sentence: the,first_noun,-6.187186241149902,-5.283684730529785,0.9035015106201172,passive,1.0
494,role_labeled,no_prime_eos,no_prime_eos,,a writer follows an actor .,an actor is followed by a writer .,a,writer,an,actor,follow,follows,followed,"[""VERB=follow"", ""PATIENT=actor"", ""AGENT=writer""]","Event roles: VERB=follow; PATIENT=actor; AGENT=writer
Sentence: the",Sentence: the,first_noun,-5.137388229370117,-4.519350528717041,0.6180377006530762,passive,1.0
494,role_labeled,filler,filler,The window rattled during the storm .,a writer follows an actor .,an actor is followed by a writer .,a,writer,an,actor,follow,follows,followed,"[""VERB=follow"", ""PATIENT=actor"", ""AGENT=writer""]","Prime sentence: The window rattled during the storm .
Event roles: VERB=follow; PATIENT=actor; AGENT=writer
Sentence: the",Sentence: the,first_noun,-8.191888809204102,-7.612043857574463,0.5798449516296387,passive,1.0
495,role_labeled,active,active,a writer comforts an actor .,a lady comforts a lawyer .,a lawyer is comforted by a lady .,a,lady,a,lawyer,comfort,comforts,comforted,"[""AGENT=lady"", ""VERB=comfort"", ""PATIENT=lawyer""]","Prime sentence: a writer comforts an actor .
Event roles: AGENT=lady; VERB=comfort; PATIENT=lawyer
Sentence: the",Sentence: the,first_noun,-5.59397029876709,-5.4581193923950195,0.1358509063720703,passive,1.0
495,role_labeled,passive,passive,an actor is comforted by a writer .,a lady comforts a lawyer .,a lawyer is comforted by a lady .,a,lady,a,lawyer,comfort,comforts,comforted,"[""AGENT=lady"", ""VERB=comfort"", ""PATIENT=lawyer""]","Prime sentence: an actor is comforted by a writer .
Event roles: AGENT=lady; VERB=comfort; PATIENT=lawyer
Sentence: the",Sentence: the,first_noun,-5.8680877685546875,-5.295266151428223,0.5728216171264648,passive,1.0
495,role_labeled,no_prime_eos,no_prime_eos,,a lady comforts a lawyer .,a lawyer is comforted by a lady .,a,lady,a,lawyer,comfort,comforts,comforted,"[""AGENT=lady"", ""VERB=comfort"", ""PATIENT=lawyer""]","Event roles: AGENT=lady; VERB=comfort; PATIENT=lawyer
Sentence: the",Sentence: the,first_noun,-4.63932991027832,-5.822849273681641,-1.1835193634033203,active,0.0
495,role_labeled,filler,filler,The signal flickered across the screen .,a lady comforts a lawyer .,a lawyer is comforted by a lady .,a,lady,a,lawyer,comfort,comforts,comforted,"[""AGENT=lady"", ""VERB=comfort"", ""PATIENT=lawyer""]","Prime sentence: The signal flickered across the screen .
Event roles: AGENT=lady; VERB=comfort; PATIENT=lawyer
Sentence: the",Sentence: the,first_noun,-4.1777191162109375,-6.687274932861328,-2.5095558166503906,active,0.0
496,role_labeled,active,active,a pilot protects a president .,a captain protects a champion .,a champion is protected by a captain .,a,captain,a,champion,protect,protects,protected,"[""PATIENT=champion"", ""VERB=protect"", ""AGENT=captain""]","Prime sentence: a pilot protects a president .
Event roles: PATIENT=champion; VERB=protect; AGENT=captain
Sentence: the",Sentence: the,first_noun,-4.916079521179199,-6.603105545043945,-1.687026023864746,active,0.0
496,role_labeled,passive,passive,a president is protected by a pilot .,a captain protects a champion .,a champion is protected by a captain .,a,captain,a,champion,protect,protects,protected,"[""PATIENT=champion"", ""VERB=protect"", ""AGENT=captain""]","Prime sentence: a president is protected by a pilot .
Event roles: PATIENT=champion; VERB=protect; AGENT=captain
Sentence: the",Sentence: the,first_noun,-4.622053146362305,-6.256368160247803,-1.634315013885498,active,0.0
496,role_labeled,no_prime_eos,no_prime_eos,,a captain protects a champion .,a champion is protected by a captain .,a,captain,a,champion,protect,protects,protected,"[""PATIENT=champion"", ""VERB=protect"", ""AGENT=captain""]","Event roles: PATIENT=champion; VERB=protect; AGENT=captain
Sentence: the",Sentence: the,first_noun,-3.9956915378570557,-4.3957672119140625,-0.40007567405700684,active,0.0
496,role_labeled,filler,filler,The painter waited near the doorway .,a captain protects a champion .,a champion is protected by a captain .,a,captain,a,champion,protect,protects,protected,"[""PATIENT=champion"", ""VERB=protect"", ""AGENT=captain""]","Prime sentence: The painter waited near the doorway .
Event roles: PATIENT=champion; VERB=protect; AGENT=captain
Sentence: the",Sentence: the,first_noun,-5.467253684997559,-5.1697678565979,0.2974858283996582,passive,1.0
497,role_labeled,active,active,a cousin judges a daughter .,a professor judges a reader .,a reader is judged by a professor .,a,professor,a,reader,judg,judges,judged,"[""AGENT=professor"", ""VERB=judg"", ""PATIENT=reader""]","Prime sentence: a cousin judges a daughter .
Event roles: AGENT=professor; VERB=judg; PATIENT=reader
Sentence: the",Sentence: the,first_noun,-3.9888057708740234,-6.772885322570801,-2.7840795516967773,active,0.0
497,role_labeled,passive,passive,a daughter is judged by a cousin .,a professor judges a reader .,a reader is judged by a professor .,a,professor,a,reader,judg,judges,judged,"[""AGENT=professor"", ""VERB=judg"", ""PATIENT=reader""]","Prime sentence: a daughter is judged by a cousin .
Event roles: AGENT=professor; VERB=judg; PATIENT=reader
Sentence: the",Sentence: the,first_noun,-3.815455198287964,-6.299853324890137,-2.484398126602173,active,0.0
497,role_labeled,no_prime_eos,no_prime_eos,,a professor judges a reader .,a reader is judged by a professor .,a,professor,a,reader,judg,judges,judged,"[""AGENT=professor"", ""VERB=judg"", ""PATIENT=reader""]","Event roles: AGENT=professor; VERB=judg; PATIENT=reader
Sentence: the",Sentence: the,first_noun,-3.295790433883667,-5.2756853103637695,-1.9798948764801025,active,0.0
497,role_labeled,filler,filler,The market opened after sunrise .,a professor judges a reader .,a reader is judged by a professor .,a,professor,a,reader,judg,judges,judged,"[""AGENT=professor"", ""VERB=judg"", ""PATIENT=reader""]","Prime sentence: The market opened after sunrise .
Event roles: AGENT=professor; VERB=judg; PATIENT=reader
Sentence: the",Sentence: the,first_noun,-4.878335952758789,-7.475717544555664,-2.597381591796875,active,0.0
498,role_labeled,active,active,a girl strikes a guest .,a son strikes a student .,a student is struck by a son .,a,son,a,student,strik,strikes,struck,"[""AGENT=son"", ""VERB=strik"", ""PATIENT=student""]","Prime sentence: a girl strikes a guest .
Event roles: AGENT=son; VERB=strik; PATIENT=student
Sentence: the",Sentence: the,first_noun,-5.501296043395996,-4.443093299865723,1.0582027435302734,passive,1.0
498,role_labeled,passive,passive,a guest is struck by a girl .,a son strikes a student .,a student is struck by a son .,a,son,a,student,strik,strikes,struck,"[""AGENT=son"", ""VERB=strik"", ""PATIENT=student""]","Prime sentence: a guest is struck by a girl .
Event roles: AGENT=son; VERB=strik; PATIENT=student
Sentence: the",Sentence: the,first_noun,-5.090712070465088,-4.146990776062012,0.9437212944030762,passive,1.0
498,role_labeled,no_prime_eos,no_prime_eos,,a son strikes a student .,a student is struck by a son .,a,son,a,student,strik,strikes,struck,"[""AGENT=son"", ""VERB=strik"", ""PATIENT=student""]","Event roles: AGENT=son; VERB=strik; PATIENT=student
Sentence: the",Sentence: the,first_noun,-4.707605361938477,-3.417587995529175,1.2900173664093018,passive,1.0
498,role_labeled,filler,filler,The singer smiled after rehearsal .,a son strikes a student .,a student is struck by a son .,a,son,a,student,strik,strikes,struck,"[""AGENT=son"", ""VERB=strik"", ""PATIENT=student""]","Prime sentence: The singer smiled after rehearsal .
Event roles: AGENT=son; VERB=strik; PATIENT=student
Sentence: the",Sentence: the,first_noun,-6.069243431091309,-4.284688949584961,1.7845544815063477,passive,1.0
499,role_labeled,active,active,a priest judges a prince .,a chief judges a child .,a child is judged by a chief .,a,chief,a,child,judg,judges,judged,"[""AGENT=chief"", ""PATIENT=child"", ""VERB=judg""]","Prime sentence: a priest judges a prince .
Event roles: AGENT=chief; PATIENT=child; VERB=judg
Sentence: the",Sentence: the,first_noun,-4.391729354858398,-4.0341691970825195,0.3575601577758789,passive,1.0
499,role_labeled,passive,passive,a prince is judged by a priest .,a chief judges a child .,a child is judged by a chief .,a,chief,a,child,judg,judges,judged,"[""AGENT=chief"", ""PATIENT=child"", ""VERB=judg""]","Prime sentence: a prince is judged by a priest .
Event roles: AGENT=chief; PATIENT=child; VERB=judg
Sentence: the",Sentence: the,first_noun,-4.559981346130371,-3.830514430999756,0.7294669151306152,passive,1.0
499,role_labeled,no_prime_eos,no_prime_eos,,a chief judges a child .,a child is judged by a chief .,a,chief,a,child,judg,judges,judged,"[""AGENT=chief"", ""PATIENT=child"", ""VERB=judg""]","Event roles: AGENT=chief; PATIENT=child; VERB=judg
Sentence: the",Sentence: the,first_noun,-4.179800033569336,-3.533583402633667,0.646216630935669,passive,1.0
499,role_labeled,filler,filler,The jacket hung behind the chair .,a chief judges a child .,a child is judged by a chief .,a,chief,a,child,judg,judges,judged,"[""AGENT=chief"", ""PATIENT=child"", ""VERB=judg""]","Prime sentence: The jacket hung behind the chair .
Event roles: AGENT=chief; PATIENT=child; VERB=judg
Sentence: the",Sentence: the,first_noun,-6.252918243408203,-4.235505104064941,2.0174131393432617,passive,1.0
500,role_labeled,active,active,an employee punches an employer .,a secretary punches a sheriff .,a sheriff is punched by a secretary .,a,secretary,a,sheriff,punch,punches,punched,"[""AGENT=secretary"", ""VERB=punch"", ""PATIENT=sheriff""]","Prime sentence: an employee punches an employer .
Event roles: AGENT=secretary; VERB=punch; PATIENT=sheriff
Sentence: the",Sentence: the,first_noun,-4.7761125564575195,-3.760993719100952,1.0151188373565674,passive,1.0
500,role_labeled,passive,passive,an employer is punched by an employee .,a secretary punches a sheriff .,a sheriff is punched by a secretary .,a,secretary,a,sheriff,punch,punches,punched,"[""AGENT=secretary"", ""VERB=punch"", ""PATIENT=sheriff""]","Prime sentence: an employer is punched by an employee .
Event roles: AGENT=secretary; VERB=punch; PATIENT=sheriff
Sentence: the",Sentence: the,first_noun,-4.747467994689941,-3.684225082397461,1.0632429122924805,passive,1.0
500,role_labeled,no_prime_eos,no_prime_eos,,a secretary punches a sheriff .,a sheriff is punched by a secretary .,a,secretary,a,sheriff,punch,punches,punched,"[""AGENT=secretary"", ""VERB=punch"", ""PATIENT=sheriff""]","Event roles: AGENT=secretary; VERB=punch; PATIENT=sheriff
Sentence: the",Sentence: the,first_noun,-4.451817512512207,-4.800509929656982,-0.3486924171447754,active,0.0
500,role_labeled,filler,filler,The window rattled during the storm .,a secretary punches a sheriff .,a sheriff is punched by a secretary .,a,secretary,a,sheriff,punch,punches,punched,"[""AGENT=secretary"", ""VERB=punch"", ""PATIENT=sheriff""]","Prime sentence: The window rattled during the storm .
Event roles: AGENT=secretary; VERB=punch; PATIENT=sheriff
Sentence: the",Sentence: the,first_noun,-6.652889251708984,-4.913952827453613,1.738936424255371,passive,1.0
501,role_labeled,active,active,a candidate protects a captain .,a partner protects a physician .,a physician is protected by a partner .,a,partner,a,physician,protect,protects,protected,"[""VERB=protect"", ""AGENT=partner"", ""PATIENT=physician""]","Prime sentence: a candidate protects a captain .
Event roles: VERB=protect; AGENT=partner; PATIENT=physician
Sentence: the",Sentence: the,first_noun,-7.34463357925415,-5.7103681564331055,1.634265422821045,passive,1.0
501,role_labeled,passive,passive,a captain is protected by a candidate .,a partner protects a physician .,a physician is protected by a partner .,a,partner,a,physician,protect,protects,protected,"[""VERB=protect"", ""AGENT=partner"", ""PATIENT=physician""]","Prime sentence: a captain is protected by a candidate .
Event roles: VERB=protect; AGENT=partner; PATIENT=physician
Sentence: the",Sentence: the,first_noun,-7.206572532653809,-5.262218475341797,1.9443540573120117,passive,1.0
501,role_labeled,no_prime_eos,no_prime_eos,,a partner protects a physician .,a physician is protected by a partner .,a,partner,a,physician,protect,protects,protected,"[""VERB=protect"", ""AGENT=partner"", ""PATIENT=physician""]","Event roles: VERB=protect; AGENT=partner; PATIENT=physician
Sentence: the",Sentence: the,first_noun,-7.41140604019165,-3.948770523071289,3.4626355171203613,passive,1.0
501,role_labeled,filler,filler,The planet shimmered above the valley .,a partner protects a physician .,a physician is protected by a partner .,a,partner,a,physician,protect,protects,protected,"[""VERB=protect"", ""AGENT=partner"", ""PATIENT=physician""]","Prime sentence: The planet shimmered above the valley .
Event roles: VERB=protect; AGENT=partner; PATIENT=physician
Sentence: the",Sentence: the,first_noun,-9.279090881347656,-6.951821327209473,2.3272695541381836,passive,1.0
502,role_labeled,active,active,a president washes a priest .,a champion washes a chief .,a chief is washed by a champion .,a,champion,a,chief,wash,washes,washed,"[""AGENT=champion"", ""PATIENT=chief"", ""VERB=wash""]","Prime sentence: a president washes a priest .
Event roles: AGENT=champion; PATIENT=chief; VERB=wash
Sentence: the",Sentence: the,first_noun,-7.237100601196289,-5.272173881530762,1.9649267196655273,passive,1.0
502,role_labeled,passive,passive,a priest is washed by a president .,a champion washes a chief .,a chief is washed by a champion .,a,champion,a,chief,wash,washes,washed,"[""AGENT=champion"", ""PATIENT=chief"", ""VERB=wash""]","Prime sentence: a priest is washed by a president .
Event roles: AGENT=champion; PATIENT=chief; VERB=wash
Sentence: the",Sentence: the,first_noun,-6.495595932006836,-5.120416641235352,1.3751792907714844,passive,1.0
502,role_labeled,no_prime_eos,no_prime_eos,,a champion washes a chief .,a chief is washed by a champion .,a,champion,a,chief,wash,washes,washed,"[""AGENT=champion"", ""PATIENT=chief"", ""VERB=wash""]","Event roles: AGENT=champion; PATIENT=chief; VERB=wash
Sentence: the",Sentence: the,first_noun,-5.289359092712402,-4.448896884918213,0.8404622077941895,passive,1.0
502,role_labeled,filler,filler,The engine cooled before dawn .,a champion washes a chief .,a chief is washed by a champion .,a,champion,a,chief,wash,washes,washed,"[""AGENT=champion"", ""PATIENT=chief"", ""VERB=wash""]","Prime sentence: The engine cooled before dawn .
Event roles: AGENT=champion; PATIENT=chief; VERB=wash
Sentence: the",Sentence: the,first_noun,-7.019909858703613,-6.0238518714904785,0.9960579872131348,passive,1.0
503,role_labeled,active,active,a bishop drags a boy .,a mother drags a nurse .,a nurse is dragged by a mother .,a,mother,a,nurse,drag,drags,dragged,"[""VERB=drag"", ""PATIENT=nurse"", ""AGENT=mother""]","Prime sentence: a bishop drags a boy .
Event roles: VERB=drag; PATIENT=nurse; AGENT=mother
Sentence: the",Sentence: the,first_noun,-4.03584098815918,-4.291365623474121,-0.2555246353149414,active,0.0
503,role_labeled,passive,passive,a boy is dragged by a bishop .,a mother drags a nurse .,a nurse is dragged by a mother .,a,mother,a,nurse,drag,drags,dragged,"[""VERB=drag"", ""PATIENT=nurse"", ""AGENT=mother""]","Prime sentence: a boy is dragged by a bishop .
Event roles: VERB=drag; PATIENT=nurse; AGENT=mother
Sentence: the",Sentence: the,first_noun,-4.364363670349121,-4.870300769805908,-0.5059370994567871,active,0.0
503,role_labeled,no_prime_eos,no_prime_eos,,a mother drags a nurse .,a nurse is dragged by a mother .,a,mother,a,nurse,drag,drags,dragged,"[""VERB=drag"", ""PATIENT=nurse"", ""AGENT=mother""]","Event roles: VERB=drag; PATIENT=nurse; AGENT=mother
Sentence: the",Sentence: the,first_noun,-3.8980321884155273,-3.913794755935669,-0.0157625675201416,active,0.0
503,role_labeled,filler,filler,The captain waited beside the harbor .,a mother drags a nurse .,a nurse is dragged by a mother .,a,mother,a,nurse,drag,drags,dragged,"[""VERB=drag"", ""PATIENT=nurse"", ""AGENT=mother""]","Prime sentence: The captain waited beside the harbor .
Event roles: VERB=drag; PATIENT=nurse; AGENT=mother
Sentence: the",Sentence: the,first_noun,-4.387700080871582,-4.841100692749023,-0.4534006118774414,active,0.0
504,role_labeled,active,active,a nurse judges an opponent .,a bishop judges a boy .,a boy is judged by a bishop .,a,bishop,a,boy,judg,judges,judged,"[""AGENT=bishop"", ""VERB=judg"", ""PATIENT=boy""]","Prime sentence: a nurse judges an opponent .
Event roles: AGENT=bishop; VERB=judg; PATIENT=boy
Sentence: the",Sentence: the,first_noun,-2.9394500255584717,-3.2862021923065186,-0.3467521667480469,active,0.0
504,role_labeled,passive,passive,an opponent is judged by a nurse .,a bishop judges a boy .,a boy is judged by a bishop .,a,bishop,a,boy,judg,judges,judged,"[""AGENT=bishop"", ""VERB=judg"", ""PATIENT=boy""]","Prime sentence: an opponent is judged by a nurse .
Event roles: AGENT=bishop; VERB=judg; PATIENT=boy
Sentence: the",Sentence: the,first_noun,-3.1727476119995117,-3.143150806427002,0.029596805572509766,passive,1.0
504,role_labeled,no_prime_eos,no_prime_eos,,a bishop judges a boy .,a boy is judged by a bishop .,a,bishop,a,boy,judg,judges,judged,"[""AGENT=bishop"", ""VERB=judg"", ""PATIENT=boy""]","Event roles: AGENT=bishop; VERB=judg; PATIENT=boy
Sentence: the",Sentence: the,first_noun,-3.427610397338867,-4.111200332641602,-0.6835899353027344,active,0.0
504,role_labeled,filler,filler,The planet shimmered above the valley .,a bishop judges a boy .,a boy is judged by a bishop .,a,bishop,a,boy,judg,judges,judged,"[""AGENT=bishop"", ""VERB=judg"", ""PATIENT=boy""]","Prime sentence: The planet shimmered above the valley .
Event roles: AGENT=bishop; VERB=judg; PATIENT=boy
Sentence: the",Sentence: the,first_noun,-4.448517799377441,-3.560537338256836,0.8879804611206055,passive,1.0
505,role_labeled,active,active,a pilot carries a president .,a captain carries a champion .,a champion is carried by a captain .,a,captain,a,champion,carry,carries,carried,"[""AGENT=captain"", ""VERB=carry"", ""PATIENT=champion""]","Prime sentence: a pilot carries a president .
Event roles: AGENT=captain; VERB=carry; PATIENT=champion
Sentence: the",Sentence: the,first_noun,-3.3718087673187256,-7.603851318359375,-4.232042551040649,active,0.0
505,role_labeled,passive,passive,a president is carried by a pilot .,a captain carries a champion .,a champion is carried by a captain .,a,captain,a,champion,carry,carries,carried,"[""AGENT=captain"", ""VERB=carry"", ""PATIENT=champion""]","Prime sentence: a president is carried by a pilot .
Event roles: AGENT=captain; VERB=carry; PATIENT=champion
Sentence: the",Sentence: the,first_noun,-3.9311444759368896,-7.978089332580566,-4.046944856643677,active,0.0
505,role_labeled,no_prime_eos,no_prime_eos,,a captain carries a champion .,a champion is carried by a captain .,a,captain,a,champion,carry,carries,carried,"[""AGENT=captain"", ""VERB=carry"", ""PATIENT=champion""]","Event roles: AGENT=captain; VERB=carry; PATIENT=champion
Sentence: the",Sentence: the,first_noun,-2.62079119682312,-5.140134811401367,-2.519343614578247,active,0.0
505,role_labeled,filler,filler,The singer smiled after rehearsal .,a captain carries a champion .,a champion is carried by a captain .,a,captain,a,champion,carry,carries,carried,"[""AGENT=captain"", ""VERB=carry"", ""PATIENT=champion""]","Prime sentence: The singer smiled after rehearsal .
Event roles: AGENT=captain; VERB=carry; PATIENT=champion
Sentence: the",Sentence: the,first_noun,-3.8839802742004395,-7.232608795166016,-3.348628520965576,active,0.0
506,role_labeled,active,active,a guest bothers a guy .,a student bothers a teacher .,a teacher is bothered by a student .,a,student,a,teacher,bother,bothers,bothered,"[""AGENT=student"", ""VERB=bother"", ""PATIENT=teacher""]","Prime sentence: a guest bothers a guy .
Event roles: AGENT=student; VERB=bother; PATIENT=teacher
Sentence: the",Sentence: the,first_noun,-2.538469076156616,-3.1170918941497803,-0.5786228179931641,active,0.0
506,role_labeled,passive,passive,a guy is bothered by a guest .,a student bothers a teacher .,a teacher is bothered by a student .,a,student,a,teacher,bother,bothers,bothered,"[""AGENT=student"", ""VERB=bother"", ""PATIENT=teacher""]","Prime sentence: a guy is bothered by a guest .
Event roles: AGENT=student; VERB=bother; PATIENT=teacher
Sentence: the",Sentence: the,first_noun,-2.742360830307007,-3.109699010848999,-0.3673381805419922,active,0.0
506,role_labeled,no_prime_eos,no_prime_eos,,a student bothers a teacher .,a teacher is bothered by a student .,a,student,a,teacher,bother,bothers,bothered,"[""AGENT=student"", ""VERB=bother"", ""PATIENT=teacher""]","Event roles: AGENT=student; VERB=bother; PATIENT=teacher
Sentence: the",Sentence: the,first_noun,-2.5140786170959473,-3.096107006072998,-0.5820283889770508,active,0.0
506,role_labeled,filler,filler,The baker laughed during breakfast .,a student bothers a teacher .,a teacher is bothered by a student .,a,student,a,teacher,bother,bothers,bothered,"[""AGENT=student"", ""VERB=bother"", ""PATIENT=teacher""]","Prime sentence: The baker laughed during breakfast .
Event roles: AGENT=student; VERB=bother; PATIENT=teacher
Sentence: the",Sentence: the,first_noun,-3.0169739723205566,-2.3936147689819336,0.623359203338623,passive,1.0
507,role_labeled,active,active,a physician follows a pilot .,a candidate follows a captain .,a captain is followed by a candidate .,a,candidate,a,captain,follow,follows,followed,"[""VERB=follow"", ""PATIENT=captain"", ""AGENT=candidate""]","Prime sentence: a physician follows a pilot .
Event roles: VERB=follow; PATIENT=captain; AGENT=candidate
Sentence: the",Sentence: the,first_noun,-6.3722639083862305,-3.542228937149048,2.8300349712371826,passive,1.0
507,role_labeled,passive,passive,a pilot is followed by a physician .,a candidate follows a captain .,a captain is followed by a candidate .,a,candidate,a,captain,follow,follows,followed,"[""VERB=follow"", ""PATIENT=captain"", ""AGENT=candidate""]","Prime sentence: a pilot is followed by a physician .
Event roles: VERB=follow; PATIENT=captain; AGENT=candidate
Sentence: the",Sentence: the,first_noun,-6.126123905181885,-3.4186718463897705,2.7074520587921143,passive,1.0
507,role_labeled,no_prime_eos,no_prime_eos,,a candidate follows a captain .,a captain is followed by a candidate .,a,candidate,a,captain,follow,follows,followed,"[""VERB=follow"", ""PATIENT=captain"", ""AGENT=candidate""]","Event roles: VERB=follow; PATIENT=captain; AGENT=candidate
Sentence: the",Sentence: the,first_noun,-5.345882415771484,-3.999922037124634,1.3459603786468506,passive,1.0
507,role_labeled,filler,filler,The jacket hung behind the chair .,a candidate follows a captain .,a captain is followed by a candidate .,a,candidate,a,captain,follow,follows,followed,"[""VERB=follow"", ""PATIENT=captain"", ""AGENT=candidate""]","Prime sentence: The jacket hung behind the chair .
Event roles: VERB=follow; PATIENT=captain; AGENT=candidate
Sentence: the",Sentence: the,first_noun,-6.941910266876221,-3.705076217651367,3.2368340492248535,passive,1.0
508,role_labeled,active,active,a doctor raises an employee .,a scientist raises a secretary .,a secretary is raised by a scientist .,a,scientist,a,secretary,rais,raises,raised,"[""VERB=rais"", ""PATIENT=secretary"", ""AGENT=scientist""]","Prime sentence: a doctor raises an employee .
Event roles: VERB=rais; PATIENT=secretary; AGENT=scientist
Sentence: the",Sentence: the,first_noun,-4.029354572296143,-5.732269287109375,-1.7029147148132324,active,0.0
508,role_labeled,passive,passive,an employee is raised by a doctor .,a scientist raises a secretary .,a secretary is raised by a scientist .,a,scientist,a,secretary,rais,raises,raised,"[""VERB=rais"", ""PATIENT=secretary"", ""AGENT=scientist""]","Prime sentence: an employee is raised by a doctor .
Event roles: VERB=rais; PATIENT=secretary; AGENT=scientist
Sentence: the",Sentence: the,first_noun,-4.088162899017334,-6.120637893676758,-2.032474994659424,active,0.0
508,role_labeled,no_prime_eos,no_prime_eos,,a scientist raises a secretary .,a secretary is raised by a scientist .,a,scientist,a,secretary,rais,raises,raised,"[""VERB=rais"", ""PATIENT=secretary"", ""AGENT=scientist""]","Event roles: VERB=rais; PATIENT=secretary; AGENT=scientist
Sentence: the",Sentence: the,first_noun,-4.812088966369629,-6.975067138671875,-2.162978172302246,active,0.0
508,role_labeled,filler,filler,The captain waited beside the harbor .,a scientist raises a secretary .,a secretary is raised by a scientist .,a,scientist,a,secretary,rais,raises,raised,"[""VERB=rais"", ""PATIENT=secretary"", ""AGENT=scientist""]","Prime sentence: The captain waited beside the harbor .
Event roles: VERB=rais; PATIENT=secretary; AGENT=scientist
Sentence: the",Sentence: the,first_noun,-4.963116645812988,-7.269801139831543,-2.3066844940185547,active,0.0
509,role_labeled,active,active,a parent comforts a partner .,a brother comforts a buddy .,a buddy is comforted by a brother .,a,brother,a,buddy,comfort,comforts,comforted,"[""VERB=comfort"", ""AGENT=brother"", ""PATIENT=buddy""]","Prime sentence: a parent comforts a partner .
Event roles: VERB=comfort; AGENT=brother; PATIENT=buddy
Sentence: the",Sentence: the,first_noun,-6.104857444763184,-9.382583618164062,-3.277726173400879,active,0.0
509,role_labeled,passive,passive,a partner is comforted by a parent .,a brother comforts a buddy .,a buddy is comforted by a brother .,a,brother,a,buddy,comfort,comforts,comforted,"[""VERB=comfort"", ""AGENT=brother"", ""PATIENT=buddy""]","Prime sentence: a partner is comforted by a parent .
Event roles: VERB=comfort; AGENT=brother; PATIENT=buddy
Sentence: the",Sentence: the,first_noun,-5.8675150871276855,-9.083616256713867,-3.2161011695861816,active,0.0
509,role_labeled,no_prime_eos,no_prime_eos,,a brother comforts a buddy .,a buddy is comforted by a brother .,a,brother,a,buddy,comfort,comforts,comforted,"[""VERB=comfort"", ""AGENT=brother"", ""PATIENT=buddy""]","Event roles: VERB=comfort; AGENT=brother; PATIENT=buddy
Sentence: the",Sentence: the,first_noun,-5.809978008270264,-9.089099884033203,-3.2791218757629395,active,0.0
509,role_labeled,filler,filler,The lantern glowed near sunset .,a brother comforts a buddy .,a buddy is comforted by a brother .,a,brother,a,buddy,comfort,comforts,comforted,"[""VERB=comfort"", ""AGENT=brother"", ""PATIENT=buddy""]","Prime sentence: The lantern glowed near sunset .
Event roles: VERB=comfort; AGENT=brother; PATIENT=buddy
Sentence: the",Sentence: the,first_noun,-7.758761882781982,-10.657270431518555,-2.8985085487365723,active,0.0
510,role_labeled,active,active,a kid chases a king .,a winner chases a woman .,a woman is chased by a winner .,a,winner,a,woman,chas,chases,chased,"[""VERB=chas"", ""PATIENT=woman"", ""AGENT=winner""]","Prime sentence: a kid chases a king .
Event roles: VERB=chas; PATIENT=woman; AGENT=winner
Sentence: the",Sentence: the,first_noun,-6.198066711425781,-4.786479473114014,1.4115872383117676,passive,1.0
510,role_labeled,passive,passive,a king is chased by a kid .,a winner chases a woman .,a woman is chased by a winner .,a,winner,a,woman,chas,chases,chased,"[""VERB=chas"", ""PATIENT=woman"", ""AGENT=winner""]","Prime sentence: a king is chased by a kid .
Event roles: VERB=chas; PATIENT=woman; AGENT=winner
Sentence: the",Sentence: the,first_noun,-6.505670070648193,-4.886732578277588,1.6189374923706055,passive,1.0
510,role_labeled,no_prime_eos,no_prime_eos,,a winner chases a woman .,a woman is chased by a winner .,a,winner,a,woman,chas,chases,chased,"[""VERB=chas"", ""PATIENT=woman"", ""AGENT=winner""]","Event roles: VERB=chas; PATIENT=woman; AGENT=winner
Sentence: the",Sentence: the,first_noun,-4.142942428588867,-3.828296422958374,0.31464600563049316,passive,1.0
510,role_labeled,filler,filler,The notebook stayed on the shelf .,a winner chases a woman .,a woman is chased by a winner .,a,winner,a,woman,chas,chases,chased,"[""VERB=chas"", ""PATIENT=woman"", ""AGENT=winner""]","Prime sentence: The notebook stayed on the shelf .
Event roles: VERB=chas; PATIENT=woman; AGENT=winner
Sentence: the",Sentence: the,first_noun,-6.2164812088012695,-4.235925674438477,1.980555534362793,passive,1.0
511,role_labeled,active,active,a professor kisses a reader .,a cop kisses a cousin .,a cousin is kissed by a cop .,a,cop,a,cousin,kiss,kisses,kissed,"[""VERB=kiss"", ""PATIENT=cousin"", ""AGENT=cop""]","Prime sentence: a professor kisses a reader .
Event roles: VERB=kiss; PATIENT=cousin; AGENT=cop
Sentence: the",Sentence: the,first_noun,-5.228460788726807,-8.8424711227417,-3.6140103340148926,active,0.0
511,role_labeled,passive,passive,a reader is kissed by a professor .,a cop kisses a cousin .,a cousin is kissed by a cop .,a,cop,a,cousin,kiss,kisses,kissed,"[""VERB=kiss"", ""PATIENT=cousin"", ""AGENT=cop""]","Prime sentence: a reader is kissed by a professor .
Event roles: VERB=kiss; PATIENT=cousin; AGENT=cop
Sentence: the",Sentence: the,first_noun,-5.818650245666504,-9.284329414367676,-3.465679168701172,active,0.0
511,role_labeled,no_prime_eos,no_prime_eos,,a cop kisses a cousin .,a cousin is kissed by a cop .,a,cop,a,cousin,kiss,kisses,kissed,"[""VERB=kiss"", ""PATIENT=cousin"", ""AGENT=cop""]","Event roles: VERB=kiss; PATIENT=cousin; AGENT=cop
Sentence: the",Sentence: the,first_noun,-5.65360164642334,-8.820867538452148,-3.1672658920288086,active,0.0
511,role_labeled,filler,filler,The engine cooled before dawn .,a cop kisses a cousin .,a cousin is kissed by a cop .,a,cop,a,cousin,kiss,kisses,kissed,"[""VERB=kiss"", ""PATIENT=cousin"", ""AGENT=cop""]","Prime sentence: The engine cooled before dawn .
Event roles: VERB=kiss; PATIENT=cousin; AGENT=cop
Sentence: the",Sentence: the,first_noun,-7.275591850280762,-9.061455726623535,-1.7858638763427734,active,0.0
512,role_labeled,active,active,a woman forgives a worker .,a kid forgives a king .,a king is forgiven by a kid .,a,kid,a,king,forgiv,forgives,forgiven,"[""AGENT=kid"", ""PATIENT=king"", ""VERB=forgiv""]","Prime sentence: a woman forgives a worker .
Event roles: AGENT=kid; PATIENT=king; VERB=forgiv
Sentence: the",Sentence: the,first_noun,-6.248261451721191,-3.182725191116333,3.0655362606048584,passive,1.0
512,role_labeled,passive,passive,a worker is forgiven by a woman .,a kid forgives a king .,a king is forgiven by a kid .,a,kid,a,king,forgiv,forgives,forgiven,"[""AGENT=kid"", ""PATIENT=king"", ""VERB=forgiv""]","Prime sentence: a worker is forgiven by a woman .
Event roles: AGENT=kid; PATIENT=king; VERB=forgiv
Sentence: the",Sentence: the,first_noun,-5.622349739074707,-2.832822322845459,2.789527416229248,passive,1.0
512,role_labeled,no_prime_eos,no_prime_eos,,a kid forgives a king .,a king is forgiven by a kid .,a,kid,a,king,forgiv,forgives,forgiven,"[""AGENT=kid"", ""PATIENT=king"", ""VERB=forgiv""]","Event roles: AGENT=kid; PATIENT=king; VERB=forgiv
Sentence: the",Sentence: the,first_noun,-5.91959285736084,-2.869394063949585,3.050198793411255,passive,1.0
512,role_labeled,filler,filler,The garden brightened after rain .,a kid forgives a king .,a king is forgiven by a kid .,a,kid,a,king,forgiv,forgives,forgiven,"[""AGENT=kid"", ""PATIENT=king"", ""VERB=forgiv""]","Prime sentence: The garden brightened after rain .
Event roles: AGENT=kid; PATIENT=king; VERB=forgiv
Sentence: the",Sentence: the,first_noun,-6.501615524291992,-3.7779226303100586,2.7236928939819336,passive,1.0
513,role_labeled,active,active,a president surprises a priest .,a champion surprises a chief .,a chief is surprised by a champion .,a,champion,a,chief,surpris,surprises,surprised,"[""AGENT=champion"", ""PATIENT=chief"", ""VERB=surpris""]","Prime sentence: a president surprises a priest .
Event roles: AGENT=champion; PATIENT=chief; VERB=surpris
Sentence: the",Sentence: the,first_noun,-7.50623083114624,-5.594382286071777,1.911848545074463,passive,1.0
513,role_labeled,passive,passive,a priest is surprised by a president .,a champion surprises a chief .,a chief is surprised by a champion .,a,champion,a,chief,surpris,surprises,surprised,"[""AGENT=champion"", ""PATIENT=chief"", ""VERB=surpris""]","Prime sentence: a priest is surprised by a president .
Event roles: AGENT=champion; PATIENT=chief; VERB=surpris
Sentence: the",Sentence: the,first_noun,-6.688080787658691,-5.247295379638672,1.4407854080200195,passive,1.0
513,role_labeled,no_prime_eos,no_prime_eos,,a champion surprises a chief .,a chief is surprised by a champion .,a,champion,a,chief,surpris,surprises,surprised,"[""AGENT=champion"", ""PATIENT=chief"", ""VERB=surpris""]","Event roles: AGENT=champion; PATIENT=chief; VERB=surpris
Sentence: the",Sentence: the,first_noun,-4.861752986907959,-4.495443820953369,0.36630916595458984,passive,1.0
513,role_labeled,filler,filler,The garden brightened after rain .,a champion surprises a chief .,a chief is surprised by a champion .,a,champion,a,chief,surpris,surprises,surprised,"[""AGENT=champion"", ""PATIENT=chief"", ""VERB=surpris""]","Prime sentence: The garden brightened after rain .
Event roles: AGENT=champion; PATIENT=chief; VERB=surpris
Sentence: the",Sentence: the,first_noun,-8.160528182983398,-6.897409915924072,1.2631182670593262,passive,1.0
514,role_labeled,active,active,a kid helps a king .,a winner helps a woman .,a woman is helped by a winner .,a,winner,a,woman,help,helps,helped,"[""VERB=help"", ""AGENT=winner"", ""PATIENT=woman""]","Prime sentence: a kid helps a king .
Event roles: VERB=help; AGENT=winner; PATIENT=woman
Sentence: the",Sentence: the,first_noun,-6.430505275726318,-4.9356770515441895,1.494828224182129,passive,1.0
514,role_labeled,passive,passive,a king is helped by a kid .,a winner helps a woman .,a woman is helped by a winner .,a,winner,a,woman,help,helps,helped,"[""VERB=help"", ""AGENT=winner"", ""PATIENT=woman""]","Prime sentence: a king is helped by a kid .
Event roles: VERB=help; AGENT=winner; PATIENT=woman
Sentence: the",Sentence: the,first_noun,-6.622859001159668,-4.729036331176758,1.8938226699829102,passive,1.0
514,role_labeled,no_prime_eos,no_prime_eos,,a winner helps a woman .,a woman is helped by a winner .,a,winner,a,woman,help,helps,helped,"[""VERB=help"", ""AGENT=winner"", ""PATIENT=woman""]","Event roles: VERB=help; AGENT=winner; PATIENT=woman
Sentence: the",Sentence: the,first_noun,-4.202149391174316,-3.3693506717681885,0.8327987194061279,passive,1.0
514,role_labeled,filler,filler,The market opened after sunrise .,a winner helps a woman .,a woman is helped by a winner .,a,winner,a,woman,help,helps,helped,"[""VERB=help"", ""AGENT=winner"", ""PATIENT=woman""]","Prime sentence: The market opened after sunrise .
Event roles: VERB=help; AGENT=winner; PATIENT=woman
Sentence: the",Sentence: the,first_noun,-7.518467903137207,-4.995098114013672,2.523369789123535,passive,1.0
515,role_labeled,active,active,a brother understands a buddy .,an opponent understands a parent .,a parent is understood by an opponent .,an,opponent,a,parent,understand,understands,understood,"[""AGENT=opponent"", ""VERB=understand"", ""PATIENT=parent""]","Prime sentence: a brother understands a buddy .
Event roles: AGENT=opponent; VERB=understand; PATIENT=parent
Sentence: the",Sentence: the,first_noun,-7.279298305511475,-6.4762444496154785,0.8030538558959961,passive,1.0
515,role_labeled,passive,passive,a buddy is understood by a brother .,an opponent understands a parent .,a parent is understood by an opponent .,an,opponent,a,parent,understand,understands,understood,"[""AGENT=opponent"", ""VERB=understand"", ""PATIENT=parent""]","Prime sentence: a buddy is understood by a brother .
Event roles: AGENT=opponent; VERB=understand; PATIENT=parent
Sentence: the",Sentence: the,first_noun,-6.730968952178955,-6.141894340515137,0.5890746116638184,passive,1.0
515,role_labeled,no_prime_eos,no_prime_eos,,an opponent understands a parent .,a parent is understood by an opponent .,an,opponent,a,parent,understand,understands,understood,"[""AGENT=opponent"", ""VERB=understand"", ""PATIENT=parent""]","Event roles: AGENT=opponent; VERB=understand; PATIENT=parent
Sentence: the",Sentence: the,first_noun,-4.643459796905518,-5.518260478973389,-0.8748006820678711,active,0.0
515,role_labeled,filler,filler,The planet shimmered above the valley .,an opponent understands a parent .,a parent is understood by an opponent .,an,opponent,a,parent,understand,understands,understood,"[""AGENT=opponent"", ""VERB=understand"", ""PATIENT=parent""]","Prime sentence: The planet shimmered above the valley .
Event roles: AGENT=opponent; VERB=understand; PATIENT=parent
Sentence: the",Sentence: the,first_noun,-8.327140808105469,-7.46535062789917,0.8617901802062988,passive,1.0
516,role_labeled,active,active,a father protects a friend .,a singer protects a soldier .,a soldier is protected by a singer .,a,singer,a,soldier,protect,protects,protected,"[""PATIENT=soldier"", ""VERB=protect"", ""AGENT=singer""]","Prime sentence: a father protects a friend .
Event roles: PATIENT=soldier; VERB=protect; AGENT=singer
Sentence: the",Sentence: the,first_noun,-6.112226486206055,-3.4334394931793213,2.6787869930267334,passive,1.0
516,role_labeled,passive,passive,a friend is protected by a father .,a singer protects a soldier .,a soldier is protected by a singer .,a,singer,a,soldier,protect,protects,protected,"[""PATIENT=soldier"", ""VERB=protect"", ""AGENT=singer""]","Prime sentence: a friend is protected by a father .
Event roles: PATIENT=soldier; VERB=protect; AGENT=singer
Sentence: the",Sentence: the,first_noun,-5.846384048461914,-3.003565549850464,2.84281849861145,passive,1.0
516,role_labeled,no_prime_eos,no_prime_eos,,a singer protects a soldier .,a soldier is protected by a singer .,a,singer,a,soldier,protect,protects,protected,"[""PATIENT=soldier"", ""VERB=protect"", ""AGENT=singer""]","Event roles: PATIENT=soldier; VERB=protect; AGENT=singer
Sentence: the",Sentence: the,first_noun,-5.221615314483643,-3.3951401710510254,1.8264751434326172,passive,1.0
516,role_labeled,filler,filler,The market opened after sunrise .,a singer protects a soldier .,a soldier is protected by a singer .,a,singer,a,soldier,protect,protects,protected,"[""PATIENT=soldier"", ""VERB=protect"", ""AGENT=singer""]","Prime sentence: The market opened after sunrise .
Event roles: PATIENT=soldier; VERB=protect; AGENT=singer
Sentence: the",Sentence: the,first_noun,-6.827162742614746,-5.008177280426025,1.8189854621887207,passive,1.0
517,role_labeled,active,active,a pilot grabs a president .,a captain grabs a champion .,a champion is grabbed by a captain .,a,captain,a,champion,grab,grabs,grabbed,"[""AGENT=captain"", ""PATIENT=champion"", ""VERB=grab""]","Prime sentence: a pilot grabs a president .
Event roles: AGENT=captain; PATIENT=champion; VERB=grab
Sentence: the",Sentence: the,first_noun,-3.372154951095581,-7.3439106941223145,-3.9717557430267334,active,0.0
517,role_labeled,passive,passive,a president is grabbed by a pilot .,a captain grabs a champion .,a champion is grabbed by a captain .,a,captain,a,champion,grab,grabs,grabbed,"[""AGENT=captain"", ""PATIENT=champion"", ""VERB=grab""]","Prime sentence: a president is grabbed by a pilot .
Event roles: AGENT=captain; PATIENT=champion; VERB=grab
Sentence: the",Sentence: the,first_noun,-3.826225757598877,-8.34427261352539,-4.518046855926514,active,0.0
517,role_labeled,no_prime_eos,no_prime_eos,,a captain grabs a champion .,a champion is grabbed by a captain .,a,captain,a,champion,grab,grabs,grabbed,"[""AGENT=captain"", ""PATIENT=champion"", ""VERB=grab""]","Event roles: AGENT=captain; PATIENT=champion; VERB=grab
Sentence: the",Sentence: the,first_noun,-3.384758710861206,-5.044837951660156,-1.6600792407989502,active,0.0
517,role_labeled,filler,filler,The tourist wandered through the plaza .,a captain grabs a champion .,a champion is grabbed by a captain .,a,captain,a,champion,grab,grabs,grabbed,"[""AGENT=captain"", ""PATIENT=champion"", ""VERB=grab""]","Prime sentence: The tourist wandered through the plaza .
Event roles: AGENT=captain; PATIENT=champion; VERB=grab
Sentence: the",Sentence: the,first_noun,-4.529842376708984,-6.517204761505127,-1.9873623847961426,active,0.0
518,role_labeled,active,active,a cousin raises a daughter .,a professor raises a reader .,a reader is raised by a professor .,a,professor,a,reader,rais,raises,raised,"[""AGENT=professor"", ""PATIENT=reader"", ""VERB=rais""]","Prime sentence: a cousin raises a daughter .
Event roles: AGENT=professor; PATIENT=reader; VERB=rais
Sentence: the",Sentence: the,first_noun,-3.5486791133880615,-6.186556339263916,-2.6378772258758545,active,0.0
518,role_labeled,passive,passive,a daughter is raised by a cousin .,a professor raises a reader .,a reader is raised by a professor .,a,professor,a,reader,rais,raises,raised,"[""AGENT=professor"", ""PATIENT=reader"", ""VERB=rais""]","Prime sentence: a daughter is raised by a cousin .
Event roles: AGENT=professor; PATIENT=reader; VERB=rais
Sentence: the",Sentence: the,first_noun,-3.800177812576294,-6.36264705657959,-2.562469244003296,active,0.0
518,role_labeled,no_prime_eos,no_prime_eos,,a professor raises a reader .,a reader is raised by a professor .,a,professor,a,reader,rais,raises,raised,"[""AGENT=professor"", ""PATIENT=reader"", ""VERB=rais""]","Event roles: AGENT=professor; PATIENT=reader; VERB=rais
Sentence: the",Sentence: the,first_noun,-3.8034889698028564,-5.05455207824707,-1.2510631084442139,active,0.0
518,role_labeled,filler,filler,The planet shimmered above the valley .,a professor raises a reader .,a reader is raised by a professor .,a,professor,a,reader,rais,raises,raised,"[""AGENT=professor"", ""PATIENT=reader"", ""VERB=rais""]","Prime sentence: The planet shimmered above the valley .
Event roles: AGENT=professor; PATIENT=reader; VERB=rais
Sentence: the",Sentence: the,first_noun,-4.547893047332764,-6.99165678024292,-2.4437637329101562,active,0.0
519,role_labeled,active,active,a girl carries a guest .,a son carries a student .,a student is carried by a son .,a,son,a,student,carry,carries,carried,"[""AGENT=son"", ""PATIENT=student"", ""VERB=carry""]","Prime sentence: a girl carries a guest .
Event roles: AGENT=son; PATIENT=student; VERB=carry
Sentence: the",Sentence: the,first_noun,-5.40700626373291,-4.115504264831543,1.2915019989013672,passive,1.0
519,role_labeled,passive,passive,a guest is carried by a girl .,a son carries a student .,a student is carried by a son .,a,son,a,student,carry,carries,carried,"[""AGENT=son"", ""PATIENT=student"", ""VERB=carry""]","Prime sentence: a guest is carried by a girl .
Event roles: AGENT=son; PATIENT=student; VERB=carry
Sentence: the",Sentence: the,first_noun,-5.068759918212891,-3.835143566131592,1.2336163520812988,passive,1.0
519,role_labeled,no_prime_eos,no_prime_eos,,a son carries a student .,a student is carried by a son .,a,son,a,student,carry,carries,carried,"[""AGENT=son"", ""PATIENT=student"", ""VERB=carry""]","Event roles: AGENT=son; PATIENT=student; VERB=carry
Sentence: the",Sentence: the,first_noun,-5.042471885681152,-2.8557674884796143,2.186704397201538,passive,1.0
519,role_labeled,filler,filler,The planet shimmered above the valley .,a son carries a student .,a student is carried by a son .,a,son,a,student,carry,carries,carried,"[""AGENT=son"", ""PATIENT=student"", ""VERB=carry""]","Prime sentence: The planet shimmered above the valley .
Event roles: AGENT=son; PATIENT=student; VERB=carry
Sentence: the",Sentence: the,first_noun,-6.103026866912842,-5.309961318969727,0.7930655479431152,passive,1.0
520,role_labeled,active,active,a physician chases a pilot .,a candidate chases a captain .,a captain is chased by a candidate .,a,candidate,a,captain,chas,chases,chased,"[""AGENT=candidate"", ""VERB=chas"", ""PATIENT=captain""]","Prime sentence: a physician chases a pilot .
Event roles: AGENT=candidate; VERB=chas; PATIENT=captain
Sentence: the",Sentence: the,first_noun,-5.600254058837891,-3.631617784500122,1.9686362743377686,passive,1.0
520,role_labeled,passive,passive,a pilot is chased by a physician .,a candidate chases a captain .,a captain is chased by a candidate .,a,candidate,a,captain,chas,chases,chased,"[""AGENT=candidate"", ""VERB=chas"", ""PATIENT=captain""]","Prime sentence: a pilot is chased by a physician .
Event roles: AGENT=candidate; VERB=chas; PATIENT=captain
Sentence: the",Sentence: the,first_noun,-5.372705459594727,-3.715813398361206,1.6568920612335205,passive,1.0
520,role_labeled,no_prime_eos,no_prime_eos,,a candidate chases a captain .,a captain is chased by a candidate .,a,candidate,a,captain,chas,chases,chased,"[""AGENT=candidate"", ""VERB=chas"", ""PATIENT=captain""]","Event roles: AGENT=candidate; VERB=chas; PATIENT=captain
Sentence: the",Sentence: the,first_noun,-3.7915146350860596,-3.9066321849823,-0.11511754989624023,active,0.0
520,role_labeled,filler,filler,The tourist wandered through the plaza .,a candidate chases a captain .,a captain is chased by a candidate .,a,candidate,a,captain,chas,chases,chased,"[""AGENT=candidate"", ""VERB=chas"", ""PATIENT=captain""]","Prime sentence: The tourist wandered through the plaza .
Event roles: AGENT=candidate; VERB=chas; PATIENT=captain
Sentence: the",Sentence: the,first_noun,-4.093721389770508,-4.2694573402404785,-0.1757359504699707,active,0.0
521,role_labeled,active,active,a boy catches a brother .,a nurse catches an opponent .,an opponent is caught by a nurse .,a,nurse,an,opponent,catch,catches,caught,"[""VERB=catch"", ""PATIENT=opponent"", ""AGENT=nurse""]","Prime sentence: a boy catches a brother .
Event roles: VERB=catch; PATIENT=opponent; AGENT=nurse
Sentence: the",Sentence: the,first_noun,-4.735158920288086,-7.508928298950195,-2.7737693786621094,active,0.0
521,role_labeled,passive,passive,a brother is caught by a boy .,a nurse catches an opponent .,an opponent is caught by a nurse .,a,nurse,an,opponent,catch,catches,caught,"[""VERB=catch"", ""PATIENT=opponent"", ""AGENT=nurse""]","Prime sentence: a brother is caught by a boy .
Event roles: VERB=catch; PATIENT=opponent; AGENT=nurse
Sentence: the",Sentence: the,first_noun,-4.457580089569092,-7.331465721130371,-2.8738856315612793,active,0.0
521,role_labeled,no_prime_eos,no_prime_eos,,a nurse catches an opponent .,an opponent is caught by a nurse .,a,nurse,an,opponent,catch,catches,caught,"[""VERB=catch"", ""PATIENT=opponent"", ""AGENT=nurse""]","Event roles: VERB=catch; PATIENT=opponent; AGENT=nurse
Sentence: the",Sentence: the,first_noun,-3.501893997192383,-5.4833149909973145,-1.9814209938049316,active,0.0
521,role_labeled,filler,filler,The kettle whistled in the kitchen .,a nurse catches an opponent .,an opponent is caught by a nurse .,a,nurse,an,opponent,catch,catches,caught,"[""VERB=catch"", ""PATIENT=opponent"", ""AGENT=nurse""]","Prime sentence: The kettle whistled in the kitchen .
Event roles: VERB=catch; PATIENT=opponent; AGENT=nurse
Sentence: the",Sentence: the,first_noun,-5.536460876464844,-9.310250282287598,-3.773789405822754,active,0.0
522,role_labeled,active,active,a president hurries a priest .,a champion hurries a chief .,a chief is hurried by a champion .,a,champion,a,chief,hurry,hurries,hurried,"[""PATIENT=chief"", ""AGENT=champion"", ""VERB=hurry""]","Prime sentence: a president hurries a priest .
Event roles: PATIENT=chief; AGENT=champion; VERB=hurry
Sentence: the",Sentence: the,first_noun,-7.73170280456543,-4.423789024353027,3.3079137802124023,passive,1.0
522,role_labeled,passive,passive,a priest is hurried by a president .,a champion hurries a chief .,a chief is hurried by a champion .,a,champion,a,chief,hurry,hurries,hurried,"[""PATIENT=chief"", ""AGENT=champion"", ""VERB=hurry""]","Prime sentence: a priest is hurried by a president .
Event roles: PATIENT=chief; AGENT=champion; VERB=hurry
Sentence: the",Sentence: the,first_noun,-7.673032283782959,-4.820104122161865,2.8529281616210938,passive,1.0
522,role_labeled,no_prime_eos,no_prime_eos,,a champion hurries a chief .,a chief is hurried by a champion .,a,champion,a,chief,hurry,hurries,hurried,"[""PATIENT=chief"", ""AGENT=champion"", ""VERB=hurry""]","Event roles: PATIENT=chief; AGENT=champion; VERB=hurry
Sentence: the",Sentence: the,first_noun,-5.6215949058532715,-4.476711750030518,1.144883155822754,passive,1.0
522,role_labeled,filler,filler,The blanket dried on the line .,a champion hurries a chief .,a chief is hurried by a champion .,a,champion,a,chief,hurry,hurries,hurried,"[""PATIENT=chief"", ""AGENT=champion"", ""VERB=hurry""]","Prime sentence: The blanket dried on the line .
Event roles: PATIENT=chief; AGENT=champion; VERB=hurry
Sentence: the",Sentence: the,first_noun,-7.259914398193359,-6.493415355682373,0.7664990425109863,passive,1.0
523,role_labeled,active,active,a brother hurts a buddy .,an opponent hurts a parent .,a parent is hurt by an opponent .,an,opponent,a,parent,hurt,hurts,hurt,"[""VERB=hurt"", ""AGENT=opponent"", ""PATIENT=parent""]","Prime sentence: a brother hurts a buddy .
Event roles: VERB=hurt; AGENT=opponent; PATIENT=parent
Sentence: the",Sentence: the,first_noun,-7.376677513122559,-6.067111968994141,1.309565544128418,passive,1.0
523,role_labeled,passive,passive,a buddy is hurt by a brother .,an opponent hurts a parent .,a parent is hurt by an opponent .,an,opponent,a,parent,hurt,hurts,hurt,"[""VERB=hurt"", ""AGENT=opponent"", ""PATIENT=parent""]","Prime sentence: a buddy is hurt by a brother .
Event roles: VERB=hurt; AGENT=opponent; PATIENT=parent
Sentence: the",Sentence: the,first_noun,-7.098114013671875,-5.644313812255859,1.4538002014160156,passive,1.0
523,role_labeled,no_prime_eos,no_prime_eos,,an opponent hurts a parent .,a parent is hurt by an opponent .,an,opponent,a,parent,hurt,hurts,hurt,"[""VERB=hurt"", ""AGENT=opponent"", ""PATIENT=parent""]","Event roles: VERB=hurt; AGENT=opponent; PATIENT=parent
Sentence: the",Sentence: the,first_noun,-4.993500709533691,-5.381455421447754,-0.3879547119140625,active,0.0
523,role_labeled,filler,filler,The window rattled during the storm .,an opponent hurts a parent .,a parent is hurt by an opponent .,an,opponent,a,parent,hurt,hurts,hurt,"[""VERB=hurt"", ""AGENT=opponent"", ""PATIENT=parent""]","Prime sentence: The window rattled during the storm .
Event roles: VERB=hurt; AGENT=opponent; PATIENT=parent
Sentence: the",Sentence: the,first_noun,-8.659188270568848,-7.951843738555908,0.7073445320129395,passive,1.0
524,role_labeled,active,active,a nurse comforts an opponent .,a bishop comforts a boy .,a boy is comforted by a bishop .,a,bishop,a,boy,comfort,comforts,comforted,"[""PATIENT=boy"", ""AGENT=bishop"", ""VERB=comfort""]","Prime sentence: a nurse comforts an opponent .
Event roles: PATIENT=boy; AGENT=bishop; VERB=comfort
Sentence: the",Sentence: the,first_noun,-3.320067882537842,-3.686412811279297,-0.3663449287414551,active,0.0
524,role_labeled,passive,passive,an opponent is comforted by a nurse .,a bishop comforts a boy .,a boy is comforted by a bishop .,a,bishop,a,boy,comfort,comforts,comforted,"[""PATIENT=boy"", ""AGENT=bishop"", ""VERB=comfort""]","Prime sentence: an opponent is comforted by a nurse .
Event roles: PATIENT=boy; AGENT=bishop; VERB=comfort
Sentence: the",Sentence: the,first_noun,-3.352553367614746,-4.04089879989624,-0.6883454322814941,active,0.0
524,role_labeled,no_prime_eos,no_prime_eos,,a bishop comforts a boy .,a boy is comforted by a bishop .,a,bishop,a,boy,comfort,comforts,comforted,"[""PATIENT=boy"", ""AGENT=bishop"", ""VERB=comfort""]","Event roles: PATIENT=boy; AGENT=bishop; VERB=comfort
Sentence: the",Sentence: the,first_noun,-3.888963460922241,-3.765986204147339,0.12297725677490234,passive,1.0
524,role_labeled,filler,filler,The window rattled during the storm .,a bishop comforts a boy .,a boy is comforted by a bishop .,a,bishop,a,boy,comfort,comforts,comforted,"[""PATIENT=boy"", ""AGENT=bishop"", ""VERB=comfort""]","Prime sentence: The window rattled during the storm .
Event roles: PATIENT=boy; AGENT=bishop; VERB=comfort
Sentence: the",Sentence: the,first_noun,-5.608379364013672,-3.8769209384918213,1.7314584255218506,passive,1.0
525,role_labeled,active,active,a partner selects a physician .,a buddy selects a candidate .,a candidate is selected by a buddy .,a,buddy,a,candidate,select,selects,selected,"[""VERB=select"", ""AGENT=buddy"", ""PATIENT=candidate""]","Prime sentence: a partner selects a physician .
Event roles: VERB=select; AGENT=buddy; PATIENT=candidate
Sentence: the",Sentence: the,first_noun,-6.503628730773926,-4.032176494598389,2.471452236175537,passive,1.0
525,role_labeled,passive,passive,a physician is selected by a partner .,a buddy selects a candidate .,a candidate is selected by a buddy .,a,buddy,a,candidate,select,selects,selected,"[""VERB=select"", ""AGENT=buddy"", ""PATIENT=candidate""]","Prime sentence: a physician is selected by a partner .
Event roles: VERB=select; AGENT=buddy; PATIENT=candidate
Sentence: the",Sentence: the,first_noun,-7.6877970695495605,-4.141291618347168,3.5465054512023926,passive,1.0
525,role_labeled,no_prime_eos,no_prime_eos,,a buddy selects a candidate .,a candidate is selected by a buddy .,a,buddy,a,candidate,select,selects,selected,"[""VERB=select"", ""AGENT=buddy"", ""PATIENT=candidate""]","Event roles: VERB=select; AGENT=buddy; PATIENT=candidate
Sentence: the",Sentence: the,first_noun,-8.551401138305664,-4.691466331481934,3.8599348068237305,passive,1.0
525,role_labeled,filler,filler,The sculpture stood in the hallway .,a buddy selects a candidate .,a candidate is selected by a buddy .,a,buddy,a,candidate,select,selects,selected,"[""VERB=select"", ""AGENT=buddy"", ""PATIENT=candidate""]","Prime sentence: The sculpture stood in the hallway .
Event roles: VERB=select; AGENT=buddy; PATIENT=candidate
Sentence: the",Sentence: the,first_noun,-9.512181282043457,-5.239234447479248,4.272946834564209,passive,1.0
526,role_labeled,active,active,a champion joins a chief .,a pilot joins a president .,a president is joined by a pilot .,a,pilot,a,president,join,joins,joined,"[""PATIENT=president"", ""VERB=join"", ""AGENT=pilot""]","Prime sentence: a champion joins a chief .
Event roles: PATIENT=president; VERB=join; AGENT=pilot
Sentence: the",Sentence: the,first_noun,-4.422476291656494,-3.6836953163146973,0.7387809753417969,passive,1.0
526,role_labeled,passive,passive,a chief is joined by a champion .,a pilot joins a president .,a president is joined by a pilot .,a,pilot,a,president,join,joins,joined,"[""PATIENT=president"", ""VERB=join"", ""AGENT=pilot""]","Prime sentence: a chief is joined by a champion .
Event roles: PATIENT=president; VERB=join; AGENT=pilot
Sentence: the",Sentence: the,first_noun,-4.274440288543701,-3.6253581047058105,0.6490821838378906,passive,1.0
526,role_labeled,no_prime_eos,no_prime_eos,,a pilot joins a president .,a president is joined by a pilot .,a,pilot,a,president,join,joins,joined,"[""PATIENT=president"", ""VERB=join"", ""AGENT=pilot""]","Event roles: PATIENT=president; VERB=join; AGENT=pilot
Sentence: the",Sentence: the,first_noun,-2.938779592514038,-3.4230144023895264,-0.4842348098754883,active,0.0
526,role_labeled,filler,filler,The pillow rested on the sofa .,a pilot joins a president .,a president is joined by a pilot .,a,pilot,a,president,join,joins,joined,"[""PATIENT=president"", ""VERB=join"", ""AGENT=pilot""]","Prime sentence: The pillow rested on the sofa .
Event roles: PATIENT=president; VERB=join; AGENT=pilot
Sentence: the",Sentence: the,first_noun,-4.651986122131348,-5.030970573425293,-0.3789844512939453,active,0.0
527,role_labeled,active,active,an adult helps an attorney .,a man helps a manager .,a manager is helped by a man .,a,man,a,manager,help,helps,helped,"[""VERB=help"", ""AGENT=man"", ""PATIENT=manager""]","Prime sentence: an adult helps an attorney .
Event roles: VERB=help; AGENT=man; PATIENT=manager
Sentence: the",Sentence: the,first_noun,-3.799215793609619,-4.748627662658691,-0.9494118690490723,active,0.0
527,role_labeled,passive,passive,an attorney is helped by an adult .,a man helps a manager .,a manager is helped by a man .,a,man,a,manager,help,helps,helped,"[""VERB=help"", ""AGENT=man"", ""PATIENT=manager""]","Prime sentence: an attorney is helped by an adult .
Event roles: VERB=help; AGENT=man; PATIENT=manager
Sentence: the",Sentence: the,first_noun,-3.731771469116211,-4.779153347015381,-1.04738187789917,active,0.0
527,role_labeled,no_prime_eos,no_prime_eos,,a man helps a manager .,a manager is helped by a man .,a,man,a,manager,help,helps,helped,"[""VERB=help"", ""AGENT=man"", ""PATIENT=manager""]","Event roles: VERB=help; AGENT=man; PATIENT=manager
Sentence: the",Sentence: the,first_noun,-3.8351666927337646,-4.15431022644043,-0.31914353370666504,active,0.0
527,role_labeled,filler,filler,The violin echoed in the theater .,a man helps a manager .,a manager is helped by a man .,a,man,a,manager,help,helps,helped,"[""VERB=help"", ""AGENT=man"", ""PATIENT=manager""]","Prime sentence: The violin echoed in the theater .
Event roles: VERB=help; AGENT=man; PATIENT=manager
Sentence: the",Sentence: the,first_noun,-4.302395820617676,-5.766324043273926,-1.46392822265625,active,0.0
528,role_labeled,active,active,a doctor protects an employee .,a scientist protects a secretary .,a secretary is protected by a scientist .,a,scientist,a,secretary,protect,protects,protected,"[""PATIENT=secretary"", ""AGENT=scientist"", ""VERB=protect""]","Prime sentence: a doctor protects an employee .
Event roles: PATIENT=secretary; AGENT=scientist; VERB=protect
Sentence: the",Sentence: the,first_noun,-3.9312238693237305,-5.163836479187012,-1.2326126098632812,active,0.0
528,role_labeled,passive,passive,an employee is protected by a doctor .,a scientist protects a secretary .,a secretary is protected by a scientist .,a,scientist,a,secretary,protect,protects,protected,"[""PATIENT=secretary"", ""AGENT=scientist"", ""VERB=protect""]","Prime sentence: an employee is protected by a doctor .
Event roles: PATIENT=secretary; AGENT=scientist; VERB=protect
Sentence: the",Sentence: the,first_noun,-3.7436916828155518,-4.8496503829956055,-1.1059587001800537,active,0.0
528,role_labeled,no_prime_eos,no_prime_eos,,a scientist protects a secretary .,a secretary is protected by a scientist .,a,scientist,a,secretary,protect,protects,protected,"[""PATIENT=secretary"", ""AGENT=scientist"", ""VERB=protect""]","Event roles: PATIENT=secretary; AGENT=scientist; VERB=protect
Sentence: the",Sentence: the,first_noun,-4.152827262878418,-6.406116485595703,-2.253289222717285,active,0.0
528,role_labeled,filler,filler,The package arrived before noon .,a scientist protects a secretary .,a secretary is protected by a scientist .,a,scientist,a,secretary,protect,protects,protected,"[""PATIENT=secretary"", ""AGENT=scientist"", ""VERB=protect""]","Prime sentence: The package arrived before noon .
Event roles: PATIENT=secretary; AGENT=scientist; VERB=protect
Sentence: the",Sentence: the,first_noun,-5.357423782348633,-6.714938163757324,-1.3575143814086914,active,0.0
529,role_labeled,active,active,a colonel follows a cop .,a prince follows a princess .,a princess is followed by a prince .,a,prince,a,princess,follow,follows,followed,"[""PATIENT=princess"", ""VERB=follow"", ""AGENT=prince""]","Prime sentence: a colonel follows a cop .
Event roles: PATIENT=princess; VERB=follow; AGENT=prince
Sentence: the",Sentence: the,first_noun,-3.5718443393707275,-4.189523696899414,-0.6176793575286865,active,0.0
529,role_labeled,passive,passive,a cop is followed by a colonel .,a prince follows a princess .,a princess is followed by a prince .,a,prince,a,princess,follow,follows,followed,"[""PATIENT=princess"", ""VERB=follow"", ""AGENT=prince""]","Prime sentence: a cop is followed by a colonel .
Event roles: PATIENT=princess; VERB=follow; AGENT=prince
Sentence: the",Sentence: the,first_noun,-4.065516471862793,-4.3960771560668945,-0.33056068420410156,active,0.0
529,role_labeled,no_prime_eos,no_prime_eos,,a prince follows a princess .,a princess is followed by a prince .,a,prince,a,princess,follow,follows,followed,"[""PATIENT=princess"", ""VERB=follow"", ""AGENT=prince""]","Event roles: PATIENT=princess; VERB=follow; AGENT=prince
Sentence: the",Sentence: the,first_noun,-3.1569061279296875,-3.0018539428710938,0.15505218505859375,passive,1.0
529,role_labeled,filler,filler,The witness paused near the doorway .,a prince follows a princess .,a princess is followed by a prince .,a,prince,a,princess,follow,follows,followed,"[""PATIENT=princess"", ""VERB=follow"", ""AGENT=prince""]","Prime sentence: The witness paused near the doorway .
Event roles: PATIENT=princess; VERB=follow; AGENT=prince
Sentence: the",Sentence: the,first_noun,-3.0853586196899414,-3.2617506980895996,-0.1763920783996582,active,0.0
530,role_labeled,active,active,a secretary bothers a sheriff .,a doctor bothers an employee .,an employee is bothered by a doctor .,a,doctor,an,employee,bother,bothers,bothered,"[""VERB=bother"", ""PATIENT=employee"", ""AGENT=doctor""]","Prime sentence: a secretary bothers a sheriff .
Event roles: VERB=bother; PATIENT=employee; AGENT=doctor
Sentence: the",Sentence: the,first_noun,-3.6379787921905518,-5.6046552658081055,-1.9666764736175537,active,0.0
530,role_labeled,passive,passive,a sheriff is bothered by a secretary .,a doctor bothers an employee .,an employee is bothered by a doctor .,a,doctor,an,employee,bother,bothers,bothered,"[""VERB=bother"", ""PATIENT=employee"", ""AGENT=doctor""]","Prime sentence: a sheriff is bothered by a secretary .
Event roles: VERB=bother; PATIENT=employee; AGENT=doctor
Sentence: the",Sentence: the,first_noun,-3.4969542026519775,-5.490242004394531,-1.9932878017425537,active,0.0
530,role_labeled,no_prime_eos,no_prime_eos,,a doctor bothers an employee .,an employee is bothered by a doctor .,a,doctor,an,employee,bother,bothers,bothered,"[""VERB=bother"", ""PATIENT=employee"", ""AGENT=doctor""]","Event roles: VERB=bother; PATIENT=employee; AGENT=doctor
Sentence: the",Sentence: the,first_noun,-3.271165609359741,-5.2446699142456055,-1.9735043048858643,active,0.0
530,role_labeled,filler,filler,The garden brightened after rain .,a doctor bothers an employee .,an employee is bothered by a doctor .,a,doctor,an,employee,bother,bothers,bothered,"[""VERB=bother"", ""PATIENT=employee"", ""AGENT=doctor""]","Prime sentence: The garden brightened after rain .
Event roles: VERB=bother; PATIENT=employee; AGENT=doctor
Sentence: the",Sentence: the,first_noun,-4.986992835998535,-8.77535629272461,-3.788363456726074,active,0.0
531,role_labeled,active,active,a son punches a student .,a friend punches a girl .,a girl is punched by a friend .,a,friend,a,girl,punch,punches,punched,"[""VERB=punch"", ""PATIENT=girl"", ""AGENT=friend""]","Prime sentence: a son punches a student .
Event roles: VERB=punch; PATIENT=girl; AGENT=friend
Sentence: the",Sentence: the,first_noun,-5.041863441467285,-3.3377559185028076,1.7041075229644775,passive,1.0
531,role_labeled,passive,passive,a student is punched by a son .,a friend punches a girl .,a girl is punched by a friend .,a,friend,a,girl,punch,punches,punched,"[""VERB=punch"", ""PATIENT=girl"", ""AGENT=friend""]","Prime sentence: a student is punched by a son .
Event roles: VERB=punch; PATIENT=girl; AGENT=friend
Sentence: the",Sentence: the,first_noun,-4.738129615783691,-3.156346082687378,1.5817835330963135,passive,1.0
531,role_labeled,no_prime_eos,no_prime_eos,,a friend punches a girl .,a girl is punched by a friend .,a,friend,a,girl,punch,punches,punched,"[""VERB=punch"", ""PATIENT=girl"", ""AGENT=friend""]","Event roles: VERB=punch; PATIENT=girl; AGENT=friend
Sentence: the",Sentence: the,first_noun,-5.3560028076171875,-2.5089592933654785,2.847043514251709,passive,1.0
531,role_labeled,filler,filler,The package arrived before noon .,a friend punches a girl .,a girl is punched by a friend .,a,friend,a,girl,punch,punches,punched,"[""VERB=punch"", ""PATIENT=girl"", ""AGENT=friend""]","Prime sentence: The package arrived before noon .
Event roles: VERB=punch; PATIENT=girl; AGENT=friend
Sentence: the",Sentence: the,first_noun,-5.3678669929504395,-3.670488119125366,1.6973788738250732,passive,1.0
532,role_labeled,active,active,a mayor judges a minister .,an attorney judges an aunt .,an aunt is judged by an attorney .,an,attorney,an,aunt,judg,judges,judged,"[""VERB=judg"", ""PATIENT=aunt"", ""AGENT=attorney""]","Prime sentence: a mayor judges a minister .
Event roles: VERB=judg; PATIENT=aunt; AGENT=attorney
Sentence: the",Sentence: the,first_noun,-6.660120964050293,-8.036601066589355,-1.3764801025390625,active,0.0
532,role_labeled,passive,passive,a minister is judged by a mayor .,an attorney judges an aunt .,an aunt is judged by an attorney .,an,attorney,an,aunt,judg,judges,judged,"[""VERB=judg"", ""PATIENT=aunt"", ""AGENT=attorney""]","Prime sentence: a minister is judged by a mayor .
Event roles: VERB=judg; PATIENT=aunt; AGENT=attorney
Sentence: the",Sentence: the,first_noun,-6.811347007751465,-8.658695220947266,-1.8473482131958008,active,0.0
532,role_labeled,no_prime_eos,no_prime_eos,,an attorney judges an aunt .,an aunt is judged by an attorney .,an,attorney,an,aunt,judg,judges,judged,"[""VERB=judg"", ""PATIENT=aunt"", ""AGENT=attorney""]","Event roles: VERB=judg; PATIENT=aunt; AGENT=attorney
Sentence: the",Sentence: the,first_noun,-6.7540602684021,-10.182524681091309,-3.428464412689209,active,0.0
532,role_labeled,filler,filler,The sculpture stood in the hallway .,an attorney judges an aunt .,an aunt is judged by an attorney .,an,attorney,an,aunt,judg,judges,judged,"[""VERB=judg"", ""PATIENT=aunt"", ""AGENT=attorney""]","Prime sentence: The sculpture stood in the hallway .
Event roles: VERB=judg; PATIENT=aunt; AGENT=attorney
Sentence: the",Sentence: the,first_noun,-6.717118263244629,-7.619105815887451,-0.9019875526428223,active,0.0
533,role_labeled,active,active,an employee kills an employer .,a secretary kills a sheriff .,a sheriff is killed by a secretary .,a,secretary,a,sheriff,kill,kills,killed,"[""PATIENT=sheriff"", ""VERB=kill"", ""AGENT=secretary""]","Prime sentence: an employee kills an employer .
Event roles: PATIENT=sheriff; VERB=kill; AGENT=secretary
Sentence: the",Sentence: the,first_noun,-5.074063301086426,-2.9057652950286865,2.1682980060577393,passive,1.0
533,role_labeled,passive,passive,an employer is killed by an employee .,a secretary kills a sheriff .,a sheriff is killed by a secretary .,a,secretary,a,sheriff,kill,kills,killed,"[""PATIENT=sheriff"", ""VERB=kill"", ""AGENT=secretary""]","Prime sentence: an employer is killed by an employee .
Event roles: PATIENT=sheriff; VERB=kill; AGENT=secretary
Sentence: the",Sentence: the,first_noun,-5.290859222412109,-2.6831932067871094,2.607666015625,passive,1.0
533,role_labeled,no_prime_eos,no_prime_eos,,a secretary kills a sheriff .,a sheriff is killed by a secretary .,a,secretary,a,sheriff,kill,kills,killed,"[""PATIENT=sheriff"", ""VERB=kill"", ""AGENT=secretary""]","Event roles: PATIENT=sheriff; VERB=kill; AGENT=secretary
Sentence: the",Sentence: the,first_noun,-5.437251091003418,-6.315326690673828,-0.8780755996704102,active,0.0
533,role_labeled,filler,filler,The traveler rested beside the river .,a secretary kills a sheriff .,a sheriff is killed by a secretary .,a,secretary,a,sheriff,kill,kills,killed,"[""PATIENT=sheriff"", ""VERB=kill"", ""AGENT=secretary""]","Prime sentence: The traveler rested beside the river .
Event roles: PATIENT=sheriff; VERB=kill; AGENT=secretary
Sentence: the",Sentence: the,first_noun,-6.569865703582764,-4.338573932647705,2.2312917709350586,passive,1.0
534,role_labeled,active,active,a minister strikes a mother .,an aunt strikes an author .,an author is struck by an aunt .,an,aunt,an,author,strik,strikes,struck,"[""PATIENT=author"", ""VERB=strik"", ""AGENT=aunt""]","Prime sentence: a minister strikes a mother .
Event roles: PATIENT=author; VERB=strik; AGENT=aunt
Sentence: the",Sentence: the,first_noun,-6.412782192230225,-6.225007057189941,0.1877751350402832,passive,1.0
534,role_labeled,passive,passive,a mother is struck by a minister .,an aunt strikes an author .,an author is struck by an aunt .,an,aunt,an,author,strik,strikes,struck,"[""PATIENT=author"", ""VERB=strik"", ""AGENT=aunt""]","Prime sentence: a mother is struck by a minister .
Event roles: PATIENT=author; VERB=strik; AGENT=aunt
Sentence: the",Sentence: the,first_noun,-6.232639312744141,-5.659448623657227,0.5731906890869141,passive,1.0
534,role_labeled,no_prime_eos,no_prime_eos,,an aunt strikes an author .,an author is struck by an aunt .,an,aunt,an,author,strik,strikes,struck,"[""PATIENT=author"", ""VERB=strik"", ""AGENT=aunt""]","Event roles: PATIENT=author; VERB=strik; AGENT=aunt
Sentence: the",Sentence: the,first_noun,-7.812005043029785,-4.641352653503418,3.170652389526367,passive,1.0
534,role_labeled,filler,filler,The engine cooled before dawn .,an aunt strikes an author .,an author is struck by an aunt .,an,aunt,an,author,strik,strikes,struck,"[""PATIENT=author"", ""VERB=strik"", ""AGENT=aunt""]","Prime sentence: The engine cooled before dawn .
Event roles: PATIENT=author; VERB=strik; AGENT=aunt
Sentence: the",Sentence: the,first_noun,-8.248787879943848,-7.67681884765625,0.5719690322875977,passive,1.0
535,role_labeled,active,active,a princess grabs a professor .,a colonel grabs a cop .,a cop is grabbed by a colonel .,a,colonel,a,cop,grab,grabs,grabbed,"[""AGENT=colonel"", ""PATIENT=cop"", ""VERB=grab""]","Prime sentence: a princess grabs a professor .
Event roles: AGENT=colonel; PATIENT=cop; VERB=grab
Sentence: the",Sentence: the,first_noun,-3.680647373199463,-4.312475681304932,-0.6318283081054688,active,0.0
535,role_labeled,passive,passive,a professor is grabbed by a princess .,a colonel grabs a cop .,a cop is grabbed by a colonel .,a,colonel,a,cop,grab,grabs,grabbed,"[""AGENT=colonel"", ""PATIENT=cop"", ""VERB=grab""]","Prime sentence: a professor is grabbed by a princess .
Event roles: AGENT=colonel; PATIENT=cop; VERB=grab
Sentence: the",Sentence: the,first_noun,-3.3623952865600586,-4.12868595123291,-0.7662906646728516,active,0.0
535,role_labeled,no_prime_eos,no_prime_eos,,a colonel grabs a cop .,a cop is grabbed by a colonel .,a,colonel,a,cop,grab,grabs,grabbed,"[""AGENT=colonel"", ""PATIENT=cop"", ""VERB=grab""]","Event roles: AGENT=colonel; PATIENT=cop; VERB=grab
Sentence: the",Sentence: the,first_noun,-4.615249156951904,-5.171637535095215,-0.5563883781433105,active,0.0
535,role_labeled,filler,filler,The package arrived before noon .,a colonel grabs a cop .,a cop is grabbed by a colonel .,a,colonel,a,cop,grab,grabs,grabbed,"[""AGENT=colonel"", ""PATIENT=cop"", ""VERB=grab""]","Prime sentence: The package arrived before noon .
Event roles: AGENT=colonel; PATIENT=cop; VERB=grab
Sentence: the",Sentence: the,first_noun,-5.075165748596191,-5.481596946716309,-0.4064311981201172,active,0.0
536,role_labeled,active,active,a champion asks a chief .,a pilot asks a president .,a president is asked by a pilot .,a,pilot,a,president,ask,asks,asked,"[""PATIENT=president"", ""VERB=ask"", ""AGENT=pilot""]","Prime sentence: a champion asks a chief .
Event roles: PATIENT=president; VERB=ask; AGENT=pilot
Sentence: the",Sentence: the,first_noun,-4.398811340332031,-3.237609624862671,1.1612017154693604,passive,1.0
536,role_labeled,passive,passive,a chief is asked by a champion .,a pilot asks a president .,a president is asked by a pilot .,a,pilot,a,president,ask,asks,asked,"[""PATIENT=president"", ""VERB=ask"", ""AGENT=pilot""]","Prime sentence: a chief is asked by a champion .
Event roles: PATIENT=president; VERB=ask; AGENT=pilot
Sentence: the",Sentence: the,first_noun,-4.287807941436768,-3.419861316680908,0.8679466247558594,passive,1.0
536,role_labeled,no_prime_eos,no_prime_eos,,a pilot asks a president .,a president is asked by a pilot .,a,pilot,a,president,ask,asks,asked,"[""PATIENT=president"", ""VERB=ask"", ""AGENT=pilot""]","Event roles: PATIENT=president; VERB=ask; AGENT=pilot
Sentence: the",Sentence: the,first_noun,-3.0092697143554688,-3.2969183921813965,-0.28764867782592773,active,0.0
536,role_labeled,filler,filler,The engine cooled before dawn .,a pilot asks a president .,a president is asked by a pilot .,a,pilot,a,president,ask,asks,asked,"[""PATIENT=president"", ""VERB=ask"", ""AGENT=pilot""]","Prime sentence: The engine cooled before dawn .
Event roles: PATIENT=president; VERB=ask; AGENT=pilot
Sentence: the",Sentence: the,first_noun,-4.15937614440918,-4.8536481857299805,-0.6942720413208008,active,0.0
537,role_labeled,active,active,an attorney forgives an aunt .,a manager forgives a mayor .,a mayor is forgiven by a manager .,a,manager,a,mayor,forgiv,forgives,forgiven,"[""VERB=forgiv"", ""PATIENT=mayor"", ""AGENT=manager""]","Prime sentence: an attorney forgives an aunt .
Event roles: VERB=forgiv; PATIENT=mayor; AGENT=manager
Sentence: the",Sentence: the,first_noun,-5.814438819885254,-2.5219576358795166,3.2924811840057373,passive,1.0
537,role_labeled,passive,passive,an aunt is forgiven by an attorney .,a manager forgives a mayor .,a mayor is forgiven by a manager .,a,manager,a,mayor,forgiv,forgives,forgiven,"[""VERB=forgiv"", ""PATIENT=mayor"", ""AGENT=manager""]","Prime sentence: an aunt is forgiven by an attorney .
Event roles: VERB=forgiv; PATIENT=mayor; AGENT=manager
Sentence: the",Sentence: the,first_noun,-5.781033515930176,-2.42220139503479,3.3588321208953857,passive,1.0
537,role_labeled,no_prime_eos,no_prime_eos,,a manager forgives a mayor .,a mayor is forgiven by a manager .,a,manager,a,mayor,forgiv,forgives,forgiven,"[""VERB=forgiv"", ""PATIENT=mayor"", ""AGENT=manager""]","Event roles: VERB=forgiv; PATIENT=mayor; AGENT=manager
Sentence: the",Sentence: the,first_noun,-5.574946403503418,-2.752812385559082,2.822134017944336,passive,1.0
537,role_labeled,filler,filler,The sculpture stood in the hallway .,a manager forgives a mayor .,a mayor is forgiven by a manager .,a,manager,a,mayor,forgiv,forgives,forgiven,"[""VERB=forgiv"", ""PATIENT=mayor"", ""AGENT=manager""]","Prime sentence: The sculpture stood in the hallway .
Event roles: VERB=forgiv; PATIENT=mayor; AGENT=manager
Sentence: the",Sentence: the,first_noun,-6.4697980880737305,-3.911872386932373,2.5579257011413574,passive,1.0
538,role_labeled,active,active,an adult describes an attorney .,a man describes a manager .,a manager is described by a man .,a,man,a,manager,describ,describes,described,"[""AGENT=man"", ""VERB=describ"", ""PATIENT=manager""]","Prime sentence: an adult describes an attorney .
Event roles: AGENT=man; VERB=describ; PATIENT=manager
Sentence: the",Sentence: the,first_noun,-4.676321983337402,-5.190290927886963,-0.5139689445495605,active,0.0
538,role_labeled,passive,passive,an attorney is described by an adult .,a man describes a manager .,a manager is described by a man .,a,man,a,manager,describ,describes,described,"[""AGENT=man"", ""VERB=describ"", ""PATIENT=manager""]","Prime sentence: an attorney is described by an adult .
Event roles: AGENT=man; VERB=describ; PATIENT=manager
Sentence: the",Sentence: the,first_noun,-4.6476311683654785,-5.377191066741943,-0.7295598983764648,active,0.0
538,role_labeled,no_prime_eos,no_prime_eos,,a man describes a manager .,a manager is described by a man .,a,man,a,manager,describ,describes,described,"[""AGENT=man"", ""VERB=describ"", ""PATIENT=manager""]","Event roles: AGENT=man; VERB=describ; PATIENT=manager
Sentence: the",Sentence: the,first_noun,-3.251077890396118,-4.102486610412598,-0.8514087200164795,active,0.0
538,role_labeled,filler,filler,The painter waited near the doorway .,a man describes a manager .,a manager is described by a man .,a,man,a,manager,describ,describes,described,"[""AGENT=man"", ""VERB=describ"", ""PATIENT=manager""]","Prime sentence: The painter waited near the doorway .
Event roles: AGENT=man; VERB=describ; PATIENT=manager
Sentence: the",Sentence: the,first_noun,-3.2045931816101074,-4.412054061889648,-1.207460880279541,active,0.0
539,role_labeled,active,active,an employer discovers a father .,a sheriff discovers a singer .,a singer is discovered by a sheriff .,a,sheriff,a,singer,discover,discovers,discovered,"[""PATIENT=singer"", ""VERB=discover"", ""AGENT=sheriff""]","Prime sentence: an employer discovers a father .
Event roles: PATIENT=singer; VERB=discover; AGENT=sheriff
Sentence: the",Sentence: the,first_noun,-3.8524792194366455,-5.097302436828613,-1.2448232173919678,active,0.0
539,role_labeled,passive,passive,a father is discovered by an employer .,a sheriff discovers a singer .,a singer is discovered by a sheriff .,a,sheriff,a,singer,discover,discovers,discovered,"[""PATIENT=singer"", ""VERB=discover"", ""AGENT=sheriff""]","Prime sentence: a father is discovered by an employer .
Event roles: PATIENT=singer; VERB=discover; AGENT=sheriff
Sentence: the",Sentence: the,first_noun,-3.6599137783050537,-5.36170768737793,-1.701793909072876,active,0.0
539,role_labeled,no_prime_eos,no_prime_eos,,a sheriff discovers a singer .,a singer is discovered by a sheriff .,a,sheriff,a,singer,discover,discovers,discovered,"[""PATIENT=singer"", ""VERB=discover"", ""AGENT=sheriff""]","Event roles: PATIENT=singer; VERB=discover; AGENT=sheriff
Sentence: the",Sentence: the,first_noun,-7.220919609069824,-4.848801612854004,2.3721179962158203,passive,1.0
539,role_labeled,filler,filler,The package arrived before noon .,a sheriff discovers a singer .,a singer is discovered by a sheriff .,a,sheriff,a,singer,discover,discovers,discovered,"[""PATIENT=singer"", ""VERB=discover"", ""AGENT=sheriff""]","Prime sentence: The package arrived before noon .
Event roles: PATIENT=singer; VERB=discover; AGENT=sheriff
Sentence: the",Sentence: the,first_noun,-5.736772537231445,-6.476938247680664,-0.7401657104492188,active,0.0
540,role_labeled,active,active,a parent catches a partner .,a brother catches a buddy .,a buddy is caught by a brother .,a,brother,a,buddy,catch,catches,caught,"[""AGENT=brother"", ""PATIENT=buddy"", ""VERB=catch""]","Prime sentence: a parent catches a partner .
Event roles: AGENT=brother; PATIENT=buddy; VERB=catch
Sentence: the",Sentence: the,first_noun,-4.0684404373168945,-8.185990333557129,-4.117549896240234,active,0.0
540,role_labeled,passive,passive,a partner is caught by a parent .,a brother catches a buddy .,a buddy is caught by a brother .,a,brother,a,buddy,catch,catches,caught,"[""AGENT=brother"", ""PATIENT=buddy"", ""VERB=catch""]","Prime sentence: a partner is caught by a parent .
Event roles: AGENT=brother; PATIENT=buddy; VERB=catch
Sentence: the",Sentence: the,first_noun,-3.8848376274108887,-7.627390384674072,-3.7425527572631836,active,0.0
540,role_labeled,no_prime_eos,no_prime_eos,,a brother catches a buddy .,a buddy is caught by a brother .,a,brother,a,buddy,catch,catches,caught,"[""AGENT=brother"", ""PATIENT=buddy"", ""VERB=catch""]","Event roles: AGENT=brother; PATIENT=buddy; VERB=catch
Sentence: the",Sentence: the,first_noun,-4.665685653686523,-8.33036994934082,-3.664684295654297,active,0.0
540,role_labeled,filler,filler,The package arrived before noon .,a brother catches a buddy .,a buddy is caught by a brother .,a,brother,a,buddy,catch,catches,caught,"[""AGENT=brother"", ""PATIENT=buddy"", ""VERB=catch""]","Prime sentence: The package arrived before noon .
Event roles: AGENT=brother; PATIENT=buddy; VERB=catch
Sentence: the",Sentence: the,first_noun,-5.948359966278076,-8.578587532043457,-2.630227565765381,active,0.0
541,role_labeled,active,active,a teacher discovers an uncle .,a guest discovers a guy .,a guy is discovered by a guest .,a,guest,a,guy,discover,discovers,discovered,"[""VERB=discover"", ""AGENT=guest"", ""PATIENT=guy""]","Prime sentence: a teacher discovers an uncle .
Event roles: VERB=discover; AGENT=guest; PATIENT=guy
Sentence: the",Sentence: the,first_noun,-5.667743682861328,-4.404383659362793,1.2633600234985352,passive,1.0
541,role_labeled,passive,passive,an uncle is discovered by a teacher .,a guest discovers a guy .,a guy is discovered by a guest .,a,guest,a,guy,discover,discovers,discovered,"[""VERB=discover"", ""AGENT=guest"", ""PATIENT=guy""]","Prime sentence: an uncle is discovered by a teacher .
Event roles: VERB=discover; AGENT=guest; PATIENT=guy
Sentence: the",Sentence: the,first_noun,-5.5056562423706055,-4.633441925048828,0.8722143173217773,passive,1.0
541,role_labeled,no_prime_eos,no_prime_eos,,a guest discovers a guy .,a guy is discovered by a guest .,a,guest,a,guy,discover,discovers,discovered,"[""VERB=discover"", ""AGENT=guest"", ""PATIENT=guy""]","Event roles: VERB=discover; AGENT=guest; PATIENT=guy
Sentence: the",Sentence: the,first_noun,-3.9303860664367676,-5.0370354652404785,-1.106649398803711,active,0.0
541,role_labeled,filler,filler,The baker laughed during breakfast .,a guest discovers a guy .,a guy is discovered by a guest .,a,guest,a,guy,discover,discovers,discovered,"[""VERB=discover"", ""AGENT=guest"", ""PATIENT=guy""]","Prime sentence: The baker laughed during breakfast .
Event roles: VERB=discover; AGENT=guest; PATIENT=guy
Sentence: the",Sentence: the,first_noun,-5.534120559692383,-4.350889205932617,1.1832313537597656,passive,1.0
542,role_labeled,active,active,an uncle comforts a wife .,a guy comforts a hero .,a hero is comforted by a guy .,a,guy,a,hero,comfort,comforts,comforted,"[""PATIENT=hero"", ""AGENT=guy"", ""VERB=comfort""]","Prime sentence: an uncle comforts a wife .
Event roles: PATIENT=hero; AGENT=guy; VERB=comfort
Sentence: the",Sentence: the,first_noun,-4.904096603393555,-4.944418907165527,-0.040322303771972656,active,0.0
542,role_labeled,passive,passive,a wife is comforted by an uncle .,a guy comforts a hero .,a hero is comforted by a guy .,a,guy,a,hero,comfort,comforts,comforted,"[""PATIENT=hero"", ""AGENT=guy"", ""VERB=comfort""]","Prime sentence: a wife is comforted by an uncle .
Event roles: PATIENT=hero; AGENT=guy; VERB=comfort
Sentence: the",Sentence: the,first_noun,-5.596439361572266,-5.152618408203125,0.4438209533691406,passive,1.0
542,role_labeled,no_prime_eos,no_prime_eos,,a guy comforts a hero .,a hero is comforted by a guy .,a,guy,a,hero,comfort,comforts,comforted,"[""PATIENT=hero"", ""AGENT=guy"", ""VERB=comfort""]","Event roles: PATIENT=hero; AGENT=guy; VERB=comfort
Sentence: the",Sentence: the,first_noun,-4.647645950317383,-3.832223892211914,0.8154220581054688,passive,1.0
542,role_labeled,filler,filler,The blanket dried on the line .,a guy comforts a hero .,a hero is comforted by a guy .,a,guy,a,hero,comfort,comforts,comforted,"[""PATIENT=hero"", ""AGENT=guy"", ""VERB=comfort""]","Prime sentence: The blanket dried on the line .
Event roles: PATIENT=hero; AGENT=guy; VERB=comfort
Sentence: the",Sentence: the,first_noun,-5.313127517700195,-5.765934944152832,-0.4528074264526367,active,0.0
543,role_labeled,active,active,a president understands a priest .,a champion understands a chief .,a chief is understood by a champion .,a,champion,a,chief,understand,understands,understood,"[""VERB=understand"", ""AGENT=champion"", ""PATIENT=chief""]","Prime sentence: a president understands a priest .
Event roles: VERB=understand; AGENT=champion; PATIENT=chief
Sentence: the",Sentence: the,first_noun,-8.658134460449219,-5.80861759185791,2.8495168685913086,passive,1.0
543,role_labeled,passive,passive,a priest is understood by a president .,a champion understands a chief .,a chief is understood by a champion .,a,champion,a,chief,understand,understands,understood,"[""VERB=understand"", ""AGENT=champion"", ""PATIENT=chief""]","Prime sentence: a priest is understood by a president .
Event roles: VERB=understand; AGENT=champion; PATIENT=chief
Sentence: the",Sentence: the,first_noun,-8.401286125183105,-5.505228042602539,2.8960580825805664,passive,1.0
543,role_labeled,no_prime_eos,no_prime_eos,,a champion understands a chief .,a chief is understood by a champion .,a,champion,a,chief,understand,understands,understood,"[""VERB=understand"", ""AGENT=champion"", ""PATIENT=chief""]","Event roles: VERB=understand; AGENT=champion; PATIENT=chief
Sentence: the",Sentence: the,first_noun,-5.105392932891846,-5.088650703430176,0.016742229461669922,passive,1.0
543,role_labeled,filler,filler,The captain waited beside the harbor .,a champion understands a chief .,a chief is understood by a champion .,a,champion,a,chief,understand,understands,understood,"[""VERB=understand"", ""AGENT=champion"", ""PATIENT=chief""]","Prime sentence: The captain waited beside the harbor .
Event roles: VERB=understand; AGENT=champion; PATIENT=chief
Sentence: the",Sentence: the,first_noun,-8.158319473266602,-5.599709510803223,2.558609962463379,passive,1.0
544,role_labeled,active,active,a singer understands a soldier .,an employer understands a father .,a father is understood by an employer .,an,employer,a,father,understand,understands,understood,"[""VERB=understand"", ""PATIENT=father"", ""AGENT=employer""]","Prime sentence: a singer understands a soldier .
Event roles: VERB=understand; PATIENT=father; AGENT=employer
Sentence: the",Sentence: the,first_noun,-7.985284805297852,-5.155771255493164,2.8295135498046875,passive,1.0
544,role_labeled,passive,passive,a soldier is understood by a singer .,an employer understands a father .,a father is understood by an employer .,an,employer,a,father,understand,understands,understood,"[""VERB=understand"", ""PATIENT=father"", ""AGENT=employer""]","Prime sentence: a soldier is understood by a singer .
Event roles: VERB=understand; PATIENT=father; AGENT=employer
Sentence: the",Sentence: the,first_noun,-7.697018146514893,-4.940945148468018,2.756072998046875,passive,1.0
544,role_labeled,no_prime_eos,no_prime_eos,,an employer understands a father .,a father is understood by an employer .,an,employer,a,father,understand,understands,understood,"[""VERB=understand"", ""PATIENT=father"", ""AGENT=employer""]","Event roles: VERB=understand; PATIENT=father; AGENT=employer
Sentence: the",Sentence: the,first_noun,-5.921357154846191,-5.060937404632568,0.860419750213623,passive,1.0
544,role_labeled,filler,filler,The package arrived before noon .,an employer understands a father .,a father is understood by an employer .,an,employer,a,father,understand,understands,understood,"[""VERB=understand"", ""PATIENT=father"", ""AGENT=employer""]","Prime sentence: The package arrived before noon .
Event roles: VERB=understand; PATIENT=father; AGENT=employer
Sentence: the",Sentence: the,first_noun,-7.68170166015625,-5.323021411895752,2.358680248260498,passive,1.0
545,role_labeled,active,active,a scientist understands a secretary .,a daughter understands a doctor .,a doctor is understood by a daughter .,a,daughter,a,doctor,understand,understands,understood,"[""PATIENT=doctor"", ""VERB=understand"", ""AGENT=daughter""]","Prime sentence: a scientist understands a secretary .
Event roles: PATIENT=doctor; VERB=understand; AGENT=daughter
Sentence: the",Sentence: the,first_noun,-5.511446952819824,-2.5619335174560547,2.9495134353637695,passive,1.0
545,role_labeled,passive,passive,a secretary is understood by a scientist .,a daughter understands a doctor .,a doctor is understood by a daughter .,a,daughter,a,doctor,understand,understands,understood,"[""PATIENT=doctor"", ""VERB=understand"", ""AGENT=daughter""]","Prime sentence: a secretary is understood by a scientist .
Event roles: PATIENT=doctor; VERB=understand; AGENT=daughter
Sentence: the",Sentence: the,first_noun,-5.714122295379639,-2.8682212829589844,2.8459010124206543,passive,1.0
545,role_labeled,no_prime_eos,no_prime_eos,,a daughter understands a doctor .,a doctor is understood by a daughter .,a,daughter,a,doctor,understand,understands,understood,"[""PATIENT=doctor"", ""VERB=understand"", ""AGENT=daughter""]","Event roles: PATIENT=doctor; VERB=understand; AGENT=daughter
Sentence: the",Sentence: the,first_noun,-5.19536018371582,-3.0056793689727783,2.189680814743042,passive,1.0
545,role_labeled,filler,filler,The singer smiled after rehearsal .,a daughter understands a doctor .,a doctor is understood by a daughter .,a,daughter,a,doctor,understand,understands,understood,"[""PATIENT=doctor"", ""VERB=understand"", ""AGENT=daughter""]","Prime sentence: The singer smiled after rehearsal .
Event roles: PATIENT=doctor; VERB=understand; AGENT=daughter
Sentence: the",Sentence: the,first_noun,-5.830554008483887,-3.024521827697754,2.806032180786133,passive,1.0
546,role_labeled,active,active,a lawyer protects a leader .,a writer protects an actor .,an actor is protected by a writer .,a,writer,an,actor,protect,protects,protected,"[""AGENT=writer"", ""PATIENT=actor"", ""VERB=protect""]","Prime sentence: a lawyer protects a leader .
Event roles: AGENT=writer; PATIENT=actor; VERB=protect
Sentence: the",Sentence: the,first_noun,-5.879438400268555,-5.5817341804504395,0.29770421981811523,passive,1.0
546,role_labeled,passive,passive,a leader is protected by a lawyer .,a writer protects an actor .,an actor is protected by a writer .,a,writer,an,actor,protect,protects,protected,"[""AGENT=writer"", ""PATIENT=actor"", ""VERB=protect""]","Prime sentence: a leader is protected by a lawyer .
Event roles: AGENT=writer; PATIENT=actor; VERB=protect
Sentence: the",Sentence: the,first_noun,-6.097016334533691,-5.426860809326172,0.6701555252075195,passive,1.0
546,role_labeled,no_prime_eos,no_prime_eos,,a writer protects an actor .,an actor is protected by a writer .,a,writer,an,actor,protect,protects,protected,"[""AGENT=writer"", ""PATIENT=actor"", ""VERB=protect""]","Event roles: AGENT=writer; PATIENT=actor; VERB=protect
Sentence: the",Sentence: the,first_noun,-4.823391437530518,-4.815009593963623,0.008381843566894531,passive,1.0
546,role_labeled,filler,filler,The sculpture stood in the hallway .,a writer protects an actor .,an actor is protected by a writer .,a,writer,an,actor,protect,protects,protected,"[""AGENT=writer"", ""PATIENT=actor"", ""VERB=protect""]","Prime sentence: The sculpture stood in the hallway .
Event roles: AGENT=writer; PATIENT=actor; VERB=protect
Sentence: the",Sentence: the,first_noun,-7.003852367401123,-6.015748977661133,0.9881033897399902,passive,1.0
547,role_labeled,active,active,an adult forgives an attorney .,a man forgives a manager .,a manager is forgiven by a man .,a,man,a,manager,forgiv,forgives,forgiven,"[""AGENT=man"", ""PATIENT=manager"", ""VERB=forgiv""]","Prime sentence: an adult forgives an attorney .
Event roles: AGENT=man; PATIENT=manager; VERB=forgiv
Sentence: the",Sentence: the,first_noun,-4.189183235168457,-4.929906845092773,-0.7407236099243164,active,0.0
547,role_labeled,passive,passive,an attorney is forgiven by an adult .,a man forgives a manager .,a manager is forgiven by a man .,a,man,a,manager,forgiv,forgives,forgiven,"[""AGENT=man"", ""PATIENT=manager"", ""VERB=forgiv""]","Prime sentence: an attorney is forgiven by an adult .
Event roles: AGENT=man; PATIENT=manager; VERB=forgiv
Sentence: the",Sentence: the,first_noun,-4.255878925323486,-5.507936477661133,-1.2520575523376465,active,0.0
547,role_labeled,no_prime_eos,no_prime_eos,,a man forgives a manager .,a manager is forgiven by a man .,a,man,a,manager,forgiv,forgives,forgiven,"[""AGENT=man"", ""PATIENT=manager"", ""VERB=forgiv""]","Event roles: AGENT=man; PATIENT=manager; VERB=forgiv
Sentence: the",Sentence: the,first_noun,-3.2940990924835205,-4.251499652862549,-0.9574005603790283,active,0.0
547,role_labeled,filler,filler,The radio crackled in the attic .,a man forgives a manager .,a manager is forgiven by a man .,a,man,a,manager,forgiv,forgives,forgiven,"[""AGENT=man"", ""PATIENT=manager"", ""VERB=forgiv""]","Prime sentence: The radio crackled in the attic .
Event roles: AGENT=man; PATIENT=manager; VERB=forgiv
Sentence: the",Sentence: the,first_noun,-3.852409839630127,-5.661266803741455,-1.8088569641113281,active,0.0
548,role_labeled,active,active,a prince punches a princess .,a child punches a colonel .,a colonel is punched by a child .,a,child,a,colonel,punch,punches,punched,"[""PATIENT=colonel"", ""AGENT=child"", ""VERB=punch""]","Prime sentence: a prince punches a princess .
Event roles: PATIENT=colonel; AGENT=child; VERB=punch
Sentence: the",Sentence: the,first_noun,-4.651149749755859,-4.414535999298096,0.23661375045776367,passive,1.0
548,role_labeled,passive,passive,a princess is punched by a prince .,a child punches a colonel .,a colonel is punched by a child .,a,child,a,colonel,punch,punches,punched,"[""PATIENT=colonel"", ""AGENT=child"", ""VERB=punch""]","Prime sentence: a princess is punched by a prince .
Event roles: PATIENT=colonel; AGENT=child; VERB=punch
Sentence: the",Sentence: the,first_noun,-4.479771137237549,-4.805913925170898,-0.3261427879333496,active,0.0
548,role_labeled,no_prime_eos,no_prime_eos,,a child punches a colonel .,a colonel is punched by a child .,a,child,a,colonel,punch,punches,punched,"[""PATIENT=colonel"", ""AGENT=child"", ""VERB=punch""]","Event roles: PATIENT=colonel; AGENT=child; VERB=punch
Sentence: the",Sentence: the,first_noun,-3.951643943786621,-4.787658214569092,-0.8360142707824707,active,0.0
548,role_labeled,filler,filler,The tourist wandered through the plaza .,a child punches a colonel .,a colonel is punched by a child .,a,child,a,colonel,punch,punches,punched,"[""PATIENT=colonel"", ""AGENT=child"", ""VERB=punch""]","Prime sentence: The tourist wandered through the plaza .
Event roles: PATIENT=colonel; AGENT=child; VERB=punch
Sentence: the",Sentence: the,first_noun,-3.3440303802490234,-4.438512802124023,-1.094482421875,active,0.0
549,role_labeled,active,active,a reader bothers a scientist .,a cousin bothers a daughter .,a daughter is bothered by a cousin .,a,cousin,a,daughter,bother,bothers,bothered,"[""VERB=bother"", ""AGENT=cousin"", ""PATIENT=daughter""]","Prime sentence: a reader bothers a scientist .
Event roles: VERB=bother; AGENT=cousin; PATIENT=daughter
Sentence: the",Sentence: the,first_noun,-8.684575080871582,-5.756377220153809,2.9281978607177734,passive,1.0
549,role_labeled,passive,passive,a scientist is bothered by a reader .,a cousin bothers a daughter .,a daughter is bothered by a cousin .,a,cousin,a,daughter,bother,bothers,bothered,"[""VERB=bother"", ""AGENT=cousin"", ""PATIENT=daughter""]","Prime sentence: a scientist is bothered by a reader .
Event roles: VERB=bother; AGENT=cousin; PATIENT=daughter
Sentence: the",Sentence: the,first_noun,-8.651447296142578,-5.993441581726074,2.658005714416504,passive,1.0
549,role_labeled,no_prime_eos,no_prime_eos,,a cousin bothers a daughter .,a daughter is bothered by a cousin .,a,cousin,a,daughter,bother,bothers,bothered,"[""VERB=bother"", ""AGENT=cousin"", ""PATIENT=daughter""]","Event roles: VERB=bother; AGENT=cousin; PATIENT=daughter
Sentence: the",Sentence: the,first_noun,-8.288646697998047,-4.942404747009277,3.3462419509887695,passive,1.0
549,role_labeled,filler,filler,The pillow rested on the sofa .,a cousin bothers a daughter .,a daughter is bothered by a cousin .,a,cousin,a,daughter,bother,bothers,bothered,"[""VERB=bother"", ""AGENT=cousin"", ""PATIENT=daughter""]","Prime sentence: The pillow rested on the sofa .
Event roles: VERB=bother; AGENT=cousin; PATIENT=daughter
Sentence: the",Sentence: the,first_noun,-8.796768188476562,-7.147404670715332,1.6493635177612305,passive,1.0
550,role_labeled,active,active,a child punches a colonel .,a priest punches a prince .,a prince is punched by a priest .,a,priest,a,prince,punch,punches,punched,"[""VERB=punch"", ""PATIENT=prince"", ""AGENT=priest""]","Prime sentence: a child punches a colonel .
Event roles: VERB=punch; PATIENT=prince; AGENT=priest
Sentence: the",Sentence: the,first_noun,-4.035331726074219,-4.3973188400268555,-0.3619871139526367,active,0.0
550,role_labeled,passive,passive,a colonel is punched by a child .,a priest punches a prince .,a prince is punched by a priest .,a,priest,a,prince,punch,punches,punched,"[""VERB=punch"", ""PATIENT=prince"", ""AGENT=priest""]","Prime sentence: a colonel is punched by a child .
Event roles: VERB=punch; PATIENT=prince; AGENT=priest
Sentence: the",Sentence: the,first_noun,-3.507889747619629,-4.146394729614258,-0.6385049819946289,active,0.0
550,role_labeled,no_prime_eos,no_prime_eos,,a priest punches a prince .,a prince is punched by a priest .,a,priest,a,prince,punch,punches,punched,"[""VERB=punch"", ""PATIENT=prince"", ""AGENT=priest""]","Event roles: VERB=punch; PATIENT=prince; AGENT=priest
Sentence: the",Sentence: the,first_noun,-3.8660483360290527,-4.247920036315918,-0.38187170028686523,active,0.0
550,role_labeled,filler,filler,The signal flickered across the screen .,a priest punches a prince .,a prince is punched by a priest .,a,priest,a,prince,punch,punches,punched,"[""VERB=punch"", ""PATIENT=prince"", ""AGENT=priest""]","Prime sentence: The signal flickered across the screen .
Event roles: VERB=punch; PATIENT=prince; AGENT=priest
Sentence: the",Sentence: the,first_noun,-3.665689706802368,-4.123073577880859,-0.4573838710784912,active,0.0
551,role_labeled,active,active,a chief bothers a child .,a president bothers a priest .,a priest is bothered by a president .,a,president,a,priest,bother,bothers,bothered,"[""PATIENT=priest"", ""AGENT=president"", ""VERB=bother""]","Prime sentence: a chief bothers a child .
Event roles: PATIENT=priest; AGENT=president; VERB=bother
Sentence: the",Sentence: the,first_noun,-4.136774063110352,-3.738067626953125,0.39870643615722656,passive,1.0
551,role_labeled,passive,passive,a child is bothered by a chief .,a president bothers a priest .,a priest is bothered by a president .,a,president,a,priest,bother,bothers,bothered,"[""PATIENT=priest"", ""AGENT=president"", ""VERB=bother""]","Prime sentence: a child is bothered by a chief .
Event roles: PATIENT=priest; AGENT=president; VERB=bother
Sentence: the",Sentence: the,first_noun,-4.039673328399658,-4.1297125816345215,-0.09003925323486328,active,0.0
551,role_labeled,no_prime_eos,no_prime_eos,,a president bothers a priest .,a priest is bothered by a president .,a,president,a,priest,bother,bothers,bothered,"[""PATIENT=priest"", ""AGENT=president"", ""VERB=bother""]","Event roles: PATIENT=priest; AGENT=president; VERB=bother
Sentence: the",Sentence: the,first_noun,-3.8273446559906006,-4.053108215332031,-0.22576355934143066,active,0.0
551,role_labeled,filler,filler,The blanket dried on the line .,a president bothers a priest .,a priest is bothered by a president .,a,president,a,priest,bother,bothers,bothered,"[""PATIENT=priest"", ""AGENT=president"", ""VERB=bother""]","Prime sentence: The blanket dried on the line .
Event roles: PATIENT=priest; AGENT=president; VERB=bother
Sentence: the",Sentence: the,first_noun,-5.261136531829834,-4.854089736938477,0.4070467948913574,passive,1.0
552,role_labeled,active,active,a daughter discovers a doctor .,a reader discovers a scientist .,a scientist is discovered by a reader .,a,reader,a,scientist,discover,discovers,discovered,"[""PATIENT=scientist"", ""VERB=discover"", ""AGENT=reader""]","Prime sentence: a daughter discovers a doctor .
Event roles: PATIENT=scientist; VERB=discover; AGENT=reader
Sentence: the",Sentence: the,first_noun,-5.594901084899902,-3.382885456085205,2.2120156288146973,passive,1.0
552,role_labeled,passive,passive,a doctor is discovered by a daughter .,a reader discovers a scientist .,a scientist is discovered by a reader .,a,reader,a,scientist,discover,discovers,discovered,"[""PATIENT=scientist"", ""VERB=discover"", ""AGENT=reader""]","Prime sentence: a doctor is discovered by a daughter .
Event roles: PATIENT=scientist; VERB=discover; AGENT=reader
Sentence: the",Sentence: the,first_noun,-5.5598039627075195,-3.010056972503662,2.5497469902038574,passive,1.0
552,role_labeled,no_prime_eos,no_prime_eos,,a reader discovers a scientist .,a scientist is discovered by a reader .,a,reader,a,scientist,discover,discovers,discovered,"[""PATIENT=scientist"", ""VERB=discover"", ""AGENT=reader""]","Event roles: PATIENT=scientist; VERB=discover; AGENT=reader
Sentence: the",Sentence: the,first_noun,-4.52095890045166,-4.462053298950195,0.058905601501464844,passive,1.0
552,role_labeled,filler,filler,The pillow rested on the sofa .,a reader discovers a scientist .,a scientist is discovered by a reader .,a,reader,a,scientist,discover,discovers,discovered,"[""PATIENT=scientist"", ""VERB=discover"", ""AGENT=reader""]","Prime sentence: The pillow rested on the sofa .
Event roles: PATIENT=scientist; VERB=discover; AGENT=reader
Sentence: the",Sentence: the,first_noun,-7.525163650512695,-5.161773681640625,2.3633899688720703,passive,1.0
553,role_labeled,active,active,a reader kisses a scientist .,a cousin kisses a daughter .,a daughter is kissed by a cousin .,a,cousin,a,daughter,kiss,kisses,kissed,"[""VERB=kiss"", ""PATIENT=daughter"", ""AGENT=cousin""]","Prime sentence: a reader kisses a scientist .
Event roles: VERB=kiss; PATIENT=daughter; AGENT=cousin
Sentence: the",Sentence: the,first_noun,-8.697819709777832,-5.694616317749023,3.0032033920288086,passive,1.0
553,role_labeled,passive,passive,a scientist is kissed by a reader .,a cousin kisses a daughter .,a daughter is kissed by a cousin .,a,cousin,a,daughter,kiss,kisses,kissed,"[""VERB=kiss"", ""PATIENT=daughter"", ""AGENT=cousin""]","Prime sentence: a scientist is kissed by a reader .
Event roles: VERB=kiss; PATIENT=daughter; AGENT=cousin
Sentence: the",Sentence: the,first_noun,-8.774791717529297,-5.741222858428955,3.033568859100342,passive,1.0
553,role_labeled,no_prime_eos,no_prime_eos,,a cousin kisses a daughter .,a daughter is kissed by a cousin .,a,cousin,a,daughter,kiss,kisses,kissed,"[""VERB=kiss"", ""PATIENT=daughter"", ""AGENT=cousin""]","Event roles: VERB=kiss; PATIENT=daughter; AGENT=cousin
Sentence: the",Sentence: the,first_noun,-8.033126831054688,-4.901603698730469,3.1315231323242188,passive,1.0
553,role_labeled,filler,filler,The window rattled during the storm .,a cousin kisses a daughter .,a daughter is kissed by a cousin .,a,cousin,a,daughter,kiss,kisses,kissed,"[""VERB=kiss"", ""PATIENT=daughter"", ""AGENT=cousin""]","Prime sentence: The window rattled during the storm .
Event roles: VERB=kiss; PATIENT=daughter; AGENT=cousin
Sentence: the",Sentence: the,first_noun,-9.02621841430664,-6.640867233276367,2.3853511810302734,passive,1.0
554,role_labeled,active,active,a man grabs a manager .,an actress grabs an adult .,an adult is grabbed by an actress .,an,actress,an,adult,grab,grabs,grabbed,"[""PATIENT=adult"", ""AGENT=actress"", ""VERB=grab""]","Prime sentence: a man grabs a manager .
Event roles: PATIENT=adult; AGENT=actress; VERB=grab
Sentence: the",Sentence: the,first_noun,-6.238112449645996,-6.487662315368652,-0.24954986572265625,active,0.0
554,role_labeled,passive,passive,a manager is grabbed by a man .,an actress grabs an adult .,an adult is grabbed by an actress .,an,actress,an,adult,grab,grabs,grabbed,"[""PATIENT=adult"", ""AGENT=actress"", ""VERB=grab""]","Prime sentence: a manager is grabbed by a man .
Event roles: PATIENT=adult; AGENT=actress; VERB=grab
Sentence: the",Sentence: the,first_noun,-6.409404754638672,-6.674528121948242,-0.2651233673095703,active,0.0
554,role_labeled,no_prime_eos,no_prime_eos,,an actress grabs an adult .,an adult is grabbed by an actress .,an,actress,an,adult,grab,grabs,grabbed,"[""PATIENT=adult"", ""AGENT=actress"", ""VERB=grab""]","Event roles: PATIENT=adult; AGENT=actress; VERB=grab
Sentence: the",Sentence: the,first_noun,-6.101088523864746,-6.127445220947266,-0.02635669708251953,active,0.0
554,role_labeled,filler,filler,The blanket dried on the line .,an actress grabs an adult .,an adult is grabbed by an actress .,an,actress,an,adult,grab,grabs,grabbed,"[""PATIENT=adult"", ""AGENT=actress"", ""VERB=grab""]","Prime sentence: The blanket dried on the line .
Event roles: PATIENT=adult; AGENT=actress; VERB=grab
Sentence: the",Sentence: the,first_noun,-7.932168960571289,-7.357954025268555,0.5742149353027344,passive,1.0
555,role_labeled,active,active,a colonel helps a cop .,a prince helps a princess .,a princess is helped by a prince .,a,prince,a,princess,help,helps,helped,"[""VERB=help"", ""AGENT=prince"", ""PATIENT=princess""]","Prime sentence: a colonel helps a cop .
Event roles: VERB=help; AGENT=prince; PATIENT=princess
Sentence: the",Sentence: the,first_noun,-3.6623337268829346,-4.3873701095581055,-0.7250363826751709,active,0.0
555,role_labeled,passive,passive,a cop is helped by a colonel .,a prince helps a princess .,a princess is helped by a prince .,a,prince,a,princess,help,helps,helped,"[""VERB=help"", ""AGENT=prince"", ""PATIENT=princess""]","Prime sentence: a cop is helped by a colonel .
Event roles: VERB=help; AGENT=prince; PATIENT=princess
Sentence: the",Sentence: the,first_noun,-3.681391716003418,-4.374495506286621,-0.6931037902832031,active,0.0
555,role_labeled,no_prime_eos,no_prime_eos,,a prince helps a princess .,a princess is helped by a prince .,a,prince,a,princess,help,helps,helped,"[""VERB=help"", ""AGENT=prince"", ""PATIENT=princess""]","Event roles: VERB=help; AGENT=prince; PATIENT=princess
Sentence: the",Sentence: the,first_noun,-3.3103926181793213,-3.7557809352874756,-0.4453883171081543,active,0.0
555,role_labeled,filler,filler,The traveler rested beside the river .,a prince helps a princess .,a princess is helped by a prince .,a,prince,a,princess,help,helps,helped,"[""VERB=help"", ""AGENT=prince"", ""PATIENT=princess""]","Prime sentence: The traveler rested beside the river .
Event roles: VERB=help; AGENT=prince; PATIENT=princess
Sentence: the",Sentence: the,first_noun,-3.531611680984497,-4.068798065185547,-0.5371863842010498,active,0.0
556,role_labeled,active,active,a wife selects a winner .,a hero selects a husband .,a husband is selected by a hero .,a,hero,a,husband,select,selects,selected,"[""VERB=select"", ""PATIENT=husband"", ""AGENT=hero""]","Prime sentence: a wife selects a winner .
Event roles: VERB=select; PATIENT=husband; AGENT=hero
Sentence: the",Sentence: the,first_noun,-3.2940073013305664,-2.6077427864074707,0.6862645149230957,passive,1.0
556,role_labeled,passive,passive,a winner is selected by a wife .,a hero selects a husband .,a husband is selected by a hero .,a,hero,a,husband,select,selects,selected,"[""VERB=select"", ""PATIENT=husband"", ""AGENT=hero""]","Prime sentence: a winner is selected by a wife .
Event roles: VERB=select; PATIENT=husband; AGENT=hero
Sentence: the",Sentence: the,first_noun,-3.1888132095336914,-3.3214309215545654,-0.13261771202087402,active,0.0
556,role_labeled,no_prime_eos,no_prime_eos,,a hero selects a husband .,a husband is selected by a hero .,a,hero,a,husband,select,selects,selected,"[""VERB=select"", ""PATIENT=husband"", ""AGENT=hero""]","Event roles: VERB=select; PATIENT=husband; AGENT=hero
Sentence: the",Sentence: the,first_noun,-3.4240152835845947,-4.809953689575195,-1.3859384059906006,active,0.0
556,role_labeled,filler,filler,The notebook stayed on the shelf .,a hero selects a husband .,a husband is selected by a hero .,a,hero,a,husband,select,selects,selected,"[""VERB=select"", ""PATIENT=husband"", ""AGENT=hero""]","Prime sentence: The notebook stayed on the shelf .
Event roles: VERB=select; PATIENT=husband; AGENT=hero
Sentence: the",Sentence: the,first_noun,-6.181216716766357,-4.994014739990234,1.187201976776123,passive,1.0
557,role_labeled,active,active,a writer destroys an actor .,a lady destroys a lawyer .,a lawyer is destroyed by a lady .,a,lady,a,lawyer,destroy,destroys,destroyed,"[""VERB=destroy"", ""PATIENT=lawyer"", ""AGENT=lady""]","Prime sentence: a writer destroys an actor .
Event roles: VERB=destroy; PATIENT=lawyer; AGENT=lady
Sentence: the",Sentence: the,first_noun,-6.5777587890625,-4.668766021728516,1.9089927673339844,passive,1.0
557,role_labeled,passive,passive,an actor is destroyed by a writer .,a lady destroys a lawyer .,a lawyer is destroyed by a lady .,a,lady,a,lawyer,destroy,destroys,destroyed,"[""VERB=destroy"", ""PATIENT=lawyer"", ""AGENT=lady""]","Prime sentence: an actor is destroyed by a writer .
Event roles: VERB=destroy; PATIENT=lawyer; AGENT=lady
Sentence: the",Sentence: the,first_noun,-6.987424373626709,-5.060079097747803,1.9273452758789062,passive,1.0
557,role_labeled,no_prime_eos,no_prime_eos,,a lady destroys a lawyer .,a lawyer is destroyed by a lady .,a,lady,a,lawyer,destroy,destroys,destroyed,"[""VERB=destroy"", ""PATIENT=lawyer"", ""AGENT=lady""]","Event roles: VERB=destroy; PATIENT=lawyer; AGENT=lady
Sentence: the",Sentence: the,first_noun,-6.162449359893799,-5.224251747131348,0.9381976127624512,passive,1.0
557,role_labeled,filler,filler,The planet shimmered above the valley .,a lady destroys a lawyer .,a lawyer is destroyed by a lady .,a,lady,a,lawyer,destroy,destroys,destroyed,"[""VERB=destroy"", ""PATIENT=lawyer"", ""AGENT=lady""]","Prime sentence: The planet shimmered above the valley .
Event roles: VERB=destroy; PATIENT=lawyer; AGENT=lady
Sentence: the",Sentence: the,first_noun,-6.349012851715088,-6.639936447143555,-0.2909235954284668,active,0.0
558,role_labeled,active,active,a guy hurries a hero .,a teacher hurries an uncle .,an uncle is hurried by a teacher .,a,teacher,an,uncle,hurry,hurries,hurried,"[""AGENT=teacher"", ""PATIENT=uncle"", ""VERB=hurry""]","Prime sentence: a guy hurries a hero .
Event roles: AGENT=teacher; PATIENT=uncle; VERB=hurry
Sentence: the",Sentence: the,first_noun,-3.9492623805999756,-6.827408790588379,-2.8781464099884033,active,0.0
558,role_labeled,passive,passive,a hero is hurried by a guy .,a teacher hurries an uncle .,an uncle is hurried by a teacher .,a,teacher,an,uncle,hurry,hurries,hurried,"[""AGENT=teacher"", ""PATIENT=uncle"", ""VERB=hurry""]","Prime sentence: a hero is hurried by a guy .
Event roles: AGENT=teacher; PATIENT=uncle; VERB=hurry
Sentence: the",Sentence: the,first_noun,-3.97808837890625,-6.902486324310303,-2.9243979454040527,active,0.0
558,role_labeled,no_prime_eos,no_prime_eos,,a teacher hurries an uncle .,an uncle is hurried by a teacher .,a,teacher,an,uncle,hurry,hurries,hurried,"[""AGENT=teacher"", ""PATIENT=uncle"", ""VERB=hurry""]","Event roles: AGENT=teacher; PATIENT=uncle; VERB=hurry
Sentence: the",Sentence: the,first_noun,-2.940143585205078,-7.250988006591797,-4.310844421386719,active,0.0
558,role_labeled,filler,filler,The violin echoed in the theater .,a teacher hurries an uncle .,an uncle is hurried by a teacher .,a,teacher,an,uncle,hurry,hurries,hurried,"[""AGENT=teacher"", ""PATIENT=uncle"", ""VERB=hurry""]","Prime sentence: The violin echoed in the theater .
Event roles: AGENT=teacher; PATIENT=uncle; VERB=hurry
Sentence: the",Sentence: the,first_noun,-4.582855224609375,-7.598940849304199,-3.016085624694824,active,0.0
559,role_labeled,active,active,a chief understands a child .,a president understands a priest .,a priest is understood by a president .,a,president,a,priest,understand,understands,understood,"[""VERB=understand"", ""PATIENT=priest"", ""AGENT=president""]","Prime sentence: a chief understands a child .
Event roles: VERB=understand; PATIENT=priest; AGENT=president
Sentence: the",Sentence: the,first_noun,-4.39083194732666,-4.84261417388916,-0.4517822265625,active,0.0
559,role_labeled,passive,passive,a child is understood by a chief .,a president understands a priest .,a priest is understood by a president .,a,president,a,priest,understand,understands,understood,"[""VERB=understand"", ""PATIENT=priest"", ""AGENT=president""]","Prime sentence: a child is understood by a chief .
Event roles: VERB=understand; PATIENT=priest; AGENT=president
Sentence: the",Sentence: the,first_noun,-4.043055534362793,-4.519390106201172,-0.4763345718383789,active,0.0
559,role_labeled,no_prime_eos,no_prime_eos,,a president understands a priest .,a priest is understood by a president .,a,president,a,priest,understand,understands,understood,"[""VERB=understand"", ""PATIENT=priest"", ""AGENT=president""]","Event roles: VERB=understand; PATIENT=priest; AGENT=president
Sentence: the",Sentence: the,first_noun,-4.406238555908203,-4.65781831741333,-0.25157976150512695,active,0.0
559,role_labeled,filler,filler,The teacher listened during assembly .,a president understands a priest .,a priest is understood by a president .,a,president,a,priest,understand,understands,understood,"[""VERB=understand"", ""PATIENT=priest"", ""AGENT=president""]","Prime sentence: The teacher listened during assembly .
Event roles: VERB=understand; PATIENT=priest; AGENT=president
Sentence: the",Sentence: the,first_noun,-3.472280740737915,-3.0741240978240967,0.39815664291381836,passive,1.0
560,role_labeled,active,active,an employee understands an employer .,a secretary understands a sheriff .,a sheriff is understood by a secretary .,a,secretary,a,sheriff,understand,understands,understood,"[""PATIENT=sheriff"", ""AGENT=secretary"", ""VERB=understand""]","Prime sentence: an employee understands an employer .
Event roles: PATIENT=sheriff; AGENT=secretary; VERB=understand
Sentence: the",Sentence: the,first_noun,-5.558663368225098,-4.253389358520508,1.3052740097045898,passive,1.0
560,role_labeled,passive,passive,an employer is understood by an employee .,a secretary understands a sheriff .,a sheriff is understood by a secretary .,a,secretary,a,sheriff,understand,understands,understood,"[""PATIENT=sheriff"", ""AGENT=secretary"", ""VERB=understand""]","Prime sentence: an employer is understood by an employee .
Event roles: PATIENT=sheriff; AGENT=secretary; VERB=understand
Sentence: the",Sentence: the,first_noun,-5.704521656036377,-4.270866870880127,1.43365478515625,passive,1.0
560,role_labeled,no_prime_eos,no_prime_eos,,a secretary understands a sheriff .,a sheriff is understood by a secretary .,a,secretary,a,sheriff,understand,understands,understood,"[""PATIENT=sheriff"", ""AGENT=secretary"", ""VERB=understand""]","Event roles: PATIENT=sheriff; AGENT=secretary; VERB=understand
Sentence: the",Sentence: the,first_noun,-5.404767990112305,-6.865477085113525,-1.4607090950012207,active,0.0
560,role_labeled,filler,filler,The teacher listened during assembly .,a secretary understands a sheriff .,a sheriff is understood by a secretary .,a,secretary,a,sheriff,understand,understands,understood,"[""PATIENT=sheriff"", ""AGENT=secretary"", ""VERB=understand""]","Prime sentence: The teacher listened during assembly .
Event roles: PATIENT=sheriff; AGENT=secretary; VERB=understand
Sentence: the",Sentence: the,first_noun,-5.327066421508789,-3.6302618980407715,1.6968045234680176,passive,1.0
561,role_labeled,active,active,a mayor embraces a minister .,an attorney embraces an aunt .,an aunt is embraced by an attorney .,an,attorney,an,aunt,embrac,embraces,embraced,"[""PATIENT=aunt"", ""AGENT=attorney"", ""VERB=embrac""]","Prime sentence: a mayor embraces a minister .
Event roles: PATIENT=aunt; AGENT=attorney; VERB=embrac
Sentence: the",Sentence: the,first_noun,-6.739584922790527,-7.70685338973999,-0.9672684669494629,active,0.0
561,role_labeled,passive,passive,a minister is embraced by a mayor .,an attorney embraces an aunt .,an aunt is embraced by an attorney .,an,attorney,an,aunt,embrac,embraces,embraced,"[""PATIENT=aunt"", ""AGENT=attorney"", ""VERB=embrac""]","Prime sentence: a minister is embraced by a mayor .
Event roles: PATIENT=aunt; AGENT=attorney; VERB=embrac
Sentence: the",Sentence: the,first_noun,-6.608080863952637,-7.742283344268799,-1.134202480316162,active,0.0
561,role_labeled,no_prime_eos,no_prime_eos,,an attorney embraces an aunt .,an aunt is embraced by an attorney .,an,attorney,an,aunt,embrac,embraces,embraced,"[""PATIENT=aunt"", ""AGENT=attorney"", ""VERB=embrac""]","Event roles: PATIENT=aunt; AGENT=attorney; VERB=embrac
Sentence: the",Sentence: the,first_noun,-6.608364105224609,-9.146978378295898,-2.538614273071289,active,0.0
561,role_labeled,filler,filler,The market opened after sunrise .,an attorney embraces an aunt .,an aunt is embraced by an attorney .,an,attorney,an,aunt,embrac,embraces,embraced,"[""PATIENT=aunt"", ""AGENT=attorney"", ""VERB=embrac""]","Prime sentence: The market opened after sunrise .
Event roles: PATIENT=aunt; AGENT=attorney; VERB=embrac
Sentence: the",Sentence: the,first_noun,-7.498175144195557,-9.102954864501953,-1.6047797203063965,active,0.0
562,role_labeled,active,active,a doctor helps an employee .,a scientist helps a secretary .,a secretary is helped by a scientist .,a,scientist,a,secretary,help,helps,helped,"[""VERB=help"", ""AGENT=scientist"", ""PATIENT=secretary""]","Prime sentence: a doctor helps an employee .
Event roles: VERB=help; AGENT=scientist; PATIENT=secretary
Sentence: the",Sentence: the,first_noun,-3.5198774337768555,-5.768681526184082,-2.2488040924072266,active,0.0
562,role_labeled,passive,passive,an employee is helped by a doctor .,a scientist helps a secretary .,a secretary is helped by a scientist .,a,scientist,a,secretary,help,helps,helped,"[""VERB=help"", ""AGENT=scientist"", ""PATIENT=secretary""]","Prime sentence: an employee is helped by a doctor .
Event roles: VERB=help; AGENT=scientist; PATIENT=secretary
Sentence: the",Sentence: the,first_noun,-3.6775712966918945,-5.6910481452941895,-2.013476848602295,active,0.0
562,role_labeled,no_prime_eos,no_prime_eos,,a scientist helps a secretary .,a secretary is helped by a scientist .,a,scientist,a,secretary,help,helps,helped,"[""VERB=help"", ""AGENT=scientist"", ""PATIENT=secretary""]","Event roles: VERB=help; AGENT=scientist; PATIENT=secretary
Sentence: the",Sentence: the,first_noun,-4.804759979248047,-7.020702362060547,-2.2159423828125,active,0.0
562,role_labeled,filler,filler,The pillow rested on the sofa .,a scientist helps a secretary .,a secretary is helped by a scientist .,a,scientist,a,secretary,help,helps,helped,"[""VERB=help"", ""AGENT=scientist"", ""PATIENT=secretary""]","Prime sentence: The pillow rested on the sofa .
Event roles: VERB=help; AGENT=scientist; PATIENT=secretary
Sentence: the",Sentence: the,first_noun,-5.924217224121094,-7.4034881591796875,-1.4792709350585938,active,0.0
563,role_labeled,active,active,a mother destroys a nurse .,an author destroys a bishop .,a bishop is destroyed by an author .,an,author,a,bishop,destroy,destroys,destroyed,"[""PATIENT=bishop"", ""VERB=destroy"", ""AGENT=author""]","Prime sentence: a mother destroys a nurse .
Event roles: PATIENT=bishop; VERB=destroy; AGENT=author
Sentence: the",Sentence: the,first_noun,-5.913213729858398,-3.6028060913085938,2.3104076385498047,passive,1.0
563,role_labeled,passive,passive,a nurse is destroyed by a mother .,an author destroys a bishop .,a bishop is destroyed by an author .,an,author,a,bishop,destroy,destroys,destroyed,"[""PATIENT=bishop"", ""VERB=destroy"", ""AGENT=author""]","Prime sentence: a nurse is destroyed by a mother .
Event roles: PATIENT=bishop; VERB=destroy; AGENT=author
Sentence: the",Sentence: the,first_noun,-5.511587619781494,-3.5466670989990234,1.9649205207824707,passive,1.0
563,role_labeled,no_prime_eos,no_prime_eos,,an author destroys a bishop .,a bishop is destroyed by an author .,an,author,a,bishop,destroy,destroys,destroyed,"[""PATIENT=bishop"", ""VERB=destroy"", ""AGENT=author""]","Event roles: PATIENT=bishop; VERB=destroy; AGENT=author
Sentence: the",Sentence: the,first_noun,-4.636425018310547,-3.609834909439087,1.02659010887146,passive,1.0
563,role_labeled,filler,filler,The teacher listened during assembly .,an author destroys a bishop .,a bishop is destroyed by an author .,an,author,a,bishop,destroy,destroys,destroyed,"[""PATIENT=bishop"", ""VERB=destroy"", ""AGENT=author""]","Prime sentence: The teacher listened during assembly .
Event roles: PATIENT=bishop; VERB=destroy; AGENT=author
Sentence: the",Sentence: the,first_noun,-5.771400451660156,-2.5136492252349854,3.257751226425171,passive,1.0
564,role_labeled,active,active,a captain hurries a champion .,a physician hurries a pilot .,a pilot is hurried by a physician .,a,physician,a,pilot,hurry,hurries,hurried,"[""PATIENT=pilot"", ""AGENT=physician"", ""VERB=hurry""]","Prime sentence: a captain hurries a champion .
Event roles: PATIENT=pilot; AGENT=physician; VERB=hurry
Sentence: the",Sentence: the,first_noun,-5.592654705047607,-3.9937334060668945,1.598921298980713,passive,1.0
564,role_labeled,passive,passive,a champion is hurried by a captain .,a physician hurries a pilot .,a pilot is hurried by a physician .,a,physician,a,pilot,hurry,hurries,hurried,"[""PATIENT=pilot"", ""AGENT=physician"", ""VERB=hurry""]","Prime sentence: a champion is hurried by a captain .
Event roles: PATIENT=pilot; AGENT=physician; VERB=hurry
Sentence: the",Sentence: the,first_noun,-5.8831634521484375,-4.816403388977051,1.0667600631713867,passive,1.0
564,role_labeled,no_prime_eos,no_prime_eos,,a physician hurries a pilot .,a pilot is hurried by a physician .,a,physician,a,pilot,hurry,hurries,hurried,"[""PATIENT=pilot"", ""AGENT=physician"", ""VERB=hurry""]","Event roles: PATIENT=pilot; AGENT=physician; VERB=hurry
Sentence: the",Sentence: the,first_noun,-4.748741149902344,-3.437150239944458,1.3115909099578857,passive,1.0
564,role_labeled,filler,filler,The blanket dried on the line .,a physician hurries a pilot .,a pilot is hurried by a physician .,a,physician,a,pilot,hurry,hurries,hurried,"[""PATIENT=pilot"", ""AGENT=physician"", ""VERB=hurry""]","Prime sentence: The blanket dried on the line .
Event roles: PATIENT=pilot; AGENT=physician; VERB=hurry
Sentence: the",Sentence: the,first_noun,-5.631940841674805,-4.115155220031738,1.5167856216430664,passive,1.0
565,role_labeled,active,active,a lawyer washes a leader .,a writer washes an actor .,an actor is washed by a writer .,a,writer,an,actor,wash,washes,washed,"[""VERB=wash"", ""AGENT=writer"", ""PATIENT=actor""]","Prime sentence: a lawyer washes a leader .
Event roles: VERB=wash; AGENT=writer; PATIENT=actor
Sentence: the",Sentence: the,first_noun,-4.833166122436523,-4.704079627990723,0.12908649444580078,passive,1.0
565,role_labeled,passive,passive,a leader is washed by a lawyer .,a writer washes an actor .,an actor is washed by a writer .,a,writer,an,actor,wash,washes,washed,"[""VERB=wash"", ""AGENT=writer"", ""PATIENT=actor""]","Prime sentence: a leader is washed by a lawyer .
Event roles: VERB=wash; AGENT=writer; PATIENT=actor
Sentence: the",Sentence: the,first_noun,-5.690450191497803,-5.697263717651367,-0.006813526153564453,active,0.0
565,role_labeled,no_prime_eos,no_prime_eos,,a writer washes an actor .,an actor is washed by a writer .,a,writer,an,actor,wash,washes,washed,"[""VERB=wash"", ""AGENT=writer"", ""PATIENT=actor""]","Event roles: VERB=wash; AGENT=writer; PATIENT=actor
Sentence: the",Sentence: the,first_noun,-4.871682167053223,-5.2142462730407715,-0.34256410598754883,active,0.0
565,role_labeled,filler,filler,The witness paused near the doorway .,a writer washes an actor .,an actor is washed by a writer .,a,writer,an,actor,wash,washes,washed,"[""VERB=wash"", ""AGENT=writer"", ""PATIENT=actor""]","Prime sentence: The witness paused near the doorway .
Event roles: VERB=wash; AGENT=writer; PATIENT=actor
Sentence: the",Sentence: the,first_noun,-4.99689245223999,-4.713597297668457,0.2832951545715332,passive,1.0
566,role_labeled,active,active,a winner kisses a woman .,a husband kisses a kid .,a kid is kissed by a husband .,a,husband,a,kid,kiss,kisses,kissed,"[""AGENT=husband"", ""PATIENT=kid"", ""VERB=kiss""]","Prime sentence: a winner kisses a woman .
Event roles: AGENT=husband; PATIENT=kid; VERB=kiss
Sentence: the",Sentence: the,first_noun,-3.3622512817382812,-6.070788383483887,-2.7085371017456055,active,0.0
566,role_labeled,passive,passive,a woman is kissed by a winner .,a husband kisses a kid .,a kid is kissed by a husband .,a,husband,a,kid,kiss,kisses,kissed,"[""AGENT=husband"", ""PATIENT=kid"", ""VERB=kiss""]","Prime sentence: a woman is kissed by a winner .
Event roles: AGENT=husband; PATIENT=kid; VERB=kiss
Sentence: the",Sentence: the,first_noun,-3.270714521408081,-6.093003273010254,-2.822288751602173,active,0.0
566,role_labeled,no_prime_eos,no_prime_eos,,a husband kisses a kid .,a kid is kissed by a husband .,a,husband,a,kid,kiss,kisses,kissed,"[""AGENT=husband"", ""PATIENT=kid"", ""VERB=kiss""]","Event roles: AGENT=husband; PATIENT=kid; VERB=kiss
Sentence: the",Sentence: the,first_noun,-3.5539708137512207,-5.389978885650635,-1.836008071899414,active,0.0
566,role_labeled,filler,filler,The market opened after sunrise .,a husband kisses a kid .,a kid is kissed by a husband .,a,husband,a,kid,kiss,kisses,kissed,"[""AGENT=husband"", ""PATIENT=kid"", ""VERB=kiss""]","Prime sentence: The market opened after sunrise .
Event roles: AGENT=husband; PATIENT=kid; VERB=kiss
Sentence: the",Sentence: the,first_noun,-5.874863147735596,-6.222030162811279,-0.3471670150756836,active,0.0
567,role_labeled,active,active,a reader chases a scientist .,a cousin chases a daughter .,a daughter is chased by a cousin .,a,cousin,a,daughter,chas,chases,chased,"[""PATIENT=daughter"", ""AGENT=cousin"", ""VERB=chas""]","Prime sentence: a reader chases a scientist .
Event roles: PATIENT=daughter; AGENT=cousin; VERB=chas
Sentence: the",Sentence: the,first_noun,-7.642968654632568,-4.313000679016113,3.329967975616455,passive,1.0
567,role_labeled,passive,passive,a scientist is chased by a reader .,a cousin chases a daughter .,a daughter is chased by a cousin .,a,cousin,a,daughter,chas,chases,chased,"[""PATIENT=daughter"", ""AGENT=cousin"", ""VERB=chas""]","Prime sentence: a scientist is chased by a reader .
Event roles: PATIENT=daughter; AGENT=cousin; VERB=chas
Sentence: the",Sentence: the,first_noun,-8.336231231689453,-4.872991561889648,3.4632396697998047,passive,1.0
567,role_labeled,no_prime_eos,no_prime_eos,,a cousin chases a daughter .,a daughter is chased by a cousin .,a,cousin,a,daughter,chas,chases,chased,"[""PATIENT=daughter"", ""AGENT=cousin"", ""VERB=chas""]","Event roles: PATIENT=daughter; AGENT=cousin; VERB=chas
Sentence: the",Sentence: the,first_noun,-7.433786869049072,-3.8346502780914307,3.5991365909576416,passive,1.0
567,role_labeled,filler,filler,The pillow rested on the sofa .,a cousin chases a daughter .,a daughter is chased by a cousin .,a,cousin,a,daughter,chas,chases,chased,"[""PATIENT=daughter"", ""AGENT=cousin"", ""VERB=chas""]","Prime sentence: The pillow rested on the sofa .
Event roles: PATIENT=daughter; AGENT=cousin; VERB=chas
Sentence: the",Sentence: the,first_noun,-8.651196479797363,-6.441957950592041,2.2092385292053223,passive,1.0
568,role_labeled,active,active,a president forgets a priest .,a champion forgets a chief .,a chief is forgotten by a champion .,a,champion,a,chief,forget,forgets,forgotten,"[""AGENT=champion"", ""VERB=forget"", ""PATIENT=chief""]","Prime sentence: a president forgets a priest .
Event roles: AGENT=champion; VERB=forget; PATIENT=chief
Sentence: the",Sentence: the,first_noun,-7.405335426330566,-5.253033638000488,2.152301788330078,passive,1.0
568,role_labeled,passive,passive,a priest is forgotten by a president .,a champion forgets a chief .,a chief is forgotten by a champion .,a,champion,a,chief,forget,forgets,forgotten,"[""AGENT=champion"", ""VERB=forget"", ""PATIENT=chief""]","Prime sentence: a priest is forgotten by a president .
Event roles: AGENT=champion; VERB=forget; PATIENT=chief
Sentence: the",Sentence: the,first_noun,-6.601869583129883,-5.149927139282227,1.4519424438476562,passive,1.0
568,role_labeled,no_prime_eos,no_prime_eos,,a champion forgets a chief .,a chief is forgotten by a champion .,a,champion,a,chief,forget,forgets,forgotten,"[""AGENT=champion"", ""VERB=forget"", ""PATIENT=chief""]","Event roles: AGENT=champion; VERB=forget; PATIENT=chief
Sentence: the",Sentence: the,first_noun,-4.381165504455566,-4.735113143920898,-0.35394763946533203,active,0.0
568,role_labeled,filler,filler,The signal flickered across the screen .,a champion forgets a chief .,a chief is forgotten by a champion .,a,champion,a,chief,forget,forgets,forgotten,"[""AGENT=champion"", ""VERB=forget"", ""PATIENT=chief""]","Prime sentence: The signal flickered across the screen .
Event roles: AGENT=champion; VERB=forget; PATIENT=chief
Sentence: the",Sentence: the,first_noun,-4.7641987800598145,-6.0139946937561035,-1.249795913696289,active,0.0
569,role_labeled,active,active,an employer comforts a father .,a sheriff comforts a singer .,a singer is comforted by a sheriff .,a,sheriff,a,singer,comfort,comforts,comforted,"[""AGENT=sheriff"", ""PATIENT=singer"", ""VERB=comfort""]","Prime sentence: an employer comforts a father .
Event roles: AGENT=sheriff; PATIENT=singer; VERB=comfort
Sentence: the",Sentence: the,first_noun,-3.9980146884918213,-6.359275817871094,-2.3612611293792725,active,0.0
569,role_labeled,passive,passive,a father is comforted by an employer .,a sheriff comforts a singer .,a singer is comforted by a sheriff .,a,sheriff,a,singer,comfort,comforts,comforted,"[""AGENT=sheriff"", ""PATIENT=singer"", ""VERB=comfort""]","Prime sentence: a father is comforted by an employer .
Event roles: AGENT=sheriff; PATIENT=singer; VERB=comfort
Sentence: the",Sentence: the,first_noun,-4.570441722869873,-6.686402320861816,-2.1159605979919434,active,0.0
569,role_labeled,no_prime_eos,no_prime_eos,,a sheriff comforts a singer .,a singer is comforted by a sheriff .,a,sheriff,a,singer,comfort,comforts,comforted,"[""AGENT=sheriff"", ""PATIENT=singer"", ""VERB=comfort""]","Event roles: AGENT=sheriff; PATIENT=singer; VERB=comfort
Sentence: the",Sentence: the,first_noun,-5.63762092590332,-5.520211696624756,0.11740922927856445,passive,1.0
569,role_labeled,filler,filler,The garden brightened after rain .,a sheriff comforts a singer .,a singer is comforted by a sheriff .,a,sheriff,a,singer,comfort,comforts,comforted,"[""AGENT=sheriff"", ""PATIENT=singer"", ""VERB=comfort""]","Prime sentence: The garden brightened after rain .
Event roles: AGENT=sheriff; PATIENT=singer; VERB=comfort
Sentence: the",Sentence: the,first_noun,-6.939818382263184,-7.826045036315918,-0.8862266540527344,active,0.0
570,role_labeled,active,active,a nurse punches an opponent .,a bishop punches a boy .,a boy is punched by a bishop .,a,bishop,a,boy,punch,punches,punched,"[""VERB=punch"", ""PATIENT=boy"", ""AGENT=bishop""]","Prime sentence: a nurse punches an opponent .
Event roles: VERB=punch; PATIENT=boy; AGENT=bishop
Sentence: the",Sentence: the,first_noun,-3.086775779724121,-3.928199291229248,-0.841423511505127,active,0.0
570,role_labeled,passive,passive,an opponent is punched by a nurse .,a bishop punches a boy .,a boy is punched by a bishop .,a,bishop,a,boy,punch,punches,punched,"[""VERB=punch"", ""PATIENT=boy"", ""AGENT=bishop""]","Prime sentence: an opponent is punched by a nurse .
Event roles: VERB=punch; PATIENT=boy; AGENT=bishop
Sentence: the",Sentence: the,first_noun,-3.06301212310791,-3.762206554412842,-0.6991944313049316,active,0.0
570,role_labeled,no_prime_eos,no_prime_eos,,a bishop punches a boy .,a boy is punched by a bishop .,a,bishop,a,boy,punch,punches,punched,"[""VERB=punch"", ""PATIENT=boy"", ""AGENT=bishop""]","Event roles: VERB=punch; PATIENT=boy; AGENT=bishop
Sentence: the",Sentence: the,first_noun,-3.7180726528167725,-3.9820120334625244,-0.26393938064575195,active,0.0
570,role_labeled,filler,filler,The signal flickered across the screen .,a bishop punches a boy .,a boy is punched by a bishop .,a,bishop,a,boy,punch,punches,punched,"[""VERB=punch"", ""PATIENT=boy"", ""AGENT=bishop""]","Prime sentence: The signal flickered across the screen .
Event roles: VERB=punch; PATIENT=boy; AGENT=bishop
Sentence: the",Sentence: the,first_noun,-3.9274208545684814,-3.1184957027435303,0.8089251518249512,passive,1.0
571,role_labeled,active,active,a hero asks a husband .,an uncle asks a wife .,a wife is asked by an uncle .,an,uncle,a,wife,ask,asks,asked,"[""AGENT=uncle"", ""PATIENT=wife"", ""VERB=ask""]","Prime sentence: a hero asks a husband .
Event roles: AGENT=uncle; PATIENT=wife; VERB=ask
Sentence: the",Sentence: the,first_noun,-5.111063003540039,-3.7219934463500977,1.3890695571899414,passive,1.0
571,role_labeled,passive,passive,a husband is asked by a hero .,an uncle asks a wife .,a wife is asked by an uncle .,an,uncle,a,wife,ask,asks,asked,"[""AGENT=uncle"", ""PATIENT=wife"", ""VERB=ask""]","Prime sentence: a husband is asked by a hero .
Event roles: AGENT=uncle; PATIENT=wife; VERB=ask
Sentence: the",Sentence: the,first_noun,-5.956104278564453,-4.011228561401367,1.944875717163086,passive,1.0
571,role_labeled,no_prime_eos,no_prime_eos,,an uncle asks a wife .,a wife is asked by an uncle .,an,uncle,a,wife,ask,asks,asked,"[""AGENT=uncle"", ""PATIENT=wife"", ""VERB=ask""]","Event roles: AGENT=uncle; PATIENT=wife; VERB=ask
Sentence: the",Sentence: the,first_noun,-6.931464195251465,-4.31130838394165,2.6201558113098145,passive,1.0
571,role_labeled,filler,filler,The baker laughed during breakfast .,an uncle asks a wife .,a wife is asked by an uncle .,an,uncle,a,wife,ask,asks,asked,"[""AGENT=uncle"", ""PATIENT=wife"", ""VERB=ask""]","Prime sentence: The baker laughed during breakfast .
Event roles: AGENT=uncle; PATIENT=wife; VERB=ask
Sentence: the",Sentence: the,first_noun,-5.27752161026001,-4.32477331161499,0.9527482986450195,passive,1.0
572,role_labeled,active,active,an opponent helps a parent .,a boy helps a brother .,a brother is helped by a boy .,a,boy,a,brother,help,helps,helped,"[""VERB=help"", ""PATIENT=brother"", ""AGENT=boy""]","Prime sentence: an opponent helps a parent .
Event roles: VERB=help; PATIENT=brother; AGENT=boy
Sentence: the",Sentence: the,first_noun,-3.5458006858825684,-5.124678134918213,-1.5788774490356445,active,0.0
572,role_labeled,passive,passive,a parent is helped by an opponent .,a boy helps a brother .,a brother is helped by a boy .,a,boy,a,brother,help,helps,helped,"[""VERB=help"", ""PATIENT=brother"", ""AGENT=boy""]","Prime sentence: a parent is helped by an opponent .
Event roles: VERB=help; PATIENT=brother; AGENT=boy
Sentence: the",Sentence: the,first_noun,-3.552089214324951,-5.639516830444336,-2.0874276161193848,active,0.0
572,role_labeled,no_prime_eos,no_prime_eos,,a boy helps a brother .,a brother is helped by a boy .,a,boy,a,brother,help,helps,helped,"[""VERB=help"", ""PATIENT=brother"", ""AGENT=boy""]","Event roles: VERB=help; PATIENT=brother; AGENT=boy
Sentence: the",Sentence: the,first_noun,-3.782374620437622,-5.872189998626709,-2.089815378189087,active,0.0
572,role_labeled,filler,filler,The witness paused near the doorway .,a boy helps a brother .,a brother is helped by a boy .,a,boy,a,brother,help,helps,helped,"[""VERB=help"", ""PATIENT=brother"", ""AGENT=boy""]","Prime sentence: The witness paused near the doorway .
Event roles: VERB=help; PATIENT=brother; AGENT=boy
Sentence: the",Sentence: the,first_noun,-2.1565845012664795,-5.163890361785889,-3.007305860519409,active,0.0
573,role_labeled,active,active,a writer kisses an actor .,a lady kisses a lawyer .,a lawyer is kissed by a lady .,a,lady,a,lawyer,kiss,kisses,kissed,"[""VERB=kiss"", ""AGENT=lady"", ""PATIENT=lawyer""]","Prime sentence: a writer kisses an actor .
Event roles: VERB=kiss; AGENT=lady; PATIENT=lawyer
Sentence: the",Sentence: the,first_noun,-5.852694511413574,-5.43913459777832,0.4135599136352539,passive,1.0
573,role_labeled,passive,passive,an actor is kissed by a writer .,a lady kisses a lawyer .,a lawyer is kissed by a lady .,a,lady,a,lawyer,kiss,kisses,kissed,"[""VERB=kiss"", ""AGENT=lady"", ""PATIENT=lawyer""]","Prime sentence: an actor is kissed by a writer .
Event roles: VERB=kiss; AGENT=lady; PATIENT=lawyer
Sentence: the",Sentence: the,first_noun,-6.2776899337768555,-5.362951755523682,0.9147381782531738,passive,1.0
573,role_labeled,no_prime_eos,no_prime_eos,,a lady kisses a lawyer .,a lawyer is kissed by a lady .,a,lady,a,lawyer,kiss,kisses,kissed,"[""VERB=kiss"", ""AGENT=lady"", ""PATIENT=lawyer""]","Event roles: VERB=kiss; AGENT=lady; PATIENT=lawyer
Sentence: the",Sentence: the,first_noun,-6.0380048751831055,-6.055483818054199,-0.01747894287109375,active,0.0
573,role_labeled,filler,filler,The pillow rested on the sofa .,a lady kisses a lawyer .,a lawyer is kissed by a lady .,a,lady,a,lawyer,kiss,kisses,kissed,"[""VERB=kiss"", ""AGENT=lady"", ""PATIENT=lawyer""]","Prime sentence: The pillow rested on the sofa .
Event roles: VERB=kiss; AGENT=lady; PATIENT=lawyer
Sentence: the",Sentence: the,first_noun,-6.018951892852783,-6.189189910888672,-0.17023801803588867,active,0.0
574,role_labeled,active,active,a man understands a manager .,an actress understands an adult .,an adult is understood by an actress .,an,actress,an,adult,understand,understands,understood,"[""AGENT=actress"", ""VERB=understand"", ""PATIENT=adult""]","Prime sentence: a man understands a manager .
Event roles: AGENT=actress; VERB=understand; PATIENT=adult
Sentence: the",Sentence: the,first_noun,-6.744226455688477,-7.4906511306762695,-0.746424674987793,active,0.0
574,role_labeled,passive,passive,a manager is understood by a man .,an actress understands an adult .,an adult is understood by an actress .,an,actress,an,adult,understand,understands,understood,"[""AGENT=actress"", ""VERB=understand"", ""PATIENT=adult""]","Prime sentence: a manager is understood by a man .
Event roles: AGENT=actress; VERB=understand; PATIENT=adult
Sentence: the",Sentence: the,first_noun,-6.335544109344482,-7.1902546882629395,-0.854710578918457,active,0.0
574,role_labeled,no_prime_eos,no_prime_eos,,an actress understands an adult .,an adult is understood by an actress .,an,actress,an,adult,understand,understands,understood,"[""AGENT=actress"", ""VERB=understand"", ""PATIENT=adult""]","Event roles: AGENT=actress; VERB=understand; PATIENT=adult
Sentence: the",Sentence: the,first_noun,-6.194377899169922,-5.84619140625,0.3481864929199219,passive,1.0
574,role_labeled,filler,filler,The sculpture stood in the hallway .,an actress understands an adult .,an adult is understood by an actress .,an,actress,an,adult,understand,understands,understood,"[""AGENT=actress"", ""VERB=understand"", ""PATIENT=adult""]","Prime sentence: The sculpture stood in the hallway .
Event roles: AGENT=actress; VERB=understand; PATIENT=adult
Sentence: the",Sentence: the,first_noun,-6.272502899169922,-7.251218795776367,-0.9787158966064453,active,0.0
575,role_labeled,active,active,an adult strikes an attorney .,a man strikes a manager .,a manager is struck by a man .,a,man,a,manager,strik,strikes,struck,"[""VERB=strik"", ""PATIENT=manager"", ""AGENT=man""]","Prime sentence: an adult strikes an attorney .
Event roles: VERB=strik; PATIENT=manager; AGENT=man
Sentence: the",Sentence: the,first_noun,-4.141261100769043,-4.507453918457031,-0.3661928176879883,active,0.0
575,role_labeled,passive,passive,an attorney is struck by an adult .,a man strikes a manager .,a manager is struck by a man .,a,man,a,manager,strik,strikes,struck,"[""VERB=strik"", ""PATIENT=manager"", ""AGENT=man""]","Prime sentence: an attorney is struck by an adult .
Event roles: VERB=strik; PATIENT=manager; AGENT=man
Sentence: the",Sentence: the,first_noun,-4.327065467834473,-4.485603332519531,-0.1585378646850586,active,0.0
575,role_labeled,no_prime_eos,no_prime_eos,,a man strikes a manager .,a manager is struck by a man .,a,man,a,manager,strik,strikes,struck,"[""VERB=strik"", ""PATIENT=manager"", ""AGENT=man""]","Event roles: VERB=strik; PATIENT=manager; AGENT=man
Sentence: the",Sentence: the,first_noun,-4.291494846343994,-4.171650409698486,0.11984443664550781,passive,1.0
575,role_labeled,filler,filler,The jacket hung behind the chair .,a man strikes a manager .,a manager is struck by a man .,a,man,a,manager,strik,strikes,struck,"[""VERB=strik"", ""PATIENT=manager"", ""AGENT=man""]","Prime sentence: The jacket hung behind the chair .
Event roles: VERB=strik; PATIENT=manager; AGENT=man
Sentence: the",Sentence: the,first_noun,-4.4144697189331055,-5.021306037902832,-0.6068363189697266,active,0.0
576,role_labeled,active,active,a writer kills an actor .,a lady kills a lawyer .,a lawyer is killed by a lady .,a,lady,a,lawyer,kill,kills,killed,"[""AGENT=lady"", ""PATIENT=lawyer"", ""VERB=kill""]","Prime sentence: a writer kills an actor .
Event roles: AGENT=lady; PATIENT=lawyer; VERB=kill
Sentence: the",Sentence: the,first_noun,-5.749023914337158,-5.095213890075684,0.6538100242614746,passive,1.0
576,role_labeled,passive,passive,an actor is killed by a writer .,a lady kills a lawyer .,a lawyer is killed by a lady .,a,lady,a,lawyer,kill,kills,killed,"[""AGENT=lady"", ""PATIENT=lawyer"", ""VERB=kill""]","Prime sentence: an actor is killed by a writer .
Event roles: AGENT=lady; PATIENT=lawyer; VERB=kill
Sentence: the",Sentence: the,first_noun,-6.204933166503906,-4.897763729095459,1.3071694374084473,passive,1.0
576,role_labeled,no_prime_eos,no_prime_eos,,a lady kills a lawyer .,a lawyer is killed by a lady .,a,lady,a,lawyer,kill,kills,killed,"[""AGENT=lady"", ""PATIENT=lawyer"", ""VERB=kill""]","Event roles: AGENT=lady; PATIENT=lawyer; VERB=kill
Sentence: the",Sentence: the,first_noun,-5.148342132568359,-5.7611236572265625,-0.6127815246582031,active,0.0
576,role_labeled,filler,filler,The teacher listened during assembly .,a lady kills a lawyer .,a lawyer is killed by a lady .,a,lady,a,lawyer,kill,kills,killed,"[""AGENT=lady"", ""PATIENT=lawyer"", ""VERB=kill""]","Prime sentence: The teacher listened during assembly .
Event roles: AGENT=lady; PATIENT=lawyer; VERB=kill
Sentence: the",Sentence: the,first_noun,-4.261971473693848,-4.73103666305542,-0.46906518936157227,active,0.0
577,role_labeled,active,active,a lady raises a lawyer .,a worker raises a writer .,a writer is raised by a worker .,a,worker,a,writer,rais,raises,raised,"[""PATIENT=writer"", ""VERB=rais"", ""AGENT=worker""]","Prime sentence: a lady raises a lawyer .
Event roles: PATIENT=writer; VERB=rais; AGENT=worker
Sentence: the",Sentence: the,first_noun,-5.510066986083984,-5.490593910217285,0.01947307586669922,passive,1.0
577,role_labeled,passive,passive,a lawyer is raised by a lady .,a worker raises a writer .,a writer is raised by a worker .,a,worker,a,writer,rais,raises,raised,"[""PATIENT=writer"", ""VERB=rais"", ""AGENT=worker""]","Prime sentence: a lawyer is raised by a lady .
Event roles: PATIENT=writer; VERB=rais; AGENT=worker
Sentence: the",Sentence: the,first_noun,-5.96304178237915,-5.222920894622803,0.7401208877563477,passive,1.0
577,role_labeled,no_prime_eos,no_prime_eos,,a worker raises a writer .,a writer is raised by a worker .,a,worker,a,writer,rais,raises,raised,"[""PATIENT=writer"", ""VERB=rais"", ""AGENT=worker""]","Event roles: PATIENT=writer; VERB=rais; AGENT=worker
Sentence: the",Sentence: the,first_noun,-4.910645484924316,-5.380354881286621,-0.4697093963623047,active,0.0
577,role_labeled,filler,filler,The baker laughed during breakfast .,a worker raises a writer .,a writer is raised by a worker .,a,worker,a,writer,rais,raises,raised,"[""PATIENT=writer"", ""VERB=rais"", ""AGENT=worker""]","Prime sentence: The baker laughed during breakfast .
Event roles: PATIENT=writer; VERB=rais; AGENT=worker
Sentence: the",Sentence: the,first_noun,-4.848842620849609,-5.712381362915039,-0.8635387420654297,active,0.0
578,role_labeled,active,active,a captain forgives a champion .,a physician forgives a pilot .,a pilot is forgiven by a physician .,a,physician,a,pilot,forgiv,forgives,forgiven,"[""AGENT=physician"", ""VERB=forgiv"", ""PATIENT=pilot""]","Prime sentence: a captain forgives a champion .
Event roles: AGENT=physician; VERB=forgiv; PATIENT=pilot
Sentence: the",Sentence: the,first_noun,-5.528410911560059,-3.795106887817383,1.7333040237426758,passive,1.0
578,role_labeled,passive,passive,a champion is forgiven by a captain .,a physician forgives a pilot .,a pilot is forgiven by a physician .,a,physician,a,pilot,forgiv,forgives,forgiven,"[""AGENT=physician"", ""VERB=forgiv"", ""PATIENT=pilot""]","Prime sentence: a champion is forgiven by a captain .
Event roles: AGENT=physician; VERB=forgiv; PATIENT=pilot
Sentence: the",Sentence: the,first_noun,-5.801083564758301,-3.8578407764434814,1.9432427883148193,passive,1.0
578,role_labeled,no_prime_eos,no_prime_eos,,a physician forgives a pilot .,a pilot is forgiven by a physician .,a,physician,a,pilot,forgiv,forgives,forgiven,"[""AGENT=physician"", ""VERB=forgiv"", ""PATIENT=pilot""]","Event roles: AGENT=physician; VERB=forgiv; PATIENT=pilot
Sentence: the",Sentence: the,first_noun,-4.034632682800293,-2.9065628051757812,1.1280698776245117,passive,1.0
578,role_labeled,filler,filler,The baker laughed during breakfast .,a physician forgives a pilot .,a pilot is forgiven by a physician .,a,physician,a,pilot,forgiv,forgives,forgiven,"[""AGENT=physician"", ""VERB=forgiv"", ""PATIENT=pilot""]","Prime sentence: The baker laughed during breakfast .
Event roles: AGENT=physician; VERB=forgiv; PATIENT=pilot
Sentence: the",Sentence: the,first_noun,-5.473091125488281,-3.5459907054901123,1.927100419998169,passive,1.0
579,role_labeled,active,active,a girl embraces a guest .,a son embraces a student .,a student is embraced by a son .,a,son,a,student,embrac,embraces,embraced,"[""AGENT=son"", ""PATIENT=student"", ""VERB=embrac""]","Prime sentence: a girl embraces a guest .
Event roles: AGENT=son; PATIENT=student; VERB=embrac
Sentence: the",Sentence: the,first_noun,-5.663806915283203,-4.284740924835205,1.379065990447998,passive,1.0
579,role_labeled,passive,passive,a guest is embraced by a girl .,a son embraces a student .,a student is embraced by a son .,a,son,a,student,embrac,embraces,embraced,"[""AGENT=son"", ""PATIENT=student"", ""VERB=embrac""]","Prime sentence: a guest is embraced by a girl .
Event roles: AGENT=son; PATIENT=student; VERB=embrac
Sentence: the",Sentence: the,first_noun,-5.461806297302246,-4.384648323059082,1.077157974243164,passive,1.0
579,role_labeled,no_prime_eos,no_prime_eos,,a son embraces a student .,a student is embraced by a son .,a,son,a,student,embrac,embraces,embraced,"[""AGENT=son"", ""PATIENT=student"", ""VERB=embrac""]","Event roles: AGENT=son; PATIENT=student; VERB=embrac
Sentence: the",Sentence: the,first_noun,-4.826152324676514,-3.2277302742004395,1.5984220504760742,passive,1.0
579,role_labeled,filler,filler,The window rattled during the storm .,a son embraces a student .,a student is embraced by a son .,a,son,a,student,embrac,embraces,embraced,"[""AGENT=son"", ""PATIENT=student"", ""VERB=embrac""]","Prime sentence: The window rattled during the storm .
Event roles: AGENT=son; PATIENT=student; VERB=embrac
Sentence: the",Sentence: the,first_noun,-6.430362224578857,-4.88664436340332,1.543717861175537,passive,1.0
580,role_labeled,active,active,a soldier forgets a son .,a father forgets a friend .,a friend is forgotten by a father .,a,father,a,friend,forget,forgets,forgotten,"[""AGENT=father"", ""PATIENT=friend"", ""VERB=forget""]","Prime sentence: a soldier forgets a son .
Event roles: AGENT=father; PATIENT=friend; VERB=forget
Sentence: the",Sentence: the,first_noun,-3.2720534801483154,-5.626928329467773,-2.354874849319458,active,0.0
580,role_labeled,passive,passive,a son is forgotten by a soldier .,a father forgets a friend .,a friend is forgotten by a father .,a,father,a,friend,forget,forgets,forgotten,"[""AGENT=father"", ""PATIENT=friend"", ""VERB=forget""]","Prime sentence: a son is forgotten by a soldier .
Event roles: AGENT=father; PATIENT=friend; VERB=forget
Sentence: the",Sentence: the,first_noun,-2.909674644470215,-5.512389659881592,-2.602715015411377,active,0.0
580,role_labeled,no_prime_eos,no_prime_eos,,a father forgets a friend .,a friend is forgotten by a father .,a,father,a,friend,forget,forgets,forgotten,"[""AGENT=father"", ""PATIENT=friend"", ""VERB=forget""]","Event roles: AGENT=father; PATIENT=friend; VERB=forget
Sentence: the",Sentence: the,first_noun,-3.260782241821289,-5.756948471069336,-2.496166229248047,active,0.0
580,role_labeled,filler,filler,The garden brightened after rain .,a father forgets a friend .,a friend is forgotten by a father .,a,father,a,friend,forget,forgets,forgotten,"[""AGENT=father"", ""PATIENT=friend"", ""VERB=forget""]","Prime sentence: The garden brightened after rain .
Event roles: AGENT=father; PATIENT=friend; VERB=forget
Sentence: the",Sentence: the,first_noun,-5.471633434295654,-6.797471523284912,-1.3258380889892578,active,0.0
581,role_labeled,active,active,a mayor follows a minister .,an attorney follows an aunt .,an aunt is followed by an attorney .,an,attorney,an,aunt,follow,follows,followed,"[""PATIENT=aunt"", ""AGENT=attorney"", ""VERB=follow""]","Prime sentence: a mayor follows a minister .
Event roles: PATIENT=aunt; AGENT=attorney; VERB=follow
Sentence: the",Sentence: the,first_noun,-6.148394584655762,-7.34329891204834,-1.1949043273925781,active,0.0
581,role_labeled,passive,passive,a minister is followed by a mayor .,an attorney follows an aunt .,an aunt is followed by an attorney .,an,attorney,an,aunt,follow,follows,followed,"[""PATIENT=aunt"", ""AGENT=attorney"", ""VERB=follow""]","Prime sentence: a minister is followed by a mayor .
Event roles: PATIENT=aunt; AGENT=attorney; VERB=follow
Sentence: the",Sentence: the,first_noun,-6.460148811340332,-7.603447914123535,-1.1432991027832031,active,0.0
581,role_labeled,no_prime_eos,no_prime_eos,,an attorney follows an aunt .,an aunt is followed by an attorney .,an,attorney,an,aunt,follow,follows,followed,"[""PATIENT=aunt"", ""AGENT=attorney"", ""VERB=follow""]","Event roles: PATIENT=aunt; AGENT=attorney; VERB=follow
Sentence: the",Sentence: the,first_noun,-5.7482709884643555,-8.65857219696045,-2.9103012084960938,active,0.0
581,role_labeled,filler,filler,The singer smiled after rehearsal .,an attorney follows an aunt .,an aunt is followed by an attorney .,an,attorney,an,aunt,follow,follows,followed,"[""PATIENT=aunt"", ""AGENT=attorney"", ""VERB=follow""]","Prime sentence: The singer smiled after rehearsal .
Event roles: PATIENT=aunt; AGENT=attorney; VERB=follow
Sentence: the",Sentence: the,first_noun,-5.22017765045166,-6.532557964324951,-1.312380313873291,active,0.0
582,role_labeled,active,active,a winner follows a woman .,a husband follows a kid .,a kid is followed by a husband .,a,husband,a,kid,follow,follows,followed,"[""VERB=follow"", ""PATIENT=kid"", ""AGENT=husband""]","Prime sentence: a winner follows a woman .
Event roles: VERB=follow; PATIENT=kid; AGENT=husband
Sentence: the",Sentence: the,first_noun,-4.064043045043945,-6.686233997344971,-2.6221909523010254,active,0.0
582,role_labeled,passive,passive,a woman is followed by a winner .,a husband follows a kid .,a kid is followed by a husband .,a,husband,a,kid,follow,follows,followed,"[""VERB=follow"", ""PATIENT=kid"", ""AGENT=husband""]","Prime sentence: a woman is followed by a winner .
Event roles: VERB=follow; PATIENT=kid; AGENT=husband
Sentence: the",Sentence: the,first_noun,-4.142370223999023,-6.810624599456787,-2.6682543754577637,active,0.0
582,role_labeled,no_prime_eos,no_prime_eos,,a husband follows a kid .,a kid is followed by a husband .,a,husband,a,kid,follow,follows,followed,"[""VERB=follow"", ""PATIENT=kid"", ""AGENT=husband""]","Event roles: VERB=follow; PATIENT=kid; AGENT=husband
Sentence: the",Sentence: the,first_noun,-3.944485902786255,-6.910259246826172,-2.965773344039917,active,0.0
582,role_labeled,filler,filler,The signal flickered across the screen .,a husband follows a kid .,a kid is followed by a husband .,a,husband,a,kid,follow,follows,followed,"[""VERB=follow"", ""PATIENT=kid"", ""AGENT=husband""]","Prime sentence: The signal flickered across the screen .
Event roles: VERB=follow; PATIENT=kid; AGENT=husband
Sentence: the",Sentence: the,first_noun,-5.275054454803467,-6.356786727905273,-1.0817322731018066,active,0.0
583,role_labeled,active,active,a reader embraces a scientist .,a cousin embraces a daughter .,a daughter is embraced by a cousin .,a,cousin,a,daughter,embrac,embraces,embraced,"[""PATIENT=daughter"", ""VERB=embrac"", ""AGENT=cousin""]","Prime sentence: a reader embraces a scientist .
Event roles: PATIENT=daughter; VERB=embrac; AGENT=cousin
Sentence: the",Sentence: the,first_noun,-8.347158432006836,-4.852215766906738,3.4949426651000977,passive,1.0
583,role_labeled,passive,passive,a scientist is embraced by a reader .,a cousin embraces a daughter .,a daughter is embraced by a cousin .,a,cousin,a,daughter,embrac,embraces,embraced,"[""PATIENT=daughter"", ""VERB=embrac"", ""AGENT=cousin""]","Prime sentence: a scientist is embraced by a reader .
Event roles: PATIENT=daughter; VERB=embrac; AGENT=cousin
Sentence: the",Sentence: the,first_noun,-8.46826171875,-5.124570369720459,3.343691349029541,passive,1.0
583,role_labeled,no_prime_eos,no_prime_eos,,a cousin embraces a daughter .,a daughter is embraced by a cousin .,a,cousin,a,daughter,embrac,embraces,embraced,"[""PATIENT=daughter"", ""VERB=embrac"", ""AGENT=cousin""]","Event roles: PATIENT=daughter; VERB=embrac; AGENT=cousin
Sentence: the",Sentence: the,first_noun,-7.5612897872924805,-3.7446956634521484,3.816594123840332,passive,1.0
583,role_labeled,filler,filler,The market opened after sunrise .,a cousin embraces a daughter .,a daughter is embraced by a cousin .,a,cousin,a,daughter,embrac,embraces,embraced,"[""PATIENT=daughter"", ""VERB=embrac"", ""AGENT=cousin""]","Prime sentence: The market opened after sunrise .
Event roles: PATIENT=daughter; VERB=embrac; AGENT=cousin
Sentence: the",Sentence: the,first_noun,-9.530196189880371,-5.910501003265381,3.6196951866149902,passive,1.0
584,role_labeled,active,active,a hero selects a husband .,an uncle selects a wife .,a wife is selected by an uncle .,an,uncle,a,wife,select,selects,selected,"[""VERB=select"", ""AGENT=uncle"", ""PATIENT=wife""]","Prime sentence: a hero selects a husband .
Event roles: VERB=select; AGENT=uncle; PATIENT=wife
Sentence: the",Sentence: the,first_noun,-5.997288227081299,-4.507911205291748,1.4893770217895508,passive,1.0
584,role_labeled,passive,passive,a husband is selected by a hero .,an uncle selects a wife .,a wife is selected by an uncle .,an,uncle,a,wife,select,selects,selected,"[""VERB=select"", ""AGENT=uncle"", ""PATIENT=wife""]","Prime sentence: a husband is selected by a hero .
Event roles: VERB=select; AGENT=uncle; PATIENT=wife
Sentence: the",Sentence: the,first_noun,-6.285658836364746,-4.104639053344727,2.1810197830200195,passive,1.0
584,role_labeled,no_prime_eos,no_prime_eos,,an uncle selects a wife .,a wife is selected by an uncle .,an,uncle,a,wife,select,selects,selected,"[""VERB=select"", ""AGENT=uncle"", ""PATIENT=wife""]","Event roles: VERB=select; AGENT=uncle; PATIENT=wife
Sentence: the",Sentence: the,first_noun,-7.732147693634033,-4.46905517578125,3.263092517852783,passive,1.0
584,role_labeled,filler,filler,The blanket dried on the line .,an uncle selects a wife .,a wife is selected by an uncle .,an,uncle,a,wife,select,selects,selected,"[""VERB=select"", ""AGENT=uncle"", ""PATIENT=wife""]","Prime sentence: The blanket dried on the line .
Event roles: VERB=select; AGENT=uncle; PATIENT=wife
Sentence: the",Sentence: the,first_noun,-8.285650253295898,-5.6237359046936035,2.661914348602295,passive,1.0
585,role_labeled,active,active,a singer discovers a soldier .,an employer discovers a father .,a father is discovered by an employer .,an,employer,a,father,discover,discovers,discovered,"[""PATIENT=father"", ""AGENT=employer"", ""VERB=discover""]","Prime sentence: a singer discovers a soldier .
Event roles: PATIENT=father; AGENT=employer; VERB=discover
Sentence: the",Sentence: the,first_noun,-6.910468101501465,-3.807852029800415,3.10261607170105,passive,1.0
585,role_labeled,passive,passive,a soldier is discovered by a singer .,an employer discovers a father .,a father is discovered by an employer .,an,employer,a,father,discover,discovers,discovered,"[""PATIENT=father"", ""AGENT=employer"", ""VERB=discover""]","Prime sentence: a soldier is discovered by a singer .
Event roles: PATIENT=father; AGENT=employer; VERB=discover
Sentence: the",Sentence: the,first_noun,-6.323758125305176,-3.73978590965271,2.583972215652466,passive,1.0
585,role_labeled,no_prime_eos,no_prime_eos,,an employer discovers a father .,a father is discovered by an employer .,an,employer,a,father,discover,discovers,discovered,"[""PATIENT=father"", ""AGENT=employer"", ""VERB=discover""]","Event roles: PATIENT=father; AGENT=employer; VERB=discover
Sentence: the",Sentence: the,first_noun,-5.269990921020508,-3.789597272872925,1.480393648147583,passive,1.0
585,role_labeled,filler,filler,The package arrived before noon .,an employer discovers a father .,a father is discovered by an employer .,an,employer,a,father,discover,discovers,discovered,"[""PATIENT=father"", ""AGENT=employer"", ""VERB=discover""]","Prime sentence: The package arrived before noon .
Event roles: PATIENT=father; AGENT=employer; VERB=discover
Sentence: the",Sentence: the,first_noun,-7.331411361694336,-4.668738842010498,2.662672519683838,passive,1.0
586,role_labeled,active,active,a professor hurts a reader .,a cop hurts a cousin .,a cousin is hurt by a cop .,a,cop,a,cousin,hurt,hurts,hurt,"[""AGENT=cop"", ""PATIENT=cousin"", ""VERB=hurt""]","Prime sentence: a professor hurts a reader .
Event roles: AGENT=cop; PATIENT=cousin; VERB=hurt
Sentence: the",Sentence: the,first_noun,-3.9524734020233154,-8.57481861114502,-4.622345209121704,active,0.0
586,role_labeled,passive,passive,a reader is hurt by a professor .,a cop hurts a cousin .,a cousin is hurt by a cop .,a,cop,a,cousin,hurt,hurts,hurt,"[""AGENT=cop"", ""PATIENT=cousin"", ""VERB=hurt""]","Prime sentence: a reader is hurt by a professor .
Event roles: AGENT=cop; PATIENT=cousin; VERB=hurt
Sentence: the",Sentence: the,first_noun,-4.4372053146362305,-8.769135475158691,-4.331930160522461,active,0.0
586,role_labeled,no_prime_eos,no_prime_eos,,a cop hurts a cousin .,a cousin is hurt by a cop .,a,cop,a,cousin,hurt,hurts,hurt,"[""AGENT=cop"", ""PATIENT=cousin"", ""VERB=hurt""]","Event roles: AGENT=cop; PATIENT=cousin; VERB=hurt
Sentence: the",Sentence: the,first_noun,-4.5107526779174805,-8.633724212646484,-4.122971534729004,active,0.0
586,role_labeled,filler,filler,The window rattled during the storm .,a cop hurts a cousin .,a cousin is hurt by a cop .,a,cop,a,cousin,hurt,hurts,hurt,"[""AGENT=cop"", ""PATIENT=cousin"", ""VERB=hurt""]","Prime sentence: The window rattled during the storm .
Event roles: AGENT=cop; PATIENT=cousin; VERB=hurt
Sentence: the",Sentence: the,first_noun,-5.935415744781494,-8.87288761138916,-2.937471866607666,active,0.0
587,role_labeled,active,active,a son drags a student .,a friend drags a girl .,a girl is dragged by a friend .,a,friend,a,girl,drag,drags,dragged,"[""VERB=drag"", ""AGENT=friend"", ""PATIENT=girl""]","Prime sentence: a son drags a student .
Event roles: VERB=drag; AGENT=friend; PATIENT=girl
Sentence: the",Sentence: the,first_noun,-5.118875503540039,-3.0376551151275635,2.0812203884124756,passive,1.0
587,role_labeled,passive,passive,a student is dragged by a son .,a friend drags a girl .,a girl is dragged by a friend .,a,friend,a,girl,drag,drags,dragged,"[""VERB=drag"", ""AGENT=friend"", ""PATIENT=girl""]","Prime sentence: a student is dragged by a son .
Event roles: VERB=drag; AGENT=friend; PATIENT=girl
Sentence: the",Sentence: the,first_noun,-4.807370185852051,-2.897770643234253,1.9095995426177979,passive,1.0
587,role_labeled,no_prime_eos,no_prime_eos,,a friend drags a girl .,a girl is dragged by a friend .,a,friend,a,girl,drag,drags,dragged,"[""VERB=drag"", ""AGENT=friend"", ""PATIENT=girl""]","Event roles: VERB=drag; AGENT=friend; PATIENT=girl
Sentence: the",Sentence: the,first_noun,-5.530406951904297,-3.001146078109741,2.5292608737945557,passive,1.0
587,role_labeled,filler,filler,The singer smiled after rehearsal .,a friend drags a girl .,a girl is dragged by a friend .,a,friend,a,girl,drag,drags,dragged,"[""VERB=drag"", ""AGENT=friend"", ""PATIENT=girl""]","Prime sentence: The singer smiled after rehearsal .
Event roles: VERB=drag; AGENT=friend; PATIENT=girl
Sentence: the",Sentence: the,first_noun,-5.848237037658691,-3.1816797256469727,2.6665573120117188,passive,1.0
588,role_labeled,active,active,a cop kills a cousin .,a princess kills a professor .,a professor is killed by a princess .,a,princess,a,professor,kill,kills,killed,"[""VERB=kill"", ""AGENT=princess"", ""PATIENT=professor""]","Prime sentence: a cop kills a cousin .
Event roles: VERB=kill; AGENT=princess; PATIENT=professor
Sentence: the",Sentence: the,first_noun,-4.779345512390137,-4.055267333984375,0.7240781784057617,passive,1.0
588,role_labeled,passive,passive,a cousin is killed by a cop .,a princess kills a professor .,a professor is killed by a princess .,a,princess,a,professor,kill,kills,killed,"[""VERB=kill"", ""AGENT=princess"", ""PATIENT=professor""]","Prime sentence: a cousin is killed by a cop .
Event roles: VERB=kill; AGENT=princess; PATIENT=professor
Sentence: the",Sentence: the,first_noun,-4.662505626678467,-4.283260822296143,0.3792448043823242,passive,1.0
588,role_labeled,no_prime_eos,no_prime_eos,,a princess kills a professor .,a professor is killed by a princess .,a,princess,a,professor,kill,kills,killed,"[""VERB=kill"", ""AGENT=princess"", ""PATIENT=professor""]","Event roles: VERB=kill; AGENT=princess; PATIENT=professor
Sentence: the",Sentence: the,first_noun,-5.7828240394592285,-4.855963230133057,0.9268608093261719,passive,1.0
588,role_labeled,filler,filler,The captain waited beside the harbor .,a princess kills a professor .,a professor is killed by a princess .,a,princess,a,professor,kill,kills,killed,"[""VERB=kill"", ""AGENT=princess"", ""PATIENT=professor""]","Prime sentence: The captain waited beside the harbor .
Event roles: VERB=kill; AGENT=princess; PATIENT=professor
Sentence: the",Sentence: the,first_noun,-3.6636016368865967,-5.503057956695557,-1.83945631980896,active,0.0
589,role_labeled,active,active,a physician raises a pilot .,a candidate raises a captain .,a captain is raised by a candidate .,a,candidate,a,captain,rais,raises,raised,"[""PATIENT=captain"", ""AGENT=candidate"", ""VERB=rais""]","Prime sentence: a physician raises a pilot .
Event roles: PATIENT=captain; AGENT=candidate; VERB=rais
Sentence: the",Sentence: the,first_noun,-6.0035200119018555,-2.8686325550079346,3.134887456893921,passive,1.0
589,role_labeled,passive,passive,a pilot is raised by a physician .,a candidate raises a captain .,a captain is raised by a candidate .,a,candidate,a,captain,rais,raises,raised,"[""PATIENT=captain"", ""AGENT=candidate"", ""VERB=rais""]","Prime sentence: a pilot is raised by a physician .
Event roles: PATIENT=captain; AGENT=candidate; VERB=rais
Sentence: the",Sentence: the,first_noun,-6.087447166442871,-3.3932912349700928,2.6941559314727783,passive,1.0
589,role_labeled,no_prime_eos,no_prime_eos,,a candidate raises a captain .,a captain is raised by a candidate .,a,candidate,a,captain,rais,raises,raised,"[""PATIENT=captain"", ""AGENT=candidate"", ""VERB=rais""]","Event roles: PATIENT=captain; AGENT=candidate; VERB=rais
Sentence: the",Sentence: the,first_noun,-5.467123508453369,-3.699946880340576,1.767176628112793,passive,1.0
589,role_labeled,filler,filler,The radio crackled in the attic .,a candidate raises a captain .,a captain is raised by a candidate .,a,candidate,a,captain,rais,raises,raised,"[""PATIENT=captain"", ""AGENT=candidate"", ""VERB=rais""]","Prime sentence: The radio crackled in the attic .
Event roles: PATIENT=captain; AGENT=candidate; VERB=rais
Sentence: the",Sentence: the,first_noun,-6.946348667144775,-4.142234802246094,2.8041138648986816,passive,1.0
590,role_labeled,active,active,a father bothers a friend .,a singer bothers a soldier .,a soldier is bothered by a singer .,a,singer,a,soldier,bother,bothers,bothered,"[""AGENT=singer"", ""PATIENT=soldier"", ""VERB=bother""]","Prime sentence: a father bothers a friend .
Event roles: AGENT=singer; PATIENT=soldier; VERB=bother
Sentence: the",Sentence: the,first_noun,-6.079444885253906,-4.037614822387695,2.041830062866211,passive,1.0
590,role_labeled,passive,passive,a friend is bothered by a father .,a singer bothers a soldier .,a soldier is bothered by a singer .,a,singer,a,soldier,bother,bothers,bothered,"[""AGENT=singer"", ""PATIENT=soldier"", ""VERB=bother""]","Prime sentence: a friend is bothered by a father .
Event roles: AGENT=singer; PATIENT=soldier; VERB=bother
Sentence: the",Sentence: the,first_noun,-5.858132362365723,-4.005099296569824,1.8530330657958984,passive,1.0
590,role_labeled,no_prime_eos,no_prime_eos,,a singer bothers a soldier .,a soldier is bothered by a singer .,a,singer,a,soldier,bother,bothers,bothered,"[""AGENT=singer"", ""PATIENT=soldier"", ""VERB=bother""]","Event roles: AGENT=singer; PATIENT=soldier; VERB=bother
Sentence: the",Sentence: the,first_noun,-4.7104411125183105,-4.297493934631348,0.4129471778869629,passive,1.0
590,role_labeled,filler,filler,The market opened after sunrise .,a singer bothers a soldier .,a soldier is bothered by a singer .,a,singer,a,soldier,bother,bothers,bothered,"[""AGENT=singer"", ""PATIENT=soldier"", ""VERB=bother""]","Prime sentence: The market opened after sunrise .
Event roles: AGENT=singer; PATIENT=soldier; VERB=bother
Sentence: the",Sentence: the,first_noun,-6.6413254737854,-5.715550422668457,0.9257750511169434,passive,1.0
591,role_labeled,active,active,a bishop embraces a boy .,a mother embraces a nurse .,a nurse is embraced by a mother .,a,mother,a,nurse,embrac,embraces,embraced,"[""VERB=embrac"", ""PATIENT=nurse"", ""AGENT=mother""]","Prime sentence: a bishop embraces a boy .
Event roles: VERB=embrac; PATIENT=nurse; AGENT=mother
Sentence: the",Sentence: the,first_noun,-4.366098880767822,-4.902265548706055,-0.5361666679382324,active,0.0
591,role_labeled,passive,passive,a boy is embraced by a bishop .,a mother embraces a nurse .,a nurse is embraced by a mother .,a,mother,a,nurse,embrac,embraces,embraced,"[""VERB=embrac"", ""PATIENT=nurse"", ""AGENT=mother""]","Prime sentence: a boy is embraced by a bishop .
Event roles: VERB=embrac; PATIENT=nurse; AGENT=mother
Sentence: the",Sentence: the,first_noun,-4.480610370635986,-5.071025848388672,-0.5904154777526855,active,0.0
591,role_labeled,no_prime_eos,no_prime_eos,,a mother embraces a nurse .,a nurse is embraced by a mother .,a,mother,a,nurse,embrac,embraces,embraced,"[""VERB=embrac"", ""PATIENT=nurse"", ""AGENT=mother""]","Event roles: VERB=embrac; PATIENT=nurse; AGENT=mother
Sentence: the",Sentence: the,first_noun,-3.9422366619110107,-4.501917839050293,-0.5596811771392822,active,0.0
591,role_labeled,filler,filler,The singer smiled after rehearsal .,a mother embraces a nurse .,a nurse is embraced by a mother .,a,mother,a,nurse,embrac,embraces,embraced,"[""VERB=embrac"", ""PATIENT=nurse"", ""AGENT=mother""]","Prime sentence: The singer smiled after rehearsal .
Event roles: VERB=embrac; PATIENT=nurse; AGENT=mother
Sentence: the",Sentence: the,first_noun,-4.074051856994629,-4.225575923919678,-0.15152406692504883,active,0.0
592,role_labeled,active,active,a man chases a manager .,an actress chases an adult .,an adult is chased by an actress .,an,actress,an,adult,chas,chases,chased,"[""AGENT=actress"", ""VERB=chas"", ""PATIENT=adult""]","Prime sentence: a man chases a manager .
Event roles: AGENT=actress; VERB=chas; PATIENT=adult
Sentence: the",Sentence: the,first_noun,-6.289820671081543,-7.608457565307617,-1.3186368942260742,active,0.0
592,role_labeled,passive,passive,a manager is chased by a man .,an actress chases an adult .,an adult is chased by an actress .,an,actress,an,adult,chas,chases,chased,"[""AGENT=actress"", ""VERB=chas"", ""PATIENT=adult""]","Prime sentence: a manager is chased by a man .
Event roles: AGENT=actress; VERB=chas; PATIENT=adult
Sentence: the",Sentence: the,first_noun,-5.859902381896973,-7.332921028137207,-1.4730186462402344,active,0.0
592,role_labeled,no_prime_eos,no_prime_eos,,an actress chases an adult .,an adult is chased by an actress .,an,actress,an,adult,chas,chases,chased,"[""AGENT=actress"", ""VERB=chas"", ""PATIENT=adult""]","Event roles: AGENT=actress; VERB=chas; PATIENT=adult
Sentence: the",Sentence: the,first_noun,-6.260385513305664,-5.749819755554199,0.5105657577514648,passive,1.0
592,role_labeled,filler,filler,The painter waited near the doorway .,an actress chases an adult .,an adult is chased by an actress .,an,actress,an,adult,chas,chases,chased,"[""AGENT=actress"", ""VERB=chas"", ""PATIENT=adult""]","Prime sentence: The painter waited near the doorway .
Event roles: AGENT=actress; VERB=chas; PATIENT=adult
Sentence: the",Sentence: the,first_noun,-5.56198787689209,-6.62141227722168,-1.0594244003295898,active,0.0
593,role_labeled,active,active,a father asks a friend .,a singer asks a soldier .,a soldier is asked by a singer .,a,singer,a,soldier,ask,asks,asked,"[""VERB=ask"", ""PATIENT=soldier"", ""AGENT=singer""]","Prime sentence: a father asks a friend .
Event roles: VERB=ask; PATIENT=soldier; AGENT=singer
Sentence: the",Sentence: the,first_noun,-6.1181793212890625,-3.682986259460449,2.4351930618286133,passive,1.0
593,role_labeled,passive,passive,a friend is asked by a father .,a singer asks a soldier .,a soldier is asked by a singer .,a,singer,a,soldier,ask,asks,asked,"[""VERB=ask"", ""PATIENT=soldier"", ""AGENT=singer""]","Prime sentence: a friend is asked by a father .
Event roles: VERB=ask; PATIENT=soldier; AGENT=singer
Sentence: the",Sentence: the,first_noun,-5.729853630065918,-3.5592520236968994,2.1706016063690186,passive,1.0
593,role_labeled,no_prime_eos,no_prime_eos,,a singer asks a soldier .,a soldier is asked by a singer .,a,singer,a,soldier,ask,asks,asked,"[""VERB=ask"", ""PATIENT=soldier"", ""AGENT=singer""]","Event roles: VERB=ask; PATIENT=soldier; AGENT=singer
Sentence: the",Sentence: the,first_noun,-5.333747386932373,-4.071149826049805,1.2625975608825684,passive,1.0
593,role_labeled,filler,filler,The teacher listened during assembly .,a singer asks a soldier .,a soldier is asked by a singer .,a,singer,a,soldier,ask,asks,asked,"[""VERB=ask"", ""PATIENT=soldier"", ""AGENT=singer""]","Prime sentence: The teacher listened during assembly .
Event roles: VERB=ask; PATIENT=soldier; AGENT=singer
Sentence: the",Sentence: the,first_noun,-5.809922218322754,-2.579467535018921,3.230454683303833,passive,1.0
594,role_labeled,active,active,a priest forgives a prince .,a chief forgives a child .,a child is forgiven by a chief .,a,chief,a,child,forgiv,forgives,forgiven,"[""VERB=forgiv"", ""AGENT=chief"", ""PATIENT=child""]","Prime sentence: a priest forgives a prince .
Event roles: VERB=forgiv; AGENT=chief; PATIENT=child
Sentence: the",Sentence: the,first_noun,-4.685519218444824,-4.272734642028809,0.4127845764160156,passive,1.0
594,role_labeled,passive,passive,a prince is forgiven by a priest .,a chief forgives a child .,a child is forgiven by a chief .,a,chief,a,child,forgiv,forgives,forgiven,"[""VERB=forgiv"", ""AGENT=chief"", ""PATIENT=child""]","Prime sentence: a prince is forgiven by a priest .
Event roles: VERB=forgiv; AGENT=chief; PATIENT=child
Sentence: the",Sentence: the,first_noun,-5.10165548324585,-4.09128475189209,1.0103707313537598,passive,1.0
594,role_labeled,no_prime_eos,no_prime_eos,,a chief forgives a child .,a child is forgiven by a chief .,a,chief,a,child,forgiv,forgives,forgiven,"[""VERB=forgiv"", ""AGENT=chief"", ""PATIENT=child""]","Event roles: VERB=forgiv; AGENT=chief; PATIENT=child
Sentence: the",Sentence: the,first_noun,-5.004227638244629,-3.91882061958313,1.085407018661499,passive,1.0
594,role_labeled,filler,filler,The planet shimmered above the valley .,a chief forgives a child .,a child is forgiven by a chief .,a,chief,a,child,forgiv,forgives,forgiven,"[""VERB=forgiv"", ""AGENT=chief"", ""PATIENT=child""]","Prime sentence: The planet shimmered above the valley .
Event roles: VERB=forgiv; AGENT=chief; PATIENT=child
Sentence: the",Sentence: the,first_noun,-6.867470741271973,-4.93651819229126,1.930952548980713,passive,1.0
595,role_labeled,active,active,an employer embraces a father .,a sheriff embraces a singer .,a singer is embraced by a sheriff .,a,sheriff,a,singer,embrac,embraces,embraced,"[""AGENT=sheriff"", ""PATIENT=singer"", ""VERB=embrac""]","Prime sentence: an employer embraces a father .
Event roles: AGENT=sheriff; PATIENT=singer; VERB=embrac
Sentence: the",Sentence: the,first_noun,-4.645991802215576,-6.716265678405762,-2.0702738761901855,active,0.0
595,role_labeled,passive,passive,a father is embraced by an employer .,a sheriff embraces a singer .,a singer is embraced by a sheriff .,a,sheriff,a,singer,embrac,embraces,embraced,"[""AGENT=sheriff"", ""PATIENT=singer"", ""VERB=embrac""]","Prime sentence: a father is embraced by an employer .
Event roles: AGENT=sheriff; PATIENT=singer; VERB=embrac
Sentence: the",Sentence: the,first_noun,-4.935475826263428,-6.675341606140137,-1.739865779876709,active,0.0
595,role_labeled,no_prime_eos,no_prime_eos,,a sheriff embraces a singer .,a singer is embraced by a sheriff .,a,sheriff,a,singer,embrac,embraces,embraced,"[""AGENT=sheriff"", ""PATIENT=singer"", ""VERB=embrac""]","Event roles: AGENT=sheriff; PATIENT=singer; VERB=embrac
Sentence: the",Sentence: the,first_noun,-5.82069206237793,-5.221532344818115,0.5991597175598145,passive,1.0
595,role_labeled,filler,filler,The window rattled during the storm .,a sheriff embraces a singer .,a singer is embraced by a sheriff .,a,sheriff,a,singer,embrac,embraces,embraced,"[""AGENT=sheriff"", ""PATIENT=singer"", ""VERB=embrac""]","Prime sentence: The window rattled during the storm .
Event roles: AGENT=sheriff; PATIENT=singer; VERB=embrac
Sentence: the",Sentence: the,first_noun,-5.654936790466309,-7.061315536499023,-1.4063787460327148,active,0.0
596,role_labeled,active,active,a teacher joins an uncle .,a guest joins a guy .,a guy is joined by a guest .,a,guest,a,guy,join,joins,joined,"[""AGENT=guest"", ""PATIENT=guy"", ""VERB=join""]","Prime sentence: a teacher joins an uncle .
Event roles: AGENT=guest; PATIENT=guy; VERB=join
Sentence: the",Sentence: the,first_noun,-4.9023661613464355,-4.308320045471191,0.5940461158752441,passive,1.0
596,role_labeled,passive,passive,an uncle is joined by a teacher .,a guest joins a guy .,a guy is joined by a guest .,a,guest,a,guy,join,joins,joined,"[""AGENT=guest"", ""PATIENT=guy"", ""VERB=join""]","Prime sentence: an uncle is joined by a teacher .
Event roles: AGENT=guest; PATIENT=guy; VERB=join
Sentence: the",Sentence: the,first_noun,-4.789205551147461,-4.2663726806640625,0.5228328704833984,passive,1.0
596,role_labeled,no_prime_eos,no_prime_eos,,a guest joins a guy .,a guy is joined by a guest .,a,guest,a,guy,join,joins,joined,"[""AGENT=guest"", ""PATIENT=guy"", ""VERB=join""]","Event roles: AGENT=guest; PATIENT=guy; VERB=join
Sentence: the",Sentence: the,first_noun,-3.782724618911743,-4.142722129821777,-0.3599975109100342,active,0.0
596,role_labeled,filler,filler,The violin echoed in the theater .,a guest joins a guy .,a guy is joined by a guest .,a,guest,a,guy,join,joins,joined,"[""AGENT=guest"", ""PATIENT=guy"", ""VERB=join""]","Prime sentence: The violin echoed in the theater .
Event roles: AGENT=guest; PATIENT=guy; VERB=join
Sentence: the",Sentence: the,first_noun,-6.414278030395508,-5.052064418792725,1.3622136116027832,passive,1.0
597,role_labeled,active,active,a candidate chases a captain .,a partner chases a physician .,a physician is chased by a partner .,a,partner,a,physician,chas,chases,chased,"[""VERB=chas"", ""PATIENT=physician"", ""AGENT=partner""]","Prime sentence: a candidate chases a captain .
Event roles: VERB=chas; PATIENT=physician; AGENT=partner
Sentence: the",Sentence: the,first_noun,-7.482394695281982,-6.042019367218018,1.4403753280639648,passive,1.0
597,role_labeled,passive,passive,a captain is chased by a candidate .,a partner chases a physician .,a physician is chased by a partner .,a,partner,a,physician,chas,chases,chased,"[""VERB=chas"", ""PATIENT=physician"", ""AGENT=partner""]","Prime sentence: a captain is chased by a candidate .
Event roles: VERB=chas; PATIENT=physician; AGENT=partner
Sentence: the",Sentence: the,first_noun,-7.300786018371582,-6.060285568237305,1.2405004501342773,passive,1.0
597,role_labeled,no_prime_eos,no_prime_eos,,a partner chases a physician .,a physician is chased by a partner .,a,partner,a,physician,chas,chases,chased,"[""VERB=chas"", ""PATIENT=physician"", ""AGENT=partner""]","Event roles: VERB=chas; PATIENT=physician; AGENT=partner
Sentence: the",Sentence: the,first_noun,-6.798876762390137,-4.211796760559082,2.5870800018310547,passive,1.0
597,role_labeled,filler,filler,The jacket hung behind the chair .,a partner chases a physician .,a physician is chased by a partner .,a,partner,a,physician,chas,chases,chased,"[""VERB=chas"", ""PATIENT=physician"", ""AGENT=partner""]","Prime sentence: The jacket hung behind the chair .
Event roles: VERB=chas; PATIENT=physician; AGENT=partner
Sentence: the",Sentence: the,first_noun,-7.335258483886719,-5.61648416519165,1.7187743186950684,passive,1.0
598,role_labeled,active,active,a captain beats a champion .,a physician beats a pilot .,a pilot is beaten by a physician .,a,physician,a,pilot,beat,beats,beaten,"[""PATIENT=pilot"", ""AGENT=physician"", ""VERB=beat""]","Prime sentence: a captain beats a champion .
Event roles: PATIENT=pilot; AGENT=physician; VERB=beat
Sentence: the",Sentence: the,first_noun,-6.172828197479248,-4.174338340759277,1.9984898567199707,passive,1.0
598,role_labeled,passive,passive,a champion is beaten by a captain .,a physician beats a pilot .,a pilot is beaten by a physician .,a,physician,a,pilot,beat,beats,beaten,"[""PATIENT=pilot"", ""AGENT=physician"", ""VERB=beat""]","Prime sentence: a champion is beaten by a captain .
Event roles: PATIENT=pilot; AGENT=physician; VERB=beat
Sentence: the",Sentence: the,first_noun,-5.815776348114014,-4.339703559875488,1.4760727882385254,passive,1.0
598,role_labeled,no_prime_eos,no_prime_eos,,a physician beats a pilot .,a pilot is beaten by a physician .,a,physician,a,pilot,beat,beats,beaten,"[""PATIENT=pilot"", ""AGENT=physician"", ""VERB=beat""]","Event roles: PATIENT=pilot; AGENT=physician; VERB=beat
Sentence: the",Sentence: the,first_noun,-4.802055835723877,-3.7355685234069824,1.0664873123168945,passive,1.0
598,role_labeled,filler,filler,The witness paused near the doorway .,a physician beats a pilot .,a pilot is beaten by a physician .,a,physician,a,pilot,beat,beats,beaten,"[""PATIENT=pilot"", ""AGENT=physician"", ""VERB=beat""]","Prime sentence: The witness paused near the doorway .
Event roles: PATIENT=pilot; AGENT=physician; VERB=beat
Sentence: the",Sentence: the,first_noun,-4.68241024017334,-3.770841598510742,0.9115686416625977,passive,1.0
599,role_labeled,active,active,an opponent asks a parent .,a boy asks a brother .,a brother is asked by a boy .,a,boy,a,brother,ask,asks,asked,"[""PATIENT=brother"", ""VERB=ask"", ""AGENT=boy""]","Prime sentence: an opponent asks a parent .
Event roles: PATIENT=brother; VERB=ask; AGENT=boy
Sentence: the",Sentence: the,first_noun,-2.753141403198242,-4.688071250915527,-1.9349298477172852,active,0.0
599,role_labeled,passive,passive,a parent is asked by an opponent .,a boy asks a brother .,a brother is asked by a boy .,a,boy,a,brother,ask,asks,asked,"[""PATIENT=brother"", ""VERB=ask"", ""AGENT=boy""]","Prime sentence: a parent is asked by an opponent .
Event roles: PATIENT=brother; VERB=ask; AGENT=boy
Sentence: the",Sentence: the,first_noun,-3.254807949066162,-5.10934591293335,-1.8545379638671875,active,0.0
599,role_labeled,no_prime_eos,no_prime_eos,,a boy asks a brother .,a brother is asked by a boy .,a,boy,a,brother,ask,asks,asked,"[""PATIENT=brother"", ""VERB=ask"", ""AGENT=boy""]","Event roles: PATIENT=brother; VERB=ask; AGENT=boy
Sentence: the",Sentence: the,first_noun,-3.2930595874786377,-5.160802841186523,-1.8677432537078857,active,0.0
599,role_labeled,filler,filler,The radio crackled in the attic .,a boy asks a brother .,a brother is asked by a boy .,a,boy,a,brother,ask,asks,asked,"[""PATIENT=brother"", ""VERB=ask"", ""AGENT=boy""]","Prime sentence: The radio crackled in the attic .
Event roles: PATIENT=brother; VERB=ask; AGENT=boy
Sentence: the",Sentence: the,first_noun,-3.499626874923706,-6.379241943359375,-2.879615068435669,active,0.0
600,role_labeled,active,active,a mayor protects a minister .,an attorney protects an aunt .,an aunt is protected by an attorney .,an,attorney,an,aunt,protect,protects,protected,"[""PATIENT=aunt"", ""AGENT=attorney"", ""VERB=protect""]","Prime sentence: a mayor protects a minister .
Event roles: PATIENT=aunt; AGENT=attorney; VERB=protect
Sentence: the",Sentence: the,first_noun,-5.92204475402832,-7.422590255737305,-1.5005455017089844,active,0.0
600,role_labeled,passive,passive,a minister is protected by a mayor .,an attorney protects an aunt .,an aunt is protected by an attorney .,an,attorney,an,aunt,protect,protects,protected,"[""PATIENT=aunt"", ""AGENT=attorney"", ""VERB=protect""]","Prime sentence: a minister is protected by a mayor .
Event roles: PATIENT=aunt; AGENT=attorney; VERB=protect
Sentence: the",Sentence: the,first_noun,-5.735960483551025,-7.0314249992370605,-1.2954645156860352,active,0.0
600,role_labeled,no_prime_eos,no_prime_eos,,an attorney protects an aunt .,an aunt is protected by an attorney .,an,attorney,an,aunt,protect,protects,protected,"[""PATIENT=aunt"", ""AGENT=attorney"", ""VERB=protect""]","Event roles: PATIENT=aunt; AGENT=attorney; VERB=protect
Sentence: the",Sentence: the,first_noun,-5.9946699142456055,-9.070395469665527,-3.075725555419922,active,0.0
600,role_labeled,filler,filler,The planet shimmered above the valley .,an attorney protects an aunt .,an aunt is protected by an attorney .,an,attorney,an,aunt,protect,protects,protected,"[""PATIENT=aunt"", ""AGENT=attorney"", ""VERB=protect""]","Prime sentence: The planet shimmered above the valley .
Event roles: PATIENT=aunt; AGENT=attorney; VERB=protect
Sentence: the",Sentence: the,first_noun,-7.493438720703125,-9.5745210647583,-2.081082344055176,active,0.0
601,role_labeled,active,active,an adult bothers an attorney .,a man bothers a manager .,a manager is bothered by a man .,a,man,a,manager,bother,bothers,bothered,"[""VERB=bother"", ""PATIENT=manager"", ""AGENT=man""]","Prime sentence: an adult bothers an attorney .
Event roles: VERB=bother; PATIENT=manager; AGENT=man
Sentence: the",Sentence: the,first_noun,-4.291903495788574,-4.66447114944458,-0.37256765365600586,active,0.0
601,role_labeled,passive,passive,an attorney is bothered by an adult .,a man bothers a manager .,a manager is bothered by a man .,a,man,a,manager,bother,bothers,bothered,"[""VERB=bother"", ""PATIENT=manager"", ""AGENT=man""]","Prime sentence: an attorney is bothered by an adult .
Event roles: VERB=bother; PATIENT=manager; AGENT=man
Sentence: the",Sentence: the,first_noun,-4.4879584312438965,-5.095316410064697,-0.6073579788208008,active,0.0
601,role_labeled,no_prime_eos,no_prime_eos,,a man bothers a manager .,a manager is bothered by a man .,a,man,a,manager,bother,bothers,bothered,"[""VERB=bother"", ""PATIENT=manager"", ""AGENT=man""]","Event roles: VERB=bother; PATIENT=manager; AGENT=man
Sentence: the",Sentence: the,first_noun,-4.406137943267822,-4.320095539093018,0.08604240417480469,passive,1.0
601,role_labeled,filler,filler,The witness paused near the doorway .,a man bothers a manager .,a manager is bothered by a man .,a,man,a,manager,bother,bothers,bothered,"[""VERB=bother"", ""PATIENT=manager"", ""AGENT=man""]","Prime sentence: The witness paused near the doorway .
Event roles: VERB=bother; PATIENT=manager; AGENT=man
Sentence: the",Sentence: the,first_noun,-3.5793020725250244,-3.9789865016937256,-0.39968442916870117,active,0.0
602,role_labeled,active,active,an opponent carries a parent .,a boy carries a brother .,a brother is carried by a boy .,a,boy,a,brother,carry,carries,carried,"[""VERB=carry"", ""AGENT=boy"", ""PATIENT=brother""]","Prime sentence: an opponent carries a parent .
Event roles: VERB=carry; AGENT=boy; PATIENT=brother
Sentence: the",Sentence: the,first_noun,-2.810340642929077,-5.288641929626465,-2.4783012866973877,active,0.0
602,role_labeled,passive,passive,a parent is carried by an opponent .,a boy carries a brother .,a brother is carried by a boy .,a,boy,a,brother,carry,carries,carried,"[""VERB=carry"", ""AGENT=boy"", ""PATIENT=brother""]","Prime sentence: a parent is carried by an opponent .
Event roles: VERB=carry; AGENT=boy; PATIENT=brother
Sentence: the",Sentence: the,first_noun,-3.176809310913086,-5.851964950561523,-2.6751556396484375,active,0.0
602,role_labeled,no_prime_eos,no_prime_eos,,a boy carries a brother .,a brother is carried by a boy .,a,boy,a,brother,carry,carries,carried,"[""VERB=carry"", ""AGENT=boy"", ""PATIENT=brother""]","Event roles: VERB=carry; AGENT=boy; PATIENT=brother
Sentence: the",Sentence: the,first_noun,-3.2904388904571533,-6.101171016693115,-2.810732126235962,active,0.0
602,role_labeled,filler,filler,The lantern glowed near sunset .,a boy carries a brother .,a brother is carried by a boy .,a,boy,a,brother,carry,carries,carried,"[""VERB=carry"", ""AGENT=boy"", ""PATIENT=brother""]","Prime sentence: The lantern glowed near sunset .
Event roles: VERB=carry; AGENT=boy; PATIENT=brother
Sentence: the",Sentence: the,first_noun,-4.032448768615723,-7.452000617980957,-3.4195518493652344,active,0.0
603,role_labeled,active,active,an uncle kills a wife .,a guy kills a hero .,a hero is killed by a guy .,a,guy,a,hero,kill,kills,killed,"[""PATIENT=hero"", ""VERB=kill"", ""AGENT=guy""]","Prime sentence: an uncle kills a wife .
Event roles: PATIENT=hero; VERB=kill; AGENT=guy
Sentence: the",Sentence: the,first_noun,-3.8206770420074463,-3.5443642139434814,0.27631282806396484,passive,1.0
603,role_labeled,passive,passive,a wife is killed by an uncle .,a guy kills a hero .,a hero is killed by a guy .,a,guy,a,hero,kill,kills,killed,"[""PATIENT=hero"", ""VERB=kill"", ""AGENT=guy""]","Prime sentence: a wife is killed by an uncle .
Event roles: PATIENT=hero; VERB=kill; AGENT=guy
Sentence: the",Sentence: the,first_noun,-4.417327880859375,-3.950254440307617,0.4670734405517578,passive,1.0
603,role_labeled,no_prime_eos,no_prime_eos,,a guy kills a hero .,a hero is killed by a guy .,a,guy,a,hero,kill,kills,killed,"[""PATIENT=hero"", ""VERB=kill"", ""AGENT=guy""]","Event roles: PATIENT=hero; VERB=kill; AGENT=guy
Sentence: the",Sentence: the,first_noun,-4.363495349884033,-2.8559348583221436,1.5075604915618896,passive,1.0
603,role_labeled,filler,filler,The window rattled during the storm .,a guy kills a hero .,a hero is killed by a guy .,a,guy,a,hero,kill,kills,killed,"[""PATIENT=hero"", ""VERB=kill"", ""AGENT=guy""]","Prime sentence: The window rattled during the storm .
Event roles: PATIENT=hero; VERB=kill; AGENT=guy
Sentence: the",Sentence: the,first_noun,-6.227901458740234,-5.903949737548828,0.32395172119140625,passive,1.0
604,role_labeled,active,active,an adult judges an attorney .,a man judges a manager .,a manager is judged by a man .,a,man,a,manager,judg,judges,judged,"[""PATIENT=manager"", ""VERB=judg"", ""AGENT=man""]","Prime sentence: an adult judges an attorney .
Event roles: PATIENT=manager; VERB=judg; AGENT=man
Sentence: the",Sentence: the,first_noun,-4.528277397155762,-3.9637701511383057,0.564507246017456,passive,1.0
604,role_labeled,passive,passive,an attorney is judged by an adult .,a man judges a manager .,a manager is judged by a man .,a,man,a,manager,judg,judges,judged,"[""PATIENT=manager"", ""VERB=judg"", ""AGENT=man""]","Prime sentence: an attorney is judged by an adult .
Event roles: PATIENT=manager; VERB=judg; AGENT=man
Sentence: the",Sentence: the,first_noun,-4.791074752807617,-4.3148193359375,0.4762554168701172,passive,1.0
604,role_labeled,no_prime_eos,no_prime_eos,,a man judges a manager .,a manager is judged by a man .,a,man,a,manager,judg,judges,judged,"[""PATIENT=manager"", ""VERB=judg"", ""AGENT=man""]","Event roles: PATIENT=manager; VERB=judg; AGENT=man
Sentence: the",Sentence: the,first_noun,-4.304996490478516,-4.459571838378906,-0.15457534790039062,active,0.0
604,role_labeled,filler,filler,The pillow rested on the sofa .,a man judges a manager .,a manager is judged by a man .,a,man,a,manager,judg,judges,judged,"[""PATIENT=manager"", ""VERB=judg"", ""AGENT=man""]","Prime sentence: The pillow rested on the sofa .
Event roles: PATIENT=manager; VERB=judg; AGENT=man
Sentence: the",Sentence: the,first_noun,-4.805909156799316,-5.553070068359375,-0.7471609115600586,active,0.0
605,role_labeled,active,active,an employee chases an employer .,a secretary chases a sheriff .,a sheriff is chased by a secretary .,a,secretary,a,sheriff,chas,chases,chased,"[""PATIENT=sheriff"", ""VERB=chas"", ""AGENT=secretary""]","Prime sentence: an employee chases an employer .
Event roles: PATIENT=sheriff; VERB=chas; AGENT=secretary
Sentence: the",Sentence: the,first_noun,-5.244817733764648,-3.1003129482269287,2.1445047855377197,passive,1.0
605,role_labeled,passive,passive,an employer is chased by an employee .,a secretary chases a sheriff .,a sheriff is chased by a secretary .,a,secretary,a,sheriff,chas,chases,chased,"[""PATIENT=sheriff"", ""VERB=chas"", ""AGENT=secretary""]","Prime sentence: an employer is chased by an employee .
Event roles: PATIENT=sheriff; VERB=chas; AGENT=secretary
Sentence: the",Sentence: the,first_noun,-5.5680084228515625,-2.938566207885742,2.6294422149658203,passive,1.0
605,role_labeled,no_prime_eos,no_prime_eos,,a secretary chases a sheriff .,a sheriff is chased by a secretary .,a,secretary,a,sheriff,chas,chases,chased,"[""PATIENT=sheriff"", ""VERB=chas"", ""AGENT=secretary""]","Event roles: PATIENT=sheriff; VERB=chas; AGENT=secretary
Sentence: the",Sentence: the,first_noun,-5.34859561920166,-6.137823104858398,-0.7892274856567383,active,0.0
605,role_labeled,filler,filler,The planet shimmered above the valley .,a secretary chases a sheriff .,a sheriff is chased by a secretary .,a,secretary,a,sheriff,chas,chases,chased,"[""PATIENT=sheriff"", ""VERB=chas"", ""AGENT=secretary""]","Prime sentence: The planet shimmered above the valley .
Event roles: PATIENT=sheriff; VERB=chas; AGENT=secretary
Sentence: the",Sentence: the,first_noun,-7.660731315612793,-4.694634437561035,2.966096878051758,passive,1.0
606,role_labeled,active,active,a daughter protects a doctor .,a reader protects a scientist .,a scientist is protected by a reader .,a,reader,a,scientist,protect,protects,protected,"[""VERB=protect"", ""PATIENT=scientist"", ""AGENT=reader""]","Prime sentence: a daughter protects a doctor .
Event roles: VERB=protect; PATIENT=scientist; AGENT=reader
Sentence: the",Sentence: the,first_noun,-6.574799537658691,-3.9308712482452393,2.643928289413452,passive,1.0
606,role_labeled,passive,passive,a doctor is protected by a daughter .,a reader protects a scientist .,a scientist is protected by a reader .,a,reader,a,scientist,protect,protects,protected,"[""VERB=protect"", ""PATIENT=scientist"", ""AGENT=reader""]","Prime sentence: a doctor is protected by a daughter .
Event roles: VERB=protect; PATIENT=scientist; AGENT=reader
Sentence: the",Sentence: the,first_noun,-6.020389556884766,-3.43888521194458,2.5815043449401855,passive,1.0
606,role_labeled,no_prime_eos,no_prime_eos,,a reader protects a scientist .,a scientist is protected by a reader .,a,reader,a,scientist,protect,protects,protected,"[""VERB=protect"", ""PATIENT=scientist"", ""AGENT=reader""]","Event roles: VERB=protect; PATIENT=scientist; AGENT=reader
Sentence: the",Sentence: the,first_noun,-4.430957794189453,-5.05109977722168,-0.6201419830322266,active,0.0
606,role_labeled,filler,filler,The baker laughed during breakfast .,a reader protects a scientist .,a scientist is protected by a reader .,a,reader,a,scientist,protect,protects,protected,"[""VERB=protect"", ""PATIENT=scientist"", ""AGENT=reader""]","Prime sentence: The baker laughed during breakfast .
Event roles: VERB=protect; PATIENT=scientist; AGENT=reader
Sentence: the",Sentence: the,first_noun,-6.096399307250977,-3.604581594467163,2.4918177127838135,passive,1.0
607,role_labeled,active,active,a worker forgives a writer .,a king forgives a lady .,a lady is forgiven by a king .,a,king,a,lady,forgiv,forgives,forgiven,"[""PATIENT=lady"", ""AGENT=king"", ""VERB=forgiv""]","Prime sentence: a worker forgives a writer .
Event roles: PATIENT=lady; AGENT=king; VERB=forgiv
Sentence: the",Sentence: the,first_noun,-3.37447190284729,-5.212526321411133,-1.8380544185638428,active,0.0
607,role_labeled,passive,passive,a writer is forgiven by a worker .,a king forgives a lady .,a lady is forgiven by a king .,a,king,a,lady,forgiv,forgives,forgiven,"[""PATIENT=lady"", ""AGENT=king"", ""VERB=forgiv""]","Prime sentence: a writer is forgiven by a worker .
Event roles: PATIENT=lady; AGENT=king; VERB=forgiv
Sentence: the",Sentence: the,first_noun,-3.47857666015625,-5.362698554992676,-1.8841218948364258,active,0.0
607,role_labeled,no_prime_eos,no_prime_eos,,a king forgives a lady .,a lady is forgiven by a king .,a,king,a,lady,forgiv,forgives,forgiven,"[""PATIENT=lady"", ""AGENT=king"", ""VERB=forgiv""]","Event roles: PATIENT=lady; AGENT=king; VERB=forgiv
Sentence: the",Sentence: the,first_noun,-2.5312137603759766,-5.190394401550293,-2.6591806411743164,active,0.0
607,role_labeled,filler,filler,The planet shimmered above the valley .,a king forgives a lady .,a lady is forgiven by a king .,a,king,a,lady,forgiv,forgives,forgiven,"[""PATIENT=lady"", ""AGENT=king"", ""VERB=forgiv""]","Prime sentence: The planet shimmered above the valley .
Event roles: PATIENT=lady; AGENT=king; VERB=forgiv
Sentence: the",Sentence: the,first_noun,-3.817572832107544,-5.845081329345703,-2.027508497238159,active,0.0
608,role_labeled,active,active,a lady destroys a lawyer .,a worker destroys a writer .,a writer is destroyed by a worker .,a,worker,a,writer,destroy,destroys,destroyed,"[""VERB=destroy"", ""AGENT=worker"", ""PATIENT=writer""]","Prime sentence: a lady destroys a lawyer .
Event roles: VERB=destroy; AGENT=worker; PATIENT=writer
Sentence: the",Sentence: the,first_noun,-5.278460502624512,-5.612679481506348,-0.33421897888183594,active,0.0
608,role_labeled,passive,passive,a lawyer is destroyed by a lady .,a worker destroys a writer .,a writer is destroyed by a worker .,a,worker,a,writer,destroy,destroys,destroyed,"[""VERB=destroy"", ""AGENT=worker"", ""PATIENT=writer""]","Prime sentence: a lawyer is destroyed by a lady .
Event roles: VERB=destroy; AGENT=worker; PATIENT=writer
Sentence: the",Sentence: the,first_noun,-5.151673316955566,-5.151867866516113,-0.000194549560546875,active,0.0
608,role_labeled,no_prime_eos,no_prime_eos,,a worker destroys a writer .,a writer is destroyed by a worker .,a,worker,a,writer,destroy,destroys,destroyed,"[""VERB=destroy"", ""AGENT=worker"", ""PATIENT=writer""]","Event roles: VERB=destroy; AGENT=worker; PATIENT=writer
Sentence: the",Sentence: the,first_noun,-4.3830461502075195,-4.953196048736572,-0.5701498985290527,active,0.0
608,role_labeled,filler,filler,The witness paused near the doorway .,a worker destroys a writer .,a writer is destroyed by a worker .,a,worker,a,writer,destroy,destroys,destroyed,"[""VERB=destroy"", ""AGENT=worker"", ""PATIENT=writer""]","Prime sentence: The witness paused near the doorway .
Event roles: VERB=destroy; AGENT=worker; PATIENT=writer
Sentence: the",Sentence: the,first_noun,-3.5748891830444336,-5.408841133117676,-1.8339519500732422,active,0.0
609,role_labeled,active,active,a hero teaches a husband .,an uncle teaches a wife .,a wife is taught by an uncle .,an,uncle,a,wife,teach,teaches,taught,"[""PATIENT=wife"", ""AGENT=uncle"", ""VERB=teach""]","Prime sentence: a hero teaches a husband .
Event roles: PATIENT=wife; AGENT=uncle; VERB=teach
Sentence: the",Sentence: the,first_noun,-6.184617042541504,-3.688450574874878,2.496166467666626,passive,1.0
609,role_labeled,passive,passive,a husband is taught by a hero .,an uncle teaches a wife .,a wife is taught by an uncle .,an,uncle,a,wife,teach,teaches,taught,"[""PATIENT=wife"", ""AGENT=uncle"", ""VERB=teach""]","Prime sentence: a husband is taught by a hero .
Event roles: PATIENT=wife; AGENT=uncle; VERB=teach
Sentence: the",Sentence: the,first_noun,-6.441681385040283,-3.5953593254089355,2.8463220596313477,passive,1.0
609,role_labeled,no_prime_eos,no_prime_eos,,an uncle teaches a wife .,a wife is taught by an uncle .,an,uncle,a,wife,teach,teaches,taught,"[""PATIENT=wife"", ""AGENT=uncle"", ""VERB=teach""]","Event roles: PATIENT=wife; AGENT=uncle; VERB=teach
Sentence: the",Sentence: the,first_noun,-6.6300506591796875,-3.787174940109253,2.8428757190704346,passive,1.0
609,role_labeled,filler,filler,The teacher listened during assembly .,an uncle teaches a wife .,a wife is taught by an uncle .,an,uncle,a,wife,teach,teaches,taught,"[""PATIENT=wife"", ""AGENT=uncle"", ""VERB=teach""]","Prime sentence: The teacher listened during assembly .
Event roles: PATIENT=wife; AGENT=uncle; VERB=teach
Sentence: the",Sentence: the,first_noun,-5.02384090423584,-3.4245266914367676,1.5993142127990723,passive,1.0
610,role_labeled,active,active,a manager chases a mayor .,an adult chases an attorney .,an attorney is chased by an adult .,an,adult,an,attorney,chas,chases,chased,"[""PATIENT=attorney"", ""VERB=chas"", ""AGENT=adult""]","Prime sentence: a manager chases a mayor .
Event roles: PATIENT=attorney; VERB=chas; AGENT=adult
Sentence: the",Sentence: the,first_noun,-6.038201332092285,-5.423055171966553,0.6151461601257324,passive,1.0
610,role_labeled,passive,passive,a mayor is chased by a manager .,an adult chases an attorney .,an attorney is chased by an adult .,an,adult,an,attorney,chas,chases,chased,"[""PATIENT=attorney"", ""VERB=chas"", ""AGENT=adult""]","Prime sentence: a mayor is chased by a manager .
Event roles: PATIENT=attorney; VERB=chas; AGENT=adult
Sentence: the",Sentence: the,first_noun,-6.211869239807129,-5.571077346801758,0.6407918930053711,passive,1.0
610,role_labeled,no_prime_eos,no_prime_eos,,an adult chases an attorney .,an attorney is chased by an adult .,an,adult,an,attorney,chas,chases,chased,"[""PATIENT=attorney"", ""VERB=chas"", ""AGENT=adult""]","Event roles: PATIENT=attorney; VERB=chas; AGENT=adult
Sentence: the",Sentence: the,first_noun,-5.341458320617676,-5.75197172164917,-0.41051340103149414,active,0.0
610,role_labeled,filler,filler,The teacher listened during assembly .,an adult chases an attorney .,an attorney is chased by an adult .,an,adult,an,attorney,chas,chases,chased,"[""PATIENT=attorney"", ""VERB=chas"", ""AGENT=adult""]","Prime sentence: The teacher listened during assembly .
Event roles: PATIENT=attorney; VERB=chas; AGENT=adult
Sentence: the",Sentence: the,first_noun,-4.59410285949707,-4.534281253814697,0.05982160568237305,passive,1.0
611,role_labeled,active,active,a president beats a priest .,a champion beats a chief .,a chief is beaten by a champion .,a,champion,a,chief,beat,beats,beaten,"[""PATIENT=chief"", ""AGENT=champion"", ""VERB=beat""]","Prime sentence: a president beats a priest .
Event roles: PATIENT=chief; AGENT=champion; VERB=beat
Sentence: the",Sentence: the,first_noun,-7.946419715881348,-4.529797554016113,3.4166221618652344,passive,1.0
611,role_labeled,passive,passive,a priest is beaten by a president .,a champion beats a chief .,a chief is beaten by a champion .,a,champion,a,chief,beat,beats,beaten,"[""PATIENT=chief"", ""AGENT=champion"", ""VERB=beat""]","Prime sentence: a priest is beaten by a president .
Event roles: PATIENT=chief; AGENT=champion; VERB=beat
Sentence: the",Sentence: the,first_noun,-7.415667533874512,-4.644197463989258,2.771470069885254,passive,1.0
611,role_labeled,no_prime_eos,no_prime_eos,,a champion beats a chief .,a chief is beaten by a champion .,a,champion,a,chief,beat,beats,beaten,"[""PATIENT=chief"", ""AGENT=champion"", ""VERB=beat""]","Event roles: PATIENT=chief; AGENT=champion; VERB=beat
Sentence: the",Sentence: the,first_noun,-5.242288589477539,-4.594353675842285,0.6479349136352539,passive,1.0
611,role_labeled,filler,filler,The witness paused near the doorway .,a champion beats a chief .,a chief is beaten by a champion .,a,champion,a,chief,beat,beats,beaten,"[""PATIENT=chief"", ""AGENT=champion"", ""VERB=beat""]","Prime sentence: The witness paused near the doorway .
Event roles: PATIENT=chief; AGENT=champion; VERB=beat
Sentence: the",Sentence: the,first_noun,-6.131572723388672,-4.575836181640625,1.5557365417480469,passive,1.0
612,role_labeled,active,active,a professor washes a reader .,a cop washes a cousin .,a cousin is washed by a cop .,a,cop,a,cousin,wash,washes,washed,"[""VERB=wash"", ""AGENT=cop"", ""PATIENT=cousin""]","Prime sentence: a professor washes a reader .
Event roles: VERB=wash; AGENT=cop; PATIENT=cousin
Sentence: the",Sentence: the,first_noun,-5.178072929382324,-8.872961044311523,-3.694888114929199,active,0.0
612,role_labeled,passive,passive,a reader is washed by a professor .,a cop washes a cousin .,a cousin is washed by a cop .,a,cop,a,cousin,wash,washes,washed,"[""VERB=wash"", ""AGENT=cop"", ""PATIENT=cousin""]","Prime sentence: a reader is washed by a professor .
Event roles: VERB=wash; AGENT=cop; PATIENT=cousin
Sentence: the",Sentence: the,first_noun,-5.665252685546875,-9.253225326538086,-3.587972640991211,active,0.0
612,role_labeled,no_prime_eos,no_prime_eos,,a cop washes a cousin .,a cousin is washed by a cop .,a,cop,a,cousin,wash,washes,washed,"[""VERB=wash"", ""AGENT=cop"", ""PATIENT=cousin""]","Event roles: VERB=wash; AGENT=cop; PATIENT=cousin
Sentence: the",Sentence: the,first_noun,-5.868734359741211,-9.23773193359375,-3.368997573852539,active,0.0
612,role_labeled,filler,filler,The pillow rested on the sofa .,a cop washes a cousin .,a cousin is washed by a cop .,a,cop,a,cousin,wash,washes,washed,"[""VERB=wash"", ""AGENT=cop"", ""PATIENT=cousin""]","Prime sentence: The pillow rested on the sofa .
Event roles: VERB=wash; AGENT=cop; PATIENT=cousin
Sentence: the",Sentence: the,first_noun,-6.794620037078857,-9.06821060180664,-2.273590564727783,active,0.0
613,role_labeled,active,active,a doctor embraces an employee .,a scientist embraces a secretary .,a secretary is embraced by a scientist .,a,scientist,a,secretary,embrac,embraces,embraced,"[""PATIENT=secretary"", ""VERB=embrac"", ""AGENT=scientist""]","Prime sentence: a doctor embraces an employee .
Event roles: PATIENT=secretary; VERB=embrac; AGENT=scientist
Sentence: the",Sentence: the,first_noun,-4.719191551208496,-5.607379913330078,-0.888188362121582,active,0.0
613,role_labeled,passive,passive,an employee is embraced by a doctor .,a scientist embraces a secretary .,a secretary is embraced by a scientist .,a,scientist,a,secretary,embrac,embraces,embraced,"[""PATIENT=secretary"", ""VERB=embrac"", ""AGENT=scientist""]","Prime sentence: an employee is embraced by a doctor .
Event roles: PATIENT=secretary; VERB=embrac; AGENT=scientist
Sentence: the",Sentence: the,first_noun,-4.581812858581543,-5.43715763092041,-0.8553447723388672,active,0.0
613,role_labeled,no_prime_eos,no_prime_eos,,a scientist embraces a secretary .,a secretary is embraced by a scientist .,a,scientist,a,secretary,embrac,embraces,embraced,"[""PATIENT=secretary"", ""VERB=embrac"", ""AGENT=scientist""]","Event roles: PATIENT=secretary; VERB=embrac; AGENT=scientist
Sentence: the",Sentence: the,first_noun,-4.482254981994629,-6.354275703430176,-1.8720207214355469,active,0.0
613,role_labeled,filler,filler,The baker laughed during breakfast .,a scientist embraces a secretary .,a secretary is embraced by a scientist .,a,scientist,a,secretary,embrac,embraces,embraced,"[""PATIENT=secretary"", ""VERB=embrac"", ""AGENT=scientist""]","Prime sentence: The baker laughed during breakfast .
Event roles: PATIENT=secretary; VERB=embrac; AGENT=scientist
Sentence: the",Sentence: the,first_noun,-3.7831265926361084,-5.5099029541015625,-1.726776361465454,active,0.0
614,role_labeled,active,active,a husband drags a kid .,a wife drags a winner .,a winner is dragged by a wife .,a,wife,a,winner,drag,drags,dragged,"[""VERB=drag"", ""AGENT=wife"", ""PATIENT=winner""]","Prime sentence: a husband drags a kid .
Event roles: VERB=drag; AGENT=wife; PATIENT=winner
Sentence: the",Sentence: the,first_noun,-3.0530996322631836,-6.617196559906006,-3.5640969276428223,active,0.0
614,role_labeled,passive,passive,a kid is dragged by a husband .,a wife drags a winner .,a winner is dragged by a wife .,a,wife,a,winner,drag,drags,dragged,"[""VERB=drag"", ""AGENT=wife"", ""PATIENT=winner""]","Prime sentence: a kid is dragged by a husband .
Event roles: VERB=drag; AGENT=wife; PATIENT=winner
Sentence: the",Sentence: the,first_noun,-3.2431631088256836,-6.140101909637451,-2.8969388008117676,active,0.0
614,role_labeled,no_prime_eos,no_prime_eos,,a wife drags a winner .,a winner is dragged by a wife .,a,wife,a,winner,drag,drags,dragged,"[""VERB=drag"", ""AGENT=wife"", ""PATIENT=winner""]","Event roles: VERB=drag; AGENT=wife; PATIENT=winner
Sentence: the",Sentence: the,first_noun,-4.020144462585449,-4.765132904052734,-0.7449884414672852,active,0.0
614,role_labeled,filler,filler,The kettle whistled in the kitchen .,a wife drags a winner .,a winner is dragged by a wife .,a,wife,a,winner,drag,drags,dragged,"[""VERB=drag"", ""AGENT=wife"", ""PATIENT=winner""]","Prime sentence: The kettle whistled in the kitchen .
Event roles: VERB=drag; AGENT=wife; PATIENT=winner
Sentence: the",Sentence: the,first_noun,-4.71046781539917,-8.925813674926758,-4.215345859527588,active,0.0
615,role_labeled,active,active,a child selects a colonel .,a priest selects a prince .,a prince is selected by a priest .,a,priest,a,prince,select,selects,selected,"[""AGENT=priest"", ""VERB=select"", ""PATIENT=prince""]","Prime sentence: a child selects a colonel .
Event roles: AGENT=priest; VERB=select; PATIENT=prince
Sentence: the",Sentence: the,first_noun,-3.496840715408325,-3.8234102725982666,-0.3265695571899414,active,0.0
615,role_labeled,passive,passive,a colonel is selected by a child .,a priest selects a prince .,a prince is selected by a priest .,a,priest,a,prince,select,selects,selected,"[""AGENT=priest"", ""VERB=select"", ""PATIENT=prince""]","Prime sentence: a colonel is selected by a child .
Event roles: AGENT=priest; VERB=select; PATIENT=prince
Sentence: the",Sentence: the,first_noun,-3.0852303504943848,-3.4400997161865234,-0.35486936569213867,active,0.0
615,role_labeled,no_prime_eos,no_prime_eos,,a priest selects a prince .,a prince is selected by a priest .,a,priest,a,prince,select,selects,selected,"[""AGENT=priest"", ""VERB=select"", ""PATIENT=prince""]","Event roles: AGENT=priest; VERB=select; PATIENT=prince
Sentence: the",Sentence: the,first_noun,-3.5376362800598145,-3.690512180328369,-0.1528759002685547,active,0.0
615,role_labeled,filler,filler,The radio crackled in the attic .,a priest selects a prince .,a prince is selected by a priest .,a,priest,a,prince,select,selects,selected,"[""AGENT=priest"", ""VERB=select"", ""PATIENT=prince""]","Prime sentence: The radio crackled in the attic .
Event roles: AGENT=priest; VERB=select; PATIENT=prince
Sentence: the",Sentence: the,first_noun,-4.2233781814575195,-5.894256114959717,-1.6708779335021973,active,0.0
616,role_labeled,active,active,an actress protects an adult .,a leader protects a man .,a man is protected by a leader .,a,leader,a,man,protect,protects,protected,"[""AGENT=leader"", ""VERB=protect"", ""PATIENT=man""]","Prime sentence: an actress protects an adult .
Event roles: AGENT=leader; VERB=protect; PATIENT=man
Sentence: the",Sentence: the,first_noun,-5.638270378112793,-4.477200984954834,1.161069393157959,passive,1.0
616,role_labeled,passive,passive,an adult is protected by an actress .,a leader protects a man .,a man is protected by a leader .,a,leader,a,man,protect,protects,protected,"[""AGENT=leader"", ""VERB=protect"", ""PATIENT=man""]","Prime sentence: an adult is protected by an actress .
Event roles: AGENT=leader; VERB=protect; PATIENT=man
Sentence: the",Sentence: the,first_noun,-5.429574012756348,-4.4853410720825195,0.9442329406738281,passive,1.0
616,role_labeled,no_prime_eos,no_prime_eos,,a leader protects a man .,a man is protected by a leader .,a,leader,a,man,protect,protects,protected,"[""AGENT=leader"", ""VERB=protect"", ""PATIENT=man""]","Event roles: AGENT=leader; VERB=protect; PATIENT=man
Sentence: the",Sentence: the,first_noun,-3.5399019718170166,-5.146280288696289,-1.6063783168792725,active,0.0
616,role_labeled,filler,filler,The traveler rested beside the river .,a leader protects a man .,a man is protected by a leader .,a,leader,a,man,protect,protects,protected,"[""AGENT=leader"", ""VERB=protect"", ""PATIENT=man""]","Prime sentence: The traveler rested beside the river .
Event roles: AGENT=leader; VERB=protect; PATIENT=man
Sentence: the",Sentence: the,first_noun,-5.526960372924805,-4.624797821044922,0.9021625518798828,passive,1.0
617,role_labeled,active,active,a teacher selects an uncle .,a guest selects a guy .,a guy is selected by a guest .,a,guest,a,guy,select,selects,selected,"[""PATIENT=guy"", ""AGENT=guest"", ""VERB=select""]","Prime sentence: a teacher selects an uncle .
Event roles: PATIENT=guy; AGENT=guest; VERB=select
Sentence: the",Sentence: the,first_noun,-4.612044334411621,-4.329006671905518,0.2830376625061035,passive,1.0
617,role_labeled,passive,passive,an uncle is selected by a teacher .,a guest selects a guy .,a guy is selected by a guest .,a,guest,a,guy,select,selects,selected,"[""PATIENT=guy"", ""AGENT=guest"", ""VERB=select""]","Prime sentence: an uncle is selected by a teacher .
Event roles: PATIENT=guy; AGENT=guest; VERB=select
Sentence: the",Sentence: the,first_noun,-5.136904239654541,-4.6421966552734375,0.4947075843811035,passive,1.0
617,role_labeled,no_prime_eos,no_prime_eos,,a guest selects a guy .,a guy is selected by a guest .,a,guest,a,guy,select,selects,selected,"[""PATIENT=guy"", ""AGENT=guest"", ""VERB=select""]","Event roles: PATIENT=guy; AGENT=guest; VERB=select
Sentence: the",Sentence: the,first_noun,-4.4839043617248535,-4.672781467437744,-0.18887710571289062,active,0.0
617,role_labeled,filler,filler,The sculpture stood in the hallway .,a guest selects a guy .,a guy is selected by a guest .,a,guest,a,guy,select,selects,selected,"[""PATIENT=guy"", ""AGENT=guest"", ""VERB=select""]","Prime sentence: The sculpture stood in the hallway .
Event roles: PATIENT=guy; AGENT=guest; VERB=select
Sentence: the",Sentence: the,first_noun,-5.536857604980469,-4.576172828674316,0.9606847763061523,passive,1.0
618,role_labeled,active,active,a brother protects a buddy .,an opponent protects a parent .,a parent is protected by an opponent .,an,opponent,a,parent,protect,protects,protected,"[""VERB=protect"", ""PATIENT=parent"", ""AGENT=opponent""]","Prime sentence: a brother protects a buddy .
Event roles: VERB=protect; PATIENT=parent; AGENT=opponent
Sentence: the",Sentence: the,first_noun,-7.5130414962768555,-6.154290199279785,1.3587512969970703,passive,1.0
618,role_labeled,passive,passive,a buddy is protected by a brother .,an opponent protects a parent .,a parent is protected by an opponent .,an,opponent,a,parent,protect,protects,protected,"[""VERB=protect"", ""PATIENT=parent"", ""AGENT=opponent""]","Prime sentence: a buddy is protected by a brother .
Event roles: VERB=protect; PATIENT=parent; AGENT=opponent
Sentence: the",Sentence: the,first_noun,-6.806870460510254,-5.665748596191406,1.1411218643188477,passive,1.0
618,role_labeled,no_prime_eos,no_prime_eos,,an opponent protects a parent .,a parent is protected by an opponent .,an,opponent,a,parent,protect,protects,protected,"[""VERB=protect"", ""PATIENT=parent"", ""AGENT=opponent""]","Event roles: VERB=protect; PATIENT=parent; AGENT=opponent
Sentence: the",Sentence: the,first_noun,-5.653368949890137,-5.518968105316162,0.1344008445739746,passive,1.0
618,role_labeled,filler,filler,The traveler rested beside the river .,an opponent protects a parent .,a parent is protected by an opponent .,an,opponent,a,parent,protect,protects,protected,"[""VERB=protect"", ""PATIENT=parent"", ""AGENT=opponent""]","Prime sentence: The traveler rested beside the river .
Event roles: VERB=protect; PATIENT=parent; AGENT=opponent
Sentence: the",Sentence: the,first_noun,-8.728699684143066,-7.554781913757324,1.1739177703857422,passive,1.0
619,role_labeled,active,active,a mother beats a nurse .,an author beats a bishop .,a bishop is beaten by an author .,an,author,a,bishop,beat,beats,beaten,"[""AGENT=author"", ""PATIENT=bishop"", ""VERB=beat""]","Prime sentence: a mother beats a nurse .
Event roles: AGENT=author; PATIENT=bishop; VERB=beat
Sentence: the",Sentence: the,first_noun,-6.461482048034668,-3.7163851261138916,2.7450969219207764,passive,1.0
619,role_labeled,passive,passive,a nurse is beaten by a mother .,an author beats a bishop .,a bishop is beaten by an author .,an,author,a,bishop,beat,beats,beaten,"[""AGENT=author"", ""PATIENT=bishop"", ""VERB=beat""]","Prime sentence: a nurse is beaten by a mother .
Event roles: AGENT=author; PATIENT=bishop; VERB=beat
Sentence: the",Sentence: the,first_noun,-5.719285011291504,-3.6229329109191895,2.0963521003723145,passive,1.0
619,role_labeled,no_prime_eos,no_prime_eos,,an author beats a bishop .,a bishop is beaten by an author .,an,author,a,bishop,beat,beats,beaten,"[""AGENT=author"", ""PATIENT=bishop"", ""VERB=beat""]","Event roles: AGENT=author; PATIENT=bishop; VERB=beat
Sentence: the",Sentence: the,first_noun,-4.672562122344971,-3.883467674255371,0.7890944480895996,passive,1.0
619,role_labeled,filler,filler,The planet shimmered above the valley .,an author beats a bishop .,a bishop is beaten by an author .,an,author,a,bishop,beat,beats,beaten,"[""AGENT=author"", ""PATIENT=bishop"", ""VERB=beat""]","Prime sentence: The planet shimmered above the valley .
Event roles: AGENT=author; PATIENT=bishop; VERB=beat
Sentence: the",Sentence: the,first_noun,-7.638369560241699,-5.0373053550720215,2.6010642051696777,passive,1.0
620,role_labeled,active,active,a kid beats a king .,a winner beats a woman .,a woman is beaten by a winner .,a,winner,a,woman,beat,beats,beaten,"[""VERB=beat"", ""AGENT=winner"", ""PATIENT=woman""]","Prime sentence: a kid beats a king .
Event roles: VERB=beat; AGENT=winner; PATIENT=woman
Sentence: the",Sentence: the,first_noun,-6.47423791885376,-4.644701957702637,1.829535961151123,passive,1.0
620,role_labeled,passive,passive,a king is beaten by a kid .,a winner beats a woman .,a woman is beaten by a winner .,a,winner,a,woman,beat,beats,beaten,"[""VERB=beat"", ""AGENT=winner"", ""PATIENT=woman""]","Prime sentence: a king is beaten by a kid .
Event roles: VERB=beat; AGENT=winner; PATIENT=woman
Sentence: the",Sentence: the,first_noun,-6.974802017211914,-4.892886161804199,2.081915855407715,passive,1.0
620,role_labeled,no_prime_eos,no_prime_eos,,a winner beats a woman .,a woman is beaten by a winner .,a,winner,a,woman,beat,beats,beaten,"[""VERB=beat"", ""AGENT=winner"", ""PATIENT=woman""]","Event roles: VERB=beat; AGENT=winner; PATIENT=woman
Sentence: the",Sentence: the,first_noun,-4.054846286773682,-3.456198215484619,0.5986480712890625,passive,1.0
620,role_labeled,filler,filler,The signal flickered across the screen .,a winner beats a woman .,a woman is beaten by a winner .,a,winner,a,woman,beat,beats,beaten,"[""VERB=beat"", ""AGENT=winner"", ""PATIENT=woman""]","Prime sentence: The signal flickered across the screen .
Event roles: VERB=beat; AGENT=winner; PATIENT=woman
Sentence: the",Sentence: the,first_noun,-6.58741569519043,-3.800198554992676,2.787217140197754,passive,1.0
621,role_labeled,active,active,a doctor beats an employee .,a scientist beats a secretary .,a secretary is beaten by a scientist .,a,scientist,a,secretary,beat,beats,beaten,"[""AGENT=scientist"", ""VERB=beat"", ""PATIENT=secretary""]","Prime sentence: a doctor beats an employee .
Event roles: AGENT=scientist; VERB=beat; PATIENT=secretary
Sentence: the",Sentence: the,first_noun,-3.928162097930908,-6.048059463500977,-2.1198973655700684,active,0.0
621,role_labeled,passive,passive,an employee is beaten by a doctor .,a scientist beats a secretary .,a secretary is beaten by a scientist .,a,scientist,a,secretary,beat,beats,beaten,"[""AGENT=scientist"", ""VERB=beat"", ""PATIENT=secretary""]","Prime sentence: an employee is beaten by a doctor .
Event roles: AGENT=scientist; VERB=beat; PATIENT=secretary
Sentence: the",Sentence: the,first_noun,-3.590263843536377,-5.823368072509766,-2.2331042289733887,active,0.0
621,role_labeled,no_prime_eos,no_prime_eos,,a scientist beats a secretary .,a secretary is beaten by a scientist .,a,scientist,a,secretary,beat,beats,beaten,"[""AGENT=scientist"", ""VERB=beat"", ""PATIENT=secretary""]","Event roles: AGENT=scientist; VERB=beat; PATIENT=secretary
Sentence: the",Sentence: the,first_noun,-4.235443592071533,-7.125875473022461,-2.8904318809509277,active,0.0
621,role_labeled,filler,filler,The window rattled during the storm .,a scientist beats a secretary .,a secretary is beaten by a scientist .,a,scientist,a,secretary,beat,beats,beaten,"[""AGENT=scientist"", ""VERB=beat"", ""PATIENT=secretary""]","Prime sentence: The window rattled during the storm .
Event roles: AGENT=scientist; VERB=beat; PATIENT=secretary
Sentence: the",Sentence: the,first_noun,-6.170790672302246,-7.083334922790527,-0.9125442504882812,active,0.0
622,role_labeled,active,active,a reader catches a scientist .,a cousin catches a daughter .,a daughter is caught by a cousin .,a,cousin,a,daughter,catch,catches,caught,"[""AGENT=cousin"", ""PATIENT=daughter"", ""VERB=catch""]","Prime sentence: a reader catches a scientist .
Event roles: AGENT=cousin; PATIENT=daughter; VERB=catch
Sentence: the",Sentence: the,first_noun,-7.022896766662598,-5.343898773193359,1.6789979934692383,passive,1.0
622,role_labeled,passive,passive,a scientist is caught by a reader .,a cousin catches a daughter .,a daughter is caught by a cousin .,a,cousin,a,daughter,catch,catches,caught,"[""AGENT=cousin"", ""PATIENT=daughter"", ""VERB=catch""]","Prime sentence: a scientist is caught by a reader .
Event roles: AGENT=cousin; PATIENT=daughter; VERB=catch
Sentence: the",Sentence: the,first_noun,-7.280271530151367,-5.194642066955566,2.085629463195801,passive,1.0
622,role_labeled,no_prime_eos,no_prime_eos,,a cousin catches a daughter .,a daughter is caught by a cousin .,a,cousin,a,daughter,catch,catches,caught,"[""AGENT=cousin"", ""PATIENT=daughter"", ""VERB=catch""]","Event roles: AGENT=cousin; PATIENT=daughter; VERB=catch
Sentence: the",Sentence: the,first_noun,-7.143959999084473,-4.483090400695801,2.660869598388672,passive,1.0
622,role_labeled,filler,filler,The radio crackled in the attic .,a cousin catches a daughter .,a daughter is caught by a cousin .,a,cousin,a,daughter,catch,catches,caught,"[""AGENT=cousin"", ""PATIENT=daughter"", ""VERB=catch""]","Prime sentence: The radio crackled in the attic .
Event roles: AGENT=cousin; PATIENT=daughter; VERB=catch
Sentence: the",Sentence: the,first_noun,-8.04366397857666,-6.276758193969727,1.7669057846069336,passive,1.0
623,role_labeled,active,active,a lawyer helps a leader .,a writer helps an actor .,an actor is helped by a writer .,a,writer,an,actor,help,helps,helped,"[""VERB=help"", ""PATIENT=actor"", ""AGENT=writer""]","Prime sentence: a lawyer helps a leader .
Event roles: VERB=help; PATIENT=actor; AGENT=writer
Sentence: the",Sentence: the,first_noun,-5.707108497619629,-4.673955917358398,1.0331525802612305,passive,1.0
623,role_labeled,passive,passive,a leader is helped by a lawyer .,a writer helps an actor .,an actor is helped by a writer .,a,writer,an,actor,help,helps,helped,"[""VERB=help"", ""PATIENT=actor"", ""AGENT=writer""]","Prime sentence: a leader is helped by a lawyer .
Event roles: VERB=help; PATIENT=actor; AGENT=writer
Sentence: the",Sentence: the,first_noun,-5.9210524559021,-4.924976825714111,0.9960756301879883,passive,1.0
623,role_labeled,no_prime_eos,no_prime_eos,,a writer helps an actor .,an actor is helped by a writer .,a,writer,an,actor,help,helps,helped,"[""VERB=help"", ""PATIENT=actor"", ""AGENT=writer""]","Event roles: VERB=help; PATIENT=actor; AGENT=writer
Sentence: the",Sentence: the,first_noun,-5.158664226531982,-4.537968635559082,0.6206955909729004,passive,1.0
623,role_labeled,filler,filler,The signal flickered across the screen .,a writer helps an actor .,an actor is helped by a writer .,a,writer,an,actor,help,helps,helped,"[""VERB=help"", ""PATIENT=actor"", ""AGENT=writer""]","Prime sentence: The signal flickered across the screen .
Event roles: VERB=help; PATIENT=actor; AGENT=writer
Sentence: the",Sentence: the,first_noun,-6.780970573425293,-5.232780933380127,1.548189640045166,passive,1.0
624,role_labeled,active,active,a minister washes a mother .,an aunt washes an author .,an author is washed by an aunt .,an,aunt,an,author,wash,washes,washed,"[""AGENT=aunt"", ""PATIENT=author"", ""VERB=wash""]","Prime sentence: a minister washes a mother .
Event roles: AGENT=aunt; PATIENT=author; VERB=wash
Sentence: the",Sentence: the,first_noun,-5.401764869689941,-5.844491004943848,-0.44272613525390625,active,0.0
624,role_labeled,passive,passive,a mother is washed by a minister .,an aunt washes an author .,an author is washed by an aunt .,an,aunt,an,author,wash,washes,washed,"[""AGENT=aunt"", ""PATIENT=author"", ""VERB=wash""]","Prime sentence: a mother is washed by a minister .
Event roles: AGENT=aunt; PATIENT=author; VERB=wash
Sentence: the",Sentence: the,first_noun,-5.650981426239014,-6.094338417053223,-0.443356990814209,active,0.0
624,role_labeled,no_prime_eos,no_prime_eos,,an aunt washes an author .,an author is washed by an aunt .,an,aunt,an,author,wash,washes,washed,"[""AGENT=aunt"", ""PATIENT=author"", ""VERB=wash""]","Event roles: AGENT=aunt; PATIENT=author; VERB=wash
Sentence: the",Sentence: the,first_noun,-8.815940856933594,-4.506528377532959,4.309412479400635,passive,1.0
624,role_labeled,filler,filler,The window rattled during the storm .,an aunt washes an author .,an author is washed by an aunt .,an,aunt,an,author,wash,washes,washed,"[""AGENT=aunt"", ""PATIENT=author"", ""VERB=wash""]","Prime sentence: The window rattled during the storm .
Event roles: AGENT=aunt; PATIENT=author; VERB=wash
Sentence: the",Sentence: the,first_noun,-7.852020263671875,-8.405344009399414,-0.5533237457275391,active,0.0
625,role_labeled,active,active,a prince kills a princess .,a child kills a colonel .,a colonel is killed by a child .,a,child,a,colonel,kill,kills,killed,"[""AGENT=child"", ""PATIENT=colonel"", ""VERB=kill""]","Prime sentence: a prince kills a princess .
Event roles: AGENT=child; PATIENT=colonel; VERB=kill
Sentence: the",Sentence: the,first_noun,-3.8541131019592285,-4.92426061630249,-1.0701475143432617,active,0.0
625,role_labeled,passive,passive,a princess is killed by a prince .,a child kills a colonel .,a colonel is killed by a child .,a,child,a,colonel,kill,kills,killed,"[""AGENT=child"", ""PATIENT=colonel"", ""VERB=kill""]","Prime sentence: a princess is killed by a prince .
Event roles: AGENT=child; PATIENT=colonel; VERB=kill
Sentence: the",Sentence: the,first_noun,-4.013263702392578,-5.0084028244018555,-0.9951391220092773,active,0.0
625,role_labeled,no_prime_eos,no_prime_eos,,a child kills a colonel .,a colonel is killed by a child .,a,child,a,colonel,kill,kills,killed,"[""AGENT=child"", ""PATIENT=colonel"", ""VERB=kill""]","Event roles: AGENT=child; PATIENT=colonel; VERB=kill
Sentence: the",Sentence: the,first_noun,-3.8285155296325684,-4.725390434265137,-0.8968749046325684,active,0.0
625,role_labeled,filler,filler,The signal flickered across the screen .,a child kills a colonel .,a colonel is killed by a child .,a,child,a,colonel,kill,kills,killed,"[""AGENT=child"", ""PATIENT=colonel"", ""VERB=kill""]","Prime sentence: The signal flickered across the screen .
Event roles: AGENT=child; PATIENT=colonel; VERB=kill
Sentence: the",Sentence: the,first_noun,-4.551766395568848,-5.567679405212402,-1.0159130096435547,active,0.0
626,role_labeled,active,active,a teacher hurries an uncle .,a guest hurries a guy .,a guy is hurried by a guest .,a,guest,a,guy,hurry,hurries,hurried,"[""AGENT=guest"", ""VERB=hurry"", ""PATIENT=guy""]","Prime sentence: a teacher hurries an uncle .
Event roles: AGENT=guest; VERB=hurry; PATIENT=guy
Sentence: the",Sentence: the,first_noun,-5.519613265991211,-4.758817672729492,0.7607955932617188,passive,1.0
626,role_labeled,passive,passive,an uncle is hurried by a teacher .,a guest hurries a guy .,a guy is hurried by a guest .,a,guest,a,guy,hurry,hurries,hurried,"[""AGENT=guest"", ""VERB=hurry"", ""PATIENT=guy""]","Prime sentence: an uncle is hurried by a teacher .
Event roles: AGENT=guest; VERB=hurry; PATIENT=guy
Sentence: the",Sentence: the,first_noun,-5.758182048797607,-4.858173847198486,0.9000082015991211,passive,1.0
626,role_labeled,no_prime_eos,no_prime_eos,,a guest hurries a guy .,a guy is hurried by a guest .,a,guest,a,guy,hurry,hurries,hurried,"[""AGENT=guest"", ""VERB=hurry"", ""PATIENT=guy""]","Event roles: AGENT=guest; VERB=hurry; PATIENT=guy
Sentence: the",Sentence: the,first_noun,-4.279297351837158,-4.27236270904541,0.006934642791748047,passive,1.0
626,role_labeled,filler,filler,The tourist wandered through the plaza .,a guest hurries a guy .,a guy is hurried by a guest .,a,guest,a,guy,hurry,hurries,hurried,"[""AGENT=guest"", ""VERB=hurry"", ""PATIENT=guy""]","Prime sentence: The tourist wandered through the plaza .
Event roles: AGENT=guest; VERB=hurry; PATIENT=guy
Sentence: the",Sentence: the,first_noun,-4.421938419342041,-3.9448933601379395,0.47704505920410156,passive,1.0
627,role_labeled,active,active,an author hurts a bishop .,a minister hurts a mother .,a mother is hurt by a minister .,a,minister,a,mother,hurt,hurts,hurt,"[""PATIENT=mother"", ""VERB=hurt"", ""AGENT=minister""]","Prime sentence: an author hurts a bishop .
Event roles: PATIENT=mother; VERB=hurt; AGENT=minister
Sentence: the",Sentence: the,first_noun,-4.75211763381958,-4.173614978790283,0.5785026550292969,passive,1.0
627,role_labeled,passive,passive,a bishop is hurt by an author .,a minister hurts a mother .,a mother is hurt by a minister .,a,minister,a,mother,hurt,hurts,hurt,"[""PATIENT=mother"", ""VERB=hurt"", ""AGENT=minister""]","Prime sentence: a bishop is hurt by an author .
Event roles: PATIENT=mother; VERB=hurt; AGENT=minister
Sentence: the",Sentence: the,first_noun,-4.4729766845703125,-3.9535043239593506,0.5194723606109619,passive,1.0
627,role_labeled,no_prime_eos,no_prime_eos,,a minister hurts a mother .,a mother is hurt by a minister .,a,minister,a,mother,hurt,hurts,hurt,"[""PATIENT=mother"", ""VERB=hurt"", ""AGENT=minister""]","Event roles: PATIENT=mother; VERB=hurt; AGENT=minister
Sentence: the",Sentence: the,first_noun,-4.535396575927734,-3.649306058883667,0.8860905170440674,passive,1.0
627,role_labeled,filler,filler,The engine cooled before dawn .,a minister hurts a mother .,a mother is hurt by a minister .,a,minister,a,mother,hurt,hurts,hurt,"[""PATIENT=mother"", ""VERB=hurt"", ""AGENT=minister""]","Prime sentence: The engine cooled before dawn .
Event roles: PATIENT=mother; VERB=hurt; AGENT=minister
Sentence: the",Sentence: the,first_noun,-5.936885833740234,-4.801661491394043,1.1352243423461914,passive,1.0
628,role_labeled,active,active,an aunt follows an author .,a mayor follows a minister .,a minister is followed by a mayor .,a,mayor,a,minister,follow,follows,followed,"[""PATIENT=minister"", ""VERB=follow"", ""AGENT=mayor""]","Prime sentence: an aunt follows an author .
Event roles: PATIENT=minister; VERB=follow; AGENT=mayor
Sentence: the",Sentence: the,first_noun,-3.61828351020813,-4.6562347412109375,-1.0379512310028076,active,0.0
628,role_labeled,passive,passive,an author is followed by an aunt .,a mayor follows a minister .,a minister is followed by a mayor .,a,mayor,a,minister,follow,follows,followed,"[""PATIENT=minister"", ""VERB=follow"", ""AGENT=mayor""]","Prime sentence: an author is followed by an aunt .
Event roles: PATIENT=minister; VERB=follow; AGENT=mayor
Sentence: the",Sentence: the,first_noun,-3.731257915496826,-4.576174736022949,-0.844916820526123,active,0.0
628,role_labeled,no_prime_eos,no_prime_eos,,a mayor follows a minister .,a minister is followed by a mayor .,a,mayor,a,minister,follow,follows,followed,"[""PATIENT=minister"", ""VERB=follow"", ""AGENT=mayor""]","Event roles: PATIENT=minister; VERB=follow; AGENT=mayor
Sentence: the",Sentence: the,first_noun,-3.5914626121520996,-4.254783630371094,-0.6633210182189941,active,0.0
628,role_labeled,filler,filler,The painter waited near the doorway .,a mayor follows a minister .,a minister is followed by a mayor .,a,mayor,a,minister,follow,follows,followed,"[""PATIENT=minister"", ""VERB=follow"", ""AGENT=mayor""]","Prime sentence: The painter waited near the doorway .
Event roles: PATIENT=minister; VERB=follow; AGENT=mayor
Sentence: the",Sentence: the,first_noun,-4.400712490081787,-4.29760217666626,0.10311031341552734,passive,1.0
629,role_labeled,active,active,a princess discovers a professor .,a colonel discovers a cop .,a cop is discovered by a colonel .,a,colonel,a,cop,discover,discovers,discovered,"[""VERB=discover"", ""PATIENT=cop"", ""AGENT=colonel""]","Prime sentence: a princess discovers a professor .
Event roles: VERB=discover; PATIENT=cop; AGENT=colonel
Sentence: the",Sentence: the,first_noun,-5.232431411743164,-7.039809703826904,-1.8073782920837402,active,0.0
629,role_labeled,passive,passive,a professor is discovered by a princess .,a colonel discovers a cop .,a cop is discovered by a colonel .,a,colonel,a,cop,discover,discovers,discovered,"[""VERB=discover"", ""PATIENT=cop"", ""AGENT=colonel""]","Prime sentence: a professor is discovered by a princess .
Event roles: VERB=discover; PATIENT=cop; AGENT=colonel
Sentence: the",Sentence: the,first_noun,-5.031566619873047,-6.649242401123047,-1.61767578125,active,0.0
629,role_labeled,no_prime_eos,no_prime_eos,,a colonel discovers a cop .,a cop is discovered by a colonel .,a,colonel,a,cop,discover,discovers,discovered,"[""VERB=discover"", ""PATIENT=cop"", ""AGENT=colonel""]","Event roles: VERB=discover; PATIENT=cop; AGENT=colonel
Sentence: the",Sentence: the,first_noun,-5.281311511993408,-6.826253890991211,-1.5449423789978027,active,0.0
629,role_labeled,filler,filler,The garden brightened after rain .,a colonel discovers a cop .,a cop is discovered by a colonel .,a,colonel,a,cop,discover,discovers,discovered,"[""VERB=discover"", ""PATIENT=cop"", ""AGENT=colonel""]","Prime sentence: The garden brightened after rain .
Event roles: VERB=discover; PATIENT=cop; AGENT=colonel
Sentence: the",Sentence: the,first_noun,-7.7250447273254395,-8.368499755859375,-0.6434550285339355,active,0.0
630,role_labeled,active,active,a chief hurries a child .,a president hurries a priest .,a priest is hurried by a president .,a,president,a,priest,hurry,hurries,hurried,"[""AGENT=president"", ""VERB=hurry"", ""PATIENT=priest""]","Prime sentence: a chief hurries a child .
Event roles: AGENT=president; VERB=hurry; PATIENT=priest
Sentence: the",Sentence: the,first_noun,-3.697237014770508,-3.7943663597106934,-0.09712934494018555,active,0.0
630,role_labeled,passive,passive,a child is hurried by a chief .,a president hurries a priest .,a priest is hurried by a president .,a,president,a,priest,hurry,hurries,hurried,"[""AGENT=president"", ""VERB=hurry"", ""PATIENT=priest""]","Prime sentence: a child is hurried by a chief .
Event roles: AGENT=president; VERB=hurry; PATIENT=priest
Sentence: the",Sentence: the,first_noun,-3.7745728492736816,-3.7410969734191895,0.03347587585449219,passive,1.0
630,role_labeled,no_prime_eos,no_prime_eos,,a president hurries a priest .,a priest is hurried by a president .,a,president,a,priest,hurry,hurries,hurried,"[""AGENT=president"", ""VERB=hurry"", ""PATIENT=priest""]","Event roles: AGENT=president; VERB=hurry; PATIENT=priest
Sentence: the",Sentence: the,first_noun,-3.1543540954589844,-4.072879791259766,-0.9185256958007812,active,0.0
630,role_labeled,filler,filler,The kettle whistled in the kitchen .,a president hurries a priest .,a priest is hurried by a president .,a,president,a,priest,hurry,hurries,hurried,"[""AGENT=president"", ""VERB=hurry"", ""PATIENT=priest""]","Prime sentence: The kettle whistled in the kitchen .
Event roles: AGENT=president; VERB=hurry; PATIENT=priest
Sentence: the",Sentence: the,first_noun,-4.980170726776123,-4.6880903244018555,0.2920804023742676,passive,1.0
631,role_labeled,active,active,a daughter embraces a doctor .,a reader embraces a scientist .,a scientist is embraced by a reader .,a,reader,a,scientist,embrac,embraces,embraced,"[""PATIENT=scientist"", ""VERB=embrac"", ""AGENT=reader""]","Prime sentence: a daughter embraces a doctor .
Event roles: PATIENT=scientist; VERB=embrac; AGENT=reader
Sentence: the",Sentence: the,first_noun,-6.397763252258301,-4.433525085449219,1.964238166809082,passive,1.0
631,role_labeled,passive,passive,a doctor is embraced by a daughter .,a reader embraces a scientist .,a scientist is embraced by a reader .,a,reader,a,scientist,embrac,embraces,embraced,"[""PATIENT=scientist"", ""VERB=embrac"", ""AGENT=reader""]","Prime sentence: a doctor is embraced by a daughter .
Event roles: PATIENT=scientist; VERB=embrac; AGENT=reader
Sentence: the",Sentence: the,first_noun,-6.296050071716309,-4.240129470825195,2.0559206008911133,passive,1.0
631,role_labeled,no_prime_eos,no_prime_eos,,a reader embraces a scientist .,a scientist is embraced by a reader .,a,reader,a,scientist,embrac,embraces,embraced,"[""PATIENT=scientist"", ""VERB=embrac"", ""AGENT=reader""]","Event roles: PATIENT=scientist; VERB=embrac; AGENT=reader
Sentence: the",Sentence: the,first_noun,-4.345524787902832,-4.588878631591797,-0.24335384368896484,active,0.0
631,role_labeled,filler,filler,The teacher listened during assembly .,a reader embraces a scientist .,a scientist is embraced by a reader .,a,reader,a,scientist,embrac,embraces,embraced,"[""PATIENT=scientist"", ""VERB=embrac"", ""AGENT=reader""]","Prime sentence: The teacher listened during assembly .
Event roles: PATIENT=scientist; VERB=embrac; AGENT=reader
Sentence: the",Sentence: the,first_noun,-4.981786727905273,-3.037471294403076,1.9443154335021973,passive,1.0
632,role_labeled,active,active,a minister forgets a mother .,an aunt forgets an author .,an author is forgotten by an aunt .,an,aunt,an,author,forget,forgets,forgotten,"[""AGENT=aunt"", ""PATIENT=author"", ""VERB=forget""]","Prime sentence: a minister forgets a mother .
Event roles: AGENT=aunt; PATIENT=author; VERB=forget
Sentence: the",Sentence: the,first_noun,-5.904426097869873,-5.8918046951293945,0.012621402740478516,passive,1.0
632,role_labeled,passive,passive,a mother is forgotten by a minister .,an aunt forgets an author .,an author is forgotten by an aunt .,an,aunt,an,author,forget,forgets,forgotten,"[""AGENT=aunt"", ""PATIENT=author"", ""VERB=forget""]","Prime sentence: a mother is forgotten by a minister .
Event roles: AGENT=aunt; PATIENT=author; VERB=forget
Sentence: the",Sentence: the,first_noun,-5.891526699066162,-6.039391040802002,-0.14786434173583984,active,0.0
632,role_labeled,no_prime_eos,no_prime_eos,,an aunt forgets an author .,an author is forgotten by an aunt .,an,aunt,an,author,forget,forgets,forgotten,"[""AGENT=aunt"", ""PATIENT=author"", ""VERB=forget""]","Event roles: AGENT=aunt; PATIENT=author; VERB=forget
Sentence: the",Sentence: the,first_noun,-8.373270988464355,-4.367620468139648,4.005650520324707,passive,1.0
632,role_labeled,filler,filler,The engine cooled before dawn .,an aunt forgets an author .,an author is forgotten by an aunt .,an,aunt,an,author,forget,forgets,forgotten,"[""AGENT=aunt"", ""PATIENT=author"", ""VERB=forget""]","Prime sentence: The engine cooled before dawn .
Event roles: AGENT=aunt; PATIENT=author; VERB=forget
Sentence: the",Sentence: the,first_noun,-7.573943138122559,-7.480974197387695,0.09296894073486328,passive,1.0
633,role_labeled,active,active,an opponent hurts a parent .,a boy hurts a brother .,a brother is hurt by a boy .,a,boy,a,brother,hurt,hurts,hurt,"[""VERB=hurt"", ""PATIENT=brother"", ""AGENT=boy""]","Prime sentence: an opponent hurts a parent .
Event roles: VERB=hurt; PATIENT=brother; AGENT=boy
Sentence: the",Sentence: the,first_noun,-2.924433469772339,-4.863140106201172,-1.938706636428833,active,0.0
633,role_labeled,passive,passive,a parent is hurt by an opponent .,a boy hurts a brother .,a brother is hurt by a boy .,a,boy,a,brother,hurt,hurts,hurt,"[""VERB=hurt"", ""PATIENT=brother"", ""AGENT=boy""]","Prime sentence: a parent is hurt by an opponent .
Event roles: VERB=hurt; PATIENT=brother; AGENT=boy
Sentence: the",Sentence: the,first_noun,-2.902643918991089,-5.18794059753418,-2.285296678543091,active,0.0
633,role_labeled,no_prime_eos,no_prime_eos,,a boy hurts a brother .,a brother is hurt by a boy .,a,boy,a,brother,hurt,hurts,hurt,"[""VERB=hurt"", ""PATIENT=brother"", ""AGENT=boy""]","Event roles: VERB=hurt; PATIENT=brother; AGENT=boy
Sentence: the",Sentence: the,first_noun,-3.1913137435913086,-5.680680274963379,-2.4893665313720703,active,0.0
633,role_labeled,filler,filler,The baker laughed during breakfast .,a boy hurts a brother .,a brother is hurt by a boy .,a,boy,a,brother,hurt,hurts,hurt,"[""VERB=hurt"", ""PATIENT=brother"", ""AGENT=boy""]","Prime sentence: The baker laughed during breakfast .
Event roles: VERB=hurt; PATIENT=brother; AGENT=boy
Sentence: the",Sentence: the,first_noun,-2.834955930709839,-6.103569030761719,-3.26861310005188,active,0.0
634,role_labeled,active,active,a professor describes a reader .,a cop describes a cousin .,a cousin is described by a cop .,a,cop,a,cousin,describ,describes,described,"[""AGENT=cop"", ""PATIENT=cousin"", ""VERB=describ""]","Prime sentence: a professor describes a reader .
Event roles: AGENT=cop; PATIENT=cousin; VERB=describ
Sentence: the",Sentence: the,first_noun,-4.724802494049072,-8.550459861755371,-3.825657367706299,active,0.0
634,role_labeled,passive,passive,a reader is described by a professor .,a cop describes a cousin .,a cousin is described by a cop .,a,cop,a,cousin,describ,describes,described,"[""AGENT=cop"", ""PATIENT=cousin"", ""VERB=describ""]","Prime sentence: a reader is described by a professor .
Event roles: AGENT=cop; PATIENT=cousin; VERB=describ
Sentence: the",Sentence: the,first_noun,-5.133025169372559,-9.186840057373047,-4.053814888000488,active,0.0
634,role_labeled,no_prime_eos,no_prime_eos,,a cop describes a cousin .,a cousin is described by a cop .,a,cop,a,cousin,describ,describes,described,"[""AGENT=cop"", ""PATIENT=cousin"", ""VERB=describ""]","Event roles: AGENT=cop; PATIENT=cousin; VERB=describ
Sentence: the",Sentence: the,first_noun,-5.1461663246154785,-8.646257400512695,-3.500091075897217,active,0.0
634,role_labeled,filler,filler,The tourist wandered through the plaza .,a cop describes a cousin .,a cousin is described by a cop .,a,cop,a,cousin,describ,describes,described,"[""AGENT=cop"", ""PATIENT=cousin"", ""VERB=describ""]","Prime sentence: The tourist wandered through the plaza .
Event roles: AGENT=cop; PATIENT=cousin; VERB=describ
Sentence: the",Sentence: the,first_noun,-5.19664192199707,-7.479376792907715,-2.2827348709106445,active,0.0
635,role_labeled,active,active,a minister embraces a mother .,an aunt embraces an author .,an author is embraced by an aunt .,an,aunt,an,author,embrac,embraces,embraced,"[""PATIENT=author"", ""VERB=embrac"", ""AGENT=aunt""]","Prime sentence: a minister embraces a mother .
Event roles: PATIENT=author; VERB=embrac; AGENT=aunt
Sentence: the",Sentence: the,first_noun,-6.871384620666504,-5.786596775054932,1.0847878456115723,passive,1.0
635,role_labeled,passive,passive,a mother is embraced by a minister .,an aunt embraces an author .,an author is embraced by an aunt .,an,aunt,an,author,embrac,embraces,embraced,"[""PATIENT=author"", ""VERB=embrac"", ""AGENT=aunt""]","Prime sentence: a mother is embraced by a minister .
Event roles: PATIENT=author; VERB=embrac; AGENT=aunt
Sentence: the",Sentence: the,first_noun,-7.018714904785156,-5.80052375793457,1.218191146850586,passive,1.0
635,role_labeled,no_prime_eos,no_prime_eos,,an aunt embraces an author .,an author is embraced by an aunt .,an,aunt,an,author,embrac,embraces,embraced,"[""PATIENT=author"", ""VERB=embrac"", ""AGENT=aunt""]","Event roles: PATIENT=author; VERB=embrac; AGENT=aunt
Sentence: the",Sentence: the,first_noun,-7.927087306976318,-4.374225616455078,3.5528616905212402,passive,1.0
635,role_labeled,filler,filler,The kettle whistled in the kitchen .,an aunt embraces an author .,an author is embraced by an aunt .,an,aunt,an,author,embrac,embraces,embraced,"[""PATIENT=author"", ""VERB=embrac"", ""AGENT=aunt""]","Prime sentence: The kettle whistled in the kitchen .
Event roles: PATIENT=author; VERB=embrac; AGENT=aunt
Sentence: the",Sentence: the,first_noun,-7.253981590270996,-8.151877403259277,-0.8978958129882812,active,0.0
636,role_labeled,active,active,a secretary asks a sheriff .,a doctor asks an employee .,an employee is asked by a doctor .,a,doctor,an,employee,ask,asks,asked,"[""PATIENT=employee"", ""AGENT=doctor"", ""VERB=ask""]","Prime sentence: a secretary asks a sheriff .
Event roles: PATIENT=employee; AGENT=doctor; VERB=ask
Sentence: the",Sentence: the,first_noun,-2.6586151123046875,-4.383686065673828,-1.7250709533691406,active,0.0
636,role_labeled,passive,passive,a sheriff is asked by a secretary .,a doctor asks an employee .,an employee is asked by a doctor .,a,doctor,an,employee,ask,asks,asked,"[""PATIENT=employee"", ""AGENT=doctor"", ""VERB=ask""]","Prime sentence: a sheriff is asked by a secretary .
Event roles: PATIENT=employee; AGENT=doctor; VERB=ask
Sentence: the",Sentence: the,first_noun,-2.7968075275421143,-3.997150182723999,-1.2003426551818848,active,0.0
636,role_labeled,no_prime_eos,no_prime_eos,,a doctor asks an employee .,an employee is asked by a doctor .,a,doctor,an,employee,ask,asks,asked,"[""PATIENT=employee"", ""AGENT=doctor"", ""VERB=ask""]","Event roles: PATIENT=employee; AGENT=doctor; VERB=ask
Sentence: the",Sentence: the,first_noun,-2.835867404937744,-4.755041599273682,-1.9191741943359375,active,0.0
636,role_labeled,filler,filler,The captain waited beside the harbor .,a doctor asks an employee .,an employee is asked by a doctor .,a,doctor,an,employee,ask,asks,asked,"[""PATIENT=employee"", ""AGENT=doctor"", ""VERB=ask""]","Prime sentence: The captain waited beside the harbor .
Event roles: PATIENT=employee; AGENT=doctor; VERB=ask
Sentence: the",Sentence: the,first_noun,-3.7289624214172363,-7.010204792022705,-3.2812423706054688,active,0.0
637,role_labeled,active,active,a hero joins a husband .,an uncle joins a wife .,a wife is joined by an uncle .,an,uncle,a,wife,join,joins,joined,"[""AGENT=uncle"", ""PATIENT=wife"", ""VERB=join""]","Prime sentence: a hero joins a husband .
Event roles: AGENT=uncle; PATIENT=wife; VERB=join
Sentence: the",Sentence: the,first_noun,-4.842313289642334,-3.5027520656585693,1.3395612239837646,passive,1.0
637,role_labeled,passive,passive,a husband is joined by a hero .,an uncle joins a wife .,a wife is joined by an uncle .,an,uncle,a,wife,join,joins,joined,"[""AGENT=uncle"", ""PATIENT=wife"", ""VERB=join""]","Prime sentence: a husband is joined by a hero .
Event roles: AGENT=uncle; PATIENT=wife; VERB=join
Sentence: the",Sentence: the,first_noun,-5.741520881652832,-3.7729692459106445,1.9685516357421875,passive,1.0
637,role_labeled,no_prime_eos,no_prime_eos,,an uncle joins a wife .,a wife is joined by an uncle .,an,uncle,a,wife,join,joins,joined,"[""AGENT=uncle"", ""PATIENT=wife"", ""VERB=join""]","Event roles: AGENT=uncle; PATIENT=wife; VERB=join
Sentence: the",Sentence: the,first_noun,-6.544360637664795,-4.360897541046143,2.1834630966186523,passive,1.0
637,role_labeled,filler,filler,The pillow rested on the sofa .,an uncle joins a wife .,a wife is joined by an uncle .,an,uncle,a,wife,join,joins,joined,"[""AGENT=uncle"", ""PATIENT=wife"", ""VERB=join""]","Prime sentence: The pillow rested on the sofa .
Event roles: AGENT=uncle; PATIENT=wife; VERB=join
Sentence: the",Sentence: the,first_noun,-8.048213005065918,-5.313332557678223,2.7348804473876953,passive,1.0
638,role_labeled,active,active,a princess understands a professor .,a colonel understands a cop .,a cop is understood by a colonel .,a,colonel,a,cop,understand,understands,understood,"[""VERB=understand"", ""PATIENT=cop"", ""AGENT=colonel""]","Prime sentence: a princess understands a professor .
Event roles: VERB=understand; PATIENT=cop; AGENT=colonel
Sentence: the",Sentence: the,first_noun,-6.36403751373291,-7.588263511657715,-1.2242259979248047,active,0.0
638,role_labeled,passive,passive,a professor is understood by a princess .,a colonel understands a cop .,a cop is understood by a colonel .,a,colonel,a,cop,understand,understands,understood,"[""VERB=understand"", ""PATIENT=cop"", ""AGENT=colonel""]","Prime sentence: a professor is understood by a princess .
Event roles: VERB=understand; PATIENT=cop; AGENT=colonel
Sentence: the",Sentence: the,first_noun,-5.719158172607422,-7.072566032409668,-1.353407859802246,active,0.0
638,role_labeled,no_prime_eos,no_prime_eos,,a colonel understands a cop .,a cop is understood by a colonel .,a,colonel,a,cop,understand,understands,understood,"[""VERB=understand"", ""PATIENT=cop"", ""AGENT=colonel""]","Event roles: VERB=understand; PATIENT=cop; AGENT=colonel
Sentence: the",Sentence: the,first_noun,-5.900049209594727,-6.971893310546875,-1.0718441009521484,active,0.0
638,role_labeled,filler,filler,The notebook stayed on the shelf .,a colonel understands a cop .,a cop is understood by a colonel .,a,colonel,a,cop,understand,understands,understood,"[""VERB=understand"", ""PATIENT=cop"", ""AGENT=colonel""]","Prime sentence: The notebook stayed on the shelf .
Event roles: VERB=understand; PATIENT=cop; AGENT=colonel
Sentence: the",Sentence: the,first_noun,-6.151325702667236,-6.678224086761475,-0.5268983840942383,active,0.0
639,role_labeled,active,active,a girl drags a guest .,a son drags a student .,a student is dragged by a son .,a,son,a,student,drag,drags,dragged,"[""PATIENT=student"", ""VERB=drag"", ""AGENT=son""]","Prime sentence: a girl drags a guest .
Event roles: PATIENT=student; VERB=drag; AGENT=son
Sentence: the",Sentence: the,first_noun,-5.3106842041015625,-3.53985857963562,1.7708256244659424,passive,1.0
639,role_labeled,passive,passive,a guest is dragged by a girl .,a son drags a student .,a student is dragged by a son .,a,son,a,student,drag,drags,dragged,"[""PATIENT=student"", ""VERB=drag"", ""AGENT=son""]","Prime sentence: a guest is dragged by a girl .
Event roles: PATIENT=student; VERB=drag; AGENT=son
Sentence: the",Sentence: the,first_noun,-4.934473037719727,-2.796736717224121,2.1377363204956055,passive,1.0
639,role_labeled,no_prime_eos,no_prime_eos,,a son drags a student .,a student is dragged by a son .,a,son,a,student,drag,drags,dragged,"[""PATIENT=student"", ""VERB=drag"", ""AGENT=son""]","Event roles: PATIENT=student; VERB=drag; AGENT=son
Sentence: the",Sentence: the,first_noun,-5.141941070556641,-2.7913095951080322,2.3506314754486084,passive,1.0
639,role_labeled,filler,filler,The radio crackled in the attic .,a son drags a student .,a student is dragged by a son .,a,son,a,student,drag,drags,dragged,"[""PATIENT=student"", ""VERB=drag"", ""AGENT=son""]","Prime sentence: The radio crackled in the attic .
Event roles: PATIENT=student; VERB=drag; AGENT=son
Sentence: the",Sentence: the,first_noun,-5.441115379333496,-4.610723495483398,0.8303918838500977,passive,1.0
640,role_labeled,active,active,a princess catches a professor .,a colonel catches a cop .,a cop is caught by a colonel .,a,colonel,a,cop,catch,catches,caught,"[""AGENT=colonel"", ""VERB=catch"", ""PATIENT=cop""]","Prime sentence: a princess catches a professor .
Event roles: AGENT=colonel; VERB=catch; PATIENT=cop
Sentence: the",Sentence: the,first_noun,-3.592670440673828,-5.410683631896973,-1.8180131912231445,active,0.0
640,role_labeled,passive,passive,a professor is caught by a princess .,a colonel catches a cop .,a cop is caught by a colonel .,a,colonel,a,cop,catch,catches,caught,"[""AGENT=colonel"", ""VERB=catch"", ""PATIENT=cop""]","Prime sentence: a professor is caught by a princess .
Event roles: AGENT=colonel; VERB=catch; PATIENT=cop
Sentence: the",Sentence: the,first_noun,-3.0282931327819824,-4.915168762207031,-1.8868756294250488,active,0.0
640,role_labeled,no_prime_eos,no_prime_eos,,a colonel catches a cop .,a cop is caught by a colonel .,a,colonel,a,cop,catch,catches,caught,"[""AGENT=colonel"", ""VERB=catch"", ""PATIENT=cop""]","Event roles: AGENT=colonel; VERB=catch; PATIENT=cop
Sentence: the",Sentence: the,first_noun,-4.236792087554932,-5.268126964569092,-1.0313348770141602,active,0.0
640,role_labeled,filler,filler,The singer smiled after rehearsal .,a colonel catches a cop .,a cop is caught by a colonel .,a,colonel,a,cop,catch,catches,caught,"[""AGENT=colonel"", ""VERB=catch"", ""PATIENT=cop""]","Prime sentence: The singer smiled after rehearsal .
Event roles: AGENT=colonel; VERB=catch; PATIENT=cop
Sentence: the",Sentence: the,first_noun,-4.764179229736328,-5.3875017166137695,-0.6233224868774414,active,0.0
641,role_labeled,active,active,a cop bothers a cousin .,a princess bothers a professor .,a professor is bothered by a princess .,a,princess,a,professor,bother,bothers,bothered,"[""AGENT=princess"", ""PATIENT=professor"", ""VERB=bother""]","Prime sentence: a cop bothers a cousin .
Event roles: AGENT=princess; PATIENT=professor; VERB=bother
Sentence: the",Sentence: the,first_noun,-5.6490373611450195,-4.207211017608643,1.441826343536377,passive,1.0
641,role_labeled,passive,passive,a cousin is bothered by a cop .,a princess bothers a professor .,a professor is bothered by a princess .,a,princess,a,professor,bother,bothers,bothered,"[""AGENT=princess"", ""PATIENT=professor"", ""VERB=bother""]","Prime sentence: a cousin is bothered by a cop .
Event roles: AGENT=princess; PATIENT=professor; VERB=bother
Sentence: the",Sentence: the,first_noun,-6.031789779663086,-4.834637641906738,1.1971521377563477,passive,1.0
641,role_labeled,no_prime_eos,no_prime_eos,,a princess bothers a professor .,a professor is bothered by a princess .,a,princess,a,professor,bother,bothers,bothered,"[""AGENT=princess"", ""PATIENT=professor"", ""VERB=bother""]","Event roles: AGENT=princess; PATIENT=professor; VERB=bother
Sentence: the",Sentence: the,first_noun,-4.756864547729492,-4.727438449859619,0.029426097869873047,passive,1.0
641,role_labeled,filler,filler,The notebook stayed on the shelf .,a princess bothers a professor .,a professor is bothered by a princess .,a,princess,a,professor,bother,bothers,bothered,"[""AGENT=princess"", ""PATIENT=professor"", ""VERB=bother""]","Prime sentence: The notebook stayed on the shelf .
Event roles: AGENT=princess; PATIENT=professor; VERB=bother
Sentence: the",Sentence: the,first_noun,-6.571667671203613,-4.741061210632324,1.830606460571289,passive,1.0
642,role_labeled,active,active,a woman punches a worker .,a kid punches a king .,a king is punched by a kid .,a,kid,a,king,punch,punches,punched,"[""AGENT=kid"", ""PATIENT=king"", ""VERB=punch""]","Prime sentence: a woman punches a worker .
Event roles: AGENT=kid; PATIENT=king; VERB=punch
Sentence: the",Sentence: the,first_noun,-4.880429744720459,-3.2096877098083496,1.6707420349121094,passive,1.0
642,role_labeled,passive,passive,a worker is punched by a woman .,a kid punches a king .,a king is punched by a kid .,a,kid,a,king,punch,punches,punched,"[""AGENT=kid"", ""PATIENT=king"", ""VERB=punch""]","Prime sentence: a worker is punched by a woman .
Event roles: AGENT=kid; PATIENT=king; VERB=punch
Sentence: the",Sentence: the,first_noun,-4.48780632019043,-2.794872760772705,1.6929335594177246,passive,1.0
642,role_labeled,no_prime_eos,no_prime_eos,,a kid punches a king .,a king is punched by a kid .,a,kid,a,king,punch,punches,punched,"[""AGENT=kid"", ""PATIENT=king"", ""VERB=punch""]","Event roles: AGENT=kid; PATIENT=king; VERB=punch
Sentence: the",Sentence: the,first_noun,-5.5057830810546875,-2.8859851360321045,2.619797945022583,passive,1.0
642,role_labeled,filler,filler,The package arrived before noon .,a kid punches a king .,a king is punched by a kid .,a,kid,a,king,punch,punches,punched,"[""AGENT=kid"", ""PATIENT=king"", ""VERB=punch""]","Prime sentence: The package arrived before noon .
Event roles: AGENT=kid; PATIENT=king; VERB=punch
Sentence: the",Sentence: the,first_noun,-5.392358303070068,-3.479513645172119,1.9128446578979492,passive,1.0
643,role_labeled,active,active,an actor forgives an actress .,a lawyer forgives a leader .,a leader is forgiven by a lawyer .,a,lawyer,a,leader,forgiv,forgives,forgiven,"[""AGENT=lawyer"", ""VERB=forgiv"", ""PATIENT=leader""]","Prime sentence: an actor forgives an actress .
Event roles: AGENT=lawyer; VERB=forgiv; PATIENT=leader
Sentence: the",Sentence: the,first_noun,-4.208367824554443,-6.271909713745117,-2.063541889190674,active,0.0
643,role_labeled,passive,passive,an actress is forgiven by an actor .,a lawyer forgives a leader .,a leader is forgiven by a lawyer .,a,lawyer,a,leader,forgiv,forgives,forgiven,"[""AGENT=lawyer"", ""VERB=forgiv"", ""PATIENT=leader""]","Prime sentence: an actress is forgiven by an actor .
Event roles: AGENT=lawyer; VERB=forgiv; PATIENT=leader
Sentence: the",Sentence: the,first_noun,-4.408256530761719,-6.644723892211914,-2.2364673614501953,active,0.0
643,role_labeled,no_prime_eos,no_prime_eos,,a lawyer forgives a leader .,a leader is forgiven by a lawyer .,a,lawyer,a,leader,forgiv,forgives,forgiven,"[""AGENT=lawyer"", ""VERB=forgiv"", ""PATIENT=leader""]","Event roles: AGENT=lawyer; VERB=forgiv; PATIENT=leader
Sentence: the",Sentence: the,first_noun,-4.362349987030029,-5.311390399932861,-0.949040412902832,active,0.0
643,role_labeled,filler,filler,The kettle whistled in the kitchen .,a lawyer forgives a leader .,a leader is forgiven by a lawyer .,a,lawyer,a,leader,forgiv,forgives,forgiven,"[""AGENT=lawyer"", ""VERB=forgiv"", ""PATIENT=leader""]","Prime sentence: The kettle whistled in the kitchen .
Event roles: AGENT=lawyer; VERB=forgiv; PATIENT=leader
Sentence: the",Sentence: the,first_noun,-5.392568588256836,-8.636760711669922,-3.244192123413086,active,0.0
644,role_labeled,active,active,a son grabs a student .,a friend grabs a girl .,a girl is grabbed by a friend .,a,friend,a,girl,grab,grabs,grabbed,"[""VERB=grab"", ""PATIENT=girl"", ""AGENT=friend""]","Prime sentence: a son grabs a student .
Event roles: VERB=grab; PATIENT=girl; AGENT=friend
Sentence: the",Sentence: the,first_noun,-5.116976737976074,-2.8363873958587646,2.2805893421173096,passive,1.0
644,role_labeled,passive,passive,a student is grabbed by a son .,a friend grabs a girl .,a girl is grabbed by a friend .,a,friend,a,girl,grab,grabs,grabbed,"[""VERB=grab"", ""PATIENT=girl"", ""AGENT=friend""]","Prime sentence: a student is grabbed by a son .
Event roles: VERB=grab; PATIENT=girl; AGENT=friend
Sentence: the",Sentence: the,first_noun,-5.055749416351318,-2.7703123092651367,2.2854371070861816,passive,1.0
644,role_labeled,no_prime_eos,no_prime_eos,,a friend grabs a girl .,a girl is grabbed by a friend .,a,friend,a,girl,grab,grabs,grabbed,"[""VERB=grab"", ""PATIENT=girl"", ""AGENT=friend""]","Event roles: VERB=grab; PATIENT=girl; AGENT=friend
Sentence: the",Sentence: the,first_noun,-5.800719738006592,-2.458395481109619,3.3423242568969727,passive,1.0
644,role_labeled,filler,filler,The notebook stayed on the shelf .,a friend grabs a girl .,a girl is grabbed by a friend .,a,friend,a,girl,grab,grabs,grabbed,"[""VERB=grab"", ""PATIENT=girl"", ""AGENT=friend""]","Prime sentence: The notebook stayed on the shelf .
Event roles: VERB=grab; PATIENT=girl; AGENT=friend
Sentence: the",Sentence: the,first_noun,-5.51901912689209,-2.9883289337158203,2.5306901931762695,passive,1.0
645,role_labeled,active,active,a teacher chases an uncle .,a guest chases a guy .,a guy is chased by a guest .,a,guest,a,guy,chas,chases,chased,"[""PATIENT=guy"", ""AGENT=guest"", ""VERB=chas""]","Prime sentence: a teacher chases an uncle .
Event roles: PATIENT=guy; AGENT=guest; VERB=chas
Sentence: the",Sentence: the,first_noun,-5.7874531745910645,-4.1476969718933105,1.639756202697754,passive,1.0
645,role_labeled,passive,passive,an uncle is chased by a teacher .,a guest chases a guy .,a guy is chased by a guest .,a,guest,a,guy,chas,chases,chased,"[""PATIENT=guy"", ""AGENT=guest"", ""VERB=chas""]","Prime sentence: an uncle is chased by a teacher .
Event roles: PATIENT=guy; AGENT=guest; VERB=chas
Sentence: the",Sentence: the,first_noun,-5.906952857971191,-4.185642242431641,1.7213106155395508,passive,1.0
645,role_labeled,no_prime_eos,no_prime_eos,,a guest chases a guy .,a guy is chased by a guest .,a,guest,a,guy,chas,chases,chased,"[""PATIENT=guy"", ""AGENT=guest"", ""VERB=chas""]","Event roles: PATIENT=guy; AGENT=guest; VERB=chas
Sentence: the",Sentence: the,first_noun,-4.5621256828308105,-4.219893932342529,0.34223175048828125,passive,1.0
645,role_labeled,filler,filler,The planet shimmered above the valley .,a guest chases a guy .,a guy is chased by a guest .,a,guest,a,guy,chas,chases,chased,"[""PATIENT=guy"", ""AGENT=guest"", ""VERB=chas""]","Prime sentence: The planet shimmered above the valley .
Event roles: PATIENT=guy; AGENT=guest; VERB=chas
Sentence: the",Sentence: the,first_noun,-7.632759094238281,-6.1023149490356445,1.5304441452026367,passive,1.0
646,role_labeled,active,active,an opponent beats a parent .,a boy beats a brother .,a brother is beaten by a boy .,a,boy,a,brother,beat,beats,beaten,"[""PATIENT=brother"", ""AGENT=boy"", ""VERB=beat""]","Prime sentence: an opponent beats a parent .
Event roles: PATIENT=brother; AGENT=boy; VERB=beat
Sentence: the",Sentence: the,first_noun,-2.694918632507324,-4.614023208618164,-1.9191045761108398,active,0.0
646,role_labeled,passive,passive,a parent is beaten by an opponent .,a boy beats a brother .,a brother is beaten by a boy .,a,boy,a,brother,beat,beats,beaten,"[""PATIENT=brother"", ""AGENT=boy"", ""VERB=beat""]","Prime sentence: a parent is beaten by an opponent .
Event roles: PATIENT=brother; AGENT=boy; VERB=beat
Sentence: the",Sentence: the,first_noun,-2.689499855041504,-4.683675289154053,-1.9941754341125488,active,0.0
646,role_labeled,no_prime_eos,no_prime_eos,,a boy beats a brother .,a brother is beaten by a boy .,a,boy,a,brother,beat,beats,beaten,"[""PATIENT=brother"", ""AGENT=boy"", ""VERB=beat""]","Event roles: PATIENT=brother; AGENT=boy; VERB=beat
Sentence: the",Sentence: the,first_noun,-3.016052722930908,-5.529590606689453,-2.513537883758545,active,0.0
646,role_labeled,filler,filler,The market opened after sunrise .,a boy beats a brother .,a brother is beaten by a boy .,a,boy,a,brother,beat,beats,beaten,"[""PATIENT=brother"", ""AGENT=boy"", ""VERB=beat""]","Prime sentence: The market opened after sunrise .
Event roles: PATIENT=brother; AGENT=boy; VERB=beat
Sentence: the",Sentence: the,first_noun,-4.888502597808838,-7.399306297302246,-2.510803699493408,active,0.0
647,role_labeled,active,active,a boy comforts a brother .,a nurse comforts an opponent .,an opponent is comforted by a nurse .,a,nurse,an,opponent,comfort,comforts,comforted,"[""AGENT=nurse"", ""VERB=comfort"", ""PATIENT=opponent""]","Prime sentence: a boy comforts a brother .
Event roles: AGENT=nurse; VERB=comfort; PATIENT=opponent
Sentence: the",Sentence: the,first_noun,-3.4293887615203857,-8.083813667297363,-4.6544249057769775,active,0.0
647,role_labeled,passive,passive,a brother is comforted by a boy .,a nurse comforts an opponent .,an opponent is comforted by a nurse .,a,nurse,an,opponent,comfort,comforts,comforted,"[""AGENT=nurse"", ""VERB=comfort"", ""PATIENT=opponent""]","Prime sentence: a brother is comforted by a boy .
Event roles: AGENT=nurse; VERB=comfort; PATIENT=opponent
Sentence: the",Sentence: the,first_noun,-3.6808059215545654,-7.964273452758789,-4.283467531204224,active,0.0
647,role_labeled,no_prime_eos,no_prime_eos,,a nurse comforts an opponent .,an opponent is comforted by a nurse .,a,nurse,an,opponent,comfort,comforts,comforted,"[""AGENT=nurse"", ""VERB=comfort"", ""PATIENT=opponent""]","Event roles: AGENT=nurse; VERB=comfort; PATIENT=opponent
Sentence: the",Sentence: the,first_noun,-3.1115598678588867,-5.757710933685303,-2.646151065826416,active,0.0
647,role_labeled,filler,filler,The singer smiled after rehearsal .,a nurse comforts an opponent .,an opponent is comforted by a nurse .,a,nurse,an,opponent,comfort,comforts,comforted,"[""AGENT=nurse"", ""VERB=comfort"", ""PATIENT=opponent""]","Prime sentence: The singer smiled after rehearsal .
Event roles: AGENT=nurse; VERB=comfort; PATIENT=opponent
Sentence: the",Sentence: the,first_noun,-2.92543625831604,-7.555468559265137,-4.630032300949097,active,0.0
648,role_labeled,active,active,a physician bothers a pilot .,a candidate bothers a captain .,a captain is bothered by a candidate .,a,candidate,a,captain,bother,bothers,bothered,"[""PATIENT=captain"", ""AGENT=candidate"", ""VERB=bother""]","Prime sentence: a physician bothers a pilot .
Event roles: PATIENT=captain; AGENT=candidate; VERB=bother
Sentence: the",Sentence: the,first_noun,-6.335134506225586,-3.317866086959839,3.017268419265747,passive,1.0
648,role_labeled,passive,passive,a pilot is bothered by a physician .,a candidate bothers a captain .,a captain is bothered by a candidate .,a,candidate,a,captain,bother,bothers,bothered,"[""PATIENT=captain"", ""AGENT=candidate"", ""VERB=bother""]","Prime sentence: a pilot is bothered by a physician .
Event roles: PATIENT=captain; AGENT=candidate; VERB=bother
Sentence: the",Sentence: the,first_noun,-6.349636077880859,-3.5545692443847656,2.7950668334960938,passive,1.0
648,role_labeled,no_prime_eos,no_prime_eos,,a candidate bothers a captain .,a captain is bothered by a candidate .,a,candidate,a,captain,bother,bothers,bothered,"[""PATIENT=captain"", ""AGENT=candidate"", ""VERB=bother""]","Event roles: PATIENT=captain; AGENT=candidate; VERB=bother
Sentence: the",Sentence: the,first_noun,-5.384400367736816,-3.5999844074249268,1.7844159603118896,passive,1.0
648,role_labeled,filler,filler,The blanket dried on the line .,a candidate bothers a captain .,a captain is bothered by a candidate .,a,candidate,a,captain,bother,bothers,bothered,"[""PATIENT=captain"", ""AGENT=candidate"", ""VERB=bother""]","Prime sentence: The blanket dried on the line .
Event roles: PATIENT=captain; AGENT=candidate; VERB=bother
Sentence: the",Sentence: the,first_noun,-7.026596546173096,-4.6822943687438965,2.344302177429199,passive,1.0
649,role_labeled,active,active,a parent kills a partner .,a brother kills a buddy .,a buddy is killed by a brother .,a,brother,a,buddy,kill,kills,killed,"[""VERB=kill"", ""PATIENT=buddy"", ""AGENT=brother""]","Prime sentence: a parent kills a partner .
Event roles: VERB=kill; PATIENT=buddy; AGENT=brother
Sentence: the",Sentence: the,first_noun,-4.382218837738037,-8.21767807006836,-3.8354592323303223,active,0.0
649,role_labeled,passive,passive,a partner is killed by a parent .,a brother kills a buddy .,a buddy is killed by a brother .,a,brother,a,buddy,kill,kills,killed,"[""VERB=kill"", ""PATIENT=buddy"", ""AGENT=brother""]","Prime sentence: a partner is killed by a parent .
Event roles: VERB=kill; PATIENT=buddy; AGENT=brother
Sentence: the",Sentence: the,first_noun,-4.204709529876709,-7.014871597290039,-2.81016206741333,active,0.0
649,role_labeled,no_prime_eos,no_prime_eos,,a brother kills a buddy .,a buddy is killed by a brother .,a,brother,a,buddy,kill,kills,killed,"[""VERB=kill"", ""PATIENT=buddy"", ""AGENT=brother""]","Event roles: VERB=kill; PATIENT=buddy; AGENT=brother
Sentence: the",Sentence: the,first_noun,-5.216503620147705,-8.011560440063477,-2.7950568199157715,active,0.0
649,role_labeled,filler,filler,The violin echoed in the theater .,a brother kills a buddy .,a buddy is killed by a brother .,a,brother,a,buddy,kill,kills,killed,"[""VERB=kill"", ""PATIENT=buddy"", ""AGENT=brother""]","Prime sentence: The violin echoed in the theater .
Event roles: VERB=kill; PATIENT=buddy; AGENT=brother
Sentence: the",Sentence: the,first_noun,-8.059342384338379,-10.764203071594238,-2.7048606872558594,active,0.0
650,role_labeled,active,active,a man strikes a manager .,an actress strikes an adult .,an adult is struck by an actress .,an,actress,an,adult,strik,strikes,struck,"[""AGENT=actress"", ""PATIENT=adult"", ""VERB=strik""]","Prime sentence: a man strikes a manager .
Event roles: AGENT=actress; PATIENT=adult; VERB=strik
Sentence: the",Sentence: the,first_noun,-6.245927810668945,-7.636569976806641,-1.3906421661376953,active,0.0
650,role_labeled,passive,passive,a manager is struck by a man .,an actress strikes an adult .,an adult is struck by an actress .,an,actress,an,adult,strik,strikes,struck,"[""AGENT=actress"", ""PATIENT=adult"", ""VERB=strik""]","Prime sentence: a manager is struck by a man .
Event roles: AGENT=actress; PATIENT=adult; VERB=strik
Sentence: the",Sentence: the,first_noun,-5.985492706298828,-7.608801364898682,-1.6233086585998535,active,0.0
650,role_labeled,no_prime_eos,no_prime_eos,,an actress strikes an adult .,an adult is struck by an actress .,an,actress,an,adult,strik,strikes,struck,"[""AGENT=actress"", ""PATIENT=adult"", ""VERB=strik""]","Event roles: AGENT=actress; PATIENT=adult; VERB=strik
Sentence: the",Sentence: the,first_noun,-6.463014602661133,-5.786754131317139,0.6762604713439941,passive,1.0
650,role_labeled,filler,filler,The notebook stayed on the shelf .,an actress strikes an adult .,an adult is struck by an actress .,an,actress,an,adult,strik,strikes,struck,"[""AGENT=actress"", ""PATIENT=adult"", ""VERB=strik""]","Prime sentence: The notebook stayed on the shelf .
Event roles: AGENT=actress; PATIENT=adult; VERB=strik
Sentence: the",Sentence: the,first_noun,-7.480746269226074,-8.068851470947266,-0.5881052017211914,active,0.0
651,role_labeled,active,active,an attorney destroys an aunt .,a manager destroys a mayor .,a mayor is destroyed by a manager .,a,manager,a,mayor,destroy,destroys,destroyed,"[""VERB=destroy"", ""AGENT=manager"", ""PATIENT=mayor""]","Prime sentence: an attorney destroys an aunt .
Event roles: VERB=destroy; AGENT=manager; PATIENT=mayor
Sentence: the",Sentence: the,first_noun,-4.817895889282227,-2.9381563663482666,1.87973952293396,passive,1.0
651,role_labeled,passive,passive,an aunt is destroyed by an attorney .,a manager destroys a mayor .,a mayor is destroyed by a manager .,a,manager,a,mayor,destroy,destroys,destroyed,"[""VERB=destroy"", ""AGENT=manager"", ""PATIENT=mayor""]","Prime sentence: an aunt is destroyed by an attorney .
Event roles: VERB=destroy; AGENT=manager; PATIENT=mayor
Sentence: the",Sentence: the,first_noun,-5.264218330383301,-2.9305381774902344,2.3336801528930664,passive,1.0
651,role_labeled,no_prime_eos,no_prime_eos,,a manager destroys a mayor .,a mayor is destroyed by a manager .,a,manager,a,mayor,destroy,destroys,destroyed,"[""VERB=destroy"", ""AGENT=manager"", ""PATIENT=mayor""]","Event roles: VERB=destroy; AGENT=manager; PATIENT=mayor
Sentence: the",Sentence: the,first_noun,-4.907347202301025,-2.9919896125793457,1.9153575897216797,passive,1.0
651,role_labeled,filler,filler,The teacher listened during assembly .,a manager destroys a mayor .,a mayor is destroyed by a manager .,a,manager,a,mayor,destroy,destroys,destroyed,"[""VERB=destroy"", ""AGENT=manager"", ""PATIENT=mayor""]","Prime sentence: The teacher listened during assembly .
Event roles: VERB=destroy; AGENT=manager; PATIENT=mayor
Sentence: the",Sentence: the,first_noun,-4.710761547088623,-2.7868175506591797,1.9239439964294434,passive,1.0
652,role_labeled,active,active,an actress describes an adult .,a leader describes a man .,a man is described by a leader .,a,leader,a,man,describ,describes,described,"[""AGENT=leader"", ""PATIENT=man"", ""VERB=describ""]","Prime sentence: an actress describes an adult .
Event roles: AGENT=leader; PATIENT=man; VERB=describ
Sentence: the",Sentence: the,first_noun,-5.738234043121338,-4.762719631195068,0.9755144119262695,passive,1.0
652,role_labeled,passive,passive,an adult is described by an actress .,a leader describes a man .,a man is described by a leader .,a,leader,a,man,describ,describes,described,"[""AGENT=leader"", ""PATIENT=man"", ""VERB=describ""]","Prime sentence: an adult is described by an actress .
Event roles: AGENT=leader; PATIENT=man; VERB=describ
Sentence: the",Sentence: the,first_noun,-6.024760723114014,-4.432606220245361,1.5921545028686523,passive,1.0
652,role_labeled,no_prime_eos,no_prime_eos,,a leader describes a man .,a man is described by a leader .,a,leader,a,man,describ,describes,described,"[""AGENT=leader"", ""PATIENT=man"", ""VERB=describ""]","Event roles: AGENT=leader; PATIENT=man; VERB=describ
Sentence: the",Sentence: the,first_noun,-3.625312089920044,-4.479717254638672,-0.8544051647186279,active,0.0
652,role_labeled,filler,filler,The tourist wandered through the plaza .,a leader describes a man .,a man is described by a leader .,a,leader,a,man,describ,describes,described,"[""AGENT=leader"", ""PATIENT=man"", ""VERB=describ""]","Prime sentence: The tourist wandered through the plaza .
Event roles: AGENT=leader; PATIENT=man; VERB=describ
Sentence: the",Sentence: the,first_noun,-6.548780918121338,-3.6775383949279785,2.8712425231933594,passive,1.0
653,role_labeled,active,active,a woman kisses a worker .,a kid kisses a king .,a king is kissed by a kid .,a,kid,a,king,kiss,kisses,kissed,"[""PATIENT=king"", ""AGENT=kid"", ""VERB=kiss""]","Prime sentence: a woman kisses a worker .
Event roles: PATIENT=king; AGENT=kid; VERB=kiss
Sentence: the",Sentence: the,first_noun,-5.268280982971191,-2.4514315128326416,2.81684947013855,passive,1.0
653,role_labeled,passive,passive,a worker is kissed by a woman .,a kid kisses a king .,a king is kissed by a kid .,a,kid,a,king,kiss,kisses,kissed,"[""PATIENT=king"", ""AGENT=kid"", ""VERB=kiss""]","Prime sentence: a worker is kissed by a woman .
Event roles: PATIENT=king; AGENT=kid; VERB=kiss
Sentence: the",Sentence: the,first_noun,-5.144843101501465,-2.1441471576690674,3.0006959438323975,passive,1.0
653,role_labeled,no_prime_eos,no_prime_eos,,a kid kisses a king .,a king is kissed by a kid .,a,kid,a,king,kiss,kisses,kissed,"[""PATIENT=king"", ""AGENT=kid"", ""VERB=kiss""]","Event roles: PATIENT=king; AGENT=kid; VERB=kiss
Sentence: the",Sentence: the,first_noun,-6.068950653076172,-3.444258451461792,2.62469220161438,passive,1.0
653,role_labeled,filler,filler,The sculpture stood in the hallway .,a kid kisses a king .,a king is kissed by a kid .,a,kid,a,king,kiss,kisses,kissed,"[""PATIENT=king"", ""AGENT=kid"", ""VERB=kiss""]","Prime sentence: The sculpture stood in the hallway .
Event roles: PATIENT=king; AGENT=kid; VERB=kiss
Sentence: the",Sentence: the,first_noun,-4.56342887878418,-3.525404453277588,1.0380244255065918,passive,1.0
654,role_labeled,active,active,a leader selects a man .,an actor selects an actress .,an actress is selected by an actor .,an,actor,an,actress,select,selects,selected,"[""AGENT=actor"", ""PATIENT=actress"", ""VERB=select""]","Prime sentence: a leader selects a man .
Event roles: AGENT=actor; PATIENT=actress; VERB=select
Sentence: the",Sentence: the,first_noun,-3.5378260612487793,-7.019806385040283,-3.481980323791504,active,0.0
654,role_labeled,passive,passive,a man is selected by a leader .,an actor selects an actress .,an actress is selected by an actor .,an,actor,an,actress,select,selects,selected,"[""AGENT=actor"", ""PATIENT=actress"", ""VERB=select""]","Prime sentence: a man is selected by a leader .
Event roles: AGENT=actor; PATIENT=actress; VERB=select
Sentence: the",Sentence: the,first_noun,-4.420504093170166,-7.522974967956543,-3.102470874786377,active,0.0
654,role_labeled,no_prime_eos,no_prime_eos,,an actor selects an actress .,an actress is selected by an actor .,an,actor,an,actress,select,selects,selected,"[""AGENT=actor"", ""PATIENT=actress"", ""VERB=select""]","Event roles: AGENT=actor; PATIENT=actress; VERB=select
Sentence: the",Sentence: the,first_noun,-3.853461265563965,-6.3612260818481445,-2.5077648162841797,active,0.0
654,role_labeled,filler,filler,The planet shimmered above the valley .,an actor selects an actress .,an actress is selected by an actor .,an,actor,an,actress,select,selects,selected,"[""AGENT=actor"", ""PATIENT=actress"", ""VERB=select""]","Prime sentence: The planet shimmered above the valley .
Event roles: AGENT=actor; PATIENT=actress; VERB=select
Sentence: the",Sentence: the,first_noun,-6.940098762512207,-7.744839668273926,-0.8047409057617188,active,0.0
655,role_labeled,active,active,a mayor hurries a minister .,an attorney hurries an aunt .,an aunt is hurried by an attorney .,an,attorney,an,aunt,hurry,hurries,hurried,"[""VERB=hurry"", ""PATIENT=aunt"", ""AGENT=attorney""]","Prime sentence: a mayor hurries a minister .
Event roles: VERB=hurry; PATIENT=aunt; AGENT=attorney
Sentence: the",Sentence: the,first_noun,-6.535923957824707,-7.6852617263793945,-1.1493377685546875,active,0.0
655,role_labeled,passive,passive,a minister is hurried by a mayor .,an attorney hurries an aunt .,an aunt is hurried by an attorney .,an,attorney,an,aunt,hurry,hurries,hurried,"[""VERB=hurry"", ""PATIENT=aunt"", ""AGENT=attorney""]","Prime sentence: a minister is hurried by a mayor .
Event roles: VERB=hurry; PATIENT=aunt; AGENT=attorney
Sentence: the",Sentence: the,first_noun,-6.894652366638184,-8.408166885375977,-1.513514518737793,active,0.0
655,role_labeled,no_prime_eos,no_prime_eos,,an attorney hurries an aunt .,an aunt is hurried by an attorney .,an,attorney,an,aunt,hurry,hurries,hurried,"[""VERB=hurry"", ""PATIENT=aunt"", ""AGENT=attorney""]","Event roles: VERB=hurry; PATIENT=aunt; AGENT=attorney
Sentence: the",Sentence: the,first_noun,-6.580021858215332,-10.174156188964844,-3.5941343307495117,active,0.0
655,role_labeled,filler,filler,The painter waited near the doorway .,an attorney hurries an aunt .,an aunt is hurried by an attorney .,an,attorney,an,aunt,hurry,hurries,hurried,"[""VERB=hurry"", ""PATIENT=aunt"", ""AGENT=attorney""]","Prime sentence: The painter waited near the doorway .
Event roles: VERB=hurry; PATIENT=aunt; AGENT=attorney
Sentence: the",Sentence: the,first_noun,-6.237552165985107,-6.423442840576172,-0.18589067459106445,active,0.0
656,role_labeled,active,active,a son protects a student .,a friend protects a girl .,a girl is protected by a friend .,a,friend,a,girl,protect,protects,protected,"[""AGENT=friend"", ""VERB=protect"", ""PATIENT=girl""]","Prime sentence: a son protects a student .
Event roles: AGENT=friend; VERB=protect; PATIENT=girl
Sentence: the",Sentence: the,first_noun,-4.917244911193848,-3.0975630283355713,1.8196818828582764,passive,1.0
656,role_labeled,passive,passive,a student is protected by a son .,a friend protects a girl .,a girl is protected by a friend .,a,friend,a,girl,protect,protects,protected,"[""AGENT=friend"", ""VERB=protect"", ""PATIENT=girl""]","Prime sentence: a student is protected by a son .
Event roles: AGENT=friend; VERB=protect; PATIENT=girl
Sentence: the",Sentence: the,first_noun,-4.1103105545043945,-2.7911455631256104,1.3191649913787842,passive,1.0
656,role_labeled,no_prime_eos,no_prime_eos,,a friend protects a girl .,a girl is protected by a friend .,a,friend,a,girl,protect,protects,protected,"[""AGENT=friend"", ""VERB=protect"", ""PATIENT=girl""]","Event roles: AGENT=friend; VERB=protect; PATIENT=girl
Sentence: the",Sentence: the,first_noun,-4.560649871826172,-2.7868893146514893,1.7737605571746826,passive,1.0
656,role_labeled,filler,filler,The planet shimmered above the valley .,a friend protects a girl .,a girl is protected by a friend .,a,friend,a,girl,protect,protects,protected,"[""AGENT=friend"", ""VERB=protect"", ""PATIENT=girl""]","Prime sentence: The planet shimmered above the valley .
Event roles: AGENT=friend; VERB=protect; PATIENT=girl
Sentence: the",Sentence: the,first_noun,-7.54606819152832,-3.7329905033111572,3.813077688217163,passive,1.0
657,role_labeled,active,active,a champion selects a chief .,a pilot selects a president .,a president is selected by a pilot .,a,pilot,a,president,select,selects,selected,"[""VERB=select"", ""PATIENT=president"", ""AGENT=pilot""]","Prime sentence: a champion selects a chief .
Event roles: VERB=select; PATIENT=president; AGENT=pilot
Sentence: the",Sentence: the,first_noun,-3.687286376953125,-3.1246531009674072,0.5626332759857178,passive,1.0
657,role_labeled,passive,passive,a chief is selected by a champion .,a pilot selects a president .,a president is selected by a pilot .,a,pilot,a,president,select,selects,selected,"[""VERB=select"", ""PATIENT=president"", ""AGENT=pilot""]","Prime sentence: a chief is selected by a champion .
Event roles: VERB=select; PATIENT=president; AGENT=pilot
Sentence: the",Sentence: the,first_noun,-4.225615501403809,-3.449462652206421,0.7761528491973877,passive,1.0
657,role_labeled,no_prime_eos,no_prime_eos,,a pilot selects a president .,a president is selected by a pilot .,a,pilot,a,president,select,selects,selected,"[""VERB=select"", ""PATIENT=president"", ""AGENT=pilot""]","Event roles: VERB=select; PATIENT=president; AGENT=pilot
Sentence: the",Sentence: the,first_noun,-3.092694044113159,-3.7803759574890137,-0.6876819133758545,active,0.0
657,role_labeled,filler,filler,The kettle whistled in the kitchen .,a pilot selects a president .,a president is selected by a pilot .,a,pilot,a,president,select,selects,selected,"[""VERB=select"", ""PATIENT=president"", ""AGENT=pilot""]","Prime sentence: The kettle whistled in the kitchen .
Event roles: VERB=select; PATIENT=president; AGENT=pilot
Sentence: the",Sentence: the,first_noun,-5.608939170837402,-4.94523811340332,0.663701057434082,passive,1.0
658,role_labeled,active,active,a minister destroys a mother .,an aunt destroys an author .,an author is destroyed by an aunt .,an,aunt,an,author,destroy,destroys,destroyed,"[""PATIENT=author"", ""VERB=destroy"", ""AGENT=aunt""]","Prime sentence: a minister destroys a mother .
Event roles: PATIENT=author; VERB=destroy; AGENT=aunt
Sentence: the",Sentence: the,first_noun,-5.94331693649292,-5.470115661621094,0.47320127487182617,passive,1.0
658,role_labeled,passive,passive,a mother is destroyed by a minister .,an aunt destroys an author .,an author is destroyed by an aunt .,an,aunt,an,author,destroy,destroys,destroyed,"[""PATIENT=author"", ""VERB=destroy"", ""AGENT=aunt""]","Prime sentence: a mother is destroyed by a minister .
Event roles: PATIENT=author; VERB=destroy; AGENT=aunt
Sentence: the",Sentence: the,first_noun,-6.436520576477051,-5.3028059005737305,1.1337146759033203,passive,1.0
658,role_labeled,no_prime_eos,no_prime_eos,,an aunt destroys an author .,an author is destroyed by an aunt .,an,aunt,an,author,destroy,destroys,destroyed,"[""PATIENT=author"", ""VERB=destroy"", ""AGENT=aunt""]","Event roles: PATIENT=author; VERB=destroy; AGENT=aunt
Sentence: the",Sentence: the,first_noun,-7.651463508605957,-4.266977310180664,3.384486198425293,passive,1.0
658,role_labeled,filler,filler,The kettle whistled in the kitchen .,an aunt destroys an author .,an author is destroyed by an aunt .,an,aunt,an,author,destroy,destroys,destroyed,"[""PATIENT=author"", ""VERB=destroy"", ""AGENT=aunt""]","Prime sentence: The kettle whistled in the kitchen .
Event roles: PATIENT=author; VERB=destroy; AGENT=aunt
Sentence: the",Sentence: the,first_noun,-7.182765960693359,-8.124884605407715,-0.9421186447143555,active,0.0
659,role_labeled,active,active,a scientist washes a secretary .,a daughter washes a doctor .,a doctor is washed by a daughter .,a,daughter,a,doctor,wash,washes,washed,"[""VERB=wash"", ""PATIENT=doctor"", ""AGENT=daughter""]","Prime sentence: a scientist washes a secretary .
Event roles: VERB=wash; PATIENT=doctor; AGENT=daughter
Sentence: the",Sentence: the,first_noun,-5.582376480102539,-2.8665311336517334,2.7158453464508057,passive,1.0
659,role_labeled,passive,passive,a secretary is washed by a scientist .,a daughter washes a doctor .,a doctor is washed by a daughter .,a,daughter,a,doctor,wash,washes,washed,"[""VERB=wash"", ""PATIENT=doctor"", ""AGENT=daughter""]","Prime sentence: a secretary is washed by a scientist .
Event roles: VERB=wash; PATIENT=doctor; AGENT=daughter
Sentence: the",Sentence: the,first_noun,-5.7234954833984375,-2.8934121131896973,2.8300833702087402,passive,1.0
659,role_labeled,no_prime_eos,no_prime_eos,,a daughter washes a doctor .,a doctor is washed by a daughter .,a,daughter,a,doctor,wash,washes,washed,"[""VERB=wash"", ""PATIENT=doctor"", ""AGENT=daughter""]","Event roles: VERB=wash; PATIENT=doctor; AGENT=daughter
Sentence: the",Sentence: the,first_noun,-5.001893043518066,-3.660867929458618,1.3410251140594482,passive,1.0
659,role_labeled,filler,filler,The package arrived before noon .,a daughter washes a doctor .,a doctor is washed by a daughter .,a,daughter,a,doctor,wash,washes,washed,"[""VERB=wash"", ""PATIENT=doctor"", ""AGENT=daughter""]","Prime sentence: The package arrived before noon .
Event roles: VERB=wash; PATIENT=doctor; AGENT=daughter
Sentence: the",Sentence: the,first_noun,-5.602788925170898,-3.4973344802856445,2.105454444885254,passive,1.0
660,role_labeled,active,active,a guy beats a hero .,a teacher beats an uncle .,an uncle is beaten by a teacher .,a,teacher,an,uncle,beat,beats,beaten,"[""VERB=beat"", ""AGENT=teacher"", ""PATIENT=uncle""]","Prime sentence: a guy beats a hero .
Event roles: VERB=beat; AGENT=teacher; PATIENT=uncle
Sentence: the",Sentence: the,first_noun,-4.2389068603515625,-7.156581878662109,-2.917675018310547,active,0.0
660,role_labeled,passive,passive,a hero is beaten by a guy .,a teacher beats an uncle .,an uncle is beaten by a teacher .,a,teacher,an,uncle,beat,beats,beaten,"[""VERB=beat"", ""AGENT=teacher"", ""PATIENT=uncle""]","Prime sentence: a hero is beaten by a guy .
Event roles: VERB=beat; AGENT=teacher; PATIENT=uncle
Sentence: the",Sentence: the,first_noun,-3.8627126216888428,-7.243041038513184,-3.380328416824341,active,0.0
660,role_labeled,no_prime_eos,no_prime_eos,,a teacher beats an uncle .,an uncle is beaten by a teacher .,a,teacher,an,uncle,beat,beats,beaten,"[""VERB=beat"", ""AGENT=teacher"", ""PATIENT=uncle""]","Event roles: VERB=beat; AGENT=teacher; PATIENT=uncle
Sentence: the",Sentence: the,first_noun,-3.366063117980957,-7.811944961547852,-4.4458818435668945,active,0.0
660,role_labeled,filler,filler,The baker laughed during breakfast .,a teacher beats an uncle .,an uncle is beaten by a teacher .,a,teacher,an,uncle,beat,beats,beaten,"[""VERB=beat"", ""AGENT=teacher"", ""PATIENT=uncle""]","Prime sentence: The baker laughed during breakfast .
Event roles: VERB=beat; AGENT=teacher; PATIENT=uncle
Sentence: the",Sentence: the,first_noun,-3.031876802444458,-6.609772682189941,-3.5778958797454834,active,0.0
661,role_labeled,active,active,a guy protects a hero .,a teacher protects an uncle .,an uncle is protected by a teacher .,a,teacher,an,uncle,protect,protects,protected,"[""PATIENT=uncle"", ""VERB=protect"", ""AGENT=teacher""]","Prime sentence: a guy protects a hero .
Event roles: PATIENT=uncle; VERB=protect; AGENT=teacher
Sentence: the",Sentence: the,first_noun,-4.280275344848633,-6.6610307693481445,-2.3807554244995117,active,0.0
661,role_labeled,passive,passive,a hero is protected by a guy .,a teacher protects an uncle .,an uncle is protected by a teacher .,a,teacher,an,uncle,protect,protects,protected,"[""PATIENT=uncle"", ""VERB=protect"", ""AGENT=teacher""]","Prime sentence: a hero is protected by a guy .
Event roles: PATIENT=uncle; VERB=protect; AGENT=teacher
Sentence: the",Sentence: the,first_noun,-4.102627754211426,-5.969045639038086,-1.8664178848266602,active,0.0
661,role_labeled,no_prime_eos,no_prime_eos,,a teacher protects an uncle .,an uncle is protected by a teacher .,a,teacher,an,uncle,protect,protects,protected,"[""PATIENT=uncle"", ""VERB=protect"", ""AGENT=teacher""]","Event roles: PATIENT=uncle; VERB=protect; AGENT=teacher
Sentence: the",Sentence: the,first_noun,-3.3018131256103516,-7.161076545715332,-3.8592634201049805,active,0.0
661,role_labeled,filler,filler,The painter waited near the doorway .,a teacher protects an uncle .,an uncle is protected by a teacher .,a,teacher,an,uncle,protect,protects,protected,"[""PATIENT=uncle"", ""VERB=protect"", ""AGENT=teacher""]","Prime sentence: The painter waited near the doorway .
Event roles: PATIENT=uncle; VERB=protect; AGENT=teacher
Sentence: the",Sentence: the,first_noun,-3.3763022422790527,-4.500038146972656,-1.1237359046936035,active,0.0
662,role_labeled,active,active,a nurse raises an opponent .,a bishop raises a boy .,a boy is raised by a bishop .,a,bishop,a,boy,rais,raises,raised,"[""PATIENT=boy"", ""AGENT=bishop"", ""VERB=rais""]","Prime sentence: a nurse raises an opponent .
Event roles: PATIENT=boy; AGENT=bishop; VERB=rais
Sentence: the",Sentence: the,first_noun,-3.107806444168091,-3.1830356121063232,-0.07522916793823242,active,0.0
662,role_labeled,passive,passive,an opponent is raised by a nurse .,a bishop raises a boy .,a boy is raised by a bishop .,a,bishop,a,boy,rais,raises,raised,"[""PATIENT=boy"", ""AGENT=bishop"", ""VERB=rais""]","Prime sentence: an opponent is raised by a nurse .
Event roles: PATIENT=boy; AGENT=bishop; VERB=rais
Sentence: the",Sentence: the,first_noun,-3.1463911533355713,-3.31575870513916,-0.16936755180358887,active,0.0
662,role_labeled,no_prime_eos,no_prime_eos,,a bishop raises a boy .,a boy is raised by a bishop .,a,bishop,a,boy,rais,raises,raised,"[""PATIENT=boy"", ""AGENT=bishop"", ""VERB=rais""]","Event roles: PATIENT=boy; AGENT=bishop; VERB=rais
Sentence: the",Sentence: the,first_noun,-4.000944137573242,-3.406773805618286,0.594170331954956,passive,1.0
662,role_labeled,filler,filler,The signal flickered across the screen .,a bishop raises a boy .,a boy is raised by a bishop .,a,bishop,a,boy,rais,raises,raised,"[""PATIENT=boy"", ""AGENT=bishop"", ""VERB=rais""]","Prime sentence: The signal flickered across the screen .
Event roles: PATIENT=boy; AGENT=bishop; VERB=rais
Sentence: the",Sentence: the,first_noun,-3.899198532104492,-3.0849170684814453,0.8142814636230469,passive,1.0
663,role_labeled,active,active,a candidate embraces a captain .,a partner embraces a physician .,a physician is embraced by a partner .,a,partner,a,physician,embrac,embraces,embraced,"[""VERB=embrac"", ""PATIENT=physician"", ""AGENT=partner""]","Prime sentence: a candidate embraces a captain .
Event roles: VERB=embrac; PATIENT=physician; AGENT=partner
Sentence: the",Sentence: the,first_noun,-7.202230453491211,-5.941821098327637,1.2604093551635742,passive,1.0
663,role_labeled,passive,passive,a captain is embraced by a candidate .,a partner embraces a physician .,a physician is embraced by a partner .,a,partner,a,physician,embrac,embraces,embraced,"[""VERB=embrac"", ""PATIENT=physician"", ""AGENT=partner""]","Prime sentence: a captain is embraced by a candidate .
Event roles: VERB=embrac; PATIENT=physician; AGENT=partner
Sentence: the",Sentence: the,first_noun,-7.379472732543945,-6.220111846923828,1.1593608856201172,passive,1.0
663,role_labeled,no_prime_eos,no_prime_eos,,a partner embraces a physician .,a physician is embraced by a partner .,a,partner,a,physician,embrac,embraces,embraced,"[""VERB=embrac"", ""PATIENT=physician"", ""AGENT=partner""]","Event roles: VERB=embrac; PATIENT=physician; AGENT=partner
Sentence: the",Sentence: the,first_noun,-7.156203269958496,-4.232698440551758,2.9235048294067383,passive,1.0
663,role_labeled,filler,filler,The pillow rested on the sofa .,a partner embraces a physician .,a physician is embraced by a partner .,a,partner,a,physician,embrac,embraces,embraced,"[""VERB=embrac"", ""PATIENT=physician"", ""AGENT=partner""]","Prime sentence: The pillow rested on the sofa .
Event roles: VERB=embrac; PATIENT=physician; AGENT=partner
Sentence: the",Sentence: the,first_noun,-7.344682693481445,-6.67587423324585,0.6688084602355957,passive,1.0
664,role_labeled,active,active,an aunt teaches an author .,a mayor teaches a minister .,a minister is taught by a mayor .,a,mayor,a,minister,teach,teaches,taught,"[""VERB=teach"", ""PATIENT=minister"", ""AGENT=mayor""]","Prime sentence: an aunt teaches an author .
Event roles: VERB=teach; PATIENT=minister; AGENT=mayor
Sentence: the",Sentence: the,first_noun,-3.571776866912842,-5.017113208770752,-1.4453363418579102,active,0.0
664,role_labeled,passive,passive,an author is taught by an aunt .,a mayor teaches a minister .,a minister is taught by a mayor .,a,mayor,a,minister,teach,teaches,taught,"[""VERB=teach"", ""PATIENT=minister"", ""AGENT=mayor""]","Prime sentence: an author is taught by an aunt .
Event roles: VERB=teach; PATIENT=minister; AGENT=mayor
Sentence: the",Sentence: the,first_noun,-3.8431835174560547,-5.3002214431762695,-1.4570379257202148,active,0.0
664,role_labeled,no_prime_eos,no_prime_eos,,a mayor teaches a minister .,a minister is taught by a mayor .,a,mayor,a,minister,teach,teaches,taught,"[""VERB=teach"", ""PATIENT=minister"", ""AGENT=mayor""]","Event roles: VERB=teach; PATIENT=minister; AGENT=mayor
Sentence: the",Sentence: the,first_noun,-3.5433030128479004,-4.793946266174316,-1.250643253326416,active,0.0
664,role_labeled,filler,filler,The notebook stayed on the shelf .,a mayor teaches a minister .,a minister is taught by a mayor .,a,mayor,a,minister,teach,teaches,taught,"[""VERB=teach"", ""PATIENT=minister"", ""AGENT=mayor""]","Prime sentence: The notebook stayed on the shelf .
Event roles: VERB=teach; PATIENT=minister; AGENT=mayor
Sentence: the",Sentence: the,first_noun,-4.590940475463867,-5.70717716217041,-1.116236686706543,active,0.0
665,role_labeled,active,active,a sheriff chases a singer .,an employee chases an employer .,an employer is chased by an employee .,an,employee,an,employer,chas,chases,chased,"[""VERB=chas"", ""AGENT=employee"", ""PATIENT=employer""]","Prime sentence: a sheriff chases a singer .
Event roles: VERB=chas; AGENT=employee; PATIENT=employer
Sentence: the",Sentence: the,first_noun,-5.880548477172852,-6.433048248291016,-0.5524997711181641,active,0.0
665,role_labeled,passive,passive,a singer is chased by a sheriff .,an employee chases an employer .,an employer is chased by an employee .,an,employee,an,employer,chas,chases,chased,"[""VERB=chas"", ""AGENT=employee"", ""PATIENT=employer""]","Prime sentence: a singer is chased by a sheriff .
Event roles: VERB=chas; AGENT=employee; PATIENT=employer
Sentence: the",Sentence: the,first_noun,-5.77691650390625,-6.440450668334961,-0.6635341644287109,active,0.0
665,role_labeled,no_prime_eos,no_prime_eos,,an employee chases an employer .,an employer is chased by an employee .,an,employee,an,employer,chas,chases,chased,"[""VERB=chas"", ""AGENT=employee"", ""PATIENT=employer""]","Event roles: VERB=chas; AGENT=employee; PATIENT=employer
Sentence: the",Sentence: the,first_noun,-3.9026341438293457,-5.251288414001465,-1.3486542701721191,active,0.0
665,role_labeled,filler,filler,The teacher listened during assembly .,an employee chases an employer .,an employer is chased by an employee .,an,employee,an,employer,chas,chases,chased,"[""VERB=chas"", ""AGENT=employee"", ""PATIENT=employer""]","Prime sentence: The teacher listened during assembly .
Event roles: VERB=chas; AGENT=employee; PATIENT=employer
Sentence: the",Sentence: the,first_noun,-3.4183430671691895,-5.068741321563721,-1.6503982543945312,active,0.0
666,role_labeled,active,active,a manager teaches a mayor .,an adult teaches an attorney .,an attorney is taught by an adult .,an,adult,an,attorney,teach,teaches,taught,"[""PATIENT=attorney"", ""AGENT=adult"", ""VERB=teach""]","Prime sentence: a manager teaches a mayor .
Event roles: PATIENT=attorney; AGENT=adult; VERB=teach
Sentence: the",Sentence: the,first_noun,-6.055111885070801,-5.452376365661621,0.6027355194091797,passive,1.0
666,role_labeled,passive,passive,a mayor is taught by a manager .,an adult teaches an attorney .,an attorney is taught by an adult .,an,adult,an,attorney,teach,teaches,taught,"[""PATIENT=attorney"", ""AGENT=adult"", ""VERB=teach""]","Prime sentence: a mayor is taught by a manager .
Event roles: PATIENT=attorney; AGENT=adult; VERB=teach
Sentence: the",Sentence: the,first_noun,-6.478641510009766,-5.704279899597168,0.7743616104125977,passive,1.0
666,role_labeled,no_prime_eos,no_prime_eos,,an adult teaches an attorney .,an attorney is taught by an adult .,an,adult,an,attorney,teach,teaches,taught,"[""PATIENT=attorney"", ""AGENT=adult"", ""VERB=teach""]","Event roles: PATIENT=attorney; AGENT=adult; VERB=teach
Sentence: the",Sentence: the,first_noun,-5.513580799102783,-5.868007659912109,-0.35442686080932617,active,0.0
666,role_labeled,filler,filler,The garden brightened after rain .,an adult teaches an attorney .,an attorney is taught by an adult .,an,adult,an,attorney,teach,teaches,taught,"[""PATIENT=attorney"", ""AGENT=adult"", ""VERB=teach""]","Prime sentence: The garden brightened after rain .
Event roles: PATIENT=attorney; AGENT=adult; VERB=teach
Sentence: the",Sentence: the,first_noun,-8.157173156738281,-8.233336448669434,-0.07616329193115234,active,0.0
667,role_labeled,active,active,a soldier forgives a son .,a father forgives a friend .,a friend is forgiven by a father .,a,father,a,friend,forgiv,forgives,forgiven,"[""VERB=forgiv"", ""AGENT=father"", ""PATIENT=friend""]","Prime sentence: a soldier forgives a son .
Event roles: VERB=forgiv; AGENT=father; PATIENT=friend
Sentence: the",Sentence: the,first_noun,-3.033646583557129,-5.590605735778809,-2.5569591522216797,active,0.0
667,role_labeled,passive,passive,a son is forgiven by a soldier .,a father forgives a friend .,a friend is forgiven by a father .,a,father,a,friend,forgiv,forgives,forgiven,"[""VERB=forgiv"", ""AGENT=father"", ""PATIENT=friend""]","Prime sentence: a son is forgiven by a soldier .
Event roles: VERB=forgiv; AGENT=father; PATIENT=friend
Sentence: the",Sentence: the,first_noun,-3.022388219833374,-5.860547065734863,-2.8381588459014893,active,0.0
667,role_labeled,no_prime_eos,no_prime_eos,,a father forgives a friend .,a friend is forgiven by a father .,a,father,a,friend,forgiv,forgives,forgiven,"[""VERB=forgiv"", ""AGENT=father"", ""PATIENT=friend""]","Event roles: VERB=forgiv; AGENT=father; PATIENT=friend
Sentence: the",Sentence: the,first_noun,-4.073955535888672,-6.424251556396484,-2.3502960205078125,active,0.0
667,role_labeled,filler,filler,The notebook stayed on the shelf .,a father forgives a friend .,a friend is forgiven by a father .,a,father,a,friend,forgiv,forgives,forgiven,"[""VERB=forgiv"", ""AGENT=father"", ""PATIENT=friend""]","Prime sentence: The notebook stayed on the shelf .
Event roles: VERB=forgiv; AGENT=father; PATIENT=friend
Sentence: the",Sentence: the,first_noun,-4.975715637207031,-5.709281921386719,-0.7335662841796875,active,0.0
668,role_labeled,active,active,a woman joins a worker .,a kid joins a king .,a king is joined by a kid .,a,kid,a,king,join,joins,joined,"[""AGENT=kid"", ""PATIENT=king"", ""VERB=join""]","Prime sentence: a woman joins a worker .
Event roles: AGENT=kid; PATIENT=king; VERB=join
Sentence: the",Sentence: the,first_noun,-5.199342727661133,-2.7918875217437744,2.4074552059173584,passive,1.0
668,role_labeled,passive,passive,a worker is joined by a woman .,a kid joins a king .,a king is joined by a kid .,a,kid,a,king,join,joins,joined,"[""AGENT=kid"", ""PATIENT=king"", ""VERB=join""]","Prime sentence: a worker is joined by a woman .
Event roles: AGENT=kid; PATIENT=king; VERB=join
Sentence: the",Sentence: the,first_noun,-4.878503322601318,-2.6173276901245117,2.2611756324768066,passive,1.0
668,role_labeled,no_prime_eos,no_prime_eos,,a kid joins a king .,a king is joined by a kid .,a,kid,a,king,join,joins,joined,"[""AGENT=kid"", ""PATIENT=king"", ""VERB=join""]","Event roles: AGENT=kid; PATIENT=king; VERB=join
Sentence: the",Sentence: the,first_noun,-5.52711296081543,-3.2052876949310303,2.3218252658843994,passive,1.0
668,role_labeled,filler,filler,The jacket hung behind the chair .,a kid joins a king .,a king is joined by a kid .,a,kid,a,king,join,joins,joined,"[""AGENT=kid"", ""PATIENT=king"", ""VERB=join""]","Prime sentence: The jacket hung behind the chair .
Event roles: AGENT=kid; PATIENT=king; VERB=join
Sentence: the",Sentence: the,first_noun,-4.940764427185059,-3.9490180015563965,0.9917464256286621,passive,1.0
669,role_labeled,active,active,a prince forgets a princess .,a child forgets a colonel .,a colonel is forgotten by a child .,a,child,a,colonel,forget,forgets,forgotten,"[""PATIENT=colonel"", ""AGENT=child"", ""VERB=forget""]","Prime sentence: a prince forgets a princess .
Event roles: PATIENT=colonel; AGENT=child; VERB=forget
Sentence: the",Sentence: the,first_noun,-4.405457496643066,-5.48095703125,-1.0754995346069336,active,0.0
669,role_labeled,passive,passive,a princess is forgotten by a prince .,a child forgets a colonel .,a colonel is forgotten by a child .,a,child,a,colonel,forget,forgets,forgotten,"[""PATIENT=colonel"", ""AGENT=child"", ""VERB=forget""]","Prime sentence: a princess is forgotten by a prince .
Event roles: PATIENT=colonel; AGENT=child; VERB=forget
Sentence: the",Sentence: the,first_noun,-4.398261547088623,-5.840602874755859,-1.4423413276672363,active,0.0
669,role_labeled,no_prime_eos,no_prime_eos,,a child forgets a colonel .,a colonel is forgotten by a child .,a,child,a,colonel,forget,forgets,forgotten,"[""PATIENT=colonel"", ""AGENT=child"", ""VERB=forget""]","Event roles: PATIENT=colonel; AGENT=child; VERB=forget
Sentence: the",Sentence: the,first_noun,-3.7465789318084717,-5.151026725769043,-1.4044477939605713,active,0.0
669,role_labeled,filler,filler,The baker laughed during breakfast .,a child forgets a colonel .,a colonel is forgotten by a child .,a,child,a,colonel,forget,forgets,forgotten,"[""PATIENT=colonel"", ""AGENT=child"", ""VERB=forget""]","Prime sentence: The baker laughed during breakfast .
Event roles: PATIENT=colonel; AGENT=child; VERB=forget
Sentence: the",Sentence: the,first_noun,-4.4360127449035645,-5.062126636505127,-0.6261138916015625,active,0.0
670,role_labeled,active,active,a scientist forgives a secretary .,a daughter forgives a doctor .,a doctor is forgiven by a daughter .,a,daughter,a,doctor,forgiv,forgives,forgiven,"[""VERB=forgiv"", ""PATIENT=doctor"", ""AGENT=daughter""]","Prime sentence: a scientist forgives a secretary .
Event roles: VERB=forgiv; PATIENT=doctor; AGENT=daughter
Sentence: the",Sentence: the,first_noun,-5.441734313964844,-3.03755521774292,2.404179096221924,passive,1.0
670,role_labeled,passive,passive,a secretary is forgiven by a scientist .,a daughter forgives a doctor .,a doctor is forgiven by a daughter .,a,daughter,a,doctor,forgiv,forgives,forgiven,"[""VERB=forgiv"", ""PATIENT=doctor"", ""AGENT=daughter""]","Prime sentence: a secretary is forgiven by a scientist .
Event roles: VERB=forgiv; PATIENT=doctor; AGENT=daughter
Sentence: the",Sentence: the,first_noun,-5.735306262969971,-3.2337889671325684,2.5015172958374023,passive,1.0
670,role_labeled,no_prime_eos,no_prime_eos,,a daughter forgives a doctor .,a doctor is forgiven by a daughter .,a,daughter,a,doctor,forgiv,forgives,forgiven,"[""VERB=forgiv"", ""PATIENT=doctor"", ""AGENT=daughter""]","Event roles: VERB=forgiv; PATIENT=doctor; AGENT=daughter
Sentence: the",Sentence: the,first_noun,-5.031038761138916,-3.9105629920959473,1.1204757690429688,passive,1.0
670,role_labeled,filler,filler,The kettle whistled in the kitchen .,a daughter forgives a doctor .,a doctor is forgiven by a daughter .,a,daughter,a,doctor,forgiv,forgives,forgiven,"[""VERB=forgiv"", ""PATIENT=doctor"", ""AGENT=daughter""]","Prime sentence: The kettle whistled in the kitchen .
Event roles: VERB=forgiv; PATIENT=doctor; AGENT=daughter
Sentence: the",Sentence: the,first_noun,-6.8592424392700195,-4.447314262390137,2.411928176879883,passive,1.0
671,role_labeled,active,active,a guest punches a guy .,a student punches a teacher .,a teacher is punched by a student .,a,student,a,teacher,punch,punches,punched,"[""PATIENT=teacher"", ""VERB=punch"", ""AGENT=student""]","Prime sentence: a guest punches a guy .
Event roles: PATIENT=teacher; VERB=punch; AGENT=student
Sentence: the",Sentence: the,first_noun,-2.4727542400360107,-2.016284704208374,0.4564695358276367,passive,1.0
671,role_labeled,passive,passive,a guy is punched by a guest .,a student punches a teacher .,a teacher is punched by a student .,a,student,a,teacher,punch,punches,punched,"[""PATIENT=teacher"", ""VERB=punch"", ""AGENT=student""]","Prime sentence: a guy is punched by a guest .
Event roles: PATIENT=teacher; VERB=punch; AGENT=student
Sentence: the",Sentence: the,first_noun,-2.6707043647766113,-1.7800050973892212,0.8906992673873901,passive,1.0
671,role_labeled,no_prime_eos,no_prime_eos,,a student punches a teacher .,a teacher is punched by a student .,a,student,a,teacher,punch,punches,punched,"[""PATIENT=teacher"", ""VERB=punch"", ""AGENT=student""]","Event roles: PATIENT=teacher; VERB=punch; AGENT=student
Sentence: the",Sentence: the,first_noun,-2.922071695327759,-2.2964723110198975,0.6255993843078613,passive,1.0
671,role_labeled,filler,filler,The pillow rested on the sofa .,a student punches a teacher .,a teacher is punched by a student .,a,student,a,teacher,punch,punches,punched,"[""PATIENT=teacher"", ""VERB=punch"", ""AGENT=student""]","Prime sentence: The pillow rested on the sofa .
Event roles: PATIENT=teacher; VERB=punch; AGENT=student
Sentence: the",Sentence: the,first_noun,-3.9954423904418945,-2.969456195831299,1.0259861946105957,passive,1.0
672,role_labeled,active,active,a daughter joins a doctor .,a reader joins a scientist .,a scientist is joined by a reader .,a,reader,a,scientist,join,joins,joined,"[""AGENT=reader"", ""PATIENT=scientist"", ""VERB=join""]","Prime sentence: a daughter joins a doctor .
Event roles: AGENT=reader; PATIENT=scientist; VERB=join
Sentence: the",Sentence: the,first_noun,-5.642429351806641,-3.8888347148895264,1.7535946369171143,passive,1.0
672,role_labeled,passive,passive,a doctor is joined by a daughter .,a reader joins a scientist .,a scientist is joined by a reader .,a,reader,a,scientist,join,joins,joined,"[""AGENT=reader"", ""PATIENT=scientist"", ""VERB=join""]","Prime sentence: a doctor is joined by a daughter .
Event roles: AGENT=reader; PATIENT=scientist; VERB=join
Sentence: the",Sentence: the,first_noun,-4.915410995483398,-3.5262463092803955,1.389164686203003,passive,1.0
672,role_labeled,no_prime_eos,no_prime_eos,,a reader joins a scientist .,a scientist is joined by a reader .,a,reader,a,scientist,join,joins,joined,"[""AGENT=reader"", ""PATIENT=scientist"", ""VERB=join""]","Event roles: AGENT=reader; PATIENT=scientist; VERB=join
Sentence: the",Sentence: the,first_noun,-4.238174915313721,-4.606955528259277,-0.36878061294555664,active,0.0
672,role_labeled,filler,filler,The pillow rested on the sofa .,a reader joins a scientist .,a scientist is joined by a reader .,a,reader,a,scientist,join,joins,joined,"[""AGENT=reader"", ""PATIENT=scientist"", ""VERB=join""]","Prime sentence: The pillow rested on the sofa .
Event roles: AGENT=reader; PATIENT=scientist; VERB=join
Sentence: the",Sentence: the,first_noun,-7.343548774719238,-5.818791389465332,1.5247573852539062,passive,1.0
673,role_labeled,active,active,a parent forgives a partner .,a brother forgives a buddy .,a buddy is forgiven by a brother .,a,brother,a,buddy,forgiv,forgives,forgiven,"[""VERB=forgiv"", ""PATIENT=buddy"", ""AGENT=brother""]","Prime sentence: a parent forgives a partner .
Event roles: VERB=forgiv; PATIENT=buddy; AGENT=brother
Sentence: the",Sentence: the,first_noun,-5.82642936706543,-9.347362518310547,-3.520933151245117,active,0.0
673,role_labeled,passive,passive,a partner is forgiven by a parent .,a brother forgives a buddy .,a buddy is forgiven by a brother .,a,brother,a,buddy,forgiv,forgives,forgiven,"[""VERB=forgiv"", ""PATIENT=buddy"", ""AGENT=brother""]","Prime sentence: a partner is forgiven by a parent .
Event roles: VERB=forgiv; PATIENT=buddy; AGENT=brother
Sentence: the",Sentence: the,first_noun,-5.221652030944824,-8.40965461730957,-3.188002586364746,active,0.0
673,role_labeled,no_prime_eos,no_prime_eos,,a brother forgives a buddy .,a buddy is forgiven by a brother .,a,brother,a,buddy,forgiv,forgives,forgiven,"[""VERB=forgiv"", ""PATIENT=buddy"", ""AGENT=brother""]","Event roles: VERB=forgiv; PATIENT=buddy; AGENT=brother
Sentence: the",Sentence: the,first_noun,-5.873766899108887,-9.133255958557129,-3.259489059448242,active,0.0
673,role_labeled,filler,filler,The violin echoed in the theater .,a brother forgives a buddy .,a buddy is forgiven by a brother .,a,brother,a,buddy,forgiv,forgives,forgiven,"[""VERB=forgiv"", ""PATIENT=buddy"", ""AGENT=brother""]","Prime sentence: The violin echoed in the theater .
Event roles: VERB=forgiv; PATIENT=buddy; AGENT=brother
Sentence: the",Sentence: the,first_noun,-8.085736274719238,-10.735427856445312,-2.649691581726074,active,0.0
674,role_labeled,active,active,a writer surprises an actor .,a lady surprises a lawyer .,a lawyer is surprised by a lady .,a,lady,a,lawyer,surpris,surprises,surprised,"[""AGENT=lady"", ""VERB=surpris"", ""PATIENT=lawyer""]","Prime sentence: a writer surprises an actor .
Event roles: AGENT=lady; VERB=surpris; PATIENT=lawyer
Sentence: the",Sentence: the,first_noun,-5.5910234451293945,-5.428648948669434,0.16237449645996094,passive,1.0
674,role_labeled,passive,passive,an actor is surprised by a writer .,a lady surprises a lawyer .,a lawyer is surprised by a lady .,a,lady,a,lawyer,surpris,surprises,surprised,"[""AGENT=lady"", ""VERB=surpris"", ""PATIENT=lawyer""]","Prime sentence: an actor is surprised by a writer .
Event roles: AGENT=lady; VERB=surpris; PATIENT=lawyer
Sentence: the",Sentence: the,first_noun,-5.492951393127441,-4.877591609954834,0.6153597831726074,passive,1.0
674,role_labeled,no_prime_eos,no_prime_eos,,a lady surprises a lawyer .,a lawyer is surprised by a lady .,a,lady,a,lawyer,surpris,surprises,surprised,"[""AGENT=lady"", ""VERB=surpris"", ""PATIENT=lawyer""]","Event roles: AGENT=lady; VERB=surpris; PATIENT=lawyer
Sentence: the",Sentence: the,first_noun,-4.519300937652588,-5.692744255065918,-1.17344331741333,active,0.0
674,role_labeled,filler,filler,The window rattled during the storm .,a lady surprises a lawyer .,a lawyer is surprised by a lady .,a,lady,a,lawyer,surpris,surprises,surprised,"[""AGENT=lady"", ""VERB=surpris"", ""PATIENT=lawyer""]","Prime sentence: The window rattled during the storm .
Event roles: AGENT=lady; VERB=surpris; PATIENT=lawyer
Sentence: the",Sentence: the,first_noun,-5.644842147827148,-6.354007244110107,-0.709165096282959,active,0.0
675,role_labeled,active,active,a king comforts a lady .,a woman comforts a worker .,a worker is comforted by a woman .,a,woman,a,worker,comfort,comforts,comforted,"[""AGENT=woman"", ""VERB=comfort"", ""PATIENT=worker""]","Prime sentence: a king comforts a lady .
Event roles: AGENT=woman; VERB=comfort; PATIENT=worker
Sentence: the",Sentence: the,first_noun,-3.46445369720459,-6.392746925354004,-2.928293228149414,active,0.0
675,role_labeled,passive,passive,a lady is comforted by a king .,a woman comforts a worker .,a worker is comforted by a woman .,a,woman,a,worker,comfort,comforts,comforted,"[""AGENT=woman"", ""VERB=comfort"", ""PATIENT=worker""]","Prime sentence: a lady is comforted by a king .
Event roles: AGENT=woman; VERB=comfort; PATIENT=worker
Sentence: the",Sentence: the,first_noun,-3.5152652263641357,-6.25050163269043,-2.735236406326294,active,0.0
675,role_labeled,no_prime_eos,no_prime_eos,,a woman comforts a worker .,a worker is comforted by a woman .,a,woman,a,worker,comfort,comforts,comforted,"[""AGENT=woman"", ""VERB=comfort"", ""PATIENT=worker""]","Event roles: AGENT=woman; VERB=comfort; PATIENT=worker
Sentence: the",Sentence: the,first_noun,-2.401128053665161,-5.101601600646973,-2.7004735469818115,active,0.0
675,role_labeled,filler,filler,The window rattled during the storm .,a woman comforts a worker .,a worker is comforted by a woman .,a,woman,a,worker,comfort,comforts,comforted,"[""AGENT=woman"", ""VERB=comfort"", ""PATIENT=worker""]","Prime sentence: The window rattled during the storm .
Event roles: AGENT=woman; VERB=comfort; PATIENT=worker
Sentence: the",Sentence: the,first_noun,-3.984450101852417,-6.634932041168213,-2.650481939315796,active,0.0
676,role_labeled,active,active,a son asks a student .,a friend asks a girl .,a girl is asked by a friend .,a,friend,a,girl,ask,asks,asked,"[""PATIENT=girl"", ""AGENT=friend"", ""VERB=ask""]","Prime sentence: a son asks a student .
Event roles: PATIENT=girl; AGENT=friend; VERB=ask
Sentence: the",Sentence: the,first_noun,-4.699367523193359,-2.8425486087799072,1.8568189144134521,passive,1.0
676,role_labeled,passive,passive,a student is asked by a son .,a friend asks a girl .,a girl is asked by a friend .,a,friend,a,girl,ask,asks,asked,"[""PATIENT=girl"", ""AGENT=friend"", ""VERB=ask""]","Prime sentence: a student is asked by a son .
Event roles: PATIENT=girl; AGENT=friend; VERB=ask
Sentence: the",Sentence: the,first_noun,-4.500333786010742,-2.721222400665283,1.779111385345459,passive,1.0
676,role_labeled,no_prime_eos,no_prime_eos,,a friend asks a girl .,a girl is asked by a friend .,a,friend,a,girl,ask,asks,asked,"[""PATIENT=girl"", ""AGENT=friend"", ""VERB=ask""]","Event roles: PATIENT=girl; AGENT=friend; VERB=ask
Sentence: the",Sentence: the,first_noun,-4.840033054351807,-2.283987045288086,2.5560460090637207,passive,1.0
676,role_labeled,filler,filler,The kettle whistled in the kitchen .,a friend asks a girl .,a girl is asked by a friend .,a,friend,a,girl,ask,asks,asked,"[""PATIENT=girl"", ""AGENT=friend"", ""VERB=ask""]","Prime sentence: The kettle whistled in the kitchen .
Event roles: PATIENT=girl; AGENT=friend; VERB=ask
Sentence: the",Sentence: the,first_noun,-6.6480255126953125,-4.068471431732178,2.5795540809631348,passive,1.0
677,role_labeled,active,active,a hero understands a husband .,an uncle understands a wife .,a wife is understood by an uncle .,an,uncle,a,wife,understand,understands,understood,"[""AGENT=uncle"", ""PATIENT=wife"", ""VERB=understand""]","Prime sentence: a hero understands a husband .
Event roles: AGENT=uncle; PATIENT=wife; VERB=understand
Sentence: the",Sentence: the,first_noun,-6.650190353393555,-4.243320465087891,2.406869888305664,passive,1.0
677,role_labeled,passive,passive,a husband is understood by a hero .,an uncle understands a wife .,a wife is understood by an uncle .,an,uncle,a,wife,understand,understands,understood,"[""AGENT=uncle"", ""PATIENT=wife"", ""VERB=understand""]","Prime sentence: a husband is understood by a hero .
Event roles: AGENT=uncle; PATIENT=wife; VERB=understand
Sentence: the",Sentence: the,first_noun,-6.674919128417969,-4.069478988647461,2.605440139770508,passive,1.0
677,role_labeled,no_prime_eos,no_prime_eos,,an uncle understands a wife .,a wife is understood by an uncle .,an,uncle,a,wife,understand,understands,understood,"[""AGENT=uncle"", ""PATIENT=wife"", ""VERB=understand""]","Event roles: AGENT=uncle; PATIENT=wife; VERB=understand
Sentence: the",Sentence: the,first_noun,-6.861339569091797,-4.391358375549316,2.4699811935424805,passive,1.0
677,role_labeled,filler,filler,The sculpture stood in the hallway .,an uncle understands a wife .,a wife is understood by an uncle .,an,uncle,a,wife,understand,understands,understood,"[""AGENT=uncle"", ""PATIENT=wife"", ""VERB=understand""]","Prime sentence: The sculpture stood in the hallway .
Event roles: AGENT=uncle; PATIENT=wife; VERB=understand
Sentence: the",Sentence: the,first_noun,-7.200390815734863,-4.759190082550049,2.4412007331848145,passive,1.0
678,role_labeled,active,active,a president punches a priest .,a champion punches a chief .,a chief is punched by a champion .,a,champion,a,chief,punch,punches,punched,"[""PATIENT=chief"", ""AGENT=champion"", ""VERB=punch""]","Prime sentence: a president punches a priest .
Event roles: PATIENT=chief; AGENT=champion; VERB=punch
Sentence: the",Sentence: the,first_noun,-8.368603706359863,-4.791762828826904,3.576840877532959,passive,1.0
678,role_labeled,passive,passive,a priest is punched by a president .,a champion punches a chief .,a chief is punched by a champion .,a,champion,a,chief,punch,punches,punched,"[""PATIENT=chief"", ""AGENT=champion"", ""VERB=punch""]","Prime sentence: a priest is punched by a president .
Event roles: PATIENT=chief; AGENT=champion; VERB=punch
Sentence: the",Sentence: the,first_noun,-7.207582473754883,-4.7565460205078125,2.4510364532470703,passive,1.0
678,role_labeled,no_prime_eos,no_prime_eos,,a champion punches a chief .,a chief is punched by a champion .,a,champion,a,chief,punch,punches,punched,"[""PATIENT=chief"", ""AGENT=champion"", ""VERB=punch""]","Event roles: PATIENT=chief; AGENT=champion; VERB=punch
Sentence: the",Sentence: the,first_noun,-5.482231616973877,-4.713122367858887,0.7691092491149902,passive,1.0
678,role_labeled,filler,filler,The tourist wandered through the plaza .,a champion punches a chief .,a chief is punched by a champion .,a,champion,a,chief,punch,punches,punched,"[""PATIENT=chief"", ""AGENT=champion"", ""VERB=punch""]","Prime sentence: The tourist wandered through the plaza .
Event roles: PATIENT=chief; AGENT=champion; VERB=punch
Sentence: the",Sentence: the,first_noun,-6.488896369934082,-5.426113128662109,1.0627832412719727,passive,1.0
679,role_labeled,active,active,a man discovers a manager .,an actress discovers an adult .,an adult is discovered by an actress .,an,actress,an,adult,discover,discovers,discovered,"[""PATIENT=adult"", ""VERB=discover"", ""AGENT=actress""]","Prime sentence: a man discovers a manager .
Event roles: PATIENT=adult; VERB=discover; AGENT=actress
Sentence: the",Sentence: the,first_noun,-6.561348915100098,-6.470032215118408,0.09131669998168945,passive,1.0
679,role_labeled,passive,passive,a manager is discovered by a man .,an actress discovers an adult .,an adult is discovered by an actress .,an,actress,an,adult,discover,discovers,discovered,"[""PATIENT=adult"", ""VERB=discover"", ""AGENT=actress""]","Prime sentence: a manager is discovered by a man .
Event roles: PATIENT=adult; VERB=discover; AGENT=actress
Sentence: the",Sentence: the,first_noun,-6.5522942543029785,-6.152951717376709,0.39934253692626953,passive,1.0
679,role_labeled,no_prime_eos,no_prime_eos,,an actress discovers an adult .,an adult is discovered by an actress .,an,actress,an,adult,discover,discovers,discovered,"[""PATIENT=adult"", ""VERB=discover"", ""AGENT=actress""]","Event roles: PATIENT=adult; VERB=discover; AGENT=actress
Sentence: the",Sentence: the,first_noun,-6.598651885986328,-5.56529426574707,1.0333576202392578,passive,1.0
679,role_labeled,filler,filler,The violin echoed in the theater .,an actress discovers an adult .,an adult is discovered by an actress .,an,actress,an,adult,discover,discovers,discovered,"[""PATIENT=adult"", ""VERB=discover"", ""AGENT=actress""]","Prime sentence: The violin echoed in the theater .
Event roles: PATIENT=adult; VERB=discover; AGENT=actress
Sentence: the",Sentence: the,first_noun,-6.813703536987305,-7.289185523986816,-0.4754819869995117,active,0.0
680,role_labeled,active,active,a teacher kills an uncle .,a guest kills a guy .,a guy is killed by a guest .,a,guest,a,guy,kill,kills,killed,"[""PATIENT=guy"", ""AGENT=guest"", ""VERB=kill""]","Prime sentence: a teacher kills an uncle .
Event roles: PATIENT=guy; AGENT=guest; VERB=kill
Sentence: the",Sentence: the,first_noun,-5.652414321899414,-3.8854446411132812,1.7669696807861328,passive,1.0
680,role_labeled,passive,passive,an uncle is killed by a teacher .,a guest kills a guy .,a guy is killed by a guest .,a,guest,a,guy,kill,kills,killed,"[""PATIENT=guy"", ""AGENT=guest"", ""VERB=kill""]","Prime sentence: an uncle is killed by a teacher .
Event roles: PATIENT=guy; AGENT=guest; VERB=kill
Sentence: the",Sentence: the,first_noun,-5.486967086791992,-4.091335296630859,1.3956317901611328,passive,1.0
680,role_labeled,no_prime_eos,no_prime_eos,,a guest kills a guy .,a guy is killed by a guest .,a,guest,a,guy,kill,kills,killed,"[""PATIENT=guy"", ""AGENT=guest"", ""VERB=kill""]","Event roles: PATIENT=guy; AGENT=guest; VERB=kill
Sentence: the",Sentence: the,first_noun,-4.6558051109313965,-4.20481538772583,0.4509897232055664,passive,1.0
680,role_labeled,filler,filler,The blanket dried on the line .,a guest kills a guy .,a guy is killed by a guest .,a,guest,a,guy,kill,kills,killed,"[""PATIENT=guy"", ""AGENT=guest"", ""VERB=kill""]","Prime sentence: The blanket dried on the line .
Event roles: PATIENT=guy; AGENT=guest; VERB=kill
Sentence: the",Sentence: the,first_noun,-7.137332439422607,-4.680184364318848,2.4571480751037598,passive,1.0
681,role_labeled,active,active,a buddy teaches a candidate .,a parent teaches a partner .,a partner is taught by a parent .,a,parent,a,partner,teach,teaches,taught,"[""PATIENT=partner"", ""VERB=teach"", ""AGENT=parent""]","Prime sentence: a buddy teaches a candidate .
Event roles: PATIENT=partner; VERB=teach; AGENT=parent
Sentence: the",Sentence: the,first_noun,-5.051239967346191,-4.875779151916504,0.1754608154296875,passive,1.0
681,role_labeled,passive,passive,a candidate is taught by a buddy .,a parent teaches a partner .,a partner is taught by a parent .,a,parent,a,partner,teach,teaches,taught,"[""PATIENT=partner"", ""VERB=teach"", ""AGENT=parent""]","Prime sentence: a candidate is taught by a buddy .
Event roles: PATIENT=partner; VERB=teach; AGENT=parent
Sentence: the",Sentence: the,first_noun,-5.144415378570557,-5.234414100646973,-0.08999872207641602,active,0.0
681,role_labeled,no_prime_eos,no_prime_eos,,a parent teaches a partner .,a partner is taught by a parent .,a,parent,a,partner,teach,teaches,taught,"[""PATIENT=partner"", ""VERB=teach"", ""AGENT=parent""]","Event roles: PATIENT=partner; VERB=teach; AGENT=parent
Sentence: the",Sentence: the,first_noun,-4.8268890380859375,-6.061641216278076,-1.2347521781921387,active,0.0
681,role_labeled,filler,filler,The witness paused near the doorway .,a parent teaches a partner .,a partner is taught by a parent .,a,parent,a,partner,teach,teaches,taught,"[""PATIENT=partner"", ""VERB=teach"", ""AGENT=parent""]","Prime sentence: The witness paused near the doorway .
Event roles: PATIENT=partner; VERB=teach; AGENT=parent
Sentence: the",Sentence: the,first_noun,-5.689672470092773,-6.1106767654418945,-0.4210042953491211,active,0.0
682,role_labeled,active,active,a scientist raises a secretary .,a daughter raises a doctor .,a doctor is raised by a daughter .,a,daughter,a,doctor,rais,raises,raised,"[""VERB=rais"", ""AGENT=daughter"", ""PATIENT=doctor""]","Prime sentence: a scientist raises a secretary .
Event roles: VERB=rais; AGENT=daughter; PATIENT=doctor
Sentence: the",Sentence: the,first_noun,-5.224120616912842,-2.7582221031188965,2.4658985137939453,passive,1.0
682,role_labeled,passive,passive,a secretary is raised by a scientist .,a daughter raises a doctor .,a doctor is raised by a daughter .,a,daughter,a,doctor,rais,raises,raised,"[""VERB=rais"", ""AGENT=daughter"", ""PATIENT=doctor""]","Prime sentence: a secretary is raised by a scientist .
Event roles: VERB=rais; AGENT=daughter; PATIENT=doctor
Sentence: the",Sentence: the,first_noun,-5.572602272033691,-3.0414769649505615,2.53112530708313,passive,1.0
682,role_labeled,no_prime_eos,no_prime_eos,,a daughter raises a doctor .,a doctor is raised by a daughter .,a,daughter,a,doctor,rais,raises,raised,"[""VERB=rais"", ""AGENT=daughter"", ""PATIENT=doctor""]","Event roles: VERB=rais; AGENT=daughter; PATIENT=doctor
Sentence: the",Sentence: the,first_noun,-5.5302886962890625,-3.5620319843292236,1.9682567119598389,passive,1.0
682,role_labeled,filler,filler,The market opened after sunrise .,a daughter raises a doctor .,a doctor is raised by a daughter .,a,daughter,a,doctor,rais,raises,raised,"[""VERB=rais"", ""AGENT=daughter"", ""PATIENT=doctor""]","Prime sentence: The market opened after sunrise .
Event roles: VERB=rais; AGENT=daughter; PATIENT=doctor
Sentence: the",Sentence: the,first_noun,-6.569190979003906,-4.675128936767578,1.8940620422363281,passive,1.0
683,role_labeled,active,active,a cousin forgives a daughter .,a professor forgives a reader .,a reader is forgiven by a professor .,a,professor,a,reader,forgiv,forgives,forgiven,"[""VERB=forgiv"", ""AGENT=professor"", ""PATIENT=reader""]","Prime sentence: a cousin forgives a daughter .
Event roles: VERB=forgiv; AGENT=professor; PATIENT=reader
Sentence: the",Sentence: the,first_noun,-4.259284019470215,-6.9869232177734375,-2.7276391983032227,active,0.0
683,role_labeled,passive,passive,a daughter is forgiven by a cousin .,a professor forgives a reader .,a reader is forgiven by a professor .,a,professor,a,reader,forgiv,forgives,forgiven,"[""VERB=forgiv"", ""AGENT=professor"", ""PATIENT=reader""]","Prime sentence: a daughter is forgiven by a cousin .
Event roles: VERB=forgiv; AGENT=professor; PATIENT=reader
Sentence: the",Sentence: the,first_noun,-4.235505104064941,-6.710565090179443,-2.475059986114502,active,0.0
683,role_labeled,no_prime_eos,no_prime_eos,,a professor forgives a reader .,a reader is forgiven by a professor .,a,professor,a,reader,forgiv,forgives,forgiven,"[""VERB=forgiv"", ""AGENT=professor"", ""PATIENT=reader""]","Event roles: VERB=forgiv; AGENT=professor; PATIENT=reader
Sentence: the",Sentence: the,first_noun,-4.468078136444092,-5.237626075744629,-0.7695479393005371,active,0.0
683,role_labeled,filler,filler,The sculpture stood in the hallway .,a professor forgives a reader .,a reader is forgiven by a professor .,a,professor,a,reader,forgiv,forgives,forgiven,"[""VERB=forgiv"", ""AGENT=professor"", ""PATIENT=reader""]","Prime sentence: The sculpture stood in the hallway .
Event roles: VERB=forgiv; AGENT=professor; PATIENT=reader
Sentence: the",Sentence: the,first_noun,-3.89721941947937,-6.932501792907715,-3.0352823734283447,active,0.0
684,role_labeled,active,active,a guy forgets a hero .,a teacher forgets an uncle .,an uncle is forgotten by a teacher .,a,teacher,an,uncle,forget,forgets,forgotten,"[""AGENT=teacher"", ""VERB=forget"", ""PATIENT=uncle""]","Prime sentence: a guy forgets a hero .
Event roles: AGENT=teacher; VERB=forget; PATIENT=uncle
Sentence: the",Sentence: the,first_noun,-4.157114028930664,-6.91243839263916,-2.755324363708496,active,0.0
684,role_labeled,passive,passive,a hero is forgotten by a guy .,a teacher forgets an uncle .,an uncle is forgotten by a teacher .,a,teacher,an,uncle,forget,forgets,forgotten,"[""AGENT=teacher"", ""VERB=forget"", ""PATIENT=uncle""]","Prime sentence: a hero is forgotten by a guy .
Event roles: AGENT=teacher; VERB=forget; PATIENT=uncle
Sentence: the",Sentence: the,first_noun,-4.227139472961426,-7.080935478210449,-2.8537960052490234,active,0.0
684,role_labeled,no_prime_eos,no_prime_eos,,a teacher forgets an uncle .,an uncle is forgotten by a teacher .,a,teacher,an,uncle,forget,forgets,forgotten,"[""AGENT=teacher"", ""VERB=forget"", ""PATIENT=uncle""]","Event roles: AGENT=teacher; VERB=forget; PATIENT=uncle
Sentence: the",Sentence: the,first_noun,-2.8979299068450928,-7.550044059753418,-4.652114152908325,active,0.0
684,role_labeled,filler,filler,The jacket hung behind the chair .,a teacher forgets an uncle .,an uncle is forgotten by a teacher .,a,teacher,an,uncle,forget,forgets,forgotten,"[""AGENT=teacher"", ""VERB=forget"", ""PATIENT=uncle""]","Prime sentence: The jacket hung behind the chair .
Event roles: AGENT=teacher; VERB=forget; PATIENT=uncle
Sentence: the",Sentence: the,first_noun,-3.974280595779419,-7.2035675048828125,-3.2292869091033936,active,0.0
685,role_labeled,active,active,a minister beats a mother .,an aunt beats an author .,an author is beaten by an aunt .,an,aunt,an,author,beat,beats,beaten,"[""VERB=beat"", ""PATIENT=author"", ""AGENT=aunt""]","Prime sentence: a minister beats a mother .
Event roles: VERB=beat; PATIENT=author; AGENT=aunt
Sentence: the",Sentence: the,first_noun,-6.71772575378418,-6.693190574645996,0.024535179138183594,passive,1.0
685,role_labeled,passive,passive,a mother is beaten by a minister .,an aunt beats an author .,an author is beaten by an aunt .,an,aunt,an,author,beat,beats,beaten,"[""VERB=beat"", ""PATIENT=author"", ""AGENT=aunt""]","Prime sentence: a mother is beaten by a minister .
Event roles: VERB=beat; PATIENT=author; AGENT=aunt
Sentence: the",Sentence: the,first_noun,-6.569201469421387,-6.3845720291137695,0.1846294403076172,passive,1.0
685,role_labeled,no_prime_eos,no_prime_eos,,an aunt beats an author .,an author is beaten by an aunt .,an,aunt,an,author,beat,beats,beaten,"[""VERB=beat"", ""PATIENT=author"", ""AGENT=aunt""]","Event roles: VERB=beat; PATIENT=author; AGENT=aunt
Sentence: the",Sentence: the,first_noun,-8.35439682006836,-4.56017541885376,3.7942214012145996,passive,1.0
685,role_labeled,filler,filler,The captain waited beside the harbor .,an aunt beats an author .,an author is beaten by an aunt .,an,aunt,an,author,beat,beats,beaten,"[""VERB=beat"", ""PATIENT=author"", ""AGENT=aunt""]","Prime sentence: The captain waited beside the harbor .
Event roles: VERB=beat; PATIENT=author; AGENT=aunt
Sentence: the",Sentence: the,first_noun,-8.135279655456543,-8.083023071289062,0.05225658416748047,passive,1.0
686,role_labeled,active,active,a lady judges a lawyer .,a worker judges a writer .,a writer is judged by a worker .,a,worker,a,writer,judg,judges,judged,"[""AGENT=worker"", ""PATIENT=writer"", ""VERB=judg""]","Prime sentence: a lady judges a lawyer .
Event roles: AGENT=worker; PATIENT=writer; VERB=judg
Sentence: the",Sentence: the,first_noun,-6.122291088104248,-6.386152744293213,-0.26386165618896484,active,0.0
686,role_labeled,passive,passive,a lawyer is judged by a lady .,a worker judges a writer .,a writer is judged by a worker .,a,worker,a,writer,judg,judges,judged,"[""AGENT=worker"", ""PATIENT=writer"", ""VERB=judg""]","Prime sentence: a lawyer is judged by a lady .
Event roles: AGENT=worker; PATIENT=writer; VERB=judg
Sentence: the",Sentence: the,first_noun,-5.316896438598633,-5.862542629241943,-0.5456461906433105,active,0.0
686,role_labeled,no_prime_eos,no_prime_eos,,a worker judges a writer .,a writer is judged by a worker .,a,worker,a,writer,judg,judges,judged,"[""AGENT=worker"", ""PATIENT=writer"", ""VERB=judg""]","Event roles: AGENT=worker; PATIENT=writer; VERB=judg
Sentence: the",Sentence: the,first_noun,-4.318235874176025,-4.971495151519775,-0.65325927734375,active,0.0
686,role_labeled,filler,filler,The pillow rested on the sofa .,a worker judges a writer .,a writer is judged by a worker .,a,worker,a,writer,judg,judges,judged,"[""AGENT=worker"", ""PATIENT=writer"", ""VERB=judg""]","Prime sentence: The pillow rested on the sofa .
Event roles: AGENT=worker; PATIENT=writer; VERB=judg
Sentence: the",Sentence: the,first_noun,-6.796518325805664,-7.349348068237305,-0.5528297424316406,active,0.0
687,role_labeled,active,active,a boy bothers a brother .,a nurse bothers an opponent .,an opponent is bothered by a nurse .,a,nurse,an,opponent,bother,bothers,bothered,"[""AGENT=nurse"", ""PATIENT=opponent"", ""VERB=bother""]","Prime sentence: a boy bothers a brother .
Event roles: AGENT=nurse; PATIENT=opponent; VERB=bother
Sentence: the",Sentence: the,first_noun,-3.739849805831909,-7.2551164627075195,-3.5152666568756104,active,0.0
687,role_labeled,passive,passive,a brother is bothered by a boy .,a nurse bothers an opponent .,an opponent is bothered by a nurse .,a,nurse,an,opponent,bother,bothers,bothered,"[""AGENT=nurse"", ""PATIENT=opponent"", ""VERB=bother""]","Prime sentence: a brother is bothered by a boy .
Event roles: AGENT=nurse; PATIENT=opponent; VERB=bother
Sentence: the",Sentence: the,first_noun,-3.7613861560821533,-7.506683349609375,-3.7452971935272217,active,0.0
687,role_labeled,no_prime_eos,no_prime_eos,,a nurse bothers an opponent .,an opponent is bothered by a nurse .,a,nurse,an,opponent,bother,bothers,bothered,"[""AGENT=nurse"", ""PATIENT=opponent"", ""VERB=bother""]","Event roles: AGENT=nurse; PATIENT=opponent; VERB=bother
Sentence: the",Sentence: the,first_noun,-3.4789934158325195,-4.95242977142334,-1.4734363555908203,active,0.0
687,role_labeled,filler,filler,The painter waited near the doorway .,a nurse bothers an opponent .,an opponent is bothered by a nurse .,a,nurse,an,opponent,bother,bothers,bothered,"[""AGENT=nurse"", ""PATIENT=opponent"", ""VERB=bother""]","Prime sentence: The painter waited near the doorway .
Event roles: AGENT=nurse; PATIENT=opponent; VERB=bother
Sentence: the",Sentence: the,first_noun,-2.993117570877075,-6.320473670959473,-3.3273561000823975,active,0.0
688,role_labeled,active,active,an attorney protects an aunt .,a manager protects a mayor .,a mayor is protected by a manager .,a,manager,a,mayor,protect,protects,protected,"[""PATIENT=mayor"", ""VERB=protect"", ""AGENT=manager""]","Prime sentence: an attorney protects an aunt .
Event roles: PATIENT=mayor; VERB=protect; AGENT=manager
Sentence: the",Sentence: the,first_noun,-5.697709083557129,-2.596876382827759,3.10083270072937,passive,1.0
688,role_labeled,passive,passive,an aunt is protected by an attorney .,a manager protects a mayor .,a mayor is protected by a manager .,a,manager,a,mayor,protect,protects,protected,"[""PATIENT=mayor"", ""VERB=protect"", ""AGENT=manager""]","Prime sentence: an aunt is protected by an attorney .
Event roles: PATIENT=mayor; VERB=protect; AGENT=manager
Sentence: the",Sentence: the,first_noun,-5.4589996337890625,-2.5200226306915283,2.938977003097534,passive,1.0
688,role_labeled,no_prime_eos,no_prime_eos,,a manager protects a mayor .,a mayor is protected by a manager .,a,manager,a,mayor,protect,protects,protected,"[""PATIENT=mayor"", ""VERB=protect"", ""AGENT=manager""]","Event roles: PATIENT=mayor; VERB=protect; AGENT=manager
Sentence: the",Sentence: the,first_noun,-5.609066963195801,-3.257476568222046,2.351590394973755,passive,1.0
688,role_labeled,filler,filler,The baker laughed during breakfast .,a manager protects a mayor .,a mayor is protected by a manager .,a,manager,a,mayor,protect,protects,protected,"[""PATIENT=mayor"", ""VERB=protect"", ""AGENT=manager""]","Prime sentence: The baker laughed during breakfast .
Event roles: PATIENT=mayor; VERB=protect; AGENT=manager
Sentence: the",Sentence: the,first_noun,-4.491883277893066,-2.7305796146392822,1.7613036632537842,passive,1.0
689,role_labeled,active,active,a winner hurts a woman .,a husband hurts a kid .,a kid is hurt by a husband .,a,husband,a,kid,hurt,hurts,hurt,"[""PATIENT=kid"", ""AGENT=husband"", ""VERB=hurt""]","Prime sentence: a winner hurts a woman .
Event roles: PATIENT=kid; AGENT=husband; VERB=hurt
Sentence: the",Sentence: the,first_noun,-3.822704792022705,-5.229282855987549,-1.4065780639648438,active,0.0
689,role_labeled,passive,passive,a woman is hurt by a winner .,a husband hurts a kid .,a kid is hurt by a husband .,a,husband,a,kid,hurt,hurts,hurt,"[""PATIENT=kid"", ""AGENT=husband"", ""VERB=hurt""]","Prime sentence: a woman is hurt by a winner .
Event roles: PATIENT=kid; AGENT=husband; VERB=hurt
Sentence: the",Sentence: the,first_noun,-3.3398184776306152,-5.226458549499512,-1.8866400718688965,active,0.0
689,role_labeled,no_prime_eos,no_prime_eos,,a husband hurts a kid .,a kid is hurt by a husband .,a,husband,a,kid,hurt,hurts,hurt,"[""PATIENT=kid"", ""AGENT=husband"", ""VERB=hurt""]","Event roles: PATIENT=kid; AGENT=husband; VERB=hurt
Sentence: the",Sentence: the,first_noun,-3.720734119415283,-5.608855724334717,-1.8881216049194336,active,0.0
689,role_labeled,filler,filler,The planet shimmered above the valley .,a husband hurts a kid .,a kid is hurt by a husband .,a,husband,a,kid,hurt,hurts,hurt,"[""PATIENT=kid"", ""AGENT=husband"", ""VERB=hurt""]","Prime sentence: The planet shimmered above the valley .
Event roles: PATIENT=kid; AGENT=husband; VERB=hurt
Sentence: the",Sentence: the,first_noun,-5.569684982299805,-6.214229583740234,-0.6445446014404297,active,0.0
690,role_labeled,active,active,a sheriff asks a singer .,an employee asks an employer .,an employer is asked by an employee .,an,employee,an,employer,ask,asks,asked,"[""PATIENT=employer"", ""VERB=ask"", ""AGENT=employee""]","Prime sentence: a sheriff asks a singer .
Event roles: PATIENT=employer; VERB=ask; AGENT=employee
Sentence: the",Sentence: the,first_noun,-4.442206859588623,-4.363532543182373,0.07867431640625,passive,1.0
690,role_labeled,passive,passive,a singer is asked by a sheriff .,an employee asks an employer .,an employer is asked by an employee .,an,employee,an,employer,ask,asks,asked,"[""PATIENT=employer"", ""VERB=ask"", ""AGENT=employee""]","Prime sentence: a singer is asked by a sheriff .
Event roles: PATIENT=employer; VERB=ask; AGENT=employee
Sentence: the",Sentence: the,first_noun,-4.647607803344727,-4.557723045349121,0.08988475799560547,passive,1.0
690,role_labeled,no_prime_eos,no_prime_eos,,an employee asks an employer .,an employer is asked by an employee .,an,employee,an,employer,ask,asks,asked,"[""PATIENT=employer"", ""VERB=ask"", ""AGENT=employee""]","Event roles: PATIENT=employer; VERB=ask; AGENT=employee
Sentence: the",Sentence: the,first_noun,-3.6612534523010254,-4.2801737785339355,-0.6189203262329102,active,0.0
690,role_labeled,filler,filler,The pillow rested on the sofa .,an employee asks an employer .,an employer is asked by an employee .,an,employee,an,employer,ask,asks,asked,"[""PATIENT=employer"", ""VERB=ask"", ""AGENT=employee""]","Prime sentence: The pillow rested on the sofa .
Event roles: PATIENT=employer; VERB=ask; AGENT=employee
Sentence: the",Sentence: the,first_noun,-5.8101301193237305,-6.469363212585449,-0.6592330932617188,active,0.0
691,role_labeled,active,active,a son bothers a student .,a friend bothers a girl .,a girl is bothered by a friend .,a,friend,a,girl,bother,bothers,bothered,"[""AGENT=friend"", ""PATIENT=girl"", ""VERB=bother""]","Prime sentence: a son bothers a student .
Event roles: AGENT=friend; PATIENT=girl; VERB=bother
Sentence: the",Sentence: the,first_noun,-4.841702461242676,-3.278947591781616,1.5627548694610596,passive,1.0
691,role_labeled,passive,passive,a student is bothered by a son .,a friend bothers a girl .,a girl is bothered by a friend .,a,friend,a,girl,bother,bothers,bothered,"[""AGENT=friend"", ""PATIENT=girl"", ""VERB=bother""]","Prime sentence: a student is bothered by a son .
Event roles: AGENT=friend; PATIENT=girl; VERB=bother
Sentence: the",Sentence: the,first_noun,-4.458810806274414,-3.299330949783325,1.1594798564910889,passive,1.0
691,role_labeled,no_prime_eos,no_prime_eos,,a friend bothers a girl .,a girl is bothered by a friend .,a,friend,a,girl,bother,bothers,bothered,"[""AGENT=friend"", ""PATIENT=girl"", ""VERB=bother""]","Event roles: AGENT=friend; PATIENT=girl; VERB=bother
Sentence: the",Sentence: the,first_noun,-4.638252258300781,-2.6037938594818115,2.0344583988189697,passive,1.0
691,role_labeled,filler,filler,The captain waited beside the harbor .,a friend bothers a girl .,a girl is bothered by a friend .,a,friend,a,girl,bother,bothers,bothered,"[""AGENT=friend"", ""PATIENT=girl"", ""VERB=bother""]","Prime sentence: The captain waited beside the harbor .
Event roles: AGENT=friend; PATIENT=girl; VERB=bother
Sentence: the",Sentence: the,first_noun,-6.512495994567871,-4.015384674072266,2.4971113204956055,passive,1.0
692,role_labeled,active,active,a leader embraces a man .,an actor embraces an actress .,an actress is embraced by an actor .,an,actor,an,actress,embrac,embraces,embraced,"[""VERB=embrac"", ""PATIENT=actress"", ""AGENT=actor""]","Prime sentence: a leader embraces a man .
Event roles: VERB=embrac; PATIENT=actress; AGENT=actor
Sentence: the",Sentence: the,first_noun,-5.612002849578857,-7.043459892272949,-1.4314570426940918,active,0.0
692,role_labeled,passive,passive,a man is embraced by a leader .,an actor embraces an actress .,an actress is embraced by an actor .,an,actor,an,actress,embrac,embraces,embraced,"[""VERB=embrac"", ""PATIENT=actress"", ""AGENT=actor""]","Prime sentence: a man is embraced by a leader .
Event roles: VERB=embrac; PATIENT=actress; AGENT=actor
Sentence: the",Sentence: the,first_noun,-5.771880626678467,-7.233239650726318,-1.4613590240478516,active,0.0
692,role_labeled,no_prime_eos,no_prime_eos,,an actor embraces an actress .,an actress is embraced by an actor .,an,actor,an,actress,embrac,embraces,embraced,"[""VERB=embrac"", ""PATIENT=actress"", ""AGENT=actor""]","Event roles: VERB=embrac; PATIENT=actress; AGENT=actor
Sentence: the",Sentence: the,first_noun,-4.738455772399902,-6.30891227722168,-1.5704565048217773,active,0.0
692,role_labeled,filler,filler,The planet shimmered above the valley .,an actor embraces an actress .,an actress is embraced by an actor .,an,actor,an,actress,embrac,embraces,embraced,"[""VERB=embrac"", ""PATIENT=actress"", ""AGENT=actor""]","Prime sentence: The planet shimmered above the valley .
Event roles: VERB=embrac; PATIENT=actress; AGENT=actor
Sentence: the",Sentence: the,first_noun,-7.181824684143066,-7.373293876647949,-0.1914691925048828,active,0.0
693,role_labeled,active,active,a guy teaches a hero .,a teacher teaches an uncle .,an uncle is taught by a teacher .,a,teacher,an,uncle,teach,teaches,taught,"[""PATIENT=uncle"", ""AGENT=teacher"", ""VERB=teach""]","Prime sentence: a guy teaches a hero .
Event roles: PATIENT=uncle; AGENT=teacher; VERB=teach
Sentence: the",Sentence: the,first_noun,-3.251049518585205,-5.661779880523682,-2.4107303619384766,active,0.0
693,role_labeled,passive,passive,a hero is taught by a guy .,a teacher teaches an uncle .,an uncle is taught by a teacher .,a,teacher,an,uncle,teach,teaches,taught,"[""PATIENT=uncle"", ""AGENT=teacher"", ""VERB=teach""]","Prime sentence: a hero is taught by a guy .
Event roles: PATIENT=uncle; AGENT=teacher; VERB=teach
Sentence: the",Sentence: the,first_noun,-3.8294243812561035,-6.047372817993164,-2.2179484367370605,active,0.0
693,role_labeled,no_prime_eos,no_prime_eos,,a teacher teaches an uncle .,an uncle is taught by a teacher .,a,teacher,an,uncle,teach,teaches,taught,"[""PATIENT=uncle"", ""AGENT=teacher"", ""VERB=teach""]","Event roles: PATIENT=uncle; AGENT=teacher; VERB=teach
Sentence: the",Sentence: the,first_noun,-2.609163522720337,-7.354294776916504,-4.745131254196167,active,0.0
693,role_labeled,filler,filler,The tourist wandered through the plaza .,a teacher teaches an uncle .,an uncle is taught by a teacher .,a,teacher,an,uncle,teach,teaches,taught,"[""PATIENT=uncle"", ""AGENT=teacher"", ""VERB=teach""]","Prime sentence: The tourist wandered through the plaza .
Event roles: PATIENT=uncle; AGENT=teacher; VERB=teach
Sentence: the",Sentence: the,first_noun,-3.307966709136963,-5.033450126647949,-1.7254834175109863,active,0.0
694,role_labeled,active,active,a sheriff beats a singer .,an employee beats an employer .,an employer is beaten by an employee .,an,employee,an,employer,beat,beats,beaten,"[""PATIENT=employer"", ""VERB=beat"", ""AGENT=employee""]","Prime sentence: a sheriff beats a singer .
Event roles: PATIENT=employer; VERB=beat; AGENT=employee
Sentence: the",Sentence: the,first_noun,-5.099797248840332,-4.595259666442871,0.5045375823974609,passive,1.0
694,role_labeled,passive,passive,a singer is beaten by a sheriff .,an employee beats an employer .,an employer is beaten by an employee .,an,employee,an,employer,beat,beats,beaten,"[""PATIENT=employer"", ""VERB=beat"", ""AGENT=employee""]","Prime sentence: a singer is beaten by a sheriff .
Event roles: PATIENT=employer; VERB=beat; AGENT=employee
Sentence: the",Sentence: the,first_noun,-4.712728023529053,-4.216431617736816,0.49629640579223633,passive,1.0
694,role_labeled,no_prime_eos,no_prime_eos,,an employee beats an employer .,an employer is beaten by an employee .,an,employee,an,employer,beat,beats,beaten,"[""PATIENT=employer"", ""VERB=beat"", ""AGENT=employee""]","Event roles: PATIENT=employer; VERB=beat; AGENT=employee
Sentence: the",Sentence: the,first_noun,-3.7441697120666504,-4.434771537780762,-0.6906018257141113,active,0.0
694,role_labeled,filler,filler,The jacket hung behind the chair .,an employee beats an employer .,an employer is beaten by an employee .,an,employee,an,employer,beat,beats,beaten,"[""PATIENT=employer"", ""VERB=beat"", ""AGENT=employee""]","Prime sentence: The jacket hung behind the chair .
Event roles: PATIENT=employer; VERB=beat; AGENT=employee
Sentence: the",Sentence: the,first_noun,-5.59288215637207,-6.0314507484436035,-0.4385685920715332,active,0.0
695,role_labeled,active,active,a doctor strikes an employee .,a scientist strikes a secretary .,a secretary is struck by a scientist .,a,scientist,a,secretary,strik,strikes,struck,"[""AGENT=scientist"", ""PATIENT=secretary"", ""VERB=strik""]","Prime sentence: a doctor strikes an employee .
Event roles: AGENT=scientist; PATIENT=secretary; VERB=strik
Sentence: the",Sentence: the,first_noun,-3.9256341457366943,-6.015451431274414,-2.0898172855377197,active,0.0
695,role_labeled,passive,passive,an employee is struck by a doctor .,a scientist strikes a secretary .,a secretary is struck by a scientist .,a,scientist,a,secretary,strik,strikes,struck,"[""AGENT=scientist"", ""PATIENT=secretary"", ""VERB=strik""]","Prime sentence: an employee is struck by a doctor .
Event roles: AGENT=scientist; PATIENT=secretary; VERB=strik
Sentence: the",Sentence: the,first_noun,-3.755620002746582,-5.711650848388672,-1.9560308456420898,active,0.0
695,role_labeled,no_prime_eos,no_prime_eos,,a scientist strikes a secretary .,a secretary is struck by a scientist .,a,scientist,a,secretary,strik,strikes,struck,"[""AGENT=scientist"", ""PATIENT=secretary"", ""VERB=strik""]","Event roles: AGENT=scientist; PATIENT=secretary; VERB=strik
Sentence: the",Sentence: the,first_noun,-4.2098002433776855,-7.000497341156006,-2.7906970977783203,active,0.0
695,role_labeled,filler,filler,The signal flickered across the screen .,a scientist strikes a secretary .,a secretary is struck by a scientist .,a,scientist,a,secretary,strik,strikes,struck,"[""AGENT=scientist"", ""PATIENT=secretary"", ""VERB=strik""]","Prime sentence: The signal flickered across the screen .
Event roles: AGENT=scientist; PATIENT=secretary; VERB=strik
Sentence: the",Sentence: the,first_noun,-4.636316299438477,-6.314533233642578,-1.6782169342041016,active,0.0
696,role_labeled,active,active,a priest beats a prince .,a chief beats a child .,a child is beaten by a chief .,a,chief,a,child,beat,beats,beaten,"[""AGENT=chief"", ""PATIENT=child"", ""VERB=beat""]","Prime sentence: a priest beats a prince .
Event roles: AGENT=chief; PATIENT=child; VERB=beat
Sentence: the",Sentence: the,first_noun,-4.2874836921691895,-4.426483154296875,-0.13899946212768555,active,0.0
696,role_labeled,passive,passive,a prince is beaten by a priest .,a chief beats a child .,a child is beaten by a chief .,a,chief,a,child,beat,beats,beaten,"[""AGENT=chief"", ""PATIENT=child"", ""VERB=beat""]","Prime sentence: a prince is beaten by a priest .
Event roles: AGENT=chief; PATIENT=child; VERB=beat
Sentence: the",Sentence: the,first_noun,-4.356010437011719,-4.092401504516602,0.2636089324951172,passive,1.0
696,role_labeled,no_prime_eos,no_prime_eos,,a chief beats a child .,a child is beaten by a chief .,a,chief,a,child,beat,beats,beaten,"[""AGENT=chief"", ""PATIENT=child"", ""VERB=beat""]","Event roles: AGENT=chief; PATIENT=child; VERB=beat
Sentence: the",Sentence: the,first_noun,-3.9846088886260986,-3.5781028270721436,0.4065060615539551,passive,1.0
696,role_labeled,filler,filler,The traveler rested beside the river .,a chief beats a child .,a child is beaten by a chief .,a,chief,a,child,beat,beats,beaten,"[""AGENT=chief"", ""PATIENT=child"", ""VERB=beat""]","Prime sentence: The traveler rested beside the river .
Event roles: AGENT=chief; PATIENT=child; VERB=beat
Sentence: the",Sentence: the,first_noun,-5.166699409484863,-4.481836318969727,0.6848630905151367,passive,1.0
697,role_labeled,active,active,a sheriff protects a singer .,an employee protects an employer .,an employer is protected by an employee .,an,employee,an,employer,protect,protects,protected,"[""PATIENT=employer"", ""AGENT=employee"", ""VERB=protect""]","Prime sentence: a sheriff protects a singer .
Event roles: PATIENT=employer; AGENT=employee; VERB=protect
Sentence: the",Sentence: the,first_noun,-5.184873580932617,-5.014664649963379,0.17020893096923828,passive,1.0
697,role_labeled,passive,passive,a singer is protected by a sheriff .,an employee protects an employer .,an employer is protected by an employee .,an,employee,an,employer,protect,protects,protected,"[""PATIENT=employer"", ""AGENT=employee"", ""VERB=protect""]","Prime sentence: a singer is protected by a sheriff .
Event roles: PATIENT=employer; AGENT=employee; VERB=protect
Sentence: the",Sentence: the,first_noun,-4.403320789337158,-4.151562690734863,0.2517580986022949,passive,1.0
697,role_labeled,no_prime_eos,no_prime_eos,,an employee protects an employer .,an employer is protected by an employee .,an,employee,an,employer,protect,protects,protected,"[""PATIENT=employer"", ""AGENT=employee"", ""VERB=protect""]","Event roles: PATIENT=employer; AGENT=employee; VERB=protect
Sentence: the",Sentence: the,first_noun,-3.8599321842193604,-4.797513008117676,-0.9375808238983154,active,0.0
697,role_labeled,filler,filler,The witness paused near the doorway .,an employee protects an employer .,an employer is protected by an employee .,an,employee,an,employer,protect,protects,protected,"[""PATIENT=employer"", ""AGENT=employee"", ""VERB=protect""]","Prime sentence: The witness paused near the doorway .
Event roles: PATIENT=employer; AGENT=employee; VERB=protect
Sentence: the",Sentence: the,first_noun,-3.6521878242492676,-5.145234107971191,-1.4930462837219238,active,0.0
698,role_labeled,active,active,a worker discovers a writer .,a king discovers a lady .,a lady is discovered by a king .,a,king,a,lady,discover,discovers,discovered,"[""PATIENT=lady"", ""VERB=discover"", ""AGENT=king""]","Prime sentence: a worker discovers a writer .
Event roles: PATIENT=lady; VERB=discover; AGENT=king
Sentence: the",Sentence: the,first_noun,-2.4748780727386475,-4.783880233764648,-2.309002161026001,active,0.0
698,role_labeled,passive,passive,a writer is discovered by a worker .,a king discovers a lady .,a lady is discovered by a king .,a,king,a,lady,discover,discovers,discovered,"[""PATIENT=lady"", ""VERB=discover"", ""AGENT=king""]","Prime sentence: a writer is discovered by a worker .
Event roles: PATIENT=lady; VERB=discover; AGENT=king
Sentence: the",Sentence: the,first_noun,-2.798337459564209,-5.02531099319458,-2.226973533630371,active,0.0
698,role_labeled,no_prime_eos,no_prime_eos,,a king discovers a lady .,a lady is discovered by a king .,a,king,a,lady,discover,discovers,discovered,"[""PATIENT=lady"", ""VERB=discover"", ""AGENT=king""]","Event roles: PATIENT=lady; VERB=discover; AGENT=king
Sentence: the",Sentence: the,first_noun,-3.180051803588867,-4.3403191566467285,-1.1602673530578613,active,0.0
698,role_labeled,filler,filler,The jacket hung behind the chair .,a king discovers a lady .,a lady is discovered by a king .,a,king,a,lady,discover,discovers,discovered,"[""PATIENT=lady"", ""VERB=discover"", ""AGENT=king""]","Prime sentence: The jacket hung behind the chair .
Event roles: PATIENT=lady; VERB=discover; AGENT=king
Sentence: the",Sentence: the,first_noun,-4.2407636642456055,-4.248717784881592,-0.007954120635986328,active,0.0
699,role_labeled,active,active,a mother teaches a nurse .,an author teaches a bishop .,a bishop is taught by an author .,an,author,a,bishop,teach,teaches,taught,"[""VERB=teach"", ""AGENT=author"", ""PATIENT=bishop""]","Prime sentence: a mother teaches a nurse .
Event roles: VERB=teach; AGENT=author; PATIENT=bishop
Sentence: the",Sentence: the,first_noun,-6.4631829261779785,-3.498782157897949,2.9644007682800293,passive,1.0
699,role_labeled,passive,passive,a nurse is taught by a mother .,an author teaches a bishop .,a bishop is taught by an author .,an,author,a,bishop,teach,teaches,taught,"[""VERB=teach"", ""AGENT=author"", ""PATIENT=bishop""]","Prime sentence: a nurse is taught by a mother .
Event roles: VERB=teach; AGENT=author; PATIENT=bishop
Sentence: the",Sentence: the,first_noun,-6.322937965393066,-3.3869409561157227,2.9359970092773438,passive,1.0
699,role_labeled,no_prime_eos,no_prime_eos,,an author teaches a bishop .,a bishop is taught by an author .,an,author,a,bishop,teach,teaches,taught,"[""VERB=teach"", ""AGENT=author"", ""PATIENT=bishop""]","Event roles: VERB=teach; AGENT=author; PATIENT=bishop
Sentence: the",Sentence: the,first_noun,-5.059933185577393,-3.5950913429260254,1.4648418426513672,passive,1.0
699,role_labeled,filler,filler,The captain waited beside the harbor .,an author teaches a bishop .,a bishop is taught by an author .,an,author,a,bishop,teach,teaches,taught,"[""VERB=teach"", ""AGENT=author"", ""PATIENT=bishop""]","Prime sentence: The captain waited beside the harbor .
Event roles: VERB=teach; AGENT=author; PATIENT=bishop
Sentence: the",Sentence: the,first_noun,-7.555025100708008,-3.79697847366333,3.7580466270446777,passive,1.0
700,role_labeled,active,active,a nurse discovers an opponent .,a bishop discovers a boy .,a boy is discovered by a bishop .,a,bishop,a,boy,discover,discovers,discovered,"[""VERB=discover"", ""AGENT=bishop"", ""PATIENT=boy""]","Prime sentence: a nurse discovers an opponent .
Event roles: VERB=discover; AGENT=bishop; PATIENT=boy
Sentence: the",Sentence: the,first_noun,-2.5736825466156006,-3.3771097660064697,-0.8034272193908691,active,0.0
700,role_labeled,passive,passive,an opponent is discovered by a nurse .,a bishop discovers a boy .,a boy is discovered by a bishop .,a,bishop,a,boy,discover,discovers,discovered,"[""VERB=discover"", ""AGENT=bishop"", ""PATIENT=boy""]","Prime sentence: an opponent is discovered by a nurse .
Event roles: VERB=discover; AGENT=bishop; PATIENT=boy
Sentence: the",Sentence: the,first_noun,-2.8861076831817627,-3.3340141773223877,-0.447906494140625,active,0.0
700,role_labeled,no_prime_eos,no_prime_eos,,a bishop discovers a boy .,a boy is discovered by a bishop .,a,bishop,a,boy,discover,discovers,discovered,"[""VERB=discover"", ""AGENT=bishop"", ""PATIENT=boy""]","Event roles: VERB=discover; AGENT=bishop; PATIENT=boy
Sentence: the",Sentence: the,first_noun,-3.919682264328003,-5.003385066986084,-1.083702802658081,active,0.0
700,role_labeled,filler,filler,The kettle whistled in the kitchen .,a bishop discovers a boy .,a boy is discovered by a bishop .,a,bishop,a,boy,discover,discovers,discovered,"[""VERB=discover"", ""AGENT=bishop"", ""PATIENT=boy""]","Prime sentence: The kettle whistled in the kitchen .
Event roles: VERB=discover; AGENT=bishop; PATIENT=boy
Sentence: the",Sentence: the,first_noun,-5.523930549621582,-4.266634941101074,1.2572956085205078,passive,1.0
701,role_labeled,active,active,a priest asks a prince .,a chief asks a child .,a child is asked by a chief .,a,chief,a,child,ask,asks,asked,"[""VERB=ask"", ""PATIENT=child"", ""AGENT=chief""]","Prime sentence: a priest asks a prince .
Event roles: VERB=ask; PATIENT=child; AGENT=chief
Sentence: the",Sentence: the,first_noun,-4.665338516235352,-4.284361839294434,0.38097667694091797,passive,1.0
701,role_labeled,passive,passive,a prince is asked by a priest .,a chief asks a child .,a child is asked by a chief .,a,chief,a,child,ask,asks,asked,"[""VERB=ask"", ""PATIENT=child"", ""AGENT=chief""]","Prime sentence: a prince is asked by a priest .
Event roles: VERB=ask; PATIENT=child; AGENT=chief
Sentence: the",Sentence: the,first_noun,-4.876461505889893,-4.34156608581543,0.5348954200744629,passive,1.0
701,role_labeled,no_prime_eos,no_prime_eos,,a chief asks a child .,a child is asked by a chief .,a,chief,a,child,ask,asks,asked,"[""VERB=ask"", ""PATIENT=child"", ""AGENT=chief""]","Event roles: VERB=ask; PATIENT=child; AGENT=chief
Sentence: the",Sentence: the,first_noun,-4.126904487609863,-3.9449756145477295,0.1819288730621338,passive,1.0
701,role_labeled,filler,filler,The notebook stayed on the shelf .,a chief asks a child .,a child is asked by a chief .,a,chief,a,child,ask,asks,asked,"[""VERB=ask"", ""PATIENT=child"", ""AGENT=chief""]","Prime sentence: The notebook stayed on the shelf .
Event roles: VERB=ask; PATIENT=child; AGENT=chief
Sentence: the",Sentence: the,first_noun,-6.167000770568848,-4.117507457733154,2.0494933128356934,passive,1.0
702,role_labeled,active,active,a lawyer catches a leader .,a writer catches an actor .,an actor is caught by a writer .,a,writer,an,actor,catch,catches,caught,"[""VERB=catch"", ""AGENT=writer"", ""PATIENT=actor""]","Prime sentence: a lawyer catches a leader .
Event roles: VERB=catch; AGENT=writer; PATIENT=actor
Sentence: the",Sentence: the,first_noun,-5.114554405212402,-4.985404968261719,0.1291494369506836,passive,1.0
702,role_labeled,passive,passive,a leader is caught by a lawyer .,a writer catches an actor .,an actor is caught by a writer .,a,writer,an,actor,catch,catches,caught,"[""VERB=catch"", ""AGENT=writer"", ""PATIENT=actor""]","Prime sentence: a leader is caught by a lawyer .
Event roles: VERB=catch; AGENT=writer; PATIENT=actor
Sentence: the",Sentence: the,first_noun,-5.159358978271484,-4.745265007019043,0.4140939712524414,passive,1.0
702,role_labeled,no_prime_eos,no_prime_eos,,a writer catches an actor .,an actor is caught by a writer .,a,writer,an,actor,catch,catches,caught,"[""VERB=catch"", ""AGENT=writer"", ""PATIENT=actor""]","Event roles: VERB=catch; AGENT=writer; PATIENT=actor
Sentence: the",Sentence: the,first_noun,-4.673157215118408,-4.714351177215576,-0.04119396209716797,active,0.0
702,role_labeled,filler,filler,The sculpture stood in the hallway .,a writer catches an actor .,an actor is caught by a writer .,a,writer,an,actor,catch,catches,caught,"[""VERB=catch"", ""AGENT=writer"", ""PATIENT=actor""]","Prime sentence: The sculpture stood in the hallway .
Event roles: VERB=catch; AGENT=writer; PATIENT=actor
Sentence: the",Sentence: the,first_noun,-6.335488319396973,-5.71759033203125,0.6178979873657227,passive,1.0
703,role_labeled,active,active,an author forgets a bishop .,a minister forgets a mother .,a mother is forgotten by a minister .,a,minister,a,mother,forget,forgets,forgotten,"[""VERB=forget"", ""PATIENT=mother"", ""AGENT=minister""]","Prime sentence: an author forgets a bishop .
Event roles: VERB=forget; PATIENT=mother; AGENT=minister
Sentence: the",Sentence: the,first_noun,-5.037101745605469,-4.965409278869629,0.07169246673583984,passive,1.0
703,role_labeled,passive,passive,a bishop is forgotten by an author .,a minister forgets a mother .,a mother is forgotten by a minister .,a,minister,a,mother,forget,forgets,forgotten,"[""VERB=forget"", ""PATIENT=mother"", ""AGENT=minister""]","Prime sentence: a bishop is forgotten by an author .
Event roles: VERB=forget; PATIENT=mother; AGENT=minister
Sentence: the",Sentence: the,first_noun,-5.098388671875,-5.0825982093811035,0.015790462493896484,passive,1.0
703,role_labeled,no_prime_eos,no_prime_eos,,a minister forgets a mother .,a mother is forgotten by a minister .,a,minister,a,mother,forget,forgets,forgotten,"[""VERB=forget"", ""PATIENT=mother"", ""AGENT=minister""]","Event roles: VERB=forget; PATIENT=mother; AGENT=minister
Sentence: the",Sentence: the,first_noun,-5.002277374267578,-4.9041643142700195,0.0981130599975586,passive,1.0
703,role_labeled,filler,filler,The witness paused near the doorway .,a minister forgets a mother .,a mother is forgotten by a minister .,a,minister,a,mother,forget,forgets,forgotten,"[""VERB=forget"", ""PATIENT=mother"", ""AGENT=minister""]","Prime sentence: The witness paused near the doorway .
Event roles: VERB=forget; PATIENT=mother; AGENT=minister
Sentence: the",Sentence: the,first_noun,-4.373180389404297,-4.5929436683654785,-0.21976327896118164,active,0.0
704,role_labeled,active,active,a princess kills a professor .,a colonel kills a cop .,a cop is killed by a colonel .,a,colonel,a,cop,kill,kills,killed,"[""PATIENT=cop"", ""AGENT=colonel"", ""VERB=kill""]","Prime sentence: a princess kills a professor .
Event roles: PATIENT=cop; AGENT=colonel; VERB=kill
Sentence: the",Sentence: the,first_noun,-4.728170394897461,-5.2662529945373535,-0.5380825996398926,active,0.0
704,role_labeled,passive,passive,a professor is killed by a princess .,a colonel kills a cop .,a cop is killed by a colonel .,a,colonel,a,cop,kill,kills,killed,"[""PATIENT=cop"", ""AGENT=colonel"", ""VERB=kill""]","Prime sentence: a professor is killed by a princess .
Event roles: PATIENT=cop; AGENT=colonel; VERB=kill
Sentence: the",Sentence: the,first_noun,-3.9766628742218018,-4.886173248291016,-0.9095103740692139,active,0.0
704,role_labeled,no_prime_eos,no_prime_eos,,a colonel kills a cop .,a cop is killed by a colonel .,a,colonel,a,cop,kill,kills,killed,"[""PATIENT=cop"", ""AGENT=colonel"", ""VERB=kill""]","Event roles: PATIENT=cop; AGENT=colonel; VERB=kill
Sentence: the",Sentence: the,first_noun,-4.664217948913574,-5.544485569000244,-0.8802676200866699,active,0.0
704,role_labeled,filler,filler,The window rattled during the storm .,a colonel kills a cop .,a cop is killed by a colonel .,a,colonel,a,cop,kill,kills,killed,"[""PATIENT=cop"", ""AGENT=colonel"", ""VERB=kill""]","Prime sentence: The window rattled during the storm .
Event roles: PATIENT=cop; AGENT=colonel; VERB=kill
Sentence: the",Sentence: the,first_noun,-6.529697418212891,-6.390460968017578,0.1392364501953125,passive,1.0
705,role_labeled,active,active,a lawyer judges a leader .,a writer judges an actor .,an actor is judged by a writer .,a,writer,an,actor,judg,judges,judged,"[""AGENT=writer"", ""VERB=judg"", ""PATIENT=actor""]","Prime sentence: a lawyer judges a leader .
Event roles: AGENT=writer; VERB=judg; PATIENT=actor
Sentence: the",Sentence: the,first_noun,-5.39439582824707,-5.143087387084961,0.2513084411621094,passive,1.0
705,role_labeled,passive,passive,a leader is judged by a lawyer .,a writer judges an actor .,an actor is judged by a writer .,a,writer,an,actor,judg,judges,judged,"[""AGENT=writer"", ""VERB=judg"", ""PATIENT=actor""]","Prime sentence: a leader is judged by a lawyer .
Event roles: AGENT=writer; VERB=judg; PATIENT=actor
Sentence: the",Sentence: the,first_noun,-5.909944534301758,-5.513035774230957,0.3969087600708008,passive,1.0
705,role_labeled,no_prime_eos,no_prime_eos,,a writer judges an actor .,an actor is judged by a writer .,a,writer,an,actor,judg,judges,judged,"[""AGENT=writer"", ""VERB=judg"", ""PATIENT=actor""]","Event roles: AGENT=writer; VERB=judg; PATIENT=actor
Sentence: the",Sentence: the,first_noun,-4.577665328979492,-4.838650703430176,-0.2609853744506836,active,0.0
705,role_labeled,filler,filler,The captain waited beside the harbor .,a writer judges an actor .,an actor is judged by a writer .,a,writer,an,actor,judg,judges,judged,"[""AGENT=writer"", ""VERB=judg"", ""PATIENT=actor""]","Prime sentence: The captain waited beside the harbor .
Event roles: AGENT=writer; VERB=judg; PATIENT=actor
Sentence: the",Sentence: the,first_noun,-8.503859519958496,-7.601434707641602,0.9024248123168945,passive,1.0
706,role_labeled,active,active,an actor surprises an actress .,a lawyer surprises a leader .,a leader is surprised by a lawyer .,a,lawyer,a,leader,surpris,surprises,surprised,"[""AGENT=lawyer"", ""PATIENT=leader"", ""VERB=surpris""]","Prime sentence: an actor surprises an actress .
Event roles: AGENT=lawyer; PATIENT=leader; VERB=surpris
Sentence: the",Sentence: the,first_noun,-4.850183486938477,-6.295506477355957,-1.4453229904174805,active,0.0
706,role_labeled,passive,passive,an actress is surprised by an actor .,a lawyer surprises a leader .,a leader is surprised by a lawyer .,a,lawyer,a,leader,surpris,surprises,surprised,"[""AGENT=lawyer"", ""PATIENT=leader"", ""VERB=surpris""]","Prime sentence: an actress is surprised by an actor .
Event roles: AGENT=lawyer; PATIENT=leader; VERB=surpris
Sentence: the",Sentence: the,first_noun,-4.433809280395508,-6.325639724731445,-1.8918304443359375,active,0.0
706,role_labeled,no_prime_eos,no_prime_eos,,a lawyer surprises a leader .,a leader is surprised by a lawyer .,a,lawyer,a,leader,surpris,surprises,surprised,"[""AGENT=lawyer"", ""PATIENT=leader"", ""VERB=surpris""]","Event roles: AGENT=lawyer; PATIENT=leader; VERB=surpris
Sentence: the",Sentence: the,first_noun,-4.8353776931762695,-5.1146440505981445,-0.279266357421875,active,0.0
706,role_labeled,filler,filler,The baker laughed during breakfast .,a lawyer surprises a leader .,a leader is surprised by a lawyer .,a,lawyer,a,leader,surpris,surprises,surprised,"[""AGENT=lawyer"", ""PATIENT=leader"", ""VERB=surpris""]","Prime sentence: The baker laughed during breakfast .
Event roles: AGENT=lawyer; PATIENT=leader; VERB=surpris
Sentence: the",Sentence: the,first_noun,-3.7961442470550537,-6.494462013244629,-2.698317766189575,active,0.0
707,role_labeled,active,active,a worker destroys a writer .,a king destroys a lady .,a lady is destroyed by a king .,a,king,a,lady,destroy,destroys,destroyed,"[""AGENT=king"", ""PATIENT=lady"", ""VERB=destroy""]","Prime sentence: a worker destroys a writer .
Event roles: AGENT=king; PATIENT=lady; VERB=destroy
Sentence: the",Sentence: the,first_noun,-1.8146085739135742,-6.033221244812012,-4.2186126708984375,active,0.0
707,role_labeled,passive,passive,a writer is destroyed by a worker .,a king destroys a lady .,a lady is destroyed by a king .,a,king,a,lady,destroy,destroys,destroyed,"[""AGENT=king"", ""PATIENT=lady"", ""VERB=destroy""]","Prime sentence: a writer is destroyed by a worker .
Event roles: AGENT=king; PATIENT=lady; VERB=destroy
Sentence: the",Sentence: the,first_noun,-2.484966993331909,-6.353278160095215,-3.8683111667633057,active,0.0
707,role_labeled,no_prime_eos,no_prime_eos,,a king destroys a lady .,a lady is destroyed by a king .,a,king,a,lady,destroy,destroys,destroyed,"[""AGENT=king"", ""PATIENT=lady"", ""VERB=destroy""]","Event roles: AGENT=king; PATIENT=lady; VERB=destroy
Sentence: the",Sentence: the,first_noun,-3.0935122966766357,-5.751700401306152,-2.6581881046295166,active,0.0
707,role_labeled,filler,filler,The captain waited beside the harbor .,a king destroys a lady .,a lady is destroyed by a king .,a,king,a,lady,destroy,destroys,destroyed,"[""AGENT=king"", ""PATIENT=lady"", ""VERB=destroy""]","Prime sentence: The captain waited beside the harbor .
Event roles: AGENT=king; PATIENT=lady; VERB=destroy
Sentence: the",Sentence: the,first_noun,-2.637704372406006,-5.907225608825684,-3.2695212364196777,active,0.0
708,role_labeled,active,active,a secretary drags a sheriff .,a doctor drags an employee .,an employee is dragged by a doctor .,a,doctor,an,employee,drag,drags,dragged,"[""AGENT=doctor"", ""VERB=drag"", ""PATIENT=employee""]","Prime sentence: a secretary drags a sheriff .
Event roles: AGENT=doctor; VERB=drag; PATIENT=employee
Sentence: the",Sentence: the,first_noun,-2.5584254264831543,-5.5966386795043945,-3.0382132530212402,active,0.0
708,role_labeled,passive,passive,a sheriff is dragged by a secretary .,a doctor drags an employee .,an employee is dragged by a doctor .,a,doctor,an,employee,drag,drags,dragged,"[""AGENT=doctor"", ""VERB=drag"", ""PATIENT=employee""]","Prime sentence: a sheriff is dragged by a secretary .
Event roles: AGENT=doctor; VERB=drag; PATIENT=employee
Sentence: the",Sentence: the,first_noun,-2.731673002243042,-5.316317558288574,-2.5846445560455322,active,0.0
708,role_labeled,no_prime_eos,no_prime_eos,,a doctor drags an employee .,an employee is dragged by a doctor .,a,doctor,an,employee,drag,drags,dragged,"[""AGENT=doctor"", ""VERB=drag"", ""PATIENT=employee""]","Event roles: AGENT=doctor; VERB=drag; PATIENT=employee
Sentence: the",Sentence: the,first_noun,-2.506371259689331,-5.532855033874512,-3.0264837741851807,active,0.0
708,role_labeled,filler,filler,The jacket hung behind the chair .,a doctor drags an employee .,an employee is dragged by a doctor .,a,doctor,an,employee,drag,drags,dragged,"[""AGENT=doctor"", ""VERB=drag"", ""PATIENT=employee""]","Prime sentence: The jacket hung behind the chair .
Event roles: AGENT=doctor; VERB=drag; PATIENT=employee
Sentence: the",Sentence: the,first_noun,-2.959953784942627,-6.793672561645508,-3.833718776702881,active,0.0
709,role_labeled,active,active,a lady bothers a lawyer .,a worker bothers a writer .,a writer is bothered by a worker .,a,worker,a,writer,bother,bothers,bothered,"[""AGENT=worker"", ""PATIENT=writer"", ""VERB=bother""]","Prime sentence: a lady bothers a lawyer .
Event roles: AGENT=worker; PATIENT=writer; VERB=bother
Sentence: the",Sentence: the,first_noun,-5.666327476501465,-6.272609233856201,-0.6062817573547363,active,0.0
709,role_labeled,passive,passive,a lawyer is bothered by a lady .,a worker bothers a writer .,a writer is bothered by a worker .,a,worker,a,writer,bother,bothers,bothered,"[""AGENT=worker"", ""PATIENT=writer"", ""VERB=bother""]","Prime sentence: a lawyer is bothered by a lady .
Event roles: AGENT=worker; PATIENT=writer; VERB=bother
Sentence: the",Sentence: the,first_noun,-5.766108512878418,-6.138601303100586,-0.37249279022216797,active,0.0
709,role_labeled,no_prime_eos,no_prime_eos,,a worker bothers a writer .,a writer is bothered by a worker .,a,worker,a,writer,bother,bothers,bothered,"[""AGENT=worker"", ""PATIENT=writer"", ""VERB=bother""]","Event roles: AGENT=worker; PATIENT=writer; VERB=bother
Sentence: the",Sentence: the,first_noun,-4.091073513031006,-5.132068157196045,-1.040994644165039,active,0.0
709,role_labeled,filler,filler,The kettle whistled in the kitchen .,a worker bothers a writer .,a writer is bothered by a worker .,a,worker,a,writer,bother,bothers,bothered,"[""AGENT=worker"", ""PATIENT=writer"", ""VERB=bother""]","Prime sentence: The kettle whistled in the kitchen .
Event roles: AGENT=worker; PATIENT=writer; VERB=bother
Sentence: the",Sentence: the,first_noun,-6.584351539611816,-7.691462516784668,-1.1071109771728516,active,0.0
710,role_labeled,active,active,a colonel forgets a cop .,a prince forgets a princess .,a princess is forgotten by a prince .,a,prince,a,princess,forget,forgets,forgotten,"[""VERB=forget"", ""AGENT=prince"", ""PATIENT=princess""]","Prime sentence: a colonel forgets a cop .
Event roles: VERB=forget; AGENT=prince; PATIENT=princess
Sentence: the",Sentence: the,first_noun,-3.7273545265197754,-4.427591800689697,-0.7002372741699219,active,0.0
710,role_labeled,passive,passive,a cop is forgotten by a colonel .,a prince forgets a princess .,a princess is forgotten by a prince .,a,prince,a,princess,forget,forgets,forgotten,"[""VERB=forget"", ""AGENT=prince"", ""PATIENT=princess""]","Prime sentence: a cop is forgotten by a colonel .
Event roles: VERB=forget; AGENT=prince; PATIENT=princess
Sentence: the",Sentence: the,first_noun,-4.474967002868652,-5.056807994842529,-0.581840991973877,active,0.0
710,role_labeled,no_prime_eos,no_prime_eos,,a prince forgets a princess .,a princess is forgotten by a prince .,a,prince,a,princess,forget,forgets,forgotten,"[""VERB=forget"", ""AGENT=prince"", ""PATIENT=princess""]","Event roles: VERB=forget; AGENT=prince; PATIENT=princess
Sentence: the",Sentence: the,first_noun,-3.5323145389556885,-4.0368242263793945,-0.504509687423706,active,0.0
710,role_labeled,filler,filler,The teacher listened during assembly .,a prince forgets a princess .,a princess is forgotten by a prince .,a,prince,a,princess,forget,forgets,forgotten,"[""VERB=forget"", ""AGENT=prince"", ""PATIENT=princess""]","Prime sentence: The teacher listened during assembly .
Event roles: VERB=forget; AGENT=prince; PATIENT=princess
Sentence: the",Sentence: the,first_noun,-2.8159031867980957,-3.6360127925872803,-0.8201096057891846,active,0.0
711,role_labeled,active,active,a worker forgets a writer .,a king forgets a lady .,a lady is forgotten by a king .,a,king,a,lady,forget,forgets,forgotten,"[""AGENT=king"", ""VERB=forget"", ""PATIENT=lady""]","Prime sentence: a worker forgets a writer .
Event roles: AGENT=king; VERB=forget; PATIENT=lady
Sentence: the",Sentence: the,first_noun,-2.331632137298584,-5.317573547363281,-2.9859414100646973,active,0.0
711,role_labeled,passive,passive,a writer is forgotten by a worker .,a king forgets a lady .,a lady is forgotten by a king .,a,king,a,lady,forget,forgets,forgotten,"[""AGENT=king"", ""VERB=forget"", ""PATIENT=lady""]","Prime sentence: a writer is forgotten by a worker .
Event roles: AGENT=king; VERB=forget; PATIENT=lady
Sentence: the",Sentence: the,first_noun,-2.6469757556915283,-5.550273895263672,-2.9032981395721436,active,0.0
711,role_labeled,no_prime_eos,no_prime_eos,,a king forgets a lady .,a lady is forgotten by a king .,a,king,a,lady,forget,forgets,forgotten,"[""AGENT=king"", ""VERB=forget"", ""PATIENT=lady""]","Event roles: AGENT=king; VERB=forget; PATIENT=lady
Sentence: the",Sentence: the,first_noun,-2.9616782665252686,-5.963531970977783,-3.0018537044525146,active,0.0
711,role_labeled,filler,filler,The jacket hung behind the chair .,a king forgets a lady .,a lady is forgotten by a king .,a,king,a,lady,forget,forgets,forgotten,"[""AGENT=king"", ""VERB=forget"", ""PATIENT=lady""]","Prime sentence: The jacket hung behind the chair .
Event roles: AGENT=king; VERB=forget; PATIENT=lady
Sentence: the",Sentence: the,first_noun,-3.9458038806915283,-4.736578941345215,-0.7907750606536865,active,0.0
712,role_labeled,active,active,a boy judges a brother .,a nurse judges an opponent .,an opponent is judged by a nurse .,a,nurse,an,opponent,judg,judges,judged,"[""PATIENT=opponent"", ""AGENT=nurse"", ""VERB=judg""]","Prime sentence: a boy judges a brother .
Event roles: PATIENT=opponent; AGENT=nurse; VERB=judg
Sentence: the",Sentence: the,first_noun,-4.213013648986816,-7.302846908569336,-3.0898332595825195,active,0.0
712,role_labeled,passive,passive,a brother is judged by a boy .,a nurse judges an opponent .,an opponent is judged by a nurse .,a,nurse,an,opponent,judg,judges,judged,"[""PATIENT=opponent"", ""AGENT=nurse"", ""VERB=judg""]","Prime sentence: a brother is judged by a boy .
Event roles: PATIENT=opponent; AGENT=nurse; VERB=judg
Sentence: the",Sentence: the,first_noun,-4.078030586242676,-7.167530059814453,-3.0894994735717773,active,0.0
712,role_labeled,no_prime_eos,no_prime_eos,,a nurse judges an opponent .,an opponent is judged by a nurse .,a,nurse,an,opponent,judg,judges,judged,"[""PATIENT=opponent"", ""AGENT=nurse"", ""VERB=judg""]","Event roles: PATIENT=opponent; AGENT=nurse; VERB=judg
Sentence: the",Sentence: the,first_noun,-3.3301162719726562,-5.822870254516602,-2.4927539825439453,active,0.0
712,role_labeled,filler,filler,The blanket dried on the line .,a nurse judges an opponent .,an opponent is judged by a nurse .,a,nurse,an,opponent,judg,judges,judged,"[""PATIENT=opponent"", ""AGENT=nurse"", ""VERB=judg""]","Prime sentence: The blanket dried on the line .
Event roles: PATIENT=opponent; AGENT=nurse; VERB=judg
Sentence: the",Sentence: the,first_noun,-4.350674152374268,-7.812448024749756,-3.4617738723754883,active,0.0
713,role_labeled,active,active,a guest washes a guy .,a student washes a teacher .,a teacher is washed by a student .,a,student,a,teacher,wash,washes,washed,"[""PATIENT=teacher"", ""AGENT=student"", ""VERB=wash""]","Prime sentence: a guest washes a guy .
Event roles: PATIENT=teacher; AGENT=student; VERB=wash
Sentence: the",Sentence: the,first_noun,-2.9455549716949463,-2.2127840518951416,0.7327709197998047,passive,1.0
713,role_labeled,passive,passive,a guy is washed by a guest .,a student washes a teacher .,a teacher is washed by a student .,a,student,a,teacher,wash,washes,washed,"[""PATIENT=teacher"", ""AGENT=student"", ""VERB=wash""]","Prime sentence: a guy is washed by a guest .
Event roles: PATIENT=teacher; AGENT=student; VERB=wash
Sentence: the",Sentence: the,first_noun,-3.273343086242676,-2.7228212356567383,0.5505218505859375,passive,1.0
713,role_labeled,no_prime_eos,no_prime_eos,,a student washes a teacher .,a teacher is washed by a student .,a,student,a,teacher,wash,washes,washed,"[""PATIENT=teacher"", ""AGENT=student"", ""VERB=wash""]","Event roles: PATIENT=teacher; AGENT=student; VERB=wash
Sentence: the",Sentence: the,first_noun,-3.0960354804992676,-2.7088241577148438,0.38721132278442383,passive,1.0
713,role_labeled,filler,filler,The garden brightened after rain .,a student washes a teacher .,a teacher is washed by a student .,a,student,a,teacher,wash,washes,washed,"[""PATIENT=teacher"", ""AGENT=student"", ""VERB=wash""]","Prime sentence: The garden brightened after rain .
Event roles: PATIENT=teacher; AGENT=student; VERB=wash
Sentence: the",Sentence: the,first_noun,-5.283220291137695,-4.372610092163086,0.9106101989746094,passive,1.0
714,role_labeled,active,active,a singer raises a soldier .,an employer raises a father .,a father is raised by an employer .,an,employer,a,father,rais,raises,raised,"[""AGENT=employer"", ""VERB=rais"", ""PATIENT=father""]","Prime sentence: a singer raises a soldier .
Event roles: AGENT=employer; VERB=rais; PATIENT=father
Sentence: the",Sentence: the,first_noun,-6.592722415924072,-4.563493251800537,2.029229164123535,passive,1.0
714,role_labeled,passive,passive,a soldier is raised by a singer .,an employer raises a father .,a father is raised by an employer .,an,employer,a,father,rais,raises,raised,"[""AGENT=employer"", ""VERB=rais"", ""PATIENT=father""]","Prime sentence: a soldier is raised by a singer .
Event roles: AGENT=employer; VERB=rais; PATIENT=father
Sentence: the",Sentence: the,first_noun,-6.464201927185059,-4.378488540649414,2.0857133865356445,passive,1.0
714,role_labeled,no_prime_eos,no_prime_eos,,an employer raises a father .,a father is raised by an employer .,an,employer,a,father,rais,raises,raised,"[""AGENT=employer"", ""VERB=rais"", ""PATIENT=father""]","Event roles: AGENT=employer; VERB=rais; PATIENT=father
Sentence: the",Sentence: the,first_noun,-4.808309078216553,-4.562758922576904,0.24555015563964844,passive,1.0
714,role_labeled,filler,filler,The traveler rested beside the river .,an employer raises a father .,a father is raised by an employer .,an,employer,a,father,rais,raises,raised,"[""AGENT=employer"", ""VERB=rais"", ""PATIENT=father""]","Prime sentence: The traveler rested beside the river .
Event roles: AGENT=employer; VERB=rais; PATIENT=father
Sentence: the",Sentence: the,first_noun,-7.747765064239502,-5.160778045654297,2.586987018585205,passive,1.0
715,role_labeled,active,active,an author catches a bishop .,a minister catches a mother .,a mother is caught by a minister .,a,minister,a,mother,catch,catches,caught,"[""VERB=catch"", ""PATIENT=mother"", ""AGENT=minister""]","Prime sentence: an author catches a bishop .
Event roles: VERB=catch; PATIENT=mother; AGENT=minister
Sentence: the",Sentence: the,first_noun,-5.068037033081055,-4.80047607421875,0.2675609588623047,passive,1.0
715,role_labeled,passive,passive,a bishop is caught by an author .,a minister catches a mother .,a mother is caught by a minister .,a,minister,a,mother,catch,catches,caught,"[""VERB=catch"", ""PATIENT=mother"", ""AGENT=minister""]","Prime sentence: a bishop is caught by an author .
Event roles: VERB=catch; PATIENT=mother; AGENT=minister
Sentence: the",Sentence: the,first_noun,-4.809510231018066,-4.89668607711792,-0.08717584609985352,active,0.0
715,role_labeled,no_prime_eos,no_prime_eos,,a minister catches a mother .,a mother is caught by a minister .,a,minister,a,mother,catch,catches,caught,"[""VERB=catch"", ""PATIENT=mother"", ""AGENT=minister""]","Event roles: VERB=catch; PATIENT=mother; AGENT=minister
Sentence: the",Sentence: the,first_noun,-4.858431816101074,-4.411893844604492,0.44653797149658203,passive,1.0
715,role_labeled,filler,filler,The market opened after sunrise .,a minister catches a mother .,a mother is caught by a minister .,a,minister,a,mother,catch,catches,caught,"[""VERB=catch"", ""PATIENT=mother"", ""AGENT=minister""]","Prime sentence: The market opened after sunrise .
Event roles: VERB=catch; PATIENT=mother; AGENT=minister
Sentence: the",Sentence: the,first_noun,-6.103985786437988,-5.57373046875,0.5302553176879883,passive,1.0
716,role_labeled,active,active,a worker chases a writer .,a king chases a lady .,a lady is chased by a king .,a,king,a,lady,chas,chases,chased,"[""AGENT=king"", ""VERB=chas"", ""PATIENT=lady""]","Prime sentence: a worker chases a writer .
Event roles: AGENT=king; VERB=chas; PATIENT=lady
Sentence: the",Sentence: the,first_noun,-2.0437958240509033,-5.461820602416992,-3.418024778366089,active,0.0
716,role_labeled,passive,passive,a writer is chased by a worker .,a king chases a lady .,a lady is chased by a king .,a,king,a,lady,chas,chases,chased,"[""AGENT=king"", ""VERB=chas"", ""PATIENT=lady""]","Prime sentence: a writer is chased by a worker .
Event roles: AGENT=king; VERB=chas; PATIENT=lady
Sentence: the",Sentence: the,first_noun,-2.5555999279022217,-5.721692085266113,-3.1660921573638916,active,0.0
716,role_labeled,no_prime_eos,no_prime_eos,,a king chases a lady .,a lady is chased by a king .,a,king,a,lady,chas,chases,chased,"[""AGENT=king"", ""VERB=chas"", ""PATIENT=lady""]","Event roles: AGENT=king; VERB=chas; PATIENT=lady
Sentence: the",Sentence: the,first_noun,-2.8529622554779053,-6.107229232788086,-3.2542669773101807,active,0.0
716,role_labeled,filler,filler,The window rattled during the storm .,a king chases a lady .,a lady is chased by a king .,a,king,a,lady,chas,chases,chased,"[""AGENT=king"", ""VERB=chas"", ""PATIENT=lady""]","Prime sentence: The window rattled during the storm .
Event roles: AGENT=king; VERB=chas; PATIENT=lady
Sentence: the",Sentence: the,first_noun,-3.7336137294769287,-5.839390754699707,-2.1057770252227783,active,0.0
717,role_labeled,active,active,a husband asks a kid .,a wife asks a winner .,a winner is asked by a wife .,a,wife,a,winner,ask,asks,asked,"[""AGENT=wife"", ""PATIENT=winner"", ""VERB=ask""]","Prime sentence: a husband asks a kid .
Event roles: AGENT=wife; PATIENT=winner; VERB=ask
Sentence: the",Sentence: the,first_noun,-2.9190125465393066,-7.130436420440674,-4.211423873901367,active,0.0
717,role_labeled,passive,passive,a kid is asked by a husband .,a wife asks a winner .,a winner is asked by a wife .,a,wife,a,winner,ask,asks,asked,"[""AGENT=wife"", ""PATIENT=winner"", ""VERB=ask""]","Prime sentence: a kid is asked by a husband .
Event roles: AGENT=wife; PATIENT=winner; VERB=ask
Sentence: the",Sentence: the,first_noun,-2.274780750274658,-6.590315341949463,-4.315534591674805,active,0.0
717,role_labeled,no_prime_eos,no_prime_eos,,a wife asks a winner .,a winner is asked by a wife .,a,wife,a,winner,ask,asks,asked,"[""AGENT=wife"", ""PATIENT=winner"", ""VERB=ask""]","Event roles: AGENT=wife; PATIENT=winner; VERB=ask
Sentence: the",Sentence: the,first_noun,-3.2082998752593994,-4.872084617614746,-1.6637847423553467,active,0.0
717,role_labeled,filler,filler,The market opened after sunrise .,a wife asks a winner .,a winner is asked by a wife .,a,wife,a,winner,ask,asks,asked,"[""AGENT=wife"", ""PATIENT=winner"", ""VERB=ask""]","Prime sentence: The market opened after sunrise .
Event roles: AGENT=wife; PATIENT=winner; VERB=ask
Sentence: the",Sentence: the,first_noun,-5.185765266418457,-7.882037162780762,-2.6962718963623047,active,0.0
718,role_labeled,active,active,a bishop grabs a boy .,a mother grabs a nurse .,a nurse is grabbed by a mother .,a,mother,a,nurse,grab,grabs,grabbed,"[""PATIENT=nurse"", ""AGENT=mother"", ""VERB=grab""]","Prime sentence: a bishop grabs a boy .
Event roles: PATIENT=nurse; AGENT=mother; VERB=grab
Sentence: the",Sentence: the,first_noun,-3.283045530319214,-3.282435655593872,0.0006098747253417969,passive,1.0
718,role_labeled,passive,passive,a boy is grabbed by a bishop .,a mother grabs a nurse .,a nurse is grabbed by a mother .,a,mother,a,nurse,grab,grabs,grabbed,"[""PATIENT=nurse"", ""AGENT=mother"", ""VERB=grab""]","Prime sentence: a boy is grabbed by a bishop .
Event roles: PATIENT=nurse; AGENT=mother; VERB=grab
Sentence: the",Sentence: the,first_noun,-3.961019992828369,-3.5079550743103027,0.4530649185180664,passive,1.0
718,role_labeled,no_prime_eos,no_prime_eos,,a mother grabs a nurse .,a nurse is grabbed by a mother .,a,mother,a,nurse,grab,grabs,grabbed,"[""PATIENT=nurse"", ""AGENT=mother"", ""VERB=grab""]","Event roles: PATIENT=nurse; AGENT=mother; VERB=grab
Sentence: the",Sentence: the,first_noun,-3.79006290435791,-3.4305062294006348,0.3595566749572754,passive,1.0
718,role_labeled,filler,filler,The tourist wandered through the plaza .,a mother grabs a nurse .,a nurse is grabbed by a mother .,a,mother,a,nurse,grab,grabs,grabbed,"[""PATIENT=nurse"", ""AGENT=mother"", ""VERB=grab""]","Prime sentence: The tourist wandered through the plaza .
Event roles: PATIENT=nurse; AGENT=mother; VERB=grab
Sentence: the",Sentence: the,first_noun,-3.760265588760376,-3.220672845840454,0.5395927429199219,passive,1.0
719,role_labeled,active,active,a friend raises a girl .,a soldier raises a son .,a son is raised by a soldier .,a,soldier,a,son,rais,raises,raised,"[""VERB=rais"", ""PATIENT=son"", ""AGENT=soldier""]","Prime sentence: a friend raises a girl .
Event roles: VERB=rais; PATIENT=son; AGENT=soldier
Sentence: the",Sentence: the,first_noun,-3.2782950401306152,-4.843389987945557,-1.5650949478149414,active,0.0
719,role_labeled,passive,passive,a girl is raised by a friend .,a soldier raises a son .,a son is raised by a soldier .,a,soldier,a,son,rais,raises,raised,"[""VERB=rais"", ""PATIENT=son"", ""AGENT=soldier""]","Prime sentence: a girl is raised by a friend .
Event roles: VERB=rais; PATIENT=son; AGENT=soldier
Sentence: the",Sentence: the,first_noun,-3.8603579998016357,-5.239738464355469,-1.379380464553833,active,0.0
719,role_labeled,no_prime_eos,no_prime_eos,,a soldier raises a son .,a son is raised by a soldier .,a,soldier,a,son,rais,raises,raised,"[""VERB=rais"", ""PATIENT=son"", ""AGENT=soldier""]","Event roles: VERB=rais; PATIENT=son; AGENT=soldier
Sentence: the",Sentence: the,first_noun,-4.116483688354492,-5.552621841430664,-1.4361381530761719,active,0.0
719,role_labeled,filler,filler,The package arrived before noon .,a soldier raises a son .,a son is raised by a soldier .,a,soldier,a,son,rais,raises,raised,"[""VERB=rais"", ""PATIENT=son"", ""AGENT=soldier""]","Prime sentence: The package arrived before noon .
Event roles: VERB=rais; PATIENT=son; AGENT=soldier
Sentence: the",Sentence: the,first_noun,-4.547746181488037,-6.002235412597656,-1.4544892311096191,active,0.0
720,role_labeled,active,active,a winner helps a woman .,a husband helps a kid .,a kid is helped by a husband .,a,husband,a,kid,help,helps,helped,"[""AGENT=husband"", ""VERB=help"", ""PATIENT=kid""]","Prime sentence: a winner helps a woman .
Event roles: AGENT=husband; VERB=help; PATIENT=kid
Sentence: the",Sentence: the,first_noun,-3.5886638164520264,-5.860772132873535,-2.272108316421509,active,0.0
720,role_labeled,passive,passive,a woman is helped by a winner .,a husband helps a kid .,a kid is helped by a husband .,a,husband,a,kid,help,helps,helped,"[""AGENT=husband"", ""VERB=help"", ""PATIENT=kid""]","Prime sentence: a woman is helped by a winner .
Event roles: AGENT=husband; VERB=help; PATIENT=kid
Sentence: the",Sentence: the,first_noun,-3.504908323287964,-5.870090484619141,-2.3651821613311768,active,0.0
720,role_labeled,no_prime_eos,no_prime_eos,,a husband helps a kid .,a kid is helped by a husband .,a,husband,a,kid,help,helps,helped,"[""AGENT=husband"", ""VERB=help"", ""PATIENT=kid""]","Event roles: AGENT=husband; VERB=help; PATIENT=kid
Sentence: the",Sentence: the,first_noun,-3.2549736499786377,-5.390021324157715,-2.135047674179077,active,0.0
720,role_labeled,filler,filler,The baker laughed during breakfast .,a husband helps a kid .,a kid is helped by a husband .,a,husband,a,kid,help,helps,helped,"[""AGENT=husband"", ""VERB=help"", ""PATIENT=kid""]","Prime sentence: The baker laughed during breakfast .
Event roles: AGENT=husband; VERB=help; PATIENT=kid
Sentence: the",Sentence: the,first_noun,-4.111701011657715,-5.129606246948242,-1.0179052352905273,active,0.0
721,role_labeled,active,active,a student describes a teacher .,a girl describes a guest .,a guest is described by a girl .,a,girl,a,guest,describ,describes,described,"[""VERB=describ"", ""AGENT=girl"", ""PATIENT=guest""]","Prime sentence: a student describes a teacher .
Event roles: VERB=describ; AGENT=girl; PATIENT=guest
Sentence: the",Sentence: the,first_noun,-2.617147922515869,-6.295473575592041,-3.678325653076172,active,0.0
721,role_labeled,passive,passive,a teacher is described by a student .,a girl describes a guest .,a guest is described by a girl .,a,girl,a,guest,describ,describes,described,"[""VERB=describ"", ""AGENT=girl"", ""PATIENT=guest""]","Prime sentence: a teacher is described by a student .
Event roles: VERB=describ; AGENT=girl; PATIENT=guest
Sentence: the",Sentence: the,first_noun,-2.4976806640625,-6.418310642242432,-3.9206299781799316,active,0.0
721,role_labeled,no_prime_eos,no_prime_eos,,a girl describes a guest .,a guest is described by a girl .,a,girl,a,guest,describ,describes,described,"[""VERB=describ"", ""AGENT=girl"", ""PATIENT=guest""]","Event roles: VERB=describ; AGENT=girl; PATIENT=guest
Sentence: the",Sentence: the,first_noun,-2.4089438915252686,-5.1337690353393555,-2.724825143814087,active,0.0
721,role_labeled,filler,filler,The notebook stayed on the shelf .,a girl describes a guest .,a guest is described by a girl .,a,girl,a,guest,describ,describes,described,"[""VERB=describ"", ""AGENT=girl"", ""PATIENT=guest""]","Prime sentence: The notebook stayed on the shelf .
Event roles: VERB=describ; AGENT=girl; PATIENT=guest
Sentence: the",Sentence: the,first_noun,-3.120032787322998,-5.9443440437316895,-2.8243112564086914,active,0.0
722,role_labeled,active,active,a buddy embraces a candidate .,a parent embraces a partner .,a partner is embraced by a parent .,a,parent,a,partner,embrac,embraces,embraced,"[""AGENT=parent"", ""PATIENT=partner"", ""VERB=embrac""]","Prime sentence: a buddy embraces a candidate .
Event roles: AGENT=parent; PATIENT=partner; VERB=embrac
Sentence: the",Sentence: the,first_noun,-5.482390880584717,-6.483808517456055,-1.001417636871338,active,0.0
722,role_labeled,passive,passive,a candidate is embraced by a buddy .,a parent embraces a partner .,a partner is embraced by a parent .,a,parent,a,partner,embrac,embraces,embraced,"[""AGENT=parent"", ""PATIENT=partner"", ""VERB=embrac""]","Prime sentence: a candidate is embraced by a buddy .
Event roles: AGENT=parent; PATIENT=partner; VERB=embrac
Sentence: the",Sentence: the,first_noun,-5.226198196411133,-6.024117469787598,-0.7979192733764648,active,0.0
722,role_labeled,no_prime_eos,no_prime_eos,,a parent embraces a partner .,a partner is embraced by a parent .,a,parent,a,partner,embrac,embraces,embraced,"[""AGENT=parent"", ""PATIENT=partner"", ""VERB=embrac""]","Event roles: AGENT=parent; PATIENT=partner; VERB=embrac
Sentence: the",Sentence: the,first_noun,-4.7635064125061035,-6.68592643737793,-1.9224200248718262,active,0.0
722,role_labeled,filler,filler,The notebook stayed on the shelf .,a parent embraces a partner .,a partner is embraced by a parent .,a,parent,a,partner,embrac,embraces,embraced,"[""AGENT=parent"", ""PATIENT=partner"", ""VERB=embrac""]","Prime sentence: The notebook stayed on the shelf .
Event roles: AGENT=parent; PATIENT=partner; VERB=embrac
Sentence: the",Sentence: the,first_noun,-5.812430381774902,-7.542357921600342,-1.7299275398254395,active,0.0
723,role_labeled,active,active,a soldier understands a son .,a father understands a friend .,a friend is understood by a father .,a,father,a,friend,understand,understands,understood,"[""AGENT=father"", ""PATIENT=friend"", ""VERB=understand""]","Prime sentence: a soldier understands a son .
Event roles: AGENT=father; PATIENT=friend; VERB=understand
Sentence: the",Sentence: the,first_noun,-3.490323305130005,-6.003537178039551,-2.513213872909546,active,0.0
723,role_labeled,passive,passive,a son is understood by a soldier .,a father understands a friend .,a friend is understood by a father .,a,father,a,friend,understand,understands,understood,"[""AGENT=father"", ""PATIENT=friend"", ""VERB=understand""]","Prime sentence: a son is understood by a soldier .
Event roles: AGENT=father; PATIENT=friend; VERB=understand
Sentence: the",Sentence: the,first_noun,-3.060324192047119,-6.000263214111328,-2.939939022064209,active,0.0
723,role_labeled,no_prime_eos,no_prime_eos,,a father understands a friend .,a friend is understood by a father .,a,father,a,friend,understand,understands,understood,"[""AGENT=father"", ""PATIENT=friend"", ""VERB=understand""]","Event roles: AGENT=father; PATIENT=friend; VERB=understand
Sentence: the",Sentence: the,first_noun,-3.3069896697998047,-6.124827861785889,-2.817838191986084,active,0.0
723,role_labeled,filler,filler,The radio crackled in the attic .,a father understands a friend .,a friend is understood by a father .,a,father,a,friend,understand,understands,understood,"[""AGENT=father"", ""PATIENT=friend"", ""VERB=understand""]","Prime sentence: The radio crackled in the attic .
Event roles: AGENT=father; PATIENT=friend; VERB=understand
Sentence: the",Sentence: the,first_noun,-5.144641399383545,-7.4948272705078125,-2.3501858711242676,active,0.0
724,role_labeled,active,active,a minister hurries a mother .,an aunt hurries an author .,an author is hurried by an aunt .,an,aunt,an,author,hurry,hurries,hurried,"[""VERB=hurry"", ""AGENT=aunt"", ""PATIENT=author""]","Prime sentence: a minister hurries a mother .
Event roles: VERB=hurry; AGENT=aunt; PATIENT=author
Sentence: the",Sentence: the,first_noun,-5.918073654174805,-6.259707450866699,-0.34163379669189453,active,0.0
724,role_labeled,passive,passive,a mother is hurried by a minister .,an aunt hurries an author .,an author is hurried by an aunt .,an,aunt,an,author,hurry,hurries,hurried,"[""VERB=hurry"", ""AGENT=aunt"", ""PATIENT=author""]","Prime sentence: a mother is hurried by a minister .
Event roles: VERB=hurry; AGENT=aunt; PATIENT=author
Sentence: the",Sentence: the,first_noun,-6.48911190032959,-6.462576866149902,0.0265350341796875,passive,1.0
724,role_labeled,no_prime_eos,no_prime_eos,,an aunt hurries an author .,an author is hurried by an aunt .,an,aunt,an,author,hurry,hurries,hurried,"[""VERB=hurry"", ""AGENT=aunt"", ""PATIENT=author""]","Event roles: VERB=hurry; AGENT=aunt; PATIENT=author
Sentence: the",Sentence: the,first_noun,-9.070759773254395,-4.578983306884766,4.491776466369629,passive,1.0
724,role_labeled,filler,filler,The pillow rested on the sofa .,an aunt hurries an author .,an author is hurried by an aunt .,an,aunt,an,author,hurry,hurries,hurried,"[""VERB=hurry"", ""AGENT=aunt"", ""PATIENT=author""]","Prime sentence: The pillow rested on the sofa .
Event roles: VERB=hurry; AGENT=aunt; PATIENT=author
Sentence: the",Sentence: the,first_noun,-8.178428649902344,-8.036815643310547,0.14161300659179688,passive,1.0
725,role_labeled,active,active,a manager destroys a mayor .,an adult destroys an attorney .,an attorney is destroyed by an adult .,an,adult,an,attorney,destroy,destroys,destroyed,"[""VERB=destroy"", ""PATIENT=attorney"", ""AGENT=adult""]","Prime sentence: a manager destroys a mayor .
Event roles: VERB=destroy; PATIENT=attorney; AGENT=adult
Sentence: the",Sentence: the,first_noun,-5.714625358581543,-5.702609062194824,0.01201629638671875,passive,1.0
725,role_labeled,passive,passive,a mayor is destroyed by a manager .,an adult destroys an attorney .,an attorney is destroyed by an adult .,an,adult,an,attorney,destroy,destroys,destroyed,"[""VERB=destroy"", ""PATIENT=attorney"", ""AGENT=adult""]","Prime sentence: a mayor is destroyed by a manager .
Event roles: VERB=destroy; PATIENT=attorney; AGENT=adult
Sentence: the",Sentence: the,first_noun,-5.936345100402832,-5.938187599182129,-0.001842498779296875,active,0.0
725,role_labeled,no_prime_eos,no_prime_eos,,an adult destroys an attorney .,an attorney is destroyed by an adult .,an,adult,an,attorney,destroy,destroys,destroyed,"[""VERB=destroy"", ""PATIENT=attorney"", ""AGENT=adult""]","Event roles: VERB=destroy; PATIENT=attorney; AGENT=adult
Sentence: the",Sentence: the,first_noun,-4.786267280578613,-6.343120574951172,-1.5568532943725586,active,0.0
725,role_labeled,filler,filler,The blanket dried on the line .,an adult destroys an attorney .,an attorney is destroyed by an adult .,an,adult,an,attorney,destroy,destroys,destroyed,"[""VERB=destroy"", ""PATIENT=attorney"", ""AGENT=adult""]","Prime sentence: The blanket dried on the line .
Event roles: VERB=destroy; PATIENT=attorney; AGENT=adult
Sentence: the",Sentence: the,first_noun,-5.779865741729736,-5.752898693084717,0.02696704864501953,passive,1.0
726,role_labeled,active,active,a brother kisses a buddy .,an opponent kisses a parent .,a parent is kissed by an opponent .,an,opponent,a,parent,kiss,kisses,kissed,"[""AGENT=opponent"", ""PATIENT=parent"", ""VERB=kiss""]","Prime sentence: a brother kisses a buddy .
Event roles: AGENT=opponent; PATIENT=parent; VERB=kiss
Sentence: the",Sentence: the,first_noun,-7.513187408447266,-6.281654357910156,1.2315330505371094,passive,1.0
726,role_labeled,passive,passive,a buddy is kissed by a brother .,an opponent kisses a parent .,a parent is kissed by an opponent .,an,opponent,a,parent,kiss,kisses,kissed,"[""AGENT=opponent"", ""PATIENT=parent"", ""VERB=kiss""]","Prime sentence: a buddy is kissed by a brother .
Event roles: AGENT=opponent; PATIENT=parent; VERB=kiss
Sentence: the",Sentence: the,first_noun,-7.286376476287842,-6.260756492614746,1.0256199836730957,passive,1.0
726,role_labeled,no_prime_eos,no_prime_eos,,an opponent kisses a parent .,a parent is kissed by an opponent .,an,opponent,a,parent,kiss,kisses,kissed,"[""AGENT=opponent"", ""PATIENT=parent"", ""VERB=kiss""]","Event roles: AGENT=opponent; PATIENT=parent; VERB=kiss
Sentence: the",Sentence: the,first_noun,-5.318965435028076,-5.414031028747559,-0.09506559371948242,active,0.0
726,role_labeled,filler,filler,The lantern glowed near sunset .,an opponent kisses a parent .,a parent is kissed by an opponent .,an,opponent,a,parent,kiss,kisses,kissed,"[""AGENT=opponent"", ""PATIENT=parent"", ""VERB=kiss""]","Prime sentence: The lantern glowed near sunset .
Event roles: AGENT=opponent; PATIENT=parent; VERB=kiss
Sentence: the",Sentence: the,first_noun,-8.414640426635742,-7.919855117797852,0.4947853088378906,passive,1.0
727,role_labeled,active,active,a guy kills a hero .,a teacher kills an uncle .,an uncle is killed by a teacher .,a,teacher,an,uncle,kill,kills,killed,"[""VERB=kill"", ""PATIENT=uncle"", ""AGENT=teacher""]","Prime sentence: a guy kills a hero .
Event roles: VERB=kill; PATIENT=uncle; AGENT=teacher
Sentence: the",Sentence: the,first_noun,-3.908292055130005,-7.238738536834717,-3.330446481704712,active,0.0
727,role_labeled,passive,passive,a hero is killed by a guy .,a teacher kills an uncle .,an uncle is killed by a teacher .,a,teacher,an,uncle,kill,kills,killed,"[""VERB=kill"", ""PATIENT=uncle"", ""AGENT=teacher""]","Prime sentence: a hero is killed by a guy .
Event roles: VERB=kill; PATIENT=uncle; AGENT=teacher
Sentence: the",Sentence: the,first_noun,-3.9060299396514893,-7.212527751922607,-3.306497812271118,active,0.0
727,role_labeled,no_prime_eos,no_prime_eos,,a teacher kills an uncle .,an uncle is killed by a teacher .,a,teacher,an,uncle,kill,kills,killed,"[""VERB=kill"", ""PATIENT=uncle"", ""AGENT=teacher""]","Event roles: VERB=kill; PATIENT=uncle; AGENT=teacher
Sentence: the",Sentence: the,first_noun,-3.332382917404175,-7.934807777404785,-4.60242486000061,active,0.0
727,role_labeled,filler,filler,The package arrived before noon .,a teacher kills an uncle .,an uncle is killed by a teacher .,a,teacher,an,uncle,kill,kills,killed,"[""VERB=kill"", ""PATIENT=uncle"", ""AGENT=teacher""]","Prime sentence: The package arrived before noon .
Event roles: VERB=kill; PATIENT=uncle; AGENT=teacher
Sentence: the",Sentence: the,first_noun,-3.9514341354370117,-7.347834587097168,-3.3964004516601562,active,0.0
728,role_labeled,active,active,a mother washes a nurse .,an author washes a bishop .,a bishop is washed by an author .,an,author,a,bishop,wash,washes,washed,"[""VERB=wash"", ""PATIENT=bishop"", ""AGENT=author""]","Prime sentence: a mother washes a nurse .
Event roles: VERB=wash; PATIENT=bishop; AGENT=author
Sentence: the",Sentence: the,first_noun,-6.107321262359619,-3.9852356910705566,2.1220855712890625,passive,1.0
728,role_labeled,passive,passive,a nurse is washed by a mother .,an author washes a bishop .,a bishop is washed by an author .,an,author,a,bishop,wash,washes,washed,"[""VERB=wash"", ""PATIENT=bishop"", ""AGENT=author""]","Prime sentence: a nurse is washed by a mother .
Event roles: VERB=wash; PATIENT=bishop; AGENT=author
Sentence: the",Sentence: the,first_noun,-6.097512245178223,-3.88018536567688,2.2173268795013428,passive,1.0
728,role_labeled,no_prime_eos,no_prime_eos,,an author washes a bishop .,a bishop is washed by an author .,an,author,a,bishop,wash,washes,washed,"[""VERB=wash"", ""PATIENT=bishop"", ""AGENT=author""]","Event roles: VERB=wash; PATIENT=bishop; AGENT=author
Sentence: the",Sentence: the,first_noun,-4.845935344696045,-4.492593288421631,0.35334205627441406,passive,1.0
728,role_labeled,filler,filler,The blanket dried on the line .,an author washes a bishop .,a bishop is washed by an author .,an,author,a,bishop,wash,washes,washed,"[""VERB=wash"", ""PATIENT=bishop"", ""AGENT=author""]","Prime sentence: The blanket dried on the line .
Event roles: VERB=wash; PATIENT=bishop; AGENT=author
Sentence: the",Sentence: the,first_noun,-7.203186988830566,-5.679726600646973,1.5234603881835938,passive,1.0
729,role_labeled,active,active,a priest washes a prince .,a chief washes a child .,a child is washed by a chief .,a,chief,a,child,wash,washes,washed,"[""VERB=wash"", ""PATIENT=child"", ""AGENT=chief""]","Prime sentence: a priest washes a prince .
Event roles: VERB=wash; PATIENT=child; AGENT=chief
Sentence: the",Sentence: the,first_noun,-4.633347511291504,-4.247313499450684,0.3860340118408203,passive,1.0
729,role_labeled,passive,passive,a prince is washed by a priest .,a chief washes a child .,a child is washed by a chief .,a,chief,a,child,wash,washes,washed,"[""VERB=wash"", ""PATIENT=child"", ""AGENT=chief""]","Prime sentence: a prince is washed by a priest .
Event roles: VERB=wash; PATIENT=child; AGENT=chief
Sentence: the",Sentence: the,first_noun,-4.998570442199707,-4.069772720336914,0.928797721862793,passive,1.0
729,role_labeled,no_prime_eos,no_prime_eos,,a chief washes a child .,a child is washed by a chief .,a,chief,a,child,wash,washes,washed,"[""VERB=wash"", ""PATIENT=child"", ""AGENT=chief""]","Event roles: VERB=wash; PATIENT=child; AGENT=chief
Sentence: the",Sentence: the,first_noun,-4.187262058258057,-4.433768272399902,-0.2465062141418457,active,0.0
729,role_labeled,filler,filler,The package arrived before noon .,a chief washes a child .,a child is washed by a chief .,a,chief,a,child,wash,washes,washed,"[""VERB=wash"", ""PATIENT=child"", ""AGENT=chief""]","Prime sentence: The package arrived before noon .
Event roles: VERB=wash; PATIENT=child; AGENT=chief
Sentence: the",Sentence: the,first_noun,-5.681037902832031,-3.852069854736328,1.8289680480957031,passive,1.0
730,role_labeled,active,active,an employee grabs an employer .,a secretary grabs a sheriff .,a sheriff is grabbed by a secretary .,a,secretary,a,sheriff,grab,grabs,grabbed,"[""VERB=grab"", ""AGENT=secretary"", ""PATIENT=sheriff""]","Prime sentence: an employee grabs an employer .
Event roles: VERB=grab; AGENT=secretary; PATIENT=sheriff
Sentence: the",Sentence: the,first_noun,-4.687163352966309,-3.653625249862671,1.0335381031036377,passive,1.0
730,role_labeled,passive,passive,an employer is grabbed by an employee .,a secretary grabs a sheriff .,a sheriff is grabbed by a secretary .,a,secretary,a,sheriff,grab,grabs,grabbed,"[""VERB=grab"", ""AGENT=secretary"", ""PATIENT=sheriff""]","Prime sentence: an employer is grabbed by an employee .
Event roles: VERB=grab; AGENT=secretary; PATIENT=sheriff
Sentence: the",Sentence: the,first_noun,-5.2367424964904785,-3.89725923538208,1.3394832611083984,passive,1.0
730,role_labeled,no_prime_eos,no_prime_eos,,a secretary grabs a sheriff .,a sheriff is grabbed by a secretary .,a,secretary,a,sheriff,grab,grabs,grabbed,"[""VERB=grab"", ""AGENT=secretary"", ""PATIENT=sheriff""]","Event roles: VERB=grab; AGENT=secretary; PATIENT=sheriff
Sentence: the",Sentence: the,first_noun,-5.34496545791626,-5.4504876136779785,-0.10552215576171875,active,0.0
730,role_labeled,filler,filler,The baker laughed during breakfast .,a secretary grabs a sheriff .,a sheriff is grabbed by a secretary .,a,secretary,a,sheriff,grab,grabs,grabbed,"[""VERB=grab"", ""AGENT=secretary"", ""PATIENT=sheriff""]","Prime sentence: The baker laughed during breakfast .
Event roles: VERB=grab; AGENT=secretary; PATIENT=sheriff
Sentence: the",Sentence: the,first_noun,-5.765336036682129,-4.291381359100342,1.473954677581787,passive,1.0
731,role_labeled,active,active,a minister understands a mother .,an aunt understands an author .,an author is understood by an aunt .,an,aunt,an,author,understand,understands,understood,"[""VERB=understand"", ""PATIENT=author"", ""AGENT=aunt""]","Prime sentence: a minister understands a mother .
Event roles: VERB=understand; PATIENT=author; AGENT=aunt
Sentence: the",Sentence: the,first_noun,-7.086706161499023,-7.033100605010986,0.05360555648803711,passive,1.0
731,role_labeled,passive,passive,a mother is understood by a minister .,an aunt understands an author .,an author is understood by an aunt .,an,aunt,an,author,understand,understands,understood,"[""VERB=understand"", ""PATIENT=author"", ""AGENT=aunt""]","Prime sentence: a mother is understood by a minister .
Event roles: VERB=understand; PATIENT=author; AGENT=aunt
Sentence: the",Sentence: the,first_noun,-7.031393051147461,-6.8305864334106445,0.2008066177368164,passive,1.0
731,role_labeled,no_prime_eos,no_prime_eos,,an aunt understands an author .,an author is understood by an aunt .,an,aunt,an,author,understand,understands,understood,"[""VERB=understand"", ""PATIENT=author"", ""AGENT=aunt""]","Event roles: VERB=understand; PATIENT=author; AGENT=aunt
Sentence: the",Sentence: the,first_noun,-8.519200325012207,-5.337626934051514,3.1815733909606934,passive,1.0
731,role_labeled,filler,filler,The blanket dried on the line .,an aunt understands an author .,an author is understood by an aunt .,an,aunt,an,author,understand,understands,understood,"[""VERB=understand"", ""PATIENT=author"", ""AGENT=aunt""]","Prime sentence: The blanket dried on the line .
Event roles: VERB=understand; PATIENT=author; AGENT=aunt
Sentence: the",Sentence: the,first_noun,-9.157611846923828,-8.524477005004883,0.6331348419189453,passive,1.0
732,role_labeled,active,active,a colonel comforts a cop .,a prince comforts a princess .,a princess is comforted by a prince .,a,prince,a,princess,comfort,comforts,comforted,"[""PATIENT=princess"", ""AGENT=prince"", ""VERB=comfort""]","Prime sentence: a colonel comforts a cop .
Event roles: PATIENT=princess; AGENT=prince; VERB=comfort
Sentence: the",Sentence: the,first_noun,-4.476276397705078,-4.9834818840026855,-0.5072054862976074,active,0.0
732,role_labeled,passive,passive,a cop is comforted by a colonel .,a prince comforts a princess .,a princess is comforted by a prince .,a,prince,a,princess,comfort,comforts,comforted,"[""PATIENT=princess"", ""AGENT=prince"", ""VERB=comfort""]","Prime sentence: a cop is comforted by a colonel .
Event roles: PATIENT=princess; AGENT=prince; VERB=comfort
Sentence: the",Sentence: the,first_noun,-4.54604434967041,-5.092203140258789,-0.5461587905883789,active,0.0
732,role_labeled,no_prime_eos,no_prime_eos,,a prince comforts a princess .,a princess is comforted by a prince .,a,prince,a,princess,comfort,comforts,comforted,"[""PATIENT=princess"", ""AGENT=prince"", ""VERB=comfort""]","Event roles: PATIENT=princess; AGENT=prince; VERB=comfort
Sentence: the",Sentence: the,first_noun,-3.2224409580230713,-3.1455295085906982,0.07691144943237305,passive,1.0
732,role_labeled,filler,filler,The painter waited near the doorway .,a prince comforts a princess .,a princess is comforted by a prince .,a,prince,a,princess,comfort,comforts,comforted,"[""PATIENT=princess"", ""AGENT=prince"", ""VERB=comfort""]","Prime sentence: The painter waited near the doorway .
Event roles: PATIENT=princess; AGENT=prince; VERB=comfort
Sentence: the",Sentence: the,first_noun,-3.284907341003418,-4.308167457580566,-1.0232601165771484,active,0.0
733,role_labeled,active,active,a candidate forgets a captain .,a partner forgets a physician .,a physician is forgotten by a partner .,a,partner,a,physician,forget,forgets,forgotten,"[""VERB=forget"", ""PATIENT=physician"", ""AGENT=partner""]","Prime sentence: a candidate forgets a captain .
Event roles: VERB=forget; PATIENT=physician; AGENT=partner
Sentence: the",Sentence: the,first_noun,-6.797255516052246,-5.615686893463135,1.1815686225891113,passive,1.0
733,role_labeled,passive,passive,a captain is forgotten by a candidate .,a partner forgets a physician .,a physician is forgotten by a partner .,a,partner,a,physician,forget,forgets,forgotten,"[""VERB=forget"", ""PATIENT=physician"", ""AGENT=partner""]","Prime sentence: a captain is forgotten by a candidate .
Event roles: VERB=forget; PATIENT=physician; AGENT=partner
Sentence: the",Sentence: the,first_noun,-7.312982559204102,-5.945878028869629,1.3671045303344727,passive,1.0
733,role_labeled,no_prime_eos,no_prime_eos,,a partner forgets a physician .,a physician is forgotten by a partner .,a,partner,a,physician,forget,forgets,forgotten,"[""VERB=forget"", ""PATIENT=physician"", ""AGENT=partner""]","Event roles: VERB=forget; PATIENT=physician; AGENT=partner
Sentence: the",Sentence: the,first_noun,-7.150424003601074,-3.9396145343780518,3.2108094692230225,passive,1.0
733,role_labeled,filler,filler,The planet shimmered above the valley .,a partner forgets a physician .,a physician is forgotten by a partner .,a,partner,a,physician,forget,forgets,forgotten,"[""VERB=forget"", ""PATIENT=physician"", ""AGENT=partner""]","Prime sentence: The planet shimmered above the valley .
Event roles: VERB=forget; PATIENT=physician; AGENT=partner
Sentence: the",Sentence: the,first_noun,-9.169234275817871,-6.983739376068115,2.185494899749756,passive,1.0
734,role_labeled,active,active,an actor carries an actress .,a lawyer carries a leader .,a leader is carried by a lawyer .,a,lawyer,a,leader,carry,carries,carried,"[""VERB=carry"", ""AGENT=lawyer"", ""PATIENT=leader""]","Prime sentence: an actor carries an actress .
Event roles: VERB=carry; AGENT=lawyer; PATIENT=leader
Sentence: the",Sentence: the,first_noun,-5.775423526763916,-5.677687644958496,0.09773588180541992,passive,1.0
734,role_labeled,passive,passive,an actress is carried by an actor .,a lawyer carries a leader .,a leader is carried by a lawyer .,a,lawyer,a,leader,carry,carries,carried,"[""VERB=carry"", ""AGENT=lawyer"", ""PATIENT=leader""]","Prime sentence: an actress is carried by an actor .
Event roles: VERB=carry; AGENT=lawyer; PATIENT=leader
Sentence: the",Sentence: the,first_noun,-5.557308673858643,-5.710890293121338,-0.1535816192626953,active,0.0
734,role_labeled,no_prime_eos,no_prime_eos,,a lawyer carries a leader .,a leader is carried by a lawyer .,a,lawyer,a,leader,carry,carries,carried,"[""VERB=carry"", ""AGENT=lawyer"", ""PATIENT=leader""]","Event roles: VERB=carry; AGENT=lawyer; PATIENT=leader
Sentence: the",Sentence: the,first_noun,-5.0859479904174805,-5.02194881439209,0.06399917602539062,passive,1.0
734,role_labeled,filler,filler,The kettle whistled in the kitchen .,a lawyer carries a leader .,a leader is carried by a lawyer .,a,lawyer,a,leader,carry,carries,carried,"[""VERB=carry"", ""AGENT=lawyer"", ""PATIENT=leader""]","Prime sentence: The kettle whistled in the kitchen .
Event roles: VERB=carry; AGENT=lawyer; PATIENT=leader
Sentence: the",Sentence: the,first_noun,-5.996881484985352,-8.098689079284668,-2.1018075942993164,active,0.0
735,role_labeled,active,active,a pilot surprises a president .,a captain surprises a champion .,a champion is surprised by a captain .,a,captain,a,champion,surpris,surprises,surprised,"[""VERB=surpris"", ""AGENT=captain"", ""PATIENT=champion""]","Prime sentence: a pilot surprises a president .
Event roles: VERB=surpris; AGENT=captain; PATIENT=champion
Sentence: the",Sentence: the,first_noun,-4.059080123901367,-7.545798301696777,-3.48671817779541,active,0.0
735,role_labeled,passive,passive,a president is surprised by a pilot .,a captain surprises a champion .,a champion is surprised by a captain .,a,captain,a,champion,surpris,surprises,surprised,"[""VERB=surpris"", ""AGENT=captain"", ""PATIENT=champion""]","Prime sentence: a president is surprised by a pilot .
Event roles: VERB=surpris; AGENT=captain; PATIENT=champion
Sentence: the",Sentence: the,first_noun,-3.955744743347168,-7.762643814086914,-3.806899070739746,active,0.0
735,role_labeled,no_prime_eos,no_prime_eos,,a captain surprises a champion .,a champion is surprised by a captain .,a,captain,a,champion,surpris,surprises,surprised,"[""VERB=surpris"", ""AGENT=captain"", ""PATIENT=champion""]","Event roles: VERB=surpris; AGENT=captain; PATIENT=champion
Sentence: the",Sentence: the,first_noun,-3.8314144611358643,-5.485142707824707,-1.6537282466888428,active,0.0
735,role_labeled,filler,filler,The lantern glowed near sunset .,a captain surprises a champion .,a champion is surprised by a captain .,a,captain,a,champion,surpris,surprises,surprised,"[""VERB=surpris"", ""AGENT=captain"", ""PATIENT=champion""]","Prime sentence: The lantern glowed near sunset .
Event roles: VERB=surpris; AGENT=captain; PATIENT=champion
Sentence: the",Sentence: the,first_noun,-4.237337589263916,-7.007572174072266,-2.7702345848083496,active,0.0
736,role_labeled,active,active,a professor punches a reader .,a cop punches a cousin .,a cousin is punched by a cop .,a,cop,a,cousin,punch,punches,punched,"[""VERB=punch"", ""AGENT=cop"", ""PATIENT=cousin""]","Prime sentence: a professor punches a reader .
Event roles: VERB=punch; AGENT=cop; PATIENT=cousin
Sentence: the",Sentence: the,first_noun,-4.283054351806641,-8.919937133789062,-4.636882781982422,active,0.0
736,role_labeled,passive,passive,a reader is punched by a professor .,a cop punches a cousin .,a cousin is punched by a cop .,a,cop,a,cousin,punch,punches,punched,"[""VERB=punch"", ""AGENT=cop"", ""PATIENT=cousin""]","Prime sentence: a reader is punched by a professor .
Event roles: VERB=punch; AGENT=cop; PATIENT=cousin
Sentence: the",Sentence: the,first_noun,-4.878796577453613,-9.086554527282715,-4.207757949829102,active,0.0
736,role_labeled,no_prime_eos,no_prime_eos,,a cop punches a cousin .,a cousin is punched by a cop .,a,cop,a,cousin,punch,punches,punched,"[""VERB=punch"", ""AGENT=cop"", ""PATIENT=cousin""]","Event roles: VERB=punch; AGENT=cop; PATIENT=cousin
Sentence: the",Sentence: the,first_noun,-4.947587490081787,-8.490127563476562,-3.5425400733947754,active,0.0
736,role_labeled,filler,filler,The notebook stayed on the shelf .,a cop punches a cousin .,a cousin is punched by a cop .,a,cop,a,cousin,punch,punches,punched,"[""VERB=punch"", ""AGENT=cop"", ""PATIENT=cousin""]","Prime sentence: The notebook stayed on the shelf .
Event roles: VERB=punch; AGENT=cop; PATIENT=cousin
Sentence: the",Sentence: the,first_noun,-5.1102824211120605,-7.616874694824219,-2.506592273712158,active,0.0
737,role_labeled,active,active,a guy asks a hero .,a teacher asks an uncle .,an uncle is asked by a teacher .,a,teacher,an,uncle,ask,asks,asked,"[""VERB=ask"", ""PATIENT=uncle"", ""AGENT=teacher""]","Prime sentence: a guy asks a hero .
Event roles: VERB=ask; PATIENT=uncle; AGENT=teacher
Sentence: the",Sentence: the,first_noun,-4.112112998962402,-7.497730731964111,-3.385617733001709,active,0.0
737,role_labeled,passive,passive,a hero is asked by a guy .,a teacher asks an uncle .,an uncle is asked by a teacher .,a,teacher,an,uncle,ask,asks,asked,"[""VERB=ask"", ""PATIENT=uncle"", ""AGENT=teacher""]","Prime sentence: a hero is asked by a guy .
Event roles: VERB=ask; PATIENT=uncle; AGENT=teacher
Sentence: the",Sentence: the,first_noun,-4.068703651428223,-7.277397155761719,-3.208693504333496,active,0.0
737,role_labeled,no_prime_eos,no_prime_eos,,a teacher asks an uncle .,an uncle is asked by a teacher .,a,teacher,an,uncle,ask,asks,asked,"[""VERB=ask"", ""PATIENT=uncle"", ""AGENT=teacher""]","Event roles: VERB=ask; PATIENT=uncle; AGENT=teacher
Sentence: the",Sentence: the,first_noun,-3.543130874633789,-8.258139610290527,-4.715008735656738,active,0.0
737,role_labeled,filler,filler,The tourist wandered through the plaza .,a teacher asks an uncle .,an uncle is asked by a teacher .,a,teacher,an,uncle,ask,asks,asked,"[""VERB=ask"", ""PATIENT=uncle"", ""AGENT=teacher""]","Prime sentence: The tourist wandered through the plaza .
Event roles: VERB=ask; PATIENT=uncle; AGENT=teacher
Sentence: the",Sentence: the,first_noun,-3.7269415855407715,-7.117654800415039,-3.3907132148742676,active,0.0
738,role_labeled,active,active,a partner washes a physician .,a buddy washes a candidate .,a candidate is washed by a buddy .,a,buddy,a,candidate,wash,washes,washed,"[""PATIENT=candidate"", ""AGENT=buddy"", ""VERB=wash""]","Prime sentence: a partner washes a physician .
Event roles: PATIENT=candidate; AGENT=buddy; VERB=wash
Sentence: the",Sentence: the,first_noun,-8.087896347045898,-4.216443061828613,3.871453285217285,passive,1.0
738,role_labeled,passive,passive,a physician is washed by a partner .,a buddy washes a candidate .,a candidate is washed by a buddy .,a,buddy,a,candidate,wash,washes,washed,"[""PATIENT=candidate"", ""AGENT=buddy"", ""VERB=wash""]","Prime sentence: a physician is washed by a partner .
Event roles: PATIENT=candidate; AGENT=buddy; VERB=wash
Sentence: the",Sentence: the,first_noun,-9.306477546691895,-4.53631591796875,4.7701616287231445,passive,1.0
738,role_labeled,no_prime_eos,no_prime_eos,,a buddy washes a candidate .,a candidate is washed by a buddy .,a,buddy,a,candidate,wash,washes,washed,"[""PATIENT=candidate"", ""AGENT=buddy"", ""VERB=wash""]","Event roles: PATIENT=candidate; AGENT=buddy; VERB=wash
Sentence: the",Sentence: the,first_noun,-8.216358184814453,-4.599811553955078,3.616546630859375,passive,1.0
738,role_labeled,filler,filler,The singer smiled after rehearsal .,a buddy washes a candidate .,a candidate is washed by a buddy .,a,buddy,a,candidate,wash,washes,washed,"[""PATIENT=candidate"", ""AGENT=buddy"", ""VERB=wash""]","Prime sentence: The singer smiled after rehearsal .
Event roles: PATIENT=candidate; AGENT=buddy; VERB=wash
Sentence: the",Sentence: the,first_noun,-9.842144966125488,-4.883035659790039,4.959109306335449,passive,1.0
739,role_labeled,active,active,a lady teaches a lawyer .,a worker teaches a writer .,a writer is taught by a worker .,a,worker,a,writer,teach,teaches,taught,"[""VERB=teach"", ""AGENT=worker"", ""PATIENT=writer""]","Prime sentence: a lady teaches a lawyer .
Event roles: VERB=teach; AGENT=worker; PATIENT=writer
Sentence: the",Sentence: the,first_noun,-6.466890335083008,-6.195958137512207,0.2709321975708008,passive,1.0
739,role_labeled,passive,passive,a lawyer is taught by a lady .,a worker teaches a writer .,a writer is taught by a worker .,a,worker,a,writer,teach,teaches,taught,"[""VERB=teach"", ""AGENT=worker"", ""PATIENT=writer""]","Prime sentence: a lawyer is taught by a lady .
Event roles: VERB=teach; AGENT=worker; PATIENT=writer
Sentence: the",Sentence: the,first_noun,-6.210424423217773,-5.936066150665283,0.27435827255249023,passive,1.0
739,role_labeled,no_prime_eos,no_prime_eos,,a worker teaches a writer .,a writer is taught by a worker .,a,worker,a,writer,teach,teaches,taught,"[""VERB=teach"", ""AGENT=worker"", ""PATIENT=writer""]","Event roles: VERB=teach; AGENT=worker; PATIENT=writer
Sentence: the",Sentence: the,first_noun,-5.551226615905762,-5.471846103668213,0.07938051223754883,passive,1.0
739,role_labeled,filler,filler,The teacher listened during assembly .,a worker teaches a writer .,a writer is taught by a worker .,a,worker,a,writer,teach,teaches,taught,"[""VERB=teach"", ""AGENT=worker"", ""PATIENT=writer""]","Prime sentence: The teacher listened during assembly .
Event roles: VERB=teach; AGENT=worker; PATIENT=writer
Sentence: the",Sentence: the,first_noun,-3.6021182537078857,-5.945850372314453,-2.3437321186065674,active,0.0
740,role_labeled,active,active,a captain bothers a champion .,a physician bothers a pilot .,a pilot is bothered by a physician .,a,physician,a,pilot,bother,bothers,bothered,"[""PATIENT=pilot"", ""VERB=bother"", ""AGENT=physician""]","Prime sentence: a captain bothers a champion .
Event roles: PATIENT=pilot; VERB=bother; AGENT=physician
Sentence: the",Sentence: the,first_noun,-6.0411787033081055,-4.263803482055664,1.7773752212524414,passive,1.0
740,role_labeled,passive,passive,a champion is bothered by a captain .,a physician bothers a pilot .,a pilot is bothered by a physician .,a,physician,a,pilot,bother,bothers,bothered,"[""PATIENT=pilot"", ""VERB=bother"", ""AGENT=physician""]","Prime sentence: a champion is bothered by a captain .
Event roles: PATIENT=pilot; VERB=bother; AGENT=physician
Sentence: the",Sentence: the,first_noun,-5.883462905883789,-4.621628761291504,1.2618341445922852,passive,1.0
740,role_labeled,no_prime_eos,no_prime_eos,,a physician bothers a pilot .,a pilot is bothered by a physician .,a,physician,a,pilot,bother,bothers,bothered,"[""PATIENT=pilot"", ""VERB=bother"", ""AGENT=physician""]","Event roles: PATIENT=pilot; VERB=bother; AGENT=physician
Sentence: the",Sentence: the,first_noun,-4.377532482147217,-3.139843463897705,1.2376890182495117,passive,1.0
740,role_labeled,filler,filler,The tourist wandered through the plaza .,a physician bothers a pilot .,a pilot is bothered by a physician .,a,physician,a,pilot,bother,bothers,bothered,"[""PATIENT=pilot"", ""VERB=bother"", ""AGENT=physician""]","Prime sentence: The tourist wandered through the plaza .
Event roles: PATIENT=pilot; VERB=bother; AGENT=physician
Sentence: the",Sentence: the,first_noun,-5.1634721755981445,-3.940450429916382,1.2230217456817627,passive,1.0
741,role_labeled,active,active,a woman comforts a worker .,a kid comforts a king .,a king is comforted by a kid .,a,kid,a,king,comfort,comforts,comforted,"[""VERB=comfort"", ""AGENT=kid"", ""PATIENT=king""]","Prime sentence: a woman comforts a worker .
Event roles: VERB=comfort; AGENT=kid; PATIENT=king
Sentence: the",Sentence: the,first_noun,-6.453044891357422,-3.1639795303344727,3.289065361022949,passive,1.0
741,role_labeled,passive,passive,a worker is comforted by a woman .,a kid comforts a king .,a king is comforted by a kid .,a,kid,a,king,comfort,comforts,comforted,"[""VERB=comfort"", ""AGENT=kid"", ""PATIENT=king""]","Prime sentence: a worker is comforted by a woman .
Event roles: VERB=comfort; AGENT=kid; PATIENT=king
Sentence: the",Sentence: the,first_noun,-6.50302791595459,-2.7084949016571045,3.7945330142974854,passive,1.0
741,role_labeled,no_prime_eos,no_prime_eos,,a kid comforts a king .,a king is comforted by a kid .,a,kid,a,king,comfort,comforts,comforted,"[""VERB=comfort"", ""AGENT=kid"", ""PATIENT=king""]","Event roles: VERB=comfort; AGENT=kid; PATIENT=king
Sentence: the",Sentence: the,first_noun,-6.75830078125,-3.1550567150115967,3.6032440662384033,passive,1.0
741,role_labeled,filler,filler,The planet shimmered above the valley .,a kid comforts a king .,a king is comforted by a kid .,a,kid,a,king,comfort,comforts,comforted,"[""VERB=comfort"", ""AGENT=kid"", ""PATIENT=king""]","Prime sentence: The planet shimmered above the valley .
Event roles: VERB=comfort; AGENT=kid; PATIENT=king
Sentence: the",Sentence: the,first_noun,-7.308174133300781,-3.656967878341675,3.6512062549591064,passive,1.0
742,role_labeled,active,active,a lawyer embraces a leader .,a writer embraces an actor .,an actor is embraced by a writer .,a,writer,an,actor,embrac,embraces,embraced,"[""PATIENT=actor"", ""AGENT=writer"", ""VERB=embrac""]","Prime sentence: a lawyer embraces a leader .
Event roles: PATIENT=actor; AGENT=writer; VERB=embrac
Sentence: the",Sentence: the,first_noun,-6.0111613273620605,-5.12342643737793,0.8877348899841309,passive,1.0
742,role_labeled,passive,passive,a leader is embraced by a lawyer .,a writer embraces an actor .,an actor is embraced by a writer .,a,writer,an,actor,embrac,embraces,embraced,"[""PATIENT=actor"", ""AGENT=writer"", ""VERB=embrac""]","Prime sentence: a leader is embraced by a lawyer .
Event roles: PATIENT=actor; AGENT=writer; VERB=embrac
Sentence: the",Sentence: the,first_noun,-6.259943008422852,-5.015405654907227,1.244537353515625,passive,1.0
742,role_labeled,no_prime_eos,no_prime_eos,,a writer embraces an actor .,an actor is embraced by a writer .,a,writer,an,actor,embrac,embraces,embraced,"[""PATIENT=actor"", ""AGENT=writer"", ""VERB=embrac""]","Event roles: PATIENT=actor; AGENT=writer; VERB=embrac
Sentence: the",Sentence: the,first_noun,-5.49553108215332,-4.706904411315918,0.7886266708374023,passive,1.0
742,role_labeled,filler,filler,The package arrived before noon .,a writer embraces an actor .,an actor is embraced by a writer .,a,writer,an,actor,embrac,embraces,embraced,"[""PATIENT=actor"", ""AGENT=writer"", ""VERB=embrac""]","Prime sentence: The package arrived before noon .
Event roles: PATIENT=actor; AGENT=writer; VERB=embrac
Sentence: the",Sentence: the,first_noun,-7.6374969482421875,-6.6229658126831055,1.014531135559082,passive,1.0
743,role_labeled,active,active,a soldier judges a son .,a father judges a friend .,a friend is judged by a father .,a,father,a,friend,judg,judges,judged,"[""PATIENT=friend"", ""AGENT=father"", ""VERB=judg""]","Prime sentence: a soldier judges a son .
Event roles: PATIENT=friend; AGENT=father; VERB=judg
Sentence: the",Sentence: the,first_noun,-2.88969087600708,-5.426989555358887,-2.5372986793518066,active,0.0
743,role_labeled,passive,passive,a son is judged by a soldier .,a father judges a friend .,a friend is judged by a father .,a,father,a,friend,judg,judges,judged,"[""PATIENT=friend"", ""AGENT=father"", ""VERB=judg""]","Prime sentence: a son is judged by a soldier .
Event roles: PATIENT=friend; AGENT=father; VERB=judg
Sentence: the",Sentence: the,first_noun,-3.0520246028900146,-5.789621353149414,-2.7375967502593994,active,0.0
743,role_labeled,no_prime_eos,no_prime_eos,,a father judges a friend .,a friend is judged by a father .,a,father,a,friend,judg,judges,judged,"[""PATIENT=friend"", ""AGENT=father"", ""VERB=judg""]","Event roles: PATIENT=friend; AGENT=father; VERB=judg
Sentence: the",Sentence: the,first_noun,-4.028550148010254,-5.798242568969727,-1.7696924209594727,active,0.0
743,role_labeled,filler,filler,The violin echoed in the theater .,a father judges a friend .,a friend is judged by a father .,a,father,a,friend,judg,judges,judged,"[""PATIENT=friend"", ""AGENT=father"", ""VERB=judg""]","Prime sentence: The violin echoed in the theater .
Event roles: PATIENT=friend; AGENT=father; VERB=judg
Sentence: the",Sentence: the,first_noun,-5.302541732788086,-7.385787010192871,-2.083245277404785,active,0.0
744,role_labeled,active,active,a chief protects a child .,a president protects a priest .,a priest is protected by a president .,a,president,a,priest,protect,protects,protected,"[""PATIENT=priest"", ""AGENT=president"", ""VERB=protect""]","Prime sentence: a chief protects a child .
Event roles: PATIENT=priest; AGENT=president; VERB=protect
Sentence: the",Sentence: the,first_noun,-4.084168910980225,-3.7718732357025146,0.31229567527770996,passive,1.0
744,role_labeled,passive,passive,a child is protected by a chief .,a president protects a priest .,a priest is protected by a president .,a,president,a,priest,protect,protects,protected,"[""PATIENT=priest"", ""AGENT=president"", ""VERB=protect""]","Prime sentence: a child is protected by a chief .
Event roles: PATIENT=priest; AGENT=president; VERB=protect
Sentence: the",Sentence: the,first_noun,-3.8822596073150635,-3.7284321784973145,0.15382742881774902,passive,1.0
744,role_labeled,no_prime_eos,no_prime_eos,,a president protects a priest .,a priest is protected by a president .,a,president,a,priest,protect,protects,protected,"[""PATIENT=priest"", ""AGENT=president"", ""VERB=protect""]","Event roles: PATIENT=priest; AGENT=president; VERB=protect
Sentence: the",Sentence: the,first_noun,-3.936647415161133,-4.171850681304932,-0.23520326614379883,active,0.0
744,role_labeled,filler,filler,The sculpture stood in the hallway .,a president protects a priest .,a priest is protected by a president .,a,president,a,priest,protect,protects,protected,"[""PATIENT=priest"", ""AGENT=president"", ""VERB=protect""]","Prime sentence: The sculpture stood in the hallway .
Event roles: PATIENT=priest; AGENT=president; VERB=protect
Sentence: the",Sentence: the,first_noun,-4.654069423675537,-4.487729549407959,0.16633987426757812,passive,1.0
745,role_labeled,active,active,a priest kisses a prince .,a chief kisses a child .,a child is kissed by a chief .,a,chief,a,child,kiss,kisses,kissed,"[""PATIENT=child"", ""VERB=kiss"", ""AGENT=chief""]","Prime sentence: a priest kisses a prince .
Event roles: PATIENT=child; VERB=kiss; AGENT=chief
Sentence: the",Sentence: the,first_noun,-4.725701808929443,-3.931779384613037,0.7939224243164062,passive,1.0
745,role_labeled,passive,passive,a prince is kissed by a priest .,a chief kisses a child .,a child is kissed by a chief .,a,chief,a,child,kiss,kisses,kissed,"[""PATIENT=child"", ""VERB=kiss"", ""AGENT=chief""]","Prime sentence: a prince is kissed by a priest .
Event roles: PATIENT=child; VERB=kiss; AGENT=chief
Sentence: the",Sentence: the,first_noun,-4.975406646728516,-3.8558366298675537,1.119570016860962,passive,1.0
745,role_labeled,no_prime_eos,no_prime_eos,,a chief kisses a child .,a child is kissed by a chief .,a,chief,a,child,kiss,kisses,kissed,"[""PATIENT=child"", ""VERB=kiss"", ""AGENT=chief""]","Event roles: PATIENT=child; VERB=kiss; AGENT=chief
Sentence: the",Sentence: the,first_noun,-4.483661651611328,-3.4750711917877197,1.0085904598236084,passive,1.0
745,role_labeled,filler,filler,The package arrived before noon .,a chief kisses a child .,a child is kissed by a chief .,a,chief,a,child,kiss,kisses,kissed,"[""PATIENT=child"", ""VERB=kiss"", ""AGENT=chief""]","Prime sentence: The package arrived before noon .
Event roles: PATIENT=child; VERB=kiss; AGENT=chief
Sentence: the",Sentence: the,first_noun,-5.922164440155029,-3.680030584335327,2.242133855819702,passive,1.0
746,role_labeled,active,active,a woman hurts a worker .,a kid hurts a king .,a king is hurt by a kid .,a,kid,a,king,hurt,hurts,hurt,"[""PATIENT=king"", ""VERB=hurt"", ""AGENT=kid""]","Prime sentence: a woman hurts a worker .
Event roles: PATIENT=king; VERB=hurt; AGENT=kid
Sentence: the",Sentence: the,first_noun,-5.270947456359863,-2.557631254196167,2.7133162021636963,passive,1.0
746,role_labeled,passive,passive,a worker is hurt by a woman .,a kid hurts a king .,a king is hurt by a kid .,a,kid,a,king,hurt,hurts,hurt,"[""PATIENT=king"", ""VERB=hurt"", ""AGENT=kid""]","Prime sentence: a worker is hurt by a woman .
Event roles: PATIENT=king; VERB=hurt; AGENT=kid
Sentence: the",Sentence: the,first_noun,-4.947041034698486,-1.7818057537078857,3.1652352809906006,passive,1.0
746,role_labeled,no_prime_eos,no_prime_eos,,a kid hurts a king .,a king is hurt by a kid .,a,kid,a,king,hurt,hurts,hurt,"[""PATIENT=king"", ""VERB=hurt"", ""AGENT=kid""]","Event roles: PATIENT=king; VERB=hurt; AGENT=kid
Sentence: the",Sentence: the,first_noun,-5.116470813751221,-3.3551716804504395,1.7612991333007812,passive,1.0
746,role_labeled,filler,filler,The captain waited beside the harbor .,a kid hurts a king .,a king is hurt by a kid .,a,kid,a,king,hurt,hurts,hurt,"[""PATIENT=king"", ""VERB=hurt"", ""AGENT=kid""]","Prime sentence: The captain waited beside the harbor .
Event roles: PATIENT=king; VERB=hurt; AGENT=kid
Sentence: the",Sentence: the,first_noun,-5.248256683349609,-2.5877184867858887,2.6605381965637207,passive,1.0
747,role_labeled,active,active,a president grabs a priest .,a champion grabs a chief .,a chief is grabbed by a champion .,a,champion,a,chief,grab,grabs,grabbed,"[""AGENT=champion"", ""PATIENT=chief"", ""VERB=grab""]","Prime sentence: a president grabs a priest .
Event roles: AGENT=champion; PATIENT=chief; VERB=grab
Sentence: the",Sentence: the,first_noun,-7.050421237945557,-5.263217449188232,1.7872037887573242,passive,1.0
747,role_labeled,passive,passive,a priest is grabbed by a president .,a champion grabs a chief .,a chief is grabbed by a champion .,a,champion,a,chief,grab,grabs,grabbed,"[""AGENT=champion"", ""PATIENT=chief"", ""VERB=grab""]","Prime sentence: a priest is grabbed by a president .
Event roles: AGENT=champion; PATIENT=chief; VERB=grab
Sentence: the",Sentence: the,first_noun,-6.327796936035156,-5.266373157501221,1.0614237785339355,passive,1.0
747,role_labeled,no_prime_eos,no_prime_eos,,a champion grabs a chief .,a chief is grabbed by a champion .,a,champion,a,chief,grab,grabs,grabbed,"[""AGENT=champion"", ""PATIENT=chief"", ""VERB=grab""]","Event roles: AGENT=champion; PATIENT=chief; VERB=grab
Sentence: the",Sentence: the,first_noun,-4.573016166687012,-4.628427505493164,-0.055411338806152344,active,0.0
747,role_labeled,filler,filler,The witness paused near the doorway .,a champion grabs a chief .,a chief is grabbed by a champion .,a,champion,a,chief,grab,grabs,grabbed,"[""AGENT=champion"", ""PATIENT=chief"", ""VERB=grab""]","Prime sentence: The witness paused near the doorway .
Event roles: AGENT=champion; PATIENT=chief; VERB=grab
Sentence: the",Sentence: the,first_noun,-4.898699760437012,-4.908835411071777,-0.010135650634765625,active,0.0
748,role_labeled,active,active,a hero hurts a husband .,an uncle hurts a wife .,a wife is hurt by an uncle .,an,uncle,a,wife,hurt,hurts,hurt,"[""VERB=hurt"", ""PATIENT=wife"", ""AGENT=uncle""]","Prime sentence: a hero hurts a husband .
Event roles: VERB=hurt; PATIENT=wife; AGENT=uncle
Sentence: the",Sentence: the,first_noun,-6.361943244934082,-3.674788475036621,2.687154769897461,passive,1.0
748,role_labeled,passive,passive,a husband is hurt by a hero .,an uncle hurts a wife .,a wife is hurt by an uncle .,an,uncle,a,wife,hurt,hurts,hurt,"[""VERB=hurt"", ""PATIENT=wife"", ""AGENT=uncle""]","Prime sentence: a husband is hurt by a hero .
Event roles: VERB=hurt; PATIENT=wife; AGENT=uncle
Sentence: the",Sentence: the,first_noun,-6.703845977783203,-4.028167724609375,2.675678253173828,passive,1.0
748,role_labeled,no_prime_eos,no_prime_eos,,an uncle hurts a wife .,a wife is hurt by an uncle .,an,uncle,a,wife,hurt,hurts,hurt,"[""VERB=hurt"", ""PATIENT=wife"", ""AGENT=uncle""]","Event roles: VERB=hurt; PATIENT=wife; AGENT=uncle
Sentence: the",Sentence: the,first_noun,-7.272043704986572,-4.094933032989502,3.1771106719970703,passive,1.0
748,role_labeled,filler,filler,The garden brightened after rain .,an uncle hurts a wife .,a wife is hurt by an uncle .,an,uncle,a,wife,hurt,hurts,hurt,"[""VERB=hurt"", ""PATIENT=wife"", ""AGENT=uncle""]","Prime sentence: The garden brightened after rain .
Event roles: VERB=hurt; PATIENT=wife; AGENT=uncle
Sentence: the",Sentence: the,first_noun,-7.678513050079346,-5.298306941986084,2.3802061080932617,passive,1.0
749,role_labeled,active,active,an employer surprises a father .,a sheriff surprises a singer .,a singer is surprised by a sheriff .,a,sheriff,a,singer,surpris,surprises,surprised,"[""PATIENT=singer"", ""VERB=surpris"", ""AGENT=sheriff""]","Prime sentence: an employer surprises a father .
Event roles: PATIENT=singer; VERB=surpris; AGENT=sheriff
Sentence: the",Sentence: the,first_noun,-4.24249267578125,-5.860140800476074,-1.6176481246948242,active,0.0
749,role_labeled,passive,passive,a father is surprised by an employer .,a sheriff surprises a singer .,a singer is surprised by a sheriff .,a,sheriff,a,singer,surpris,surprises,surprised,"[""PATIENT=singer"", ""VERB=surpris"", ""AGENT=sheriff""]","Prime sentence: a father is surprised by an employer .
Event roles: PATIENT=singer; VERB=surpris; AGENT=sheriff
Sentence: the",Sentence: the,first_noun,-4.916538715362549,-6.335165023803711,-1.418626308441162,active,0.0
749,role_labeled,no_prime_eos,no_prime_eos,,a sheriff surprises a singer .,a singer is surprised by a sheriff .,a,sheriff,a,singer,surpris,surprises,surprised,"[""PATIENT=singer"", ""VERB=surpris"", ""AGENT=sheriff""]","Event roles: PATIENT=singer; VERB=surpris; AGENT=sheriff
Sentence: the",Sentence: the,first_noun,-5.845168590545654,-4.812963485717773,1.0322051048278809,passive,1.0
749,role_labeled,filler,filler,The singer smiled after rehearsal .,a sheriff surprises a singer .,a singer is surprised by a sheriff .,a,sheriff,a,singer,surpris,surprises,surprised,"[""PATIENT=singer"", ""VERB=surpris"", ""AGENT=sheriff""]","Prime sentence: The singer smiled after rehearsal .
Event roles: PATIENT=singer; VERB=surpris; AGENT=sheriff
Sentence: the",Sentence: the,first_noun,-4.174912452697754,-1.7156132459640503,2.4592992067337036,passive,1.0
750,role_labeled,active,active,a wife forgives a winner .,a hero forgives a husband .,a husband is forgiven by a hero .,a,hero,a,husband,forgiv,forgives,forgiven,"[""VERB=forgiv"", ""AGENT=hero"", ""PATIENT=husband""]","Prime sentence: a wife forgives a winner .
Event roles: VERB=forgiv; AGENT=hero; PATIENT=husband
Sentence: the",Sentence: the,first_noun,-4.794275760650635,-3.720071315765381,1.074204444885254,passive,1.0
750,role_labeled,passive,passive,a winner is forgiven by a wife .,a hero forgives a husband .,a husband is forgiven by a hero .,a,hero,a,husband,forgiv,forgives,forgiven,"[""VERB=forgiv"", ""AGENT=hero"", ""PATIENT=husband""]","Prime sentence: a winner is forgiven by a wife .
Event roles: VERB=forgiv; AGENT=hero; PATIENT=husband
Sentence: the",Sentence: the,first_noun,-4.613888740539551,-4.477337837219238,0.1365509033203125,passive,1.0
750,role_labeled,no_prime_eos,no_prime_eos,,a hero forgives a husband .,a husband is forgiven by a hero .,a,hero,a,husband,forgiv,forgives,forgiven,"[""VERB=forgiv"", ""AGENT=hero"", ""PATIENT=husband""]","Event roles: VERB=forgiv; AGENT=hero; PATIENT=husband
Sentence: the",Sentence: the,first_noun,-4.543980121612549,-5.1085381507873535,-0.5645580291748047,active,0.0
750,role_labeled,filler,filler,The traveler rested beside the river .,a hero forgives a husband .,a husband is forgiven by a hero .,a,hero,a,husband,forgiv,forgives,forgiven,"[""VERB=forgiv"", ""AGENT=hero"", ""PATIENT=husband""]","Prime sentence: The traveler rested beside the river .
Event roles: VERB=forgiv; AGENT=hero; PATIENT=husband
Sentence: the",Sentence: the,first_noun,-5.452232360839844,-5.8770952224731445,-0.4248628616333008,active,0.0
751,role_labeled,active,active,a lady forgets a lawyer .,a worker forgets a writer .,a writer is forgotten by a worker .,a,worker,a,writer,forget,forgets,forgotten,"[""VERB=forget"", ""PATIENT=writer"", ""AGENT=worker""]","Prime sentence: a lady forgets a lawyer .
Event roles: VERB=forget; PATIENT=writer; AGENT=worker
Sentence: the",Sentence: the,first_noun,-6.6801300048828125,-6.042455673217773,0.6376743316650391,passive,1.0
751,role_labeled,passive,passive,a lawyer is forgotten by a lady .,a worker forgets a writer .,a writer is forgotten by a worker .,a,worker,a,writer,forget,forgets,forgotten,"[""VERB=forget"", ""PATIENT=writer"", ""AGENT=worker""]","Prime sentence: a lawyer is forgotten by a lady .
Event roles: VERB=forget; PATIENT=writer; AGENT=worker
Sentence: the",Sentence: the,first_noun,-6.511415481567383,-5.6409831047058105,0.8704323768615723,passive,1.0
751,role_labeled,no_prime_eos,no_prime_eos,,a worker forgets a writer .,a writer is forgotten by a worker .,a,worker,a,writer,forget,forgets,forgotten,"[""VERB=forget"", ""PATIENT=writer"", ""AGENT=worker""]","Event roles: VERB=forget; PATIENT=writer; AGENT=worker
Sentence: the",Sentence: the,first_noun,-5.503491401672363,-5.648138046264648,-0.14464664459228516,active,0.0
751,role_labeled,filler,filler,The baker laughed during breakfast .,a worker forgets a writer .,a writer is forgotten by a worker .,a,worker,a,writer,forget,forgets,forgotten,"[""VERB=forget"", ""PATIENT=writer"", ""AGENT=worker""]","Prime sentence: The baker laughed during breakfast .
Event roles: VERB=forget; PATIENT=writer; AGENT=worker
Sentence: the",Sentence: the,first_noun,-5.50075626373291,-5.545116901397705,-0.04436063766479492,active,0.0
752,role_labeled,active,active,a reader strikes a scientist .,a cousin strikes a daughter .,a daughter is struck by a cousin .,a,cousin,a,daughter,strik,strikes,struck,"[""AGENT=cousin"", ""PATIENT=daughter"", ""VERB=strik""]","Prime sentence: a reader strikes a scientist .
Event roles: AGENT=cousin; PATIENT=daughter; VERB=strik
Sentence: the",Sentence: the,first_noun,-7.838411331176758,-5.5494232177734375,2.2889881134033203,passive,1.0
752,role_labeled,passive,passive,a scientist is struck by a reader .,a cousin strikes a daughter .,a daughter is struck by a cousin .,a,cousin,a,daughter,strik,strikes,struck,"[""AGENT=cousin"", ""PATIENT=daughter"", ""VERB=strik""]","Prime sentence: a scientist is struck by a reader .
Event roles: AGENT=cousin; PATIENT=daughter; VERB=strik
Sentence: the",Sentence: the,first_noun,-8.066484451293945,-5.662705898284912,2.403778553009033,passive,1.0
752,role_labeled,no_prime_eos,no_prime_eos,,a cousin strikes a daughter .,a daughter is struck by a cousin .,a,cousin,a,daughter,strik,strikes,struck,"[""AGENT=cousin"", ""PATIENT=daughter"", ""VERB=strik""]","Event roles: AGENT=cousin; PATIENT=daughter; VERB=strik
Sentence: the",Sentence: the,first_noun,-7.653944969177246,-4.4476423263549805,3.2063026428222656,passive,1.0
752,role_labeled,filler,filler,The pillow rested on the sofa .,a cousin strikes a daughter .,a daughter is struck by a cousin .,a,cousin,a,daughter,strik,strikes,struck,"[""AGENT=cousin"", ""PATIENT=daughter"", ""VERB=strik""]","Prime sentence: The pillow rested on the sofa .
Event roles: AGENT=cousin; PATIENT=daughter; VERB=strik
Sentence: the",Sentence: the,first_noun,-8.752001762390137,-6.933443546295166,1.8185582160949707,passive,1.0
753,role_labeled,active,active,an author drags a bishop .,a minister drags a mother .,a mother is dragged by a minister .,a,minister,a,mother,drag,drags,dragged,"[""AGENT=minister"", ""VERB=drag"", ""PATIENT=mother""]","Prime sentence: an author drags a bishop .
Event roles: AGENT=minister; VERB=drag; PATIENT=mother
Sentence: the",Sentence: the,first_noun,-4.10750675201416,-5.109121322631836,-1.0016145706176758,active,0.0
753,role_labeled,passive,passive,a bishop is dragged by an author .,a minister drags a mother .,a mother is dragged by a minister .,a,minister,a,mother,drag,drags,dragged,"[""AGENT=minister"", ""VERB=drag"", ""PATIENT=mother""]","Prime sentence: a bishop is dragged by an author .
Event roles: AGENT=minister; VERB=drag; PATIENT=mother
Sentence: the",Sentence: the,first_noun,-4.14850378036499,-4.979554653167725,-0.8310508728027344,active,0.0
753,role_labeled,no_prime_eos,no_prime_eos,,a minister drags a mother .,a mother is dragged by a minister .,a,minister,a,mother,drag,drags,dragged,"[""AGENT=minister"", ""VERB=drag"", ""PATIENT=mother""]","Event roles: AGENT=minister; VERB=drag; PATIENT=mother
Sentence: the",Sentence: the,first_noun,-3.886211395263672,-4.401220798492432,-0.5150094032287598,active,0.0
753,role_labeled,filler,filler,The captain waited beside the harbor .,a minister drags a mother .,a mother is dragged by a minister .,a,minister,a,mother,drag,drags,dragged,"[""AGENT=minister"", ""VERB=drag"", ""PATIENT=mother""]","Prime sentence: The captain waited beside the harbor .
Event roles: AGENT=minister; VERB=drag; PATIENT=mother
Sentence: the",Sentence: the,first_noun,-5.767205715179443,-4.958471298217773,0.8087344169616699,passive,1.0
754,role_labeled,active,active,a professor catches a reader .,a cop catches a cousin .,a cousin is caught by a cop .,a,cop,a,cousin,catch,catches,caught,"[""VERB=catch"", ""AGENT=cop"", ""PATIENT=cousin""]","Prime sentence: a professor catches a reader .
Event roles: VERB=catch; AGENT=cop; PATIENT=cousin
Sentence: the",Sentence: the,first_noun,-5.044916152954102,-8.418991088867188,-3.374074935913086,active,0.0
754,role_labeled,passive,passive,a reader is caught by a professor .,a cop catches a cousin .,a cousin is caught by a cop .,a,cop,a,cousin,catch,catches,caught,"[""VERB=catch"", ""AGENT=cop"", ""PATIENT=cousin""]","Prime sentence: a reader is caught by a professor .
Event roles: VERB=catch; AGENT=cop; PATIENT=cousin
Sentence: the",Sentence: the,first_noun,-5.383035182952881,-8.793081283569336,-3.410046100616455,active,0.0
754,role_labeled,no_prime_eos,no_prime_eos,,a cop catches a cousin .,a cousin is caught by a cop .,a,cop,a,cousin,catch,catches,caught,"[""VERB=catch"", ""AGENT=cop"", ""PATIENT=cousin""]","Event roles: VERB=catch; AGENT=cop; PATIENT=cousin
Sentence: the",Sentence: the,first_noun,-5.629778861999512,-8.834306716918945,-3.2045278549194336,active,0.0
754,role_labeled,filler,filler,The witness paused near the doorway .,a cop catches a cousin .,a cousin is caught by a cop .,a,cop,a,cousin,catch,catches,caught,"[""VERB=catch"", ""AGENT=cop"", ""PATIENT=cousin""]","Prime sentence: The witness paused near the doorway .
Event roles: VERB=catch; AGENT=cop; PATIENT=cousin
Sentence: the",Sentence: the,first_noun,-5.049206733703613,-6.880617141723633,-1.8314104080200195,active,0.0
755,role_labeled,active,active,a winner surprises a woman .,a husband surprises a kid .,a kid is surprised by a husband .,a,husband,a,kid,surpris,surprises,surprised,"[""PATIENT=kid"", ""AGENT=husband"", ""VERB=surpris""]","Prime sentence: a winner surprises a woman .
Event roles: PATIENT=kid; AGENT=husband; VERB=surpris
Sentence: the",Sentence: the,first_noun,-3.8578240871429443,-5.965028762817383,-2.1072046756744385,active,0.0
755,role_labeled,passive,passive,a woman is surprised by a winner .,a husband surprises a kid .,a kid is surprised by a husband .,a,husband,a,kid,surpris,surprises,surprised,"[""PATIENT=kid"", ""AGENT=husband"", ""VERB=surpris""]","Prime sentence: a woman is surprised by a winner .
Event roles: PATIENT=kid; AGENT=husband; VERB=surpris
Sentence: the",Sentence: the,first_noun,-3.6481454372406006,-5.888126373291016,-2.239980936050415,active,0.0
755,role_labeled,no_prime_eos,no_prime_eos,,a husband surprises a kid .,a kid is surprised by a husband .,a,husband,a,kid,surpris,surprises,surprised,"[""PATIENT=kid"", ""AGENT=husband"", ""VERB=surpris""]","Event roles: PATIENT=kid; AGENT=husband; VERB=surpris
Sentence: the",Sentence: the,first_noun,-3.799318313598633,-6.455654144287109,-2.6563358306884766,active,0.0
755,role_labeled,filler,filler,The window rattled during the storm .,a husband surprises a kid .,a kid is surprised by a husband .,a,husband,a,kid,surpris,surprises,surprised,"[""PATIENT=kid"", ""AGENT=husband"", ""VERB=surpris""]","Prime sentence: The window rattled during the storm .
Event roles: PATIENT=kid; AGENT=husband; VERB=surpris
Sentence: the",Sentence: the,first_noun,-5.895437240600586,-5.602958679199219,0.2924785614013672,passive,1.0
756,role_labeled,active,active,a girl washes a guest .,a son washes a student .,a student is washed by a son .,a,son,a,student,wash,washes,washed,"[""AGENT=son"", ""VERB=wash"", ""PATIENT=student""]","Prime sentence: a girl washes a guest .
Event roles: AGENT=son; VERB=wash; PATIENT=student
Sentence: the",Sentence: the,first_noun,-5.0708909034729,-4.28512716293335,0.7857637405395508,passive,1.0
756,role_labeled,passive,passive,a guest is washed by a girl .,a son washes a student .,a student is washed by a son .,a,son,a,student,wash,washes,washed,"[""AGENT=son"", ""VERB=wash"", ""PATIENT=student""]","Prime sentence: a guest is washed by a girl .
Event roles: AGENT=son; VERB=wash; PATIENT=student
Sentence: the",Sentence: the,first_noun,-5.034597396850586,-4.193075180053711,0.841522216796875,passive,1.0
756,role_labeled,no_prime_eos,no_prime_eos,,a son washes a student .,a student is washed by a son .,a,son,a,student,wash,washes,washed,"[""AGENT=son"", ""VERB=wash"", ""PATIENT=student""]","Event roles: AGENT=son; VERB=wash; PATIENT=student
Sentence: the",Sentence: the,first_noun,-4.737030506134033,-3.630329132080078,1.106701374053955,passive,1.0
756,role_labeled,filler,filler,The radio crackled in the attic .,a son washes a student .,a student is washed by a son .,a,son,a,student,wash,washes,washed,"[""AGENT=son"", ""VERB=wash"", ""PATIENT=student""]","Prime sentence: The radio crackled in the attic .
Event roles: AGENT=son; VERB=wash; PATIENT=student
Sentence: the",Sentence: the,first_noun,-5.739058017730713,-5.393695831298828,0.34536218643188477,passive,1.0
757,role_labeled,active,active,a woman destroys a worker .,a kid destroys a king .,a king is destroyed by a kid .,a,kid,a,king,destroy,destroys,destroyed,"[""AGENT=kid"", ""PATIENT=king"", ""VERB=destroy""]","Prime sentence: a woman destroys a worker .
Event roles: AGENT=kid; PATIENT=king; VERB=destroy
Sentence: the",Sentence: the,first_noun,-5.510592460632324,-2.5163559913635254,2.994236469268799,passive,1.0
757,role_labeled,passive,passive,a worker is destroyed by a woman .,a kid destroys a king .,a king is destroyed by a kid .,a,kid,a,king,destroy,destroys,destroyed,"[""AGENT=kid"", ""PATIENT=king"", ""VERB=destroy""]","Prime sentence: a worker is destroyed by a woman .
Event roles: AGENT=kid; PATIENT=king; VERB=destroy
Sentence: the",Sentence: the,first_noun,-5.323210716247559,-2.4675416946411133,2.8556690216064453,passive,1.0
757,role_labeled,no_prime_eos,no_prime_eos,,a kid destroys a king .,a king is destroyed by a kid .,a,kid,a,king,destroy,destroys,destroyed,"[""AGENT=kid"", ""PATIENT=king"", ""VERB=destroy""]","Event roles: AGENT=kid; PATIENT=king; VERB=destroy
Sentence: the",Sentence: the,first_noun,-5.659911155700684,-2.9492640495300293,2.7106471061706543,passive,1.0
757,role_labeled,filler,filler,The painter waited near the doorway .,a kid destroys a king .,a king is destroyed by a kid .,a,kid,a,king,destroy,destroys,destroyed,"[""AGENT=kid"", ""PATIENT=king"", ""VERB=destroy""]","Prime sentence: The painter waited near the doorway .
Event roles: AGENT=kid; PATIENT=king; VERB=destroy
Sentence: the",Sentence: the,first_noun,-4.535862445831299,-2.947333335876465,1.588529109954834,passive,1.0
758,role_labeled,active,active,a nurse helps an opponent .,a bishop helps a boy .,a boy is helped by a bishop .,a,bishop,a,boy,help,helps,helped,"[""VERB=help"", ""PATIENT=boy"", ""AGENT=bishop""]","Prime sentence: a nurse helps an opponent .
Event roles: VERB=help; PATIENT=boy; AGENT=bishop
Sentence: the",Sentence: the,first_noun,-2.8527183532714844,-3.9509143829345703,-1.098196029663086,active,0.0
758,role_labeled,passive,passive,an opponent is helped by a nurse .,a bishop helps a boy .,a boy is helped by a bishop .,a,bishop,a,boy,help,helps,helped,"[""VERB=help"", ""PATIENT=boy"", ""AGENT=bishop""]","Prime sentence: an opponent is helped by a nurse .
Event roles: VERB=help; PATIENT=boy; AGENT=bishop
Sentence: the",Sentence: the,first_noun,-3.0349924564361572,-3.614788293838501,-0.5797958374023438,active,0.0
758,role_labeled,no_prime_eos,no_prime_eos,,a bishop helps a boy .,a boy is helped by a bishop .,a,bishop,a,boy,help,helps,helped,"[""VERB=help"", ""PATIENT=boy"", ""AGENT=bishop""]","Event roles: VERB=help; PATIENT=boy; AGENT=bishop
Sentence: the",Sentence: the,first_noun,-3.789240598678589,-4.487627983093262,-0.6983873844146729,active,0.0
758,role_labeled,filler,filler,The jacket hung behind the chair .,a bishop helps a boy .,a boy is helped by a bishop .,a,bishop,a,boy,help,helps,helped,"[""VERB=help"", ""PATIENT=boy"", ""AGENT=bishop""]","Prime sentence: The jacket hung behind the chair .
Event roles: VERB=help; PATIENT=boy; AGENT=bishop
Sentence: the",Sentence: the,first_noun,-4.1313557624816895,-3.880570888519287,0.25078487396240234,passive,1.0
759,role_labeled,active,active,an adult chases an attorney .,a man chases a manager .,a manager is chased by a man .,a,man,a,manager,chas,chases,chased,"[""AGENT=man"", ""PATIENT=manager"", ""VERB=chas""]","Prime sentence: an adult chases an attorney .
Event roles: AGENT=man; PATIENT=manager; VERB=chas
Sentence: the",Sentence: the,first_noun,-3.5614230632781982,-4.751739501953125,-1.1903164386749268,active,0.0
759,role_labeled,passive,passive,an attorney is chased by an adult .,a man chases a manager .,a manager is chased by a man .,a,man,a,manager,chas,chases,chased,"[""AGENT=man"", ""PATIENT=manager"", ""VERB=chas""]","Prime sentence: an attorney is chased by an adult .
Event roles: AGENT=man; PATIENT=manager; VERB=chas
Sentence: the",Sentence: the,first_noun,-3.641474723815918,-4.563530921936035,-0.9220561981201172,active,0.0
759,role_labeled,no_prime_eos,no_prime_eos,,a man chases a manager .,a manager is chased by a man .,a,man,a,manager,chas,chases,chased,"[""AGENT=man"", ""PATIENT=manager"", ""VERB=chas""]","Event roles: AGENT=man; PATIENT=manager; VERB=chas
Sentence: the",Sentence: the,first_noun,-3.0557119846343994,-4.240481376647949,-1.1847693920135498,active,0.0
759,role_labeled,filler,filler,The window rattled during the storm .,a man chases a manager .,a manager is chased by a man .,a,man,a,manager,chas,chases,chased,"[""AGENT=man"", ""PATIENT=manager"", ""VERB=chas""]","Prime sentence: The window rattled during the storm .
Event roles: AGENT=man; PATIENT=manager; VERB=chas
Sentence: the",Sentence: the,first_noun,-4.519792556762695,-5.806337833404541,-1.2865452766418457,active,0.0
760,role_labeled,active,active,a winner asks a woman .,a husband asks a kid .,a kid is asked by a husband .,a,husband,a,kid,ask,asks,asked,"[""PATIENT=kid"", ""VERB=ask"", ""AGENT=husband""]","Prime sentence: a winner asks a woman .
Event roles: PATIENT=kid; VERB=ask; AGENT=husband
Sentence: the",Sentence: the,first_noun,-4.018551826477051,-5.537764549255371,-1.5192127227783203,active,0.0
760,role_labeled,passive,passive,a woman is asked by a winner .,a husband asks a kid .,a kid is asked by a husband .,a,husband,a,kid,ask,asks,asked,"[""PATIENT=kid"", ""VERB=ask"", ""AGENT=husband""]","Prime sentence: a woman is asked by a winner .
Event roles: PATIENT=kid; VERB=ask; AGENT=husband
Sentence: the",Sentence: the,first_noun,-3.314673900604248,-5.789028167724609,-2.4743542671203613,active,0.0
760,role_labeled,no_prime_eos,no_prime_eos,,a husband asks a kid .,a kid is asked by a husband .,a,husband,a,kid,ask,asks,asked,"[""PATIENT=kid"", ""VERB=ask"", ""AGENT=husband""]","Event roles: PATIENT=kid; VERB=ask; AGENT=husband
Sentence: the",Sentence: the,first_noun,-3.691004514694214,-6.135841369628906,-2.4448368549346924,active,0.0
760,role_labeled,filler,filler,The lantern glowed near sunset .,a husband asks a kid .,a kid is asked by a husband .,a,husband,a,kid,ask,asks,asked,"[""PATIENT=kid"", ""VERB=ask"", ""AGENT=husband""]","Prime sentence: The lantern glowed near sunset .
Event roles: PATIENT=kid; VERB=ask; AGENT=husband
Sentence: the",Sentence: the,first_noun,-5.809088706970215,-5.907350540161133,-0.09826183319091797,active,0.0
761,role_labeled,active,active,an adult joins an attorney .,a man joins a manager .,a manager is joined by a man .,a,man,a,manager,join,joins,joined,"[""PATIENT=manager"", ""VERB=join"", ""AGENT=man""]","Prime sentence: an adult joins an attorney .
Event roles: PATIENT=manager; VERB=join; AGENT=man
Sentence: the",Sentence: the,first_noun,-4.745623588562012,-3.3503639698028564,1.3952596187591553,passive,1.0
761,role_labeled,passive,passive,an attorney is joined by an adult .,a man joins a manager .,a manager is joined by a man .,a,man,a,manager,join,joins,joined,"[""PATIENT=manager"", ""VERB=join"", ""AGENT=man""]","Prime sentence: an attorney is joined by an adult .
Event roles: PATIENT=manager; VERB=join; AGENT=man
Sentence: the",Sentence: the,first_noun,-4.925193786621094,-3.891977071762085,1.0332167148590088,passive,1.0
761,role_labeled,no_prime_eos,no_prime_eos,,a man joins a manager .,a manager is joined by a man .,a,man,a,manager,join,joins,joined,"[""PATIENT=manager"", ""VERB=join"", ""AGENT=man""]","Event roles: PATIENT=manager; VERB=join; AGENT=man
Sentence: the",Sentence: the,first_noun,-4.811924457550049,-4.239314079284668,0.5726103782653809,passive,1.0
761,role_labeled,filler,filler,The painter waited near the doorway .,a man joins a manager .,a manager is joined by a man .,a,man,a,manager,join,joins,joined,"[""PATIENT=manager"", ""VERB=join"", ""AGENT=man""]","Prime sentence: The painter waited near the doorway .
Event roles: PATIENT=manager; VERB=join; AGENT=man
Sentence: the",Sentence: the,first_noun,-3.884033441543579,-4.063971519470215,-0.17993807792663574,active,0.0
762,role_labeled,active,active,a teacher understands an uncle .,a guest understands a guy .,a guy is understood by a guest .,a,guest,a,guy,understand,understands,understood,"[""VERB=understand"", ""AGENT=guest"", ""PATIENT=guy""]","Prime sentence: a teacher understands an uncle .
Event roles: VERB=understand; AGENT=guest; PATIENT=guy
Sentence: the",Sentence: the,first_noun,-6.277317523956299,-4.910478591918945,1.3668389320373535,passive,1.0
762,role_labeled,passive,passive,an uncle is understood by a teacher .,a guest understands a guy .,a guy is understood by a guest .,a,guest,a,guy,understand,understands,understood,"[""VERB=understand"", ""AGENT=guest"", ""PATIENT=guy""]","Prime sentence: an uncle is understood by a teacher .
Event roles: VERB=understand; AGENT=guest; PATIENT=guy
Sentence: the",Sentence: the,first_noun,-6.175883769989014,-5.098871231079102,1.077012538909912,passive,1.0
762,role_labeled,no_prime_eos,no_prime_eos,,a guest understands a guy .,a guy is understood by a guest .,a,guest,a,guy,understand,understands,understood,"[""VERB=understand"", ""AGENT=guest"", ""PATIENT=guy""]","Event roles: VERB=understand; AGENT=guest; PATIENT=guy
Sentence: the",Sentence: the,first_noun,-4.922624588012695,-4.813201427459717,0.10942316055297852,passive,1.0
762,role_labeled,filler,filler,The painter waited near the doorway .,a guest understands a guy .,a guy is understood by a guest .,a,guest,a,guy,understand,understands,understood,"[""VERB=understand"", ""AGENT=guest"", ""PATIENT=guy""]","Prime sentence: The painter waited near the doorway .
Event roles: VERB=understand; AGENT=guest; PATIENT=guy
Sentence: the",Sentence: the,first_noun,-5.3329668045043945,-4.460840225219727,0.872126579284668,passive,1.0
763,role_labeled,active,active,a mayor beats a minister .,an attorney beats an aunt .,an aunt is beaten by an attorney .,an,attorney,an,aunt,beat,beats,beaten,"[""VERB=beat"", ""AGENT=attorney"", ""PATIENT=aunt""]","Prime sentence: a mayor beats a minister .
Event roles: VERB=beat; AGENT=attorney; PATIENT=aunt
Sentence: the",Sentence: the,first_noun,-7.121551513671875,-8.281274795532227,-1.1597232818603516,active,0.0
763,role_labeled,passive,passive,a minister is beaten by a mayor .,an attorney beats an aunt .,an aunt is beaten by an attorney .,an,attorney,an,aunt,beat,beats,beaten,"[""VERB=beat"", ""AGENT=attorney"", ""PATIENT=aunt""]","Prime sentence: a minister is beaten by a mayor .
Event roles: VERB=beat; AGENT=attorney; PATIENT=aunt
Sentence: the",Sentence: the,first_noun,-6.622714996337891,-8.321961402893066,-1.6992464065551758,active,0.0
763,role_labeled,no_prime_eos,no_prime_eos,,an attorney beats an aunt .,an aunt is beaten by an attorney .,an,attorney,an,aunt,beat,beats,beaten,"[""VERB=beat"", ""AGENT=attorney"", ""PATIENT=aunt""]","Event roles: VERB=beat; AGENT=attorney; PATIENT=aunt
Sentence: the",Sentence: the,first_noun,-6.2490234375,-9.324883460998535,-3.075860023498535,active,0.0
763,role_labeled,filler,filler,The notebook stayed on the shelf .,an attorney beats an aunt .,an aunt is beaten by an attorney .,an,attorney,an,aunt,beat,beats,beaten,"[""VERB=beat"", ""AGENT=attorney"", ""PATIENT=aunt""]","Prime sentence: The notebook stayed on the shelf .
Event roles: VERB=beat; AGENT=attorney; PATIENT=aunt
Sentence: the",Sentence: the,first_noun,-6.880280017852783,-7.30363130569458,-0.4233512878417969,active,0.0
764,role_labeled,active,active,a cousin destroys a daughter .,a professor destroys a reader .,a reader is destroyed by a professor .,a,professor,a,reader,destroy,destroys,destroyed,"[""PATIENT=reader"", ""VERB=destroy"", ""AGENT=professor""]","Prime sentence: a cousin destroys a daughter .
Event roles: PATIENT=reader; VERB=destroy; AGENT=professor
Sentence: the",Sentence: the,first_noun,-3.7339422702789307,-5.717358589172363,-1.9834163188934326,active,0.0
764,role_labeled,passive,passive,a daughter is destroyed by a cousin .,a professor destroys a reader .,a reader is destroyed by a professor .,a,professor,a,reader,destroy,destroys,destroyed,"[""PATIENT=reader"", ""VERB=destroy"", ""AGENT=professor""]","Prime sentence: a daughter is destroyed by a cousin .
Event roles: PATIENT=reader; VERB=destroy; AGENT=professor
Sentence: the",Sentence: the,first_noun,-3.8738369941711426,-5.609381675720215,-1.7355446815490723,active,0.0
764,role_labeled,no_prime_eos,no_prime_eos,,a professor destroys a reader .,a reader is destroyed by a professor .,a,professor,a,reader,destroy,destroys,destroyed,"[""PATIENT=reader"", ""VERB=destroy"", ""AGENT=professor""]","Event roles: PATIENT=reader; VERB=destroy; AGENT=professor
Sentence: the",Sentence: the,first_noun,-3.89068865776062,-5.097623825073242,-1.206935167312622,active,0.0
764,role_labeled,filler,filler,The planet shimmered above the valley .,a professor destroys a reader .,a reader is destroyed by a professor .,a,professor,a,reader,destroy,destroys,destroyed,"[""PATIENT=reader"", ""VERB=destroy"", ""AGENT=professor""]","Prime sentence: The planet shimmered above the valley .
Event roles: PATIENT=reader; VERB=destroy; AGENT=professor
Sentence: the",Sentence: the,first_noun,-4.740937232971191,-6.898824691772461,-2.1578874588012695,active,0.0
765,role_labeled,active,active,a scientist selects a secretary .,a daughter selects a doctor .,a doctor is selected by a daughter .,a,daughter,a,doctor,select,selects,selected,"[""AGENT=daughter"", ""PATIENT=doctor"", ""VERB=select""]","Prime sentence: a scientist selects a secretary .
Event roles: AGENT=daughter; PATIENT=doctor; VERB=select
Sentence: the",Sentence: the,first_noun,-4.174503326416016,-2.1664748191833496,2.008028507232666,passive,1.0
765,role_labeled,passive,passive,a secretary is selected by a scientist .,a daughter selects a doctor .,a doctor is selected by a daughter .,a,daughter,a,doctor,select,selects,selected,"[""AGENT=daughter"", ""PATIENT=doctor"", ""VERB=select""]","Prime sentence: a secretary is selected by a scientist .
Event roles: AGENT=daughter; PATIENT=doctor; VERB=select
Sentence: the",Sentence: the,first_noun,-4.947150230407715,-2.65478515625,2.292365074157715,passive,1.0
765,role_labeled,no_prime_eos,no_prime_eos,,a daughter selects a doctor .,a doctor is selected by a daughter .,a,daughter,a,doctor,select,selects,selected,"[""AGENT=daughter"", ""PATIENT=doctor"", ""VERB=select""]","Event roles: AGENT=daughter; PATIENT=doctor; VERB=select
Sentence: the",Sentence: the,first_noun,-5.037057876586914,-3.1334502696990967,1.9036076068878174,passive,1.0
765,role_labeled,filler,filler,The traveler rested beside the river .,a daughter selects a doctor .,a doctor is selected by a daughter .,a,daughter,a,doctor,select,selects,selected,"[""AGENT=daughter"", ""PATIENT=doctor"", ""VERB=select""]","Prime sentence: The traveler rested beside the river .
Event roles: AGENT=daughter; PATIENT=doctor; VERB=select
Sentence: the",Sentence: the,first_noun,-6.006585121154785,-3.279262065887451,2.727323055267334,passive,1.0
766,role_labeled,active,active,a bishop carries a boy .,a mother carries a nurse .,a nurse is carried by a mother .,a,mother,a,nurse,carry,carries,carried,"[""PATIENT=nurse"", ""VERB=carry"", ""AGENT=mother""]","Prime sentence: a bishop carries a boy .
Event roles: PATIENT=nurse; VERB=carry; AGENT=mother
Sentence: the",Sentence: the,first_noun,-3.7708263397216797,-3.921489715576172,-0.1506633758544922,active,0.0
766,role_labeled,passive,passive,a boy is carried by a bishop .,a mother carries a nurse .,a nurse is carried by a mother .,a,mother,a,nurse,carry,carries,carried,"[""PATIENT=nurse"", ""VERB=carry"", ""AGENT=mother""]","Prime sentence: a boy is carried by a bishop .
Event roles: PATIENT=nurse; VERB=carry; AGENT=mother
Sentence: the",Sentence: the,first_noun,-4.094868183135986,-4.322750091552734,-0.22788190841674805,active,0.0
766,role_labeled,no_prime_eos,no_prime_eos,,a mother carries a nurse .,a nurse is carried by a mother .,a,mother,a,nurse,carry,carries,carried,"[""PATIENT=nurse"", ""VERB=carry"", ""AGENT=mother""]","Event roles: PATIENT=nurse; VERB=carry; AGENT=mother
Sentence: the",Sentence: the,first_noun,-3.588548421859741,-3.229314088821411,0.3592343330383301,passive,1.0
766,role_labeled,filler,filler,The window rattled during the storm .,a mother carries a nurse .,a nurse is carried by a mother .,a,mother,a,nurse,carry,carries,carried,"[""PATIENT=nurse"", ""VERB=carry"", ""AGENT=mother""]","Prime sentence: The window rattled during the storm .
Event roles: PATIENT=nurse; VERB=carry; AGENT=mother
Sentence: the",Sentence: the,first_noun,-4.981220245361328,-4.265651702880859,0.7155685424804688,passive,1.0
767,role_labeled,active,active,a king joins a lady .,a woman joins a worker .,a worker is joined by a woman .,a,woman,a,worker,join,joins,joined,"[""AGENT=woman"", ""VERB=join"", ""PATIENT=worker""]","Prime sentence: a king joins a lady .
Event roles: AGENT=woman; VERB=join; PATIENT=worker
Sentence: the",Sentence: the,first_noun,-3.166311264038086,-5.439460277557373,-2.273149013519287,active,0.0
767,role_labeled,passive,passive,a lady is joined by a king .,a woman joins a worker .,a worker is joined by a woman .,a,woman,a,worker,join,joins,joined,"[""AGENT=woman"", ""VERB=join"", ""PATIENT=worker""]","Prime sentence: a lady is joined by a king .
Event roles: AGENT=woman; VERB=join; PATIENT=worker
Sentence: the",Sentence: the,first_noun,-3.104463815689087,-5.588488578796387,-2.4840247631073,active,0.0
767,role_labeled,no_prime_eos,no_prime_eos,,a woman joins a worker .,a worker is joined by a woman .,a,woman,a,worker,join,joins,joined,"[""AGENT=woman"", ""VERB=join"", ""PATIENT=worker""]","Event roles: AGENT=woman; VERB=join; PATIENT=worker
Sentence: the",Sentence: the,first_noun,-2.3325135707855225,-4.633825778961182,-2.301312208175659,active,0.0
767,role_labeled,filler,filler,The witness paused near the doorway .,a woman joins a worker .,a worker is joined by a woman .,a,woman,a,worker,join,joins,joined,"[""AGENT=woman"", ""VERB=join"", ""PATIENT=worker""]","Prime sentence: The witness paused near the doorway .
Event roles: AGENT=woman; VERB=join; PATIENT=worker
Sentence: the",Sentence: the,first_noun,-1.9750157594680786,-3.889557361602783,-1.9145416021347046,active,0.0
768,role_labeled,active,active,a student teaches a teacher .,a girl teaches a guest .,a guest is taught by a girl .,a,girl,a,guest,teach,teaches,taught,"[""VERB=teach"", ""PATIENT=guest"", ""AGENT=girl""]","Prime sentence: a student teaches a teacher .
Event roles: VERB=teach; PATIENT=guest; AGENT=girl
Sentence: the",Sentence: the,first_noun,-2.8463878631591797,-5.874826431274414,-3.0284385681152344,active,0.0
768,role_labeled,passive,passive,a teacher is taught by a student .,a girl teaches a guest .,a guest is taught by a girl .,a,girl,a,guest,teach,teaches,taught,"[""VERB=teach"", ""PATIENT=guest"", ""AGENT=girl""]","Prime sentence: a teacher is taught by a student .
Event roles: VERB=teach; PATIENT=guest; AGENT=girl
Sentence: the",Sentence: the,first_noun,-3.0082058906555176,-5.941322326660156,-2.9331164360046387,active,0.0
768,role_labeled,no_prime_eos,no_prime_eos,,a girl teaches a guest .,a guest is taught by a girl .,a,girl,a,guest,teach,teaches,taught,"[""VERB=teach"", ""PATIENT=guest"", ""AGENT=girl""]","Event roles: VERB=teach; PATIENT=guest; AGENT=girl
Sentence: the",Sentence: the,first_noun,-2.865262269973755,-5.7453532218933105,-2.8800909519195557,active,0.0
768,role_labeled,filler,filler,The signal flickered across the screen .,a girl teaches a guest .,a guest is taught by a girl .,a,girl,a,guest,teach,teaches,taught,"[""VERB=teach"", ""PATIENT=guest"", ""AGENT=girl""]","Prime sentence: The signal flickered across the screen .
Event roles: VERB=teach; PATIENT=guest; AGENT=girl
Sentence: the",Sentence: the,first_noun,-2.7342636585235596,-6.263824462890625,-3.5295608043670654,active,0.0
769,role_labeled,active,active,a cop washes a cousin .,a princess washes a professor .,a professor is washed by a princess .,a,princess,a,professor,wash,washes,washed,"[""AGENT=princess"", ""VERB=wash"", ""PATIENT=professor""]","Prime sentence: a cop washes a cousin .
Event roles: AGENT=princess; VERB=wash; PATIENT=professor
Sentence: the",Sentence: the,first_noun,-5.363951683044434,-4.202728271484375,1.1612234115600586,passive,1.0
769,role_labeled,passive,passive,a cousin is washed by a cop .,a princess washes a professor .,a professor is washed by a princess .,a,princess,a,professor,wash,washes,washed,"[""AGENT=princess"", ""VERB=wash"", ""PATIENT=professor""]","Prime sentence: a cousin is washed by a cop .
Event roles: AGENT=princess; VERB=wash; PATIENT=professor
Sentence: the",Sentence: the,first_noun,-5.772739887237549,-4.453482151031494,1.3192577362060547,passive,1.0
769,role_labeled,no_prime_eos,no_prime_eos,,a princess washes a professor .,a professor is washed by a princess .,a,princess,a,professor,wash,washes,washed,"[""AGENT=princess"", ""VERB=wash"", ""PATIENT=professor""]","Event roles: AGENT=princess; VERB=wash; PATIENT=professor
Sentence: the",Sentence: the,first_noun,-4.720858097076416,-5.140674114227295,-0.4198160171508789,active,0.0
769,role_labeled,filler,filler,The lantern glowed near sunset .,a princess washes a professor .,a professor is washed by a princess .,a,princess,a,professor,wash,washes,washed,"[""AGENT=princess"", ""VERB=wash"", ""PATIENT=professor""]","Prime sentence: The lantern glowed near sunset .
Event roles: AGENT=princess; VERB=wash; PATIENT=professor
Sentence: the",Sentence: the,first_noun,-5.150284767150879,-5.614336967468262,-0.4640522003173828,active,0.0
770,role_labeled,active,active,a manager selects a mayor .,an adult selects an attorney .,an attorney is selected by an adult .,an,adult,an,attorney,select,selects,selected,"[""AGENT=adult"", ""VERB=select"", ""PATIENT=attorney""]","Prime sentence: a manager selects a mayor .
Event roles: AGENT=adult; VERB=select; PATIENT=attorney
Sentence: the",Sentence: the,first_noun,-4.524290084838867,-5.262635231018066,-0.7383451461791992,active,0.0
770,role_labeled,passive,passive,a mayor is selected by a manager .,an adult selects an attorney .,an attorney is selected by an adult .,an,adult,an,attorney,select,selects,selected,"[""AGENT=adult"", ""VERB=select"", ""PATIENT=attorney""]","Prime sentence: a mayor is selected by a manager .
Event roles: AGENT=adult; VERB=select; PATIENT=attorney
Sentence: the",Sentence: the,first_noun,-4.989038467407227,-5.537854194641113,-0.5488157272338867,active,0.0
770,role_labeled,no_prime_eos,no_prime_eos,,an adult selects an attorney .,an attorney is selected by an adult .,an,adult,an,attorney,select,selects,selected,"[""AGENT=adult"", ""VERB=select"", ""PATIENT=attorney""]","Event roles: AGENT=adult; VERB=select; PATIENT=attorney
Sentence: the",Sentence: the,first_noun,-4.566559791564941,-6.037474632263184,-1.4709148406982422,active,0.0
770,role_labeled,filler,filler,The sculpture stood in the hallway .,an adult selects an attorney .,an attorney is selected by an adult .,an,adult,an,attorney,select,selects,selected,"[""AGENT=adult"", ""VERB=select"", ""PATIENT=attorney""]","Prime sentence: The sculpture stood in the hallway .
Event roles: AGENT=adult; VERB=select; PATIENT=attorney
Sentence: the",Sentence: the,first_noun,-5.9985857009887695,-5.302948951721191,0.6956367492675781,passive,1.0
771,role_labeled,active,active,a champion hurts a chief .,a pilot hurts a president .,a president is hurt by a pilot .,a,pilot,a,president,hurt,hurts,hurt,"[""PATIENT=president"", ""AGENT=pilot"", ""VERB=hurt""]","Prime sentence: a champion hurts a chief .
Event roles: PATIENT=president; AGENT=pilot; VERB=hurt
Sentence: the",Sentence: the,first_noun,-4.009413719177246,-3.309802532196045,0.6996111869812012,passive,1.0
771,role_labeled,passive,passive,a chief is hurt by a champion .,a pilot hurts a president .,a president is hurt by a pilot .,a,pilot,a,president,hurt,hurts,hurt,"[""PATIENT=president"", ""AGENT=pilot"", ""VERB=hurt""]","Prime sentence: a chief is hurt by a champion .
Event roles: PATIENT=president; AGENT=pilot; VERB=hurt
Sentence: the",Sentence: the,first_noun,-3.8581490516662598,-3.263559341430664,0.5945897102355957,passive,1.0
771,role_labeled,no_prime_eos,no_prime_eos,,a pilot hurts a president .,a president is hurt by a pilot .,a,pilot,a,president,hurt,hurts,hurt,"[""PATIENT=president"", ""AGENT=pilot"", ""VERB=hurt""]","Event roles: PATIENT=president; AGENT=pilot; VERB=hurt
Sentence: the",Sentence: the,first_noun,-2.6707444190979004,-3.460005044937134,-0.7892606258392334,active,0.0
771,role_labeled,filler,filler,The sculpture stood in the hallway .,a pilot hurts a president .,a president is hurt by a pilot .,a,pilot,a,president,hurt,hurts,hurt,"[""PATIENT=president"", ""AGENT=pilot"", ""VERB=hurt""]","Prime sentence: The sculpture stood in the hallway .
Event roles: PATIENT=president; AGENT=pilot; VERB=hurt
Sentence: the",Sentence: the,first_noun,-3.770622968673706,-4.277270317077637,-0.5066473484039307,active,0.0
772,role_labeled,active,active,a wife teaches a winner .,a hero teaches a husband .,a husband is taught by a hero .,a,hero,a,husband,teach,teaches,taught,"[""AGENT=hero"", ""PATIENT=husband"", ""VERB=teach""]","Prime sentence: a wife teaches a winner .
Event roles: AGENT=hero; PATIENT=husband; VERB=teach
Sentence: the",Sentence: the,first_noun,-4.662001609802246,-3.5070948600769043,1.1549067497253418,passive,1.0
772,role_labeled,passive,passive,a winner is taught by a wife .,a hero teaches a husband .,a husband is taught by a hero .,a,hero,a,husband,teach,teaches,taught,"[""AGENT=hero"", ""PATIENT=husband"", ""VERB=teach""]","Prime sentence: a winner is taught by a wife .
Event roles: AGENT=hero; PATIENT=husband; VERB=teach
Sentence: the",Sentence: the,first_noun,-4.635133743286133,-3.938673734664917,0.6964600086212158,passive,1.0
772,role_labeled,no_prime_eos,no_prime_eos,,a hero teaches a husband .,a husband is taught by a hero .,a,hero,a,husband,teach,teaches,taught,"[""AGENT=hero"", ""PATIENT=husband"", ""VERB=teach""]","Event roles: AGENT=hero; PATIENT=husband; VERB=teach
Sentence: the",Sentence: the,first_noun,-3.2282230854034424,-4.922819137573242,-1.6945960521697998,active,0.0
772,role_labeled,filler,filler,The window rattled during the storm .,a hero teaches a husband .,a husband is taught by a hero .,a,hero,a,husband,teach,teaches,taught,"[""AGENT=hero"", ""PATIENT=husband"", ""VERB=teach""]","Prime sentence: The window rattled during the storm .
Event roles: AGENT=hero; PATIENT=husband; VERB=teach
Sentence: the",Sentence: the,first_noun,-6.845521926879883,-6.586478233337402,0.25904369354248047,passive,1.0
773,role_labeled,active,active,a prince selects a princess .,a child selects a colonel .,a colonel is selected by a child .,a,child,a,colonel,select,selects,selected,"[""VERB=select"", ""PATIENT=colonel"", ""AGENT=child""]","Prime sentence: a prince selects a princess .
Event roles: VERB=select; PATIENT=colonel; AGENT=child
Sentence: the",Sentence: the,first_noun,-4.432535648345947,-5.740452766418457,-1.3079171180725098,active,0.0
773,role_labeled,passive,passive,a princess is selected by a prince .,a child selects a colonel .,a colonel is selected by a child .,a,child,a,colonel,select,selects,selected,"[""VERB=select"", ""PATIENT=colonel"", ""AGENT=child""]","Prime sentence: a princess is selected by a prince .
Event roles: VERB=select; PATIENT=colonel; AGENT=child
Sentence: the",Sentence: the,first_noun,-4.539543628692627,-6.016476154327393,-1.4769325256347656,active,0.0
773,role_labeled,no_prime_eos,no_prime_eos,,a child selects a colonel .,a colonel is selected by a child .,a,child,a,colonel,select,selects,selected,"[""VERB=select"", ""PATIENT=colonel"", ""AGENT=child""]","Event roles: VERB=select; PATIENT=colonel; AGENT=child
Sentence: the",Sentence: the,first_noun,-4.570580005645752,-5.403223514556885,-0.8326435089111328,active,0.0
773,role_labeled,filler,filler,The painter waited near the doorway .,a child selects a colonel .,a colonel is selected by a child .,a,child,a,colonel,select,selects,selected,"[""VERB=select"", ""PATIENT=colonel"", ""AGENT=child""]","Prime sentence: The painter waited near the doorway .
Event roles: VERB=select; PATIENT=colonel; AGENT=child
Sentence: the",Sentence: the,first_noun,-4.032332420349121,-4.91225528717041,-0.8799228668212891,active,0.0
774,role_labeled,active,active,a leader kills a man .,an actor kills an actress .,an actress is killed by an actor .,an,actor,an,actress,kill,kills,killed,"[""AGENT=actor"", ""VERB=kill"", ""PATIENT=actress""]","Prime sentence: a leader kills a man .
Event roles: AGENT=actor; VERB=kill; PATIENT=actress
Sentence: the",Sentence: the,first_noun,-4.273802757263184,-7.131619453430176,-2.857816696166992,active,0.0
774,role_labeled,passive,passive,a man is killed by a leader .,an actor kills an actress .,an actress is killed by an actor .,an,actor,an,actress,kill,kills,killed,"[""AGENT=actor"", ""VERB=kill"", ""PATIENT=actress""]","Prime sentence: a man is killed by a leader .
Event roles: AGENT=actor; VERB=kill; PATIENT=actress
Sentence: the",Sentence: the,first_noun,-3.956099271774292,-6.944436073303223,-2.9883368015289307,active,0.0
774,role_labeled,no_prime_eos,no_prime_eos,,an actor kills an actress .,an actress is killed by an actor .,an,actor,an,actress,kill,kills,killed,"[""AGENT=actor"", ""VERB=kill"", ""PATIENT=actress""]","Event roles: AGENT=actor; VERB=kill; PATIENT=actress
Sentence: the",Sentence: the,first_noun,-3.6279218196868896,-6.336266994476318,-2.7083451747894287,active,0.0
774,role_labeled,filler,filler,The painter waited near the doorway .,an actor kills an actress .,an actress is killed by an actor .,an,actor,an,actress,kill,kills,killed,"[""AGENT=actor"", ""VERB=kill"", ""PATIENT=actress""]","Prime sentence: The painter waited near the doorway .
Event roles: AGENT=actor; VERB=kill; PATIENT=actress
Sentence: the",Sentence: the,first_noun,-3.9715731143951416,-5.63386344909668,-1.662290334701538,active,0.0
775,role_labeled,active,active,a hero forgives a husband .,an uncle forgives a wife .,a wife is forgiven by an uncle .,an,uncle,a,wife,forgiv,forgives,forgiven,"[""VERB=forgiv"", ""AGENT=uncle"", ""PATIENT=wife""]","Prime sentence: a hero forgives a husband .
Event roles: VERB=forgiv; AGENT=uncle; PATIENT=wife
Sentence: the",Sentence: the,first_noun,-6.351268768310547,-4.160872459411621,2.190396308898926,passive,1.0
775,role_labeled,passive,passive,a husband is forgiven by a hero .,an uncle forgives a wife .,a wife is forgiven by an uncle .,an,uncle,a,wife,forgiv,forgives,forgiven,"[""VERB=forgiv"", ""AGENT=uncle"", ""PATIENT=wife""]","Prime sentence: a husband is forgiven by a hero .
Event roles: VERB=forgiv; AGENT=uncle; PATIENT=wife
Sentence: the",Sentence: the,first_noun,-6.467112064361572,-4.133193016052246,2.333919048309326,passive,1.0
775,role_labeled,no_prime_eos,no_prime_eos,,an uncle forgives a wife .,a wife is forgiven by an uncle .,an,uncle,a,wife,forgiv,forgives,forgiven,"[""VERB=forgiv"", ""AGENT=uncle"", ""PATIENT=wife""]","Event roles: VERB=forgiv; AGENT=uncle; PATIENT=wife
Sentence: the",Sentence: the,first_noun,-8.311888694763184,-4.688914775848389,3.622973918914795,passive,1.0
775,role_labeled,filler,filler,The planet shimmered above the valley .,an uncle forgives a wife .,a wife is forgiven by an uncle .,an,uncle,a,wife,forgiv,forgives,forgiven,"[""VERB=forgiv"", ""AGENT=uncle"", ""PATIENT=wife""]","Prime sentence: The planet shimmered above the valley .
Event roles: VERB=forgiv; AGENT=uncle; PATIENT=wife
Sentence: the",Sentence: the,first_noun,-8.609966278076172,-6.2310991287231445,2.3788671493530273,passive,1.0
776,role_labeled,active,active,an attorney joins an aunt .,a manager joins a mayor .,a mayor is joined by a manager .,a,manager,a,mayor,join,joins,joined,"[""VERB=join"", ""PATIENT=mayor"", ""AGENT=manager""]","Prime sentence: an attorney joins an aunt .
Event roles: VERB=join; PATIENT=mayor; AGENT=manager
Sentence: the",Sentence: the,first_noun,-5.812230110168457,-2.548835515975952,3.263394594192505,passive,1.0
776,role_labeled,passive,passive,an aunt is joined by an attorney .,a manager joins a mayor .,a mayor is joined by a manager .,a,manager,a,mayor,join,joins,joined,"[""VERB=join"", ""PATIENT=mayor"", ""AGENT=manager""]","Prime sentence: an aunt is joined by an attorney .
Event roles: VERB=join; PATIENT=mayor; AGENT=manager
Sentence: the",Sentence: the,first_noun,-5.645667552947998,-2.13626766204834,3.509399890899658,passive,1.0
776,role_labeled,no_prime_eos,no_prime_eos,,a manager joins a mayor .,a mayor is joined by a manager .,a,manager,a,mayor,join,joins,joined,"[""VERB=join"", ""PATIENT=mayor"", ""AGENT=manager""]","Event roles: VERB=join; PATIENT=mayor; AGENT=manager
Sentence: the",Sentence: the,first_noun,-5.667540550231934,-2.6261844635009766,3.041356086730957,passive,1.0
776,role_labeled,filler,filler,The singer smiled after rehearsal .,a manager joins a mayor .,a mayor is joined by a manager .,a,manager,a,mayor,join,joins,joined,"[""VERB=join"", ""PATIENT=mayor"", ""AGENT=manager""]","Prime sentence: The singer smiled after rehearsal .
Event roles: VERB=join; PATIENT=mayor; AGENT=manager
Sentence: the",Sentence: the,first_noun,-4.845578193664551,-2.6081180572509766,2.237460136413574,passive,1.0
777,role_labeled,active,active,a man kills a manager .,an actress kills an adult .,an adult is killed by an actress .,an,actress,an,adult,kill,kills,killed,"[""PATIENT=adult"", ""VERB=kill"", ""AGENT=actress""]","Prime sentence: a man kills a manager .
Event roles: PATIENT=adult; VERB=kill; AGENT=actress
Sentence: the",Sentence: the,first_noun,-6.928657054901123,-6.207948207855225,0.7207088470458984,passive,1.0
777,role_labeled,passive,passive,a manager is killed by a man .,an actress kills an adult .,an adult is killed by an actress .,an,actress,an,adult,kill,kills,killed,"[""PATIENT=adult"", ""VERB=kill"", ""AGENT=actress""]","Prime sentence: a manager is killed by a man .
Event roles: PATIENT=adult; VERB=kill; AGENT=actress
Sentence: the",Sentence: the,first_noun,-6.585745811462402,-6.045070648193359,0.540675163269043,passive,1.0
777,role_labeled,no_prime_eos,no_prime_eos,,an actress kills an adult .,an adult is killed by an actress .,an,actress,an,adult,kill,kills,killed,"[""PATIENT=adult"", ""VERB=kill"", ""AGENT=actress""]","Event roles: PATIENT=adult; VERB=kill; AGENT=actress
Sentence: the",Sentence: the,first_noun,-6.835092544555664,-5.822042465209961,1.0130500793457031,passive,1.0
777,role_labeled,filler,filler,The garden brightened after rain .,an actress kills an adult .,an adult is killed by an actress .,an,actress,an,adult,kill,kills,killed,"[""PATIENT=adult"", ""VERB=kill"", ""AGENT=actress""]","Prime sentence: The garden brightened after rain .
Event roles: PATIENT=adult; VERB=kill; AGENT=actress
Sentence: the",Sentence: the,first_noun,-9.204338073730469,-8.108442306518555,1.095895767211914,passive,1.0
778,role_labeled,active,active,an uncle bothers a wife .,a guy bothers a hero .,a hero is bothered by a guy .,a,guy,a,hero,bother,bothers,bothered,"[""PATIENT=hero"", ""AGENT=guy"", ""VERB=bother""]","Prime sentence: an uncle bothers a wife .
Event roles: PATIENT=hero; AGENT=guy; VERB=bother
Sentence: the",Sentence: the,first_noun,-4.18040657043457,-5.162473678588867,-0.9820671081542969,active,0.0
778,role_labeled,passive,passive,a wife is bothered by an uncle .,a guy bothers a hero .,a hero is bothered by a guy .,a,guy,a,hero,bother,bothers,bothered,"[""PATIENT=hero"", ""AGENT=guy"", ""VERB=bother""]","Prime sentence: a wife is bothered by an uncle .
Event roles: PATIENT=hero; AGENT=guy; VERB=bother
Sentence: the",Sentence: the,first_noun,-4.83842658996582,-5.713520050048828,-0.8750934600830078,active,0.0
778,role_labeled,no_prime_eos,no_prime_eos,,a guy bothers a hero .,a hero is bothered by a guy .,a,guy,a,hero,bother,bothers,bothered,"[""PATIENT=hero"", ""AGENT=guy"", ""VERB=bother""]","Event roles: PATIENT=hero; AGENT=guy; VERB=bother
Sentence: the",Sentence: the,first_noun,-3.9275970458984375,-3.4858217239379883,0.4417753219604492,passive,1.0
778,role_labeled,filler,filler,The market opened after sunrise .,a guy bothers a hero .,a hero is bothered by a guy .,a,guy,a,hero,bother,bothers,bothered,"[""PATIENT=hero"", ""AGENT=guy"", ""VERB=bother""]","Prime sentence: The market opened after sunrise .
Event roles: PATIENT=hero; AGENT=guy; VERB=bother
Sentence: the",Sentence: the,first_noun,-5.588235855102539,-6.074519157409668,-0.4862833023071289,active,0.0
779,role_labeled,active,active,an employer punches a father .,a sheriff punches a singer .,a singer is punched by a sheriff .,a,sheriff,a,singer,punch,punches,punched,"[""VERB=punch"", ""PATIENT=singer"", ""AGENT=sheriff""]","Prime sentence: an employer punches a father .
Event roles: VERB=punch; PATIENT=singer; AGENT=sheriff
Sentence: the",Sentence: the,first_noun,-3.806365489959717,-6.1832098960876465,-2.3768444061279297,active,0.0
779,role_labeled,passive,passive,a father is punched by an employer .,a sheriff punches a singer .,a singer is punched by a sheriff .,a,sheriff,a,singer,punch,punches,punched,"[""VERB=punch"", ""PATIENT=singer"", ""AGENT=sheriff""]","Prime sentence: a father is punched by an employer .
Event roles: VERB=punch; PATIENT=singer; AGENT=sheriff
Sentence: the",Sentence: the,first_noun,-4.491069793701172,-6.029474258422852,-1.5384044647216797,active,0.0
779,role_labeled,no_prime_eos,no_prime_eos,,a sheriff punches a singer .,a singer is punched by a sheriff .,a,sheriff,a,singer,punch,punches,punched,"[""VERB=punch"", ""PATIENT=singer"", ""AGENT=sheriff""]","Event roles: VERB=punch; PATIENT=singer; AGENT=sheriff
Sentence: the",Sentence: the,first_noun,-5.631269454956055,-5.341742515563965,0.28952693939208984,passive,1.0
779,role_labeled,filler,filler,The radio crackled in the attic .,a sheriff punches a singer .,a singer is punched by a sheriff .,a,sheriff,a,singer,punch,punches,punched,"[""VERB=punch"", ""PATIENT=singer"", ""AGENT=sheriff""]","Prime sentence: The radio crackled in the attic .
Event roles: VERB=punch; PATIENT=singer; AGENT=sheriff
Sentence: the",Sentence: the,first_noun,-4.390643119812012,-6.814061164855957,-2.4234180450439453,active,0.0
780,role_labeled,active,active,a chief raises a child .,a president raises a priest .,a priest is raised by a president .,a,president,a,priest,rais,raises,raised,"[""PATIENT=priest"", ""VERB=rais"", ""AGENT=president""]","Prime sentence: a chief raises a child .
Event roles: PATIENT=priest; VERB=rais; AGENT=president
Sentence: the",Sentence: the,first_noun,-4.243034839630127,-3.6126487255096436,0.6303861141204834,passive,1.0
780,role_labeled,passive,passive,a child is raised by a chief .,a president raises a priest .,a priest is raised by a president .,a,president,a,priest,rais,raises,raised,"[""PATIENT=priest"", ""VERB=rais"", ""AGENT=president""]","Prime sentence: a child is raised by a chief .
Event roles: PATIENT=priest; VERB=rais; AGENT=president
Sentence: the",Sentence: the,first_noun,-4.195306777954102,-3.799304962158203,0.39600181579589844,passive,1.0
780,role_labeled,no_prime_eos,no_prime_eos,,a president raises a priest .,a priest is raised by a president .,a,president,a,priest,rais,raises,raised,"[""PATIENT=priest"", ""VERB=rais"", ""AGENT=president""]","Event roles: PATIENT=priest; VERB=rais; AGENT=president
Sentence: the",Sentence: the,first_noun,-4.2993927001953125,-3.980313539505005,0.3190791606903076,passive,1.0
780,role_labeled,filler,filler,The captain waited beside the harbor .,a president raises a priest .,a priest is raised by a president .,a,president,a,priest,rais,raises,raised,"[""PATIENT=priest"", ""VERB=rais"", ""AGENT=president""]","Prime sentence: The captain waited beside the harbor .
Event roles: PATIENT=priest; VERB=rais; AGENT=president
Sentence: the",Sentence: the,first_noun,-4.369128227233887,-4.505014896392822,-0.13588666915893555,active,0.0
781,role_labeled,active,active,a pilot strikes a president .,a captain strikes a champion .,a champion is struck by a captain .,a,captain,a,champion,strik,strikes,struck,"[""AGENT=captain"", ""PATIENT=champion"", ""VERB=strik""]","Prime sentence: a pilot strikes a president .
Event roles: AGENT=captain; PATIENT=champion; VERB=strik
Sentence: the",Sentence: the,first_noun,-3.6483802795410156,-7.66420841217041,-4.0158281326293945,active,0.0
781,role_labeled,passive,passive,a president is struck by a pilot .,a captain strikes a champion .,a champion is struck by a captain .,a,captain,a,champion,strik,strikes,struck,"[""AGENT=captain"", ""PATIENT=champion"", ""VERB=strik""]","Prime sentence: a president is struck by a pilot .
Event roles: AGENT=captain; PATIENT=champion; VERB=strik
Sentence: the",Sentence: the,first_noun,-3.7984790802001953,-8.084092140197754,-4.285613059997559,active,0.0
781,role_labeled,no_prime_eos,no_prime_eos,,a captain strikes a champion .,a champion is struck by a captain .,a,captain,a,champion,strik,strikes,struck,"[""AGENT=captain"", ""PATIENT=champion"", ""VERB=strik""]","Event roles: AGENT=captain; PATIENT=champion; VERB=strik
Sentence: the",Sentence: the,first_noun,-3.1793951988220215,-5.12672233581543,-1.9473271369934082,active,0.0
781,role_labeled,filler,filler,The signal flickered across the screen .,a captain strikes a champion .,a champion is struck by a captain .,a,captain,a,champion,strik,strikes,struck,"[""AGENT=captain"", ""PATIENT=champion"", ""VERB=strik""]","Prime sentence: The signal flickered across the screen .
Event roles: AGENT=captain; PATIENT=champion; VERB=strik
Sentence: the",Sentence: the,first_noun,-3.0934929847717285,-6.216133117675781,-3.1226401329040527,active,0.0
782,role_labeled,active,active,a woman follows a worker .,a kid follows a king .,a king is followed by a kid .,a,kid,a,king,follow,follows,followed,"[""PATIENT=king"", ""AGENT=kid"", ""VERB=follow""]","Prime sentence: a woman follows a worker .
Event roles: PATIENT=king; AGENT=kid; VERB=follow
Sentence: the",Sentence: the,first_noun,-5.490411758422852,-2.6344645023345947,2.855947256088257,passive,1.0
782,role_labeled,passive,passive,a worker is followed by a woman .,a kid follows a king .,a king is followed by a kid .,a,kid,a,king,follow,follows,followed,"[""PATIENT=king"", ""AGENT=kid"", ""VERB=follow""]","Prime sentence: a worker is followed by a woman .
Event roles: PATIENT=king; AGENT=kid; VERB=follow
Sentence: the",Sentence: the,first_noun,-5.2055840492248535,-1.98012113571167,3.2254629135131836,passive,1.0
782,role_labeled,no_prime_eos,no_prime_eos,,a kid follows a king .,a king is followed by a kid .,a,kid,a,king,follow,follows,followed,"[""PATIENT=king"", ""AGENT=kid"", ""VERB=follow""]","Event roles: PATIENT=king; AGENT=kid; VERB=follow
Sentence: the",Sentence: the,first_noun,-5.8951568603515625,-3.4241154193878174,2.471041440963745,passive,1.0
782,role_labeled,filler,filler,The engine cooled before dawn .,a kid follows a king .,a king is followed by a kid .,a,kid,a,king,follow,follows,followed,"[""PATIENT=king"", ""AGENT=kid"", ""VERB=follow""]","Prime sentence: The engine cooled before dawn .
Event roles: PATIENT=king; AGENT=kid; VERB=follow
Sentence: the",Sentence: the,first_noun,-5.625035285949707,-3.544933795928955,2.080101490020752,passive,1.0
783,role_labeled,active,active,an employer raises a father .,a sheriff raises a singer .,a singer is raised by a sheriff .,a,sheriff,a,singer,rais,raises,raised,"[""PATIENT=singer"", ""AGENT=sheriff"", ""VERB=rais""]","Prime sentence: an employer raises a father .
Event roles: PATIENT=singer; AGENT=sheriff; VERB=rais
Sentence: the",Sentence: the,first_noun,-3.78346586227417,-5.466391086578369,-1.6829252243041992,active,0.0
783,role_labeled,passive,passive,a father is raised by an employer .,a sheriff raises a singer .,a singer is raised by a sheriff .,a,sheriff,a,singer,rais,raises,raised,"[""PATIENT=singer"", ""AGENT=sheriff"", ""VERB=rais""]","Prime sentence: a father is raised by an employer .
Event roles: PATIENT=singer; AGENT=sheriff; VERB=rais
Sentence: the",Sentence: the,first_noun,-4.755962371826172,-6.032320976257324,-1.2763586044311523,active,0.0
783,role_labeled,no_prime_eos,no_prime_eos,,a sheriff raises a singer .,a singer is raised by a sheriff .,a,sheriff,a,singer,rais,raises,raised,"[""PATIENT=singer"", ""AGENT=sheriff"", ""VERB=rais""]","Event roles: PATIENT=singer; AGENT=sheriff; VERB=rais
Sentence: the",Sentence: the,first_noun,-6.077945709228516,-5.066263198852539,1.0116825103759766,passive,1.0
783,role_labeled,filler,filler,The tourist wandered through the plaza .,a sheriff raises a singer .,a singer is raised by a sheriff .,a,sheriff,a,singer,rais,raises,raised,"[""PATIENT=singer"", ""AGENT=sheriff"", ""VERB=rais""]","Prime sentence: The tourist wandered through the plaza .
Event roles: PATIENT=singer; AGENT=sheriff; VERB=rais
Sentence: the",Sentence: the,first_noun,-5.132969856262207,-4.2277302742004395,0.9052395820617676,passive,1.0
784,role_labeled,active,active,a princess destroys a professor .,a colonel destroys a cop .,a cop is destroyed by a colonel .,a,colonel,a,cop,destroy,destroys,destroyed,"[""AGENT=colonel"", ""VERB=destroy"", ""PATIENT=cop""]","Prime sentence: a princess destroys a professor .
Event roles: AGENT=colonel; VERB=destroy; PATIENT=cop
Sentence: the",Sentence: the,first_noun,-3.909999370574951,-5.835522651672363,-1.925523281097412,active,0.0
784,role_labeled,passive,passive,a professor is destroyed by a princess .,a colonel destroys a cop .,a cop is destroyed by a colonel .,a,colonel,a,cop,destroy,destroys,destroyed,"[""AGENT=colonel"", ""VERB=destroy"", ""PATIENT=cop""]","Prime sentence: a professor is destroyed by a princess .
Event roles: AGENT=colonel; VERB=destroy; PATIENT=cop
Sentence: the",Sentence: the,first_noun,-3.3866639137268066,-5.587978363037109,-2.2013144493103027,active,0.0
784,role_labeled,no_prime_eos,no_prime_eos,,a colonel destroys a cop .,a cop is destroyed by a colonel .,a,colonel,a,cop,destroy,destroys,destroyed,"[""AGENT=colonel"", ""VERB=destroy"", ""PATIENT=cop""]","Event roles: AGENT=colonel; VERB=destroy; PATIENT=cop
Sentence: the",Sentence: the,first_noun,-4.07060432434082,-6.048353672027588,-1.9777493476867676,active,0.0
784,role_labeled,filler,filler,The signal flickered across the screen .,a colonel destroys a cop .,a cop is destroyed by a colonel .,a,colonel,a,cop,destroy,destroys,destroyed,"[""AGENT=colonel"", ""VERB=destroy"", ""PATIENT=cop""]","Prime sentence: The signal flickered across the screen .
Event roles: AGENT=colonel; VERB=destroy; PATIENT=cop
Sentence: the",Sentence: the,first_noun,-3.9934587478637695,-6.201969623565674,-2.2085108757019043,active,0.0
785,role_labeled,active,active,a woman kills a worker .,a kid kills a king .,a king is killed by a kid .,a,kid,a,king,kill,kills,killed,"[""VERB=kill"", ""PATIENT=king"", ""AGENT=kid""]","Prime sentence: a woman kills a worker .
Event roles: VERB=kill; PATIENT=king; AGENT=kid
Sentence: the",Sentence: the,first_noun,-5.9149699211120605,-2.8044838905334473,3.1104860305786133,passive,1.0
785,role_labeled,passive,passive,a worker is killed by a woman .,a kid kills a king .,a king is killed by a kid .,a,kid,a,king,kill,kills,killed,"[""VERB=kill"", ""PATIENT=king"", ""AGENT=kid""]","Prime sentence: a worker is killed by a woman .
Event roles: VERB=kill; PATIENT=king; AGENT=kid
Sentence: the",Sentence: the,first_noun,-5.4122819900512695,-2.334899425506592,3.0773825645446777,passive,1.0
785,role_labeled,no_prime_eos,no_prime_eos,,a kid kills a king .,a king is killed by a kid .,a,kid,a,king,kill,kills,killed,"[""VERB=kill"", ""PATIENT=king"", ""AGENT=kid""]","Event roles: VERB=kill; PATIENT=king; AGENT=kid
Sentence: the",Sentence: the,first_noun,-6.144629955291748,-3.2891883850097656,2.8554415702819824,passive,1.0
785,role_labeled,filler,filler,The violin echoed in the theater .,a kid kills a king .,a king is killed by a kid .,a,kid,a,king,kill,kills,killed,"[""VERB=kill"", ""PATIENT=king"", ""AGENT=kid""]","Prime sentence: The violin echoed in the theater .
Event roles: VERB=kill; PATIENT=king; AGENT=kid
Sentence: the",Sentence: the,first_noun,-6.171887397766113,-4.054676055908203,2.11721134185791,passive,1.0
786,role_labeled,active,active,a professor destroys a reader .,a cop destroys a cousin .,a cousin is destroyed by a cop .,a,cop,a,cousin,destroy,destroys,destroyed,"[""PATIENT=cousin"", ""AGENT=cop"", ""VERB=destroy""]","Prime sentence: a professor destroys a reader .
Event roles: PATIENT=cousin; AGENT=cop; VERB=destroy
Sentence: the",Sentence: the,first_noun,-4.787957191467285,-8.558565139770508,-3.7706079483032227,active,0.0
786,role_labeled,passive,passive,a reader is destroyed by a professor .,a cop destroys a cousin .,a cousin is destroyed by a cop .,a,cop,a,cousin,destroy,destroys,destroyed,"[""PATIENT=cousin"", ""AGENT=cop"", ""VERB=destroy""]","Prime sentence: a reader is destroyed by a professor .
Event roles: PATIENT=cousin; AGENT=cop; VERB=destroy
Sentence: the",Sentence: the,first_noun,-5.421401500701904,-9.050549507141113,-3.629148006439209,active,0.0
786,role_labeled,no_prime_eos,no_prime_eos,,a cop destroys a cousin .,a cousin is destroyed by a cop .,a,cop,a,cousin,destroy,destroys,destroyed,"[""PATIENT=cousin"", ""AGENT=cop"", ""VERB=destroy""]","Event roles: PATIENT=cousin; AGENT=cop; VERB=destroy
Sentence: the",Sentence: the,first_noun,-5.3968281745910645,-8.86282730102539,-3.465999126434326,active,0.0
786,role_labeled,filler,filler,The kettle whistled in the kitchen .,a cop destroys a cousin .,a cousin is destroyed by a cop .,a,cop,a,cousin,destroy,destroys,destroyed,"[""PATIENT=cousin"", ""AGENT=cop"", ""VERB=destroy""]","Prime sentence: The kettle whistled in the kitchen .
Event roles: PATIENT=cousin; AGENT=cop; VERB=destroy
Sentence: the",Sentence: the,first_noun,-6.656976699829102,-9.164379119873047,-2.5074024200439453,active,0.0
787,role_labeled,active,active,a friend follows a girl .,a soldier follows a son .,a son is followed by a soldier .,a,soldier,a,son,follow,follows,followed,"[""AGENT=soldier"", ""PATIENT=son"", ""VERB=follow""]","Prime sentence: a friend follows a girl .
Event roles: AGENT=soldier; PATIENT=son; VERB=follow
Sentence: the",Sentence: the,first_noun,-3.4583349227905273,-5.331206798553467,-1.8728718757629395,active,0.0
787,role_labeled,passive,passive,a girl is followed by a friend .,a soldier follows a son .,a son is followed by a soldier .,a,soldier,a,son,follow,follows,followed,"[""AGENT=soldier"", ""PATIENT=son"", ""VERB=follow""]","Prime sentence: a girl is followed by a friend .
Event roles: AGENT=soldier; PATIENT=son; VERB=follow
Sentence: the",Sentence: the,first_noun,-3.3564860820770264,-5.646635055541992,-2.290148973464966,active,0.0
787,role_labeled,no_prime_eos,no_prime_eos,,a soldier follows a son .,a son is followed by a soldier .,a,soldier,a,son,follow,follows,followed,"[""AGENT=soldier"", ""PATIENT=son"", ""VERB=follow""]","Event roles: AGENT=soldier; PATIENT=son; VERB=follow
Sentence: the",Sentence: the,first_noun,-3.233494758605957,-4.358826637268066,-1.1253318786621094,active,0.0
787,role_labeled,filler,filler,The witness paused near the doorway .,a soldier follows a son .,a son is followed by a soldier .,a,soldier,a,son,follow,follows,followed,"[""AGENT=soldier"", ""PATIENT=son"", ""VERB=follow""]","Prime sentence: The witness paused near the doorway .
Event roles: AGENT=soldier; PATIENT=son; VERB=follow
Sentence: the",Sentence: the,first_noun,-2.3238887786865234,-5.548859119415283,-3.2249703407287598,active,0.0
788,role_labeled,active,active,a priest describes a prince .,a chief describes a child .,a child is described by a chief .,a,chief,a,child,describ,describes,described,"[""AGENT=chief"", ""PATIENT=child"", ""VERB=describ""]","Prime sentence: a priest describes a prince .
Event roles: AGENT=chief; PATIENT=child; VERB=describ
Sentence: the",Sentence: the,first_noun,-4.697381019592285,-4.265283584594727,0.4320974349975586,passive,1.0
788,role_labeled,passive,passive,a prince is described by a priest .,a chief describes a child .,a child is described by a chief .,a,chief,a,child,describ,describes,described,"[""AGENT=chief"", ""PATIENT=child"", ""VERB=describ""]","Prime sentence: a prince is described by a priest .
Event roles: AGENT=chief; PATIENT=child; VERB=describ
Sentence: the",Sentence: the,first_noun,-4.640462875366211,-4.238528251647949,0.4019346237182617,passive,1.0
788,role_labeled,no_prime_eos,no_prime_eos,,a chief describes a child .,a child is described by a chief .,a,chief,a,child,describ,describes,described,"[""AGENT=chief"", ""PATIENT=child"", ""VERB=describ""]","Event roles: AGENT=chief; PATIENT=child; VERB=describ
Sentence: the",Sentence: the,first_noun,-3.921449661254883,-3.4124302864074707,0.5090193748474121,passive,1.0
788,role_labeled,filler,filler,The witness paused near the doorway .,a chief describes a child .,a child is described by a chief .,a,chief,a,child,describ,describes,described,"[""AGENT=chief"", ""PATIENT=child"", ""VERB=describ""]","Prime sentence: The witness paused near the doorway .
Event roles: AGENT=chief; PATIENT=child; VERB=describ
Sentence: the",Sentence: the,first_noun,-5.618748664855957,-2.859609842300415,2.759138822555542,passive,1.0
789,role_labeled,active,active,a brother kills a buddy .,an opponent kills a parent .,a parent is killed by an opponent .,an,opponent,a,parent,kill,kills,killed,"[""PATIENT=parent"", ""VERB=kill"", ""AGENT=opponent""]","Prime sentence: a brother kills a buddy .
Event roles: PATIENT=parent; VERB=kill; AGENT=opponent
Sentence: the",Sentence: the,first_noun,-6.782829284667969,-5.048449516296387,1.734379768371582,passive,1.0
789,role_labeled,passive,passive,a buddy is killed by a brother .,an opponent kills a parent .,a parent is killed by an opponent .,an,opponent,a,parent,kill,kills,killed,"[""PATIENT=parent"", ""VERB=kill"", ""AGENT=opponent""]","Prime sentence: a buddy is killed by a brother .
Event roles: PATIENT=parent; VERB=kill; AGENT=opponent
Sentence: the",Sentence: the,first_noun,-6.236551284790039,-4.823399543762207,1.413151741027832,passive,1.0
789,role_labeled,no_prime_eos,no_prime_eos,,an opponent kills a parent .,a parent is killed by an opponent .,an,opponent,a,parent,kill,kills,killed,"[""PATIENT=parent"", ""VERB=kill"", ""AGENT=opponent""]","Event roles: PATIENT=parent; VERB=kill; AGENT=opponent
Sentence: the",Sentence: the,first_noun,-5.382277488708496,-4.858977794647217,0.5232996940612793,passive,1.0
789,role_labeled,filler,filler,The package arrived before noon .,an opponent kills a parent .,a parent is killed by an opponent .,an,opponent,a,parent,kill,kills,killed,"[""PATIENT=parent"", ""VERB=kill"", ""AGENT=opponent""]","Prime sentence: The package arrived before noon .
Event roles: PATIENT=parent; VERB=kill; AGENT=opponent
Sentence: the",Sentence: the,first_noun,-7.082677841186523,-5.850175380706787,1.2325024604797363,passive,1.0
790,role_labeled,active,active,a sheriff kills a singer .,an employee kills an employer .,an employer is killed by an employee .,an,employee,an,employer,kill,kills,killed,"[""PATIENT=employer"", ""AGENT=employee"", ""VERB=kill""]","Prime sentence: a sheriff kills a singer .
Event roles: PATIENT=employer; AGENT=employee; VERB=kill
Sentence: the",Sentence: the,first_noun,-4.398415565490723,-3.867678165435791,0.5307374000549316,passive,1.0
790,role_labeled,passive,passive,a singer is killed by a sheriff .,an employee kills an employer .,an employer is killed by an employee .,an,employee,an,employer,kill,kills,killed,"[""PATIENT=employer"", ""AGENT=employee"", ""VERB=kill""]","Prime sentence: a singer is killed by a sheriff .
Event roles: PATIENT=employer; AGENT=employee; VERB=kill
Sentence: the",Sentence: the,first_noun,-4.4744977951049805,-4.261524200439453,0.21297359466552734,passive,1.0
790,role_labeled,no_prime_eos,no_prime_eos,,an employee kills an employer .,an employer is killed by an employee .,an,employee,an,employer,kill,kills,killed,"[""PATIENT=employer"", ""AGENT=employee"", ""VERB=kill""]","Event roles: PATIENT=employer; AGENT=employee; VERB=kill
Sentence: the",Sentence: the,first_noun,-3.746640205383301,-4.952833652496338,-1.206193447113037,active,0.0
790,role_labeled,filler,filler,The garden brightened after rain .,an employee kills an employer .,an employer is killed by an employee .,an,employee,an,employer,kill,kills,killed,"[""PATIENT=employer"", ""AGENT=employee"", ""VERB=kill""]","Prime sentence: The garden brightened after rain .
Event roles: PATIENT=employer; AGENT=employee; VERB=kill
Sentence: the",Sentence: the,first_noun,-7.803585052490234,-8.277952194213867,-0.4743671417236328,active,0.0
791,role_labeled,active,active,a lawyer strikes a leader .,a writer strikes an actor .,an actor is struck by a writer .,a,writer,an,actor,strik,strikes,struck,"[""VERB=strik"", ""AGENT=writer"", ""PATIENT=actor""]","Prime sentence: a lawyer strikes a leader .
Event roles: VERB=strik; AGENT=writer; PATIENT=actor
Sentence: the",Sentence: the,first_noun,-5.204944610595703,-4.831981182098389,0.37296342849731445,passive,1.0
791,role_labeled,passive,passive,a leader is struck by a lawyer .,a writer strikes an actor .,an actor is struck by a writer .,a,writer,an,actor,strik,strikes,struck,"[""VERB=strik"", ""AGENT=writer"", ""PATIENT=actor""]","Prime sentence: a leader is struck by a lawyer .
Event roles: VERB=strik; AGENT=writer; PATIENT=actor
Sentence: the",Sentence: the,first_noun,-5.374844074249268,-5.0683979988098145,0.3064460754394531,passive,1.0
791,role_labeled,no_prime_eos,no_prime_eos,,a writer strikes an actor .,an actor is struck by a writer .,a,writer,an,actor,strik,strikes,struck,"[""VERB=strik"", ""AGENT=writer"", ""PATIENT=actor""]","Event roles: VERB=strik; AGENT=writer; PATIENT=actor
Sentence: the",Sentence: the,first_noun,-4.722046852111816,-4.912515640258789,-0.19046878814697266,active,0.0
791,role_labeled,filler,filler,The sculpture stood in the hallway .,a writer strikes an actor .,an actor is struck by a writer .,a,writer,an,actor,strik,strikes,struck,"[""VERB=strik"", ""AGENT=writer"", ""PATIENT=actor""]","Prime sentence: The sculpture stood in the hallway .
Event roles: VERB=strik; AGENT=writer; PATIENT=actor
Sentence: the",Sentence: the,first_noun,-6.174976825714111,-5.834803581237793,0.34017324447631836,passive,1.0
792,role_labeled,active,active,a cousin beats a daughter .,a professor beats a reader .,a reader is beaten by a professor .,a,professor,a,reader,beat,beats,beaten,"[""VERB=beat"", ""PATIENT=reader"", ""AGENT=professor""]","Prime sentence: a cousin beats a daughter .
Event roles: VERB=beat; PATIENT=reader; AGENT=professor
Sentence: the",Sentence: the,first_noun,-4.086648941040039,-6.927933692932129,-2.84128475189209,active,0.0
792,role_labeled,passive,passive,a daughter is beaten by a cousin .,a professor beats a reader .,a reader is beaten by a professor .,a,professor,a,reader,beat,beats,beaten,"[""VERB=beat"", ""PATIENT=reader"", ""AGENT=professor""]","Prime sentence: a daughter is beaten by a cousin .
Event roles: VERB=beat; PATIENT=reader; AGENT=professor
Sentence: the",Sentence: the,first_noun,-4.1037702560424805,-6.243477821350098,-2.139707565307617,active,0.0
792,role_labeled,no_prime_eos,no_prime_eos,,a professor beats a reader .,a reader is beaten by a professor .,a,professor,a,reader,beat,beats,beaten,"[""VERB=beat"", ""PATIENT=reader"", ""AGENT=professor""]","Event roles: VERB=beat; PATIENT=reader; AGENT=professor
Sentence: the",Sentence: the,first_noun,-4.2056498527526855,-4.97099494934082,-0.7653450965881348,active,0.0
792,role_labeled,filler,filler,The blanket dried on the line .,a professor beats a reader .,a reader is beaten by a professor .,a,professor,a,reader,beat,beats,beaten,"[""VERB=beat"", ""PATIENT=reader"", ""AGENT=professor""]","Prime sentence: The blanket dried on the line .
Event roles: VERB=beat; PATIENT=reader; AGENT=professor
Sentence: the",Sentence: the,first_noun,-4.686419486999512,-7.251722812652588,-2.565303325653076,active,0.0
793,role_labeled,active,active,a sheriff helps a singer .,an employee helps an employer .,an employer is helped by an employee .,an,employee,an,employer,help,helps,helped,"[""PATIENT=employer"", ""VERB=help"", ""AGENT=employee""]","Prime sentence: a sheriff helps a singer .
Event roles: PATIENT=employer; VERB=help; AGENT=employee
Sentence: the",Sentence: the,first_noun,-5.103677272796631,-5.212798595428467,-0.10912132263183594,active,0.0
793,role_labeled,passive,passive,a singer is helped by a sheriff .,an employee helps an employer .,an employer is helped by an employee .,an,employee,an,employer,help,helps,helped,"[""PATIENT=employer"", ""VERB=help"", ""AGENT=employee""]","Prime sentence: a singer is helped by a sheriff .
Event roles: PATIENT=employer; VERB=help; AGENT=employee
Sentence: the",Sentence: the,first_noun,-5.0876569747924805,-4.993094444274902,0.09456253051757812,passive,1.0
793,role_labeled,no_prime_eos,no_prime_eos,,an employee helps an employer .,an employer is helped by an employee .,an,employee,an,employer,help,helps,helped,"[""PATIENT=employer"", ""VERB=help"", ""AGENT=employee""]","Event roles: PATIENT=employer; VERB=help; AGENT=employee
Sentence: the",Sentence: the,first_noun,-3.6804041862487793,-4.487087249755859,-0.8066830635070801,active,0.0
793,role_labeled,filler,filler,The garden brightened after rain .,an employee helps an employer .,an employer is helped by an employee .,an,employee,an,employer,help,helps,helped,"[""PATIENT=employer"", ""VERB=help"", ""AGENT=employee""]","Prime sentence: The garden brightened after rain .
Event roles: PATIENT=employer; VERB=help; AGENT=employee
Sentence: the",Sentence: the,first_noun,-7.365089416503906,-7.99593448638916,-0.6308450698852539,active,0.0
794,role_labeled,active,active,an opponent kisses a parent .,a boy kisses a brother .,a brother is kissed by a boy .,a,boy,a,brother,kiss,kisses,kissed,"[""PATIENT=brother"", ""VERB=kiss"", ""AGENT=boy""]","Prime sentence: an opponent kisses a parent .
Event roles: PATIENT=brother; VERB=kiss; AGENT=boy
Sentence: the",Sentence: the,first_noun,-3.170684337615967,-4.957573413848877,-1.7868890762329102,active,0.0
794,role_labeled,passive,passive,a parent is kissed by an opponent .,a boy kisses a brother .,a brother is kissed by a boy .,a,boy,a,brother,kiss,kisses,kissed,"[""PATIENT=brother"", ""VERB=kiss"", ""AGENT=boy""]","Prime sentence: a parent is kissed by an opponent .
Event roles: PATIENT=brother; VERB=kiss; AGENT=boy
Sentence: the",Sentence: the,first_noun,-3.009430408477783,-5.3542799949646,-2.3448495864868164,active,0.0
794,role_labeled,no_prime_eos,no_prime_eos,,a boy kisses a brother .,a brother is kissed by a boy .,a,boy,a,brother,kiss,kisses,kissed,"[""PATIENT=brother"", ""VERB=kiss"", ""AGENT=boy""]","Event roles: PATIENT=brother; VERB=kiss; AGENT=boy
Sentence: the",Sentence: the,first_noun,-3.3223752975463867,-5.217125415802002,-1.8947501182556152,active,0.0
794,role_labeled,filler,filler,The sculpture stood in the hallway .,a boy kisses a brother .,a brother is kissed by a boy .,a,boy,a,brother,kiss,kisses,kissed,"[""PATIENT=brother"", ""VERB=kiss"", ""AGENT=boy""]","Prime sentence: The sculpture stood in the hallway .
Event roles: PATIENT=brother; VERB=kiss; AGENT=boy
Sentence: the",Sentence: the,first_noun,-3.3500924110412598,-6.294480323791504,-2.944387912750244,active,0.0
795,role_labeled,active,active,a singer carries a soldier .,an employer carries a father .,a father is carried by an employer .,an,employer,a,father,carry,carries,carried,"[""AGENT=employer"", ""VERB=carry"", ""PATIENT=father""]","Prime sentence: a singer carries a soldier .
Event roles: AGENT=employer; VERB=carry; PATIENT=father
Sentence: the",Sentence: the,first_noun,-6.820148468017578,-4.670812129974365,2.149336338043213,passive,1.0
795,role_labeled,passive,passive,a soldier is carried by a singer .,an employer carries a father .,a father is carried by an employer .,an,employer,a,father,carry,carries,carried,"[""AGENT=employer"", ""VERB=carry"", ""PATIENT=father""]","Prime sentence: a soldier is carried by a singer .
Event roles: AGENT=employer; VERB=carry; PATIENT=father
Sentence: the",Sentence: the,first_noun,-6.528286933898926,-4.685676097869873,1.8426108360290527,passive,1.0
795,role_labeled,no_prime_eos,no_prime_eos,,an employer carries a father .,a father is carried by an employer .,an,employer,a,father,carry,carries,carried,"[""AGENT=employer"", ""VERB=carry"", ""PATIENT=father""]","Event roles: AGENT=employer; VERB=carry; PATIENT=father
Sentence: the",Sentence: the,first_noun,-4.731056213378906,-4.745733261108398,-0.014677047729492188,active,0.0
795,role_labeled,filler,filler,The radio crackled in the attic .,an employer carries a father .,a father is carried by an employer .,an,employer,a,father,carry,carries,carried,"[""AGENT=employer"", ""VERB=carry"", ""PATIENT=father""]","Prime sentence: The radio crackled in the attic .
Event roles: AGENT=employer; VERB=carry; PATIENT=father
Sentence: the",Sentence: the,first_noun,-8.402894973754883,-5.621768474578857,2.7811264991760254,passive,1.0
796,role_labeled,active,active,a writer strikes an actor .,a lady strikes a lawyer .,a lawyer is struck by a lady .,a,lady,a,lawyer,strik,strikes,struck,"[""AGENT=lady"", ""PATIENT=lawyer"", ""VERB=strik""]","Prime sentence: a writer strikes an actor .
Event roles: AGENT=lady; PATIENT=lawyer; VERB=strik
Sentence: the",Sentence: the,first_noun,-5.226474761962891,-4.956256866455078,0.2702178955078125,passive,1.0
796,role_labeled,passive,passive,an actor is struck by a writer .,a lady strikes a lawyer .,a lawyer is struck by a lady .,a,lady,a,lawyer,strik,strikes,struck,"[""AGENT=lady"", ""PATIENT=lawyer"", ""VERB=strik""]","Prime sentence: an actor is struck by a writer .
Event roles: AGENT=lady; PATIENT=lawyer; VERB=strik
Sentence: the",Sentence: the,first_noun,-5.720977783203125,-4.80639123916626,0.9145865440368652,passive,1.0
796,role_labeled,no_prime_eos,no_prime_eos,,a lady strikes a lawyer .,a lawyer is struck by a lady .,a,lady,a,lawyer,strik,strikes,struck,"[""AGENT=lady"", ""PATIENT=lawyer"", ""VERB=strik""]","Event roles: AGENT=lady; PATIENT=lawyer; VERB=strik
Sentence: the",Sentence: the,first_noun,-5.014003753662109,-5.471124649047852,-0.4571208953857422,active,0.0
796,role_labeled,filler,filler,The pillow rested on the sofa .,a lady strikes a lawyer .,a lawyer is struck by a lady .,a,lady,a,lawyer,strik,strikes,struck,"[""AGENT=lady"", ""PATIENT=lawyer"", ""VERB=strik""]","Prime sentence: The pillow rested on the sofa .
Event roles: AGENT=lady; PATIENT=lawyer; VERB=strik
Sentence: the",Sentence: the,first_noun,-5.732608795166016,-5.709559917449951,0.023048877716064453,passive,1.0
797,role_labeled,active,active,a daughter asks a doctor .,a reader asks a scientist .,a scientist is asked by a reader .,a,reader,a,scientist,ask,asks,asked,"[""PATIENT=scientist"", ""VERB=ask"", ""AGENT=reader""]","Prime sentence: a daughter asks a doctor .
Event roles: PATIENT=scientist; VERB=ask; AGENT=reader
Sentence: the",Sentence: the,first_noun,-5.885078430175781,-3.643507957458496,2.241570472717285,passive,1.0
797,role_labeled,passive,passive,a doctor is asked by a daughter .,a reader asks a scientist .,a scientist is asked by a reader .,a,reader,a,scientist,ask,asks,asked,"[""PATIENT=scientist"", ""VERB=ask"", ""AGENT=reader""]","Prime sentence: a doctor is asked by a daughter .
Event roles: PATIENT=scientist; VERB=ask; AGENT=reader
Sentence: the",Sentence: the,first_noun,-5.905856132507324,-3.4627890586853027,2.4430670738220215,passive,1.0
797,role_labeled,no_prime_eos,no_prime_eos,,a reader asks a scientist .,a scientist is asked by a reader .,a,reader,a,scientist,ask,asks,asked,"[""PATIENT=scientist"", ""VERB=ask"", ""AGENT=reader""]","Event roles: PATIENT=scientist; VERB=ask; AGENT=reader
Sentence: the",Sentence: the,first_noun,-4.5355119705200195,-4.520658016204834,0.014853954315185547,passive,1.0
797,role_labeled,filler,filler,The baker laughed during breakfast .,a reader asks a scientist .,a scientist is asked by a reader .,a,reader,a,scientist,ask,asks,asked,"[""PATIENT=scientist"", ""VERB=ask"", ""AGENT=reader""]","Prime sentence: The baker laughed during breakfast .
Event roles: PATIENT=scientist; VERB=ask; AGENT=reader
Sentence: the",Sentence: the,first_noun,-6.091772079467773,-3.108393430709839,2.9833786487579346,passive,1.0
798,role_labeled,active,active,a child protects a colonel .,a priest protects a prince .,a prince is protected by a priest .,a,priest,a,prince,protect,protects,protected,"[""PATIENT=prince"", ""AGENT=priest"", ""VERB=protect""]","Prime sentence: a child protects a colonel .
Event roles: PATIENT=prince; AGENT=priest; VERB=protect
Sentence: the",Sentence: the,first_noun,-3.6689670085906982,-4.055916786193848,-0.3869497776031494,active,0.0
798,role_labeled,passive,passive,a colonel is protected by a child .,a priest protects a prince .,a prince is protected by a priest .,a,priest,a,prince,protect,protects,protected,"[""PATIENT=prince"", ""AGENT=priest"", ""VERB=protect""]","Prime sentence: a colonel is protected by a child .
Event roles: PATIENT=prince; AGENT=priest; VERB=protect
Sentence: the",Sentence: the,first_noun,-2.9892075061798096,-3.2682158946990967,-0.2790083885192871,active,0.0
798,role_labeled,no_prime_eos,no_prime_eos,,a priest protects a prince .,a prince is protected by a priest .,a,priest,a,prince,protect,protects,protected,"[""PATIENT=prince"", ""AGENT=priest"", ""VERB=protect""]","Event roles: PATIENT=prince; AGENT=priest; VERB=protect
Sentence: the",Sentence: the,first_noun,-3.4612107276916504,-4.133674144744873,-0.6724634170532227,active,0.0
798,role_labeled,filler,filler,The market opened after sunrise .,a priest protects a prince .,a prince is protected by a priest .,a,priest,a,prince,protect,protects,protected,"[""PATIENT=prince"", ""AGENT=priest"", ""VERB=protect""]","Prime sentence: The market opened after sunrise .
Event roles: PATIENT=prince; AGENT=priest; VERB=protect
Sentence: the",Sentence: the,first_noun,-4.884065628051758,-5.417204856872559,-0.5331392288208008,active,0.0
799,role_labeled,active,active,a prince discovers a princess .,a child discovers a colonel .,a colonel is discovered by a child .,a,child,a,colonel,discover,discovers,discovered,"[""AGENT=child"", ""PATIENT=colonel"", ""VERB=discover""]","Prime sentence: a prince discovers a princess .
Event roles: AGENT=child; PATIENT=colonel; VERB=discover
Sentence: the",Sentence: the,first_noun,-4.247949600219727,-4.8847270011901855,-0.636777400970459,active,0.0
799,role_labeled,passive,passive,a princess is discovered by a prince .,a child discovers a colonel .,a colonel is discovered by a child .,a,child,a,colonel,discover,discovers,discovered,"[""AGENT=child"", ""PATIENT=colonel"", ""VERB=discover""]","Prime sentence: a princess is discovered by a prince .
Event roles: AGENT=child; PATIENT=colonel; VERB=discover
Sentence: the",Sentence: the,first_noun,-4.228213310241699,-5.423271179199219,-1.1950578689575195,active,0.0
799,role_labeled,no_prime_eos,no_prime_eos,,a child discovers a colonel .,a colonel is discovered by a child .,a,child,a,colonel,discover,discovers,discovered,"[""AGENT=child"", ""PATIENT=colonel"", ""VERB=discover""]","Event roles: AGENT=child; PATIENT=colonel; VERB=discover
Sentence: the",Sentence: the,first_noun,-3.980983257293701,-5.078984260559082,-1.0980010032653809,active,0.0
799,role_labeled,filler,filler,The singer smiled after rehearsal .,a child discovers a colonel .,a colonel is discovered by a child .,a,child,a,colonel,discover,discovers,discovered,"[""AGENT=child"", ""PATIENT=colonel"", ""VERB=discover""]","Prime sentence: The singer smiled after rehearsal .
Event roles: AGENT=child; PATIENT=colonel; VERB=discover
Sentence: the",Sentence: the,first_noun,-4.7963104248046875,-5.666548728942871,-0.8702383041381836,active,0.0
800,role_labeled,active,active,an attorney drags an aunt .,a manager drags a mayor .,a mayor is dragged by a manager .,a,manager,a,mayor,drag,drags,dragged,"[""VERB=drag"", ""PATIENT=mayor"", ""AGENT=manager""]","Prime sentence: an attorney drags an aunt .
Event roles: VERB=drag; PATIENT=mayor; AGENT=manager
Sentence: the",Sentence: the,first_noun,-5.854098796844482,-1.8688923120498657,3.9852064847946167,passive,1.0
800,role_labeled,passive,passive,an aunt is dragged by an attorney .,a manager drags a mayor .,a mayor is dragged by a manager .,a,manager,a,mayor,drag,drags,dragged,"[""VERB=drag"", ""PATIENT=mayor"", ""AGENT=manager""]","Prime sentence: an aunt is dragged by an attorney .
Event roles: VERB=drag; PATIENT=mayor; AGENT=manager
Sentence: the",Sentence: the,first_noun,-5.659998893737793,-2.0921740531921387,3.5678248405456543,passive,1.0
800,role_labeled,no_prime_eos,no_prime_eos,,a manager drags a mayor .,a mayor is dragged by a manager .,a,manager,a,mayor,drag,drags,dragged,"[""VERB=drag"", ""PATIENT=mayor"", ""AGENT=manager""]","Event roles: VERB=drag; PATIENT=mayor; AGENT=manager
Sentence: the",Sentence: the,first_noun,-5.498400688171387,-2.8111016750335693,2.6872990131378174,passive,1.0
800,role_labeled,filler,filler,The kettle whistled in the kitchen .,a manager drags a mayor .,a mayor is dragged by a manager .,a,manager,a,mayor,drag,drags,dragged,"[""VERB=drag"", ""PATIENT=mayor"", ""AGENT=manager""]","Prime sentence: The kettle whistled in the kitchen .
Event roles: VERB=drag; PATIENT=mayor; AGENT=manager
Sentence: the",Sentence: the,first_noun,-6.414226531982422,-4.048283576965332,2.36594295501709,passive,1.0
801,role_labeled,active,active,a man follows a manager .,an actress follows an adult .,an adult is followed by an actress .,an,actress,an,adult,follow,follows,followed,"[""VERB=follow"", ""PATIENT=adult"", ""AGENT=actress""]","Prime sentence: a man follows a manager .
Event roles: VERB=follow; PATIENT=adult; AGENT=actress
Sentence: the",Sentence: the,first_noun,-7.018842697143555,-7.249483108520508,-0.23064041137695312,active,0.0
801,role_labeled,passive,passive,a manager is followed by a man .,an actress follows an adult .,an adult is followed by an actress .,an,actress,an,adult,follow,follows,followed,"[""VERB=follow"", ""PATIENT=adult"", ""AGENT=actress""]","Prime sentence: a manager is followed by a man .
Event roles: VERB=follow; PATIENT=adult; AGENT=actress
Sentence: the",Sentence: the,first_noun,-7.249614238739014,-7.06245756149292,0.18715667724609375,passive,1.0
801,role_labeled,no_prime_eos,no_prime_eos,,an actress follows an adult .,an adult is followed by an actress .,an,actress,an,adult,follow,follows,followed,"[""VERB=follow"", ""PATIENT=adult"", ""AGENT=actress""]","Event roles: VERB=follow; PATIENT=adult; AGENT=actress
Sentence: the",Sentence: the,first_noun,-6.359753608703613,-6.024038791656494,0.33571481704711914,passive,1.0
801,role_labeled,filler,filler,The kettle whistled in the kitchen .,an actress follows an adult .,an adult is followed by an actress .,an,actress,an,adult,follow,follows,followed,"[""VERB=follow"", ""PATIENT=adult"", ""AGENT=actress""]","Prime sentence: The kettle whistled in the kitchen .
Event roles: VERB=follow; PATIENT=adult; AGENT=actress
Sentence: the",Sentence: the,first_noun,-8.985597610473633,-8.359312057495117,0.6262855529785156,passive,1.0
802,role_labeled,active,active,a captain discovers a champion .,a physician discovers a pilot .,a pilot is discovered by a physician .,a,physician,a,pilot,discover,discovers,discovered,"[""VERB=discover"", ""AGENT=physician"", ""PATIENT=pilot""]","Prime sentence: a captain discovers a champion .
Event roles: VERB=discover; AGENT=physician; PATIENT=pilot
Sentence: the",Sentence: the,first_noun,-5.332386016845703,-3.193387269973755,2.1389987468719482,passive,1.0
802,role_labeled,passive,passive,a champion is discovered by a captain .,a physician discovers a pilot .,a pilot is discovered by a physician .,a,physician,a,pilot,discover,discovers,discovered,"[""VERB=discover"", ""AGENT=physician"", ""PATIENT=pilot""]","Prime sentence: a champion is discovered by a captain .
Event roles: VERB=discover; AGENT=physician; PATIENT=pilot
Sentence: the",Sentence: the,first_noun,-5.187331199645996,-3.4279708862304688,1.7593603134155273,passive,1.0
802,role_labeled,no_prime_eos,no_prime_eos,,a physician discovers a pilot .,a pilot is discovered by a physician .,a,physician,a,pilot,discover,discovers,discovered,"[""VERB=discover"", ""AGENT=physician"", ""PATIENT=pilot""]","Event roles: VERB=discover; AGENT=physician; PATIENT=pilot
Sentence: the",Sentence: the,first_noun,-4.0530571937561035,-3.1671245098114014,0.8859326839447021,passive,1.0
802,role_labeled,filler,filler,The witness paused near the doorway .,a physician discovers a pilot .,a pilot is discovered by a physician .,a,physician,a,pilot,discover,discovers,discovered,"[""VERB=discover"", ""AGENT=physician"", ""PATIENT=pilot""]","Prime sentence: The witness paused near the doorway .
Event roles: VERB=discover; AGENT=physician; PATIENT=pilot
Sentence: the",Sentence: the,first_noun,-4.597533226013184,-3.195258617401123,1.4022746086120605,passive,1.0
803,role_labeled,active,active,a girl catches a guest .,a son catches a student .,a student is caught by a son .,a,son,a,student,catch,catches,caught,"[""VERB=catch"", ""AGENT=son"", ""PATIENT=student""]","Prime sentence: a girl catches a guest .
Event roles: VERB=catch; AGENT=son; PATIENT=student
Sentence: the",Sentence: the,first_noun,-5.113337993621826,-3.6870274543762207,1.4263105392456055,passive,1.0
803,role_labeled,passive,passive,a guest is caught by a girl .,a son catches a student .,a student is caught by a son .,a,son,a,student,catch,catches,caught,"[""VERB=catch"", ""AGENT=son"", ""PATIENT=student""]","Prime sentence: a guest is caught by a girl .
Event roles: VERB=catch; AGENT=son; PATIENT=student
Sentence: the",Sentence: the,first_noun,-4.686728000640869,-3.3956313133239746,1.2910966873168945,passive,1.0
803,role_labeled,no_prime_eos,no_prime_eos,,a son catches a student .,a student is caught by a son .,a,son,a,student,catch,catches,caught,"[""VERB=catch"", ""AGENT=son"", ""PATIENT=student""]","Event roles: VERB=catch; AGENT=son; PATIENT=student
Sentence: the",Sentence: the,first_noun,-5.691829681396484,-3.30890154838562,2.3829281330108643,passive,1.0
803,role_labeled,filler,filler,The sculpture stood in the hallway .,a son catches a student .,a student is caught by a son .,a,son,a,student,catch,catches,caught,"[""VERB=catch"", ""AGENT=son"", ""PATIENT=student""]","Prime sentence: The sculpture stood in the hallway .
Event roles: VERB=catch; AGENT=son; PATIENT=student
Sentence: the",Sentence: the,first_noun,-4.973875522613525,-3.5067248344421387,1.4671506881713867,passive,1.0
804,role_labeled,active,active,a soldier washes a son .,a father washes a friend .,a friend is washed by a father .,a,father,a,friend,wash,washes,washed,"[""AGENT=father"", ""PATIENT=friend"", ""VERB=wash""]","Prime sentence: a soldier washes a son .
Event roles: AGENT=father; PATIENT=friend; VERB=wash
Sentence: the",Sentence: the,first_noun,-2.6990442276000977,-5.717096328735352,-3.018052101135254,active,0.0
804,role_labeled,passive,passive,a son is washed by a soldier .,a father washes a friend .,a friend is washed by a father .,a,father,a,friend,wash,washes,washed,"[""AGENT=father"", ""PATIENT=friend"", ""VERB=wash""]","Prime sentence: a son is washed by a soldier .
Event roles: AGENT=father; PATIENT=friend; VERB=wash
Sentence: the",Sentence: the,first_noun,-2.9403204917907715,-5.960934162139893,-3.020613670349121,active,0.0
804,role_labeled,no_prime_eos,no_prime_eos,,a father washes a friend .,a friend is washed by a father .,a,father,a,friend,wash,washes,washed,"[""AGENT=father"", ""PATIENT=friend"", ""VERB=wash""]","Event roles: AGENT=father; PATIENT=friend; VERB=wash
Sentence: the",Sentence: the,first_noun,-3.4927451610565186,-6.395752906799316,-2.903007745742798,active,0.0
804,role_labeled,filler,filler,The traveler rested beside the river .,a father washes a friend .,a friend is washed by a father .,a,father,a,friend,wash,washes,washed,"[""AGENT=father"", ""PATIENT=friend"", ""VERB=wash""]","Prime sentence: The traveler rested beside the river .
Event roles: AGENT=father; PATIENT=friend; VERB=wash
Sentence: the",Sentence: the,first_noun,-4.116107940673828,-6.010226726531982,-1.8941187858581543,active,0.0
805,role_labeled,active,active,a father judges a friend .,a singer judges a soldier .,a soldier is judged by a singer .,a,singer,a,soldier,judg,judges,judged,"[""PATIENT=soldier"", ""AGENT=singer"", ""VERB=judg""]","Prime sentence: a father judges a friend .
Event roles: PATIENT=soldier; AGENT=singer; VERB=judg
Sentence: the",Sentence: the,first_noun,-5.679427623748779,-3.386618137359619,2.29280948638916,passive,1.0
805,role_labeled,passive,passive,a friend is judged by a father .,a singer judges a soldier .,a soldier is judged by a singer .,a,singer,a,soldier,judg,judges,judged,"[""PATIENT=soldier"", ""AGENT=singer"", ""VERB=judg""]","Prime sentence: a friend is judged by a father .
Event roles: PATIENT=soldier; AGENT=singer; VERB=judg
Sentence: the",Sentence: the,first_noun,-5.582853317260742,-3.18587327003479,2.396980047225952,passive,1.0
805,role_labeled,no_prime_eos,no_prime_eos,,a singer judges a soldier .,a soldier is judged by a singer .,a,singer,a,soldier,judg,judges,judged,"[""PATIENT=soldier"", ""AGENT=singer"", ""VERB=judg""]","Event roles: PATIENT=soldier; AGENT=singer; VERB=judg
Sentence: the",Sentence: the,first_noun,-5.200908660888672,-4.018643856048584,1.182264804840088,passive,1.0
805,role_labeled,filler,filler,The market opened after sunrise .,a singer judges a soldier .,a soldier is judged by a singer .,a,singer,a,soldier,judg,judges,judged,"[""PATIENT=soldier"", ""AGENT=singer"", ""VERB=judg""]","Prime sentence: The market opened after sunrise .
Event roles: PATIENT=soldier; AGENT=singer; VERB=judg
Sentence: the",Sentence: the,first_noun,-6.772339820861816,-5.410468101501465,1.3618717193603516,passive,1.0
806,role_labeled,active,active,a kid teaches a king .,a winner teaches a woman .,a woman is taught by a winner .,a,winner,a,woman,teach,teaches,taught,"[""PATIENT=woman"", ""VERB=teach"", ""AGENT=winner""]","Prime sentence: a kid teaches a king .
Event roles: PATIENT=woman; VERB=teach; AGENT=winner
Sentence: the",Sentence: the,first_noun,-6.533086776733398,-4.28987979888916,2.2432069778442383,passive,1.0
806,role_labeled,passive,passive,a king is taught by a kid .,a winner teaches a woman .,a woman is taught by a winner .,a,winner,a,woman,teach,teaches,taught,"[""PATIENT=woman"", ""VERB=teach"", ""AGENT=winner""]","Prime sentence: a king is taught by a kid .
Event roles: PATIENT=woman; VERB=teach; AGENT=winner
Sentence: the",Sentence: the,first_noun,-6.883072853088379,-4.688350677490234,2.1947221755981445,passive,1.0
806,role_labeled,no_prime_eos,no_prime_eos,,a winner teaches a woman .,a woman is taught by a winner .,a,winner,a,woman,teach,teaches,taught,"[""PATIENT=woman"", ""VERB=teach"", ""AGENT=winner""]","Event roles: PATIENT=woman; VERB=teach; AGENT=winner
Sentence: the",Sentence: the,first_noun,-4.3109130859375,-2.930356025695801,1.3805570602416992,passive,1.0
806,role_labeled,filler,filler,The teacher listened during assembly .,a winner teaches a woman .,a woman is taught by a winner .,a,winner,a,woman,teach,teaches,taught,"[""PATIENT=woman"", ""VERB=teach"", ""AGENT=winner""]","Prime sentence: The teacher listened during assembly .
Event roles: PATIENT=woman; VERB=teach; AGENT=winner
Sentence: the",Sentence: the,first_noun,-6.178383827209473,-3.0898449420928955,3.088538885116577,passive,1.0
807,role_labeled,active,active,a guy destroys a hero .,a teacher destroys an uncle .,an uncle is destroyed by a teacher .,a,teacher,an,uncle,destroy,destroys,destroyed,"[""VERB=destroy"", ""AGENT=teacher"", ""PATIENT=uncle""]","Prime sentence: a guy destroys a hero .
Event roles: VERB=destroy; AGENT=teacher; PATIENT=uncle
Sentence: the",Sentence: the,first_noun,-3.5503859519958496,-7.256196975708008,-3.705811023712158,active,0.0
807,role_labeled,passive,passive,a hero is destroyed by a guy .,a teacher destroys an uncle .,an uncle is destroyed by a teacher .,a,teacher,an,uncle,destroy,destroys,destroyed,"[""VERB=destroy"", ""AGENT=teacher"", ""PATIENT=uncle""]","Prime sentence: a hero is destroyed by a guy .
Event roles: VERB=destroy; AGENT=teacher; PATIENT=uncle
Sentence: the",Sentence: the,first_noun,-3.9892144203186035,-7.7353715896606445,-3.746157169342041,active,0.0
807,role_labeled,no_prime_eos,no_prime_eos,,a teacher destroys an uncle .,an uncle is destroyed by a teacher .,a,teacher,an,uncle,destroy,destroys,destroyed,"[""VERB=destroy"", ""AGENT=teacher"", ""PATIENT=uncle""]","Event roles: VERB=destroy; AGENT=teacher; PATIENT=uncle
Sentence: the",Sentence: the,first_noun,-3.185825824737549,-7.639949321746826,-4.454123497009277,active,0.0
807,role_labeled,filler,filler,The captain waited beside the harbor .,a teacher destroys an uncle .,an uncle is destroyed by a teacher .,a,teacher,an,uncle,destroy,destroys,destroyed,"[""VERB=destroy"", ""AGENT=teacher"", ""PATIENT=uncle""]","Prime sentence: The captain waited beside the harbor .
Event roles: VERB=destroy; AGENT=teacher; PATIENT=uncle
Sentence: the",Sentence: the,first_noun,-5.069375991821289,-7.031092166900635,-1.9617161750793457,active,0.0
808,role_labeled,active,active,a lady catches a lawyer .,a worker catches a writer .,a writer is caught by a worker .,a,worker,a,writer,catch,catches,caught,"[""AGENT=worker"", ""VERB=catch"", ""PATIENT=writer""]","Prime sentence: a lady catches a lawyer .
Event roles: AGENT=worker; VERB=catch; PATIENT=writer
Sentence: the",Sentence: the,first_noun,-4.865891456604004,-6.241113662719727,-1.3752222061157227,active,0.0
808,role_labeled,passive,passive,a lawyer is caught by a lady .,a worker catches a writer .,a writer is caught by a worker .,a,worker,a,writer,catch,catches,caught,"[""AGENT=worker"", ""VERB=catch"", ""PATIENT=writer""]","Prime sentence: a lawyer is caught by a lady .
Event roles: AGENT=worker; VERB=catch; PATIENT=writer
Sentence: the",Sentence: the,first_noun,-4.214098930358887,-5.667213439941406,-1.4531145095825195,active,0.0
808,role_labeled,no_prime_eos,no_prime_eos,,a worker catches a writer .,a writer is caught by a worker .,a,worker,a,writer,catch,catches,caught,"[""AGENT=worker"", ""VERB=catch"", ""PATIENT=writer""]","Event roles: AGENT=worker; VERB=catch; PATIENT=writer
Sentence: the",Sentence: the,first_noun,-3.581493616104126,-5.436365127563477,-1.8548715114593506,active,0.0
808,role_labeled,filler,filler,The teacher listened during assembly .,a worker catches a writer .,a writer is caught by a worker .,a,worker,a,writer,catch,catches,caught,"[""AGENT=worker"", ""VERB=catch"", ""PATIENT=writer""]","Prime sentence: The teacher listened during assembly .
Event roles: AGENT=worker; VERB=catch; PATIENT=writer
Sentence: the",Sentence: the,first_noun,-2.5171284675598145,-6.202930927276611,-3.685802459716797,active,0.0
809,role_labeled,active,active,a child understands a colonel .,a priest understands a prince .,a prince is understood by a priest .,a,priest,a,prince,understand,understands,understood,"[""PATIENT=prince"", ""VERB=understand"", ""AGENT=priest""]","Prime sentence: a child understands a colonel .
Event roles: PATIENT=prince; VERB=understand; AGENT=priest
Sentence: the",Sentence: the,first_noun,-3.9508934020996094,-4.327082633972168,-0.3761892318725586,active,0.0
809,role_labeled,passive,passive,a colonel is understood by a child .,a priest understands a prince .,a prince is understood by a priest .,a,priest,a,prince,understand,understands,understood,"[""PATIENT=prince"", ""VERB=understand"", ""AGENT=priest""]","Prime sentence: a colonel is understood by a child .
Event roles: PATIENT=prince; VERB=understand; AGENT=priest
Sentence: the",Sentence: the,first_noun,-3.649867296218872,-3.8339109420776367,-0.18404364585876465,active,0.0
809,role_labeled,no_prime_eos,no_prime_eos,,a priest understands a prince .,a prince is understood by a priest .,a,priest,a,prince,understand,understands,understood,"[""PATIENT=prince"", ""VERB=understand"", ""AGENT=priest""]","Event roles: PATIENT=prince; VERB=understand; AGENT=priest
Sentence: the",Sentence: the,first_noun,-3.536306619644165,-4.454505920410156,-0.9181993007659912,active,0.0
809,role_labeled,filler,filler,The notebook stayed on the shelf .,a priest understands a prince .,a prince is understood by a priest .,a,priest,a,prince,understand,understands,understood,"[""PATIENT=prince"", ""VERB=understand"", ""AGENT=priest""]","Prime sentence: The notebook stayed on the shelf .
Event roles: PATIENT=prince; VERB=understand; AGENT=priest
Sentence: the",Sentence: the,first_noun,-4.471154689788818,-5.5504536628723145,-1.079298973083496,active,0.0
810,role_labeled,active,active,a son understands a student .,a friend understands a girl .,a girl is understood by a friend .,a,friend,a,girl,understand,understands,understood,"[""AGENT=friend"", ""VERB=understand"", ""PATIENT=girl""]","Prime sentence: a son understands a student .
Event roles: AGENT=friend; VERB=understand; PATIENT=girl
Sentence: the",Sentence: the,first_noun,-4.951157569885254,-3.3600680828094482,1.5910894870758057,passive,1.0
810,role_labeled,passive,passive,a student is understood by a son .,a friend understands a girl .,a girl is understood by a friend .,a,friend,a,girl,understand,understands,understood,"[""AGENT=friend"", ""VERB=understand"", ""PATIENT=girl""]","Prime sentence: a student is understood by a son .
Event roles: AGENT=friend; VERB=understand; PATIENT=girl
Sentence: the",Sentence: the,first_noun,-4.554504871368408,-3.283017158508301,1.2714877128601074,passive,1.0
810,role_labeled,no_prime_eos,no_prime_eos,,a friend understands a girl .,a girl is understood by a friend .,a,friend,a,girl,understand,understands,understood,"[""AGENT=friend"", ""VERB=understand"", ""PATIENT=girl""]","Event roles: AGENT=friend; VERB=understand; PATIENT=girl
Sentence: the",Sentence: the,first_noun,-4.617800235748291,-2.9745993614196777,1.6432008743286133,passive,1.0
810,role_labeled,filler,filler,The garden brightened after rain .,a friend understands a girl .,a girl is understood by a friend .,a,friend,a,girl,understand,understands,understood,"[""AGENT=friend"", ""VERB=understand"", ""PATIENT=girl""]","Prime sentence: The garden brightened after rain .
Event roles: AGENT=friend; VERB=understand; PATIENT=girl
Sentence: the",Sentence: the,first_noun,-6.550704479217529,-4.566132545471191,1.984571933746338,passive,1.0
811,role_labeled,active,active,a reader beats a scientist .,a cousin beats a daughter .,a daughter is beaten by a cousin .,a,cousin,a,daughter,beat,beats,beaten,"[""PATIENT=daughter"", ""VERB=beat"", ""AGENT=cousin""]","Prime sentence: a reader beats a scientist .
Event roles: PATIENT=daughter; VERB=beat; AGENT=cousin
Sentence: the",Sentence: the,first_noun,-7.762363910675049,-4.249343395233154,3.5130205154418945,passive,1.0
811,role_labeled,passive,passive,a scientist is beaten by a reader .,a cousin beats a daughter .,a daughter is beaten by a cousin .,a,cousin,a,daughter,beat,beats,beaten,"[""PATIENT=daughter"", ""VERB=beat"", ""AGENT=cousin""]","Prime sentence: a scientist is beaten by a reader .
Event roles: PATIENT=daughter; VERB=beat; AGENT=cousin
Sentence: the",Sentence: the,first_noun,-7.913280487060547,-4.518694877624512,3.394585609436035,passive,1.0
811,role_labeled,no_prime_eos,no_prime_eos,,a cousin beats a daughter .,a daughter is beaten by a cousin .,a,cousin,a,daughter,beat,beats,beaten,"[""PATIENT=daughter"", ""VERB=beat"", ""AGENT=cousin""]","Event roles: PATIENT=daughter; VERB=beat; AGENT=cousin
Sentence: the",Sentence: the,first_noun,-7.582996368408203,-4.076078414916992,3.506917953491211,passive,1.0
811,role_labeled,filler,filler,The traveler rested beside the river .,a cousin beats a daughter .,a daughter is beaten by a cousin .,a,cousin,a,daughter,beat,beats,beaten,"[""PATIENT=daughter"", ""VERB=beat"", ""AGENT=cousin""]","Prime sentence: The traveler rested beside the river .
Event roles: PATIENT=daughter; VERB=beat; AGENT=cousin
Sentence: the",Sentence: the,first_noun,-7.952445030212402,-5.799312591552734,2.153132438659668,passive,1.0
812,role_labeled,active,active,a child discovers a colonel .,a priest discovers a prince .,a prince is discovered by a priest .,a,priest,a,prince,discover,discovers,discovered,"[""PATIENT=prince"", ""AGENT=priest"", ""VERB=discover""]","Prime sentence: a child discovers a colonel .
Event roles: PATIENT=prince; AGENT=priest; VERB=discover
Sentence: the",Sentence: the,first_noun,-3.2974300384521484,-4.147967338562012,-0.8505373001098633,active,0.0
812,role_labeled,passive,passive,a colonel is discovered by a child .,a priest discovers a prince .,a prince is discovered by a priest .,a,priest,a,prince,discover,discovers,discovered,"[""PATIENT=prince"", ""AGENT=priest"", ""VERB=discover""]","Prime sentence: a colonel is discovered by a child .
Event roles: PATIENT=prince; AGENT=priest; VERB=discover
Sentence: the",Sentence: the,first_noun,-2.8985683917999268,-3.645963430404663,-0.7473950386047363,active,0.0
812,role_labeled,no_prime_eos,no_prime_eos,,a priest discovers a prince .,a prince is discovered by a priest .,a,priest,a,prince,discover,discovers,discovered,"[""PATIENT=prince"", ""AGENT=priest"", ""VERB=discover""]","Event roles: PATIENT=prince; AGENT=priest; VERB=discover
Sentence: the",Sentence: the,first_noun,-3.507718801498413,-4.194555282592773,-0.6868364810943604,active,0.0
812,role_labeled,filler,filler,The radio crackled in the attic .,a priest discovers a prince .,a prince is discovered by a priest .,a,priest,a,prince,discover,discovers,discovered,"[""PATIENT=prince"", ""AGENT=priest"", ""VERB=discover""]","Prime sentence: The radio crackled in the attic .
Event roles: PATIENT=prince; AGENT=priest; VERB=discover
Sentence: the",Sentence: the,first_noun,-4.245516777038574,-6.135948181152344,-1.8904314041137695,active,0.0
813,role_labeled,active,active,a scientist embraces a secretary .,a daughter embraces a doctor .,a doctor is embraced by a daughter .,a,daughter,a,doctor,embrac,embraces,embraced,"[""AGENT=daughter"", ""VERB=embrac"", ""PATIENT=doctor""]","Prime sentence: a scientist embraces a secretary .
Event roles: AGENT=daughter; VERB=embrac; PATIENT=doctor
Sentence: the",Sentence: the,first_noun,-5.508796215057373,-3.066427707672119,2.442368507385254,passive,1.0
813,role_labeled,passive,passive,a secretary is embraced by a scientist .,a daughter embraces a doctor .,a doctor is embraced by a daughter .,a,daughter,a,doctor,embrac,embraces,embraced,"[""AGENT=daughter"", ""VERB=embrac"", ""PATIENT=doctor""]","Prime sentence: a secretary is embraced by a scientist .
Event roles: AGENT=daughter; VERB=embrac; PATIENT=doctor
Sentence: the",Sentence: the,first_noun,-6.01740837097168,-3.2671358585357666,2.750272512435913,passive,1.0
813,role_labeled,no_prime_eos,no_prime_eos,,a daughter embraces a doctor .,a doctor is embraced by a daughter .,a,daughter,a,doctor,embrac,embraces,embraced,"[""AGENT=daughter"", ""VERB=embrac"", ""PATIENT=doctor""]","Event roles: AGENT=daughter; VERB=embrac; PATIENT=doctor
Sentence: the",Sentence: the,first_noun,-4.588217735290527,-3.667782783508301,0.9204349517822266,passive,1.0
813,role_labeled,filler,filler,The teacher listened during assembly .,a daughter embraces a doctor .,a doctor is embraced by a daughter .,a,daughter,a,doctor,embrac,embraces,embraced,"[""AGENT=daughter"", ""VERB=embrac"", ""PATIENT=doctor""]","Prime sentence: The teacher listened during assembly .
Event roles: AGENT=daughter; VERB=embrac; PATIENT=doctor
Sentence: the",Sentence: the,first_noun,-4.417614936828613,-2.735823154449463,1.6817917823791504,passive,1.0
814,role_labeled,active,active,a captain forgets a champion .,a physician forgets a pilot .,a pilot is forgotten by a physician .,a,physician,a,pilot,forget,forgets,forgotten,"[""PATIENT=pilot"", ""AGENT=physician"", ""VERB=forget""]","Prime sentence: a captain forgets a champion .
Event roles: PATIENT=pilot; AGENT=physician; VERB=forget
Sentence: the",Sentence: the,first_noun,-6.517207145690918,-4.409038543701172,2.108168601989746,passive,1.0
814,role_labeled,passive,passive,a champion is forgotten by a captain .,a physician forgets a pilot .,a pilot is forgotten by a physician .,a,physician,a,pilot,forget,forgets,forgotten,"[""PATIENT=pilot"", ""AGENT=physician"", ""VERB=forget""]","Prime sentence: a champion is forgotten by a captain .
Event roles: PATIENT=pilot; AGENT=physician; VERB=forget
Sentence: the",Sentence: the,first_noun,-6.357156753540039,-4.859728813171387,1.4974279403686523,passive,1.0
814,role_labeled,no_prime_eos,no_prime_eos,,a physician forgets a pilot .,a pilot is forgotten by a physician .,a,physician,a,pilot,forget,forgets,forgotten,"[""PATIENT=pilot"", ""AGENT=physician"", ""VERB=forget""]","Event roles: PATIENT=pilot; AGENT=physician; VERB=forget
Sentence: the",Sentence: the,first_noun,-4.9216694831848145,-3.640408515930176,1.2812609672546387,passive,1.0
814,role_labeled,filler,filler,The market opened after sunrise .,a physician forgets a pilot .,a pilot is forgotten by a physician .,a,physician,a,pilot,forget,forgets,forgotten,"[""PATIENT=pilot"", ""AGENT=physician"", ""VERB=forget""]","Prime sentence: The market opened after sunrise .
Event roles: PATIENT=pilot; AGENT=physician; VERB=forget
Sentence: the",Sentence: the,first_noun,-6.984860420227051,-5.089279651641846,1.895580768585205,passive,1.0
815,role_labeled,active,active,a singer surprises a soldier .,an employer surprises a father .,a father is surprised by an employer .,an,employer,a,father,surpris,surprises,surprised,"[""VERB=surpris"", ""AGENT=employer"", ""PATIENT=father""]","Prime sentence: a singer surprises a soldier .
Event roles: VERB=surpris; AGENT=employer; PATIENT=father
Sentence: the",Sentence: the,first_noun,-7.268937110900879,-4.59698486328125,2.671952247619629,passive,1.0
815,role_labeled,passive,passive,a soldier is surprised by a singer .,an employer surprises a father .,a father is surprised by an employer .,an,employer,a,father,surpris,surprises,surprised,"[""VERB=surpris"", ""AGENT=employer"", ""PATIENT=father""]","Prime sentence: a soldier is surprised by a singer .
Event roles: VERB=surpris; AGENT=employer; PATIENT=father
Sentence: the",Sentence: the,first_noun,-6.860185623168945,-4.510770797729492,2.349414825439453,passive,1.0
815,role_labeled,no_prime_eos,no_prime_eos,,an employer surprises a father .,a father is surprised by an employer .,an,employer,a,father,surpris,surprises,surprised,"[""VERB=surpris"", ""AGENT=employer"", ""PATIENT=father""]","Event roles: VERB=surpris; AGENT=employer; PATIENT=father
Sentence: the",Sentence: the,first_noun,-5.495928764343262,-4.637611389160156,0.8583173751831055,passive,1.0
815,role_labeled,filler,filler,The notebook stayed on the shelf .,an employer surprises a father .,a father is surprised by an employer .,an,employer,a,father,surpris,surprises,surprised,"[""VERB=surpris"", ""AGENT=employer"", ""PATIENT=father""]","Prime sentence: The notebook stayed on the shelf .
Event roles: VERB=surpris; AGENT=employer; PATIENT=father
Sentence: the",Sentence: the,first_noun,-7.432957172393799,-5.352931022644043,2.080026149749756,passive,1.0
816,role_labeled,active,active,a secretary helps a sheriff .,a doctor helps an employee .,an employee is helped by a doctor .,a,doctor,an,employee,help,helps,helped,"[""PATIENT=employee"", ""AGENT=doctor"", ""VERB=help""]","Prime sentence: a secretary helps a sheriff .
Event roles: PATIENT=employee; AGENT=doctor; VERB=help
Sentence: the",Sentence: the,first_noun,-2.8286244869232178,-4.85347843170166,-2.0248539447784424,active,0.0
816,role_labeled,passive,passive,a sheriff is helped by a secretary .,a doctor helps an employee .,an employee is helped by a doctor .,a,doctor,an,employee,help,helps,helped,"[""PATIENT=employee"", ""AGENT=doctor"", ""VERB=help""]","Prime sentence: a sheriff is helped by a secretary .
Event roles: PATIENT=employee; AGENT=doctor; VERB=help
Sentence: the",Sentence: the,first_noun,-2.8863120079040527,-4.826075077056885,-1.939763069152832,active,0.0
816,role_labeled,no_prime_eos,no_prime_eos,,a doctor helps an employee .,an employee is helped by a doctor .,a,doctor,an,employee,help,helps,helped,"[""PATIENT=employee"", ""AGENT=doctor"", ""VERB=help""]","Event roles: PATIENT=employee; AGENT=doctor; VERB=help
Sentence: the",Sentence: the,first_noun,-2.733128547668457,-4.749009132385254,-2.015880584716797,active,0.0
816,role_labeled,filler,filler,The lantern glowed near sunset .,a doctor helps an employee .,an employee is helped by a doctor .,a,doctor,an,employee,help,helps,helped,"[""PATIENT=employee"", ""AGENT=doctor"", ""VERB=help""]","Prime sentence: The lantern glowed near sunset .
Event roles: PATIENT=employee; AGENT=doctor; VERB=help
Sentence: the",Sentence: the,first_noun,-4.6023688316345215,-7.765180587768555,-3.162811756134033,active,0.0
817,role_labeled,active,active,a son destroys a student .,a friend destroys a girl .,a girl is destroyed by a friend .,a,friend,a,girl,destroy,destroys,destroyed,"[""PATIENT=girl"", ""AGENT=friend"", ""VERB=destroy""]","Prime sentence: a son destroys a student .
Event roles: PATIENT=girl; AGENT=friend; VERB=destroy
Sentence: the",Sentence: the,first_noun,-4.9319000244140625,-2.774655818939209,2.1572442054748535,passive,1.0
817,role_labeled,passive,passive,a student is destroyed by a son .,a friend destroys a girl .,a girl is destroyed by a friend .,a,friend,a,girl,destroy,destroys,destroyed,"[""PATIENT=girl"", ""AGENT=friend"", ""VERB=destroy""]","Prime sentence: a student is destroyed by a son .
Event roles: PATIENT=girl; AGENT=friend; VERB=destroy
Sentence: the",Sentence: the,first_noun,-4.77186393737793,-2.602693557739258,2.169170379638672,passive,1.0
817,role_labeled,no_prime_eos,no_prime_eos,,a friend destroys a girl .,a girl is destroyed by a friend .,a,friend,a,girl,destroy,destroys,destroyed,"[""PATIENT=girl"", ""AGENT=friend"", ""VERB=destroy""]","Event roles: PATIENT=girl; AGENT=friend; VERB=destroy
Sentence: the",Sentence: the,first_noun,-5.09832763671875,-2.1700522899627686,2.9282753467559814,passive,1.0
817,role_labeled,filler,filler,The singer smiled after rehearsal .,a friend destroys a girl .,a girl is destroyed by a friend .,a,friend,a,girl,destroy,destroys,destroyed,"[""PATIENT=girl"", ""AGENT=friend"", ""VERB=destroy""]","Prime sentence: The singer smiled after rehearsal .
Event roles: PATIENT=girl; AGENT=friend; VERB=destroy
Sentence: the",Sentence: the,first_noun,-6.018315315246582,-2.7447946071624756,3.2735207080841064,passive,1.0
818,role_labeled,active,active,a guest protects a guy .,a student protects a teacher .,a teacher is protected by a student .,a,student,a,teacher,protect,protects,protected,"[""VERB=protect"", ""PATIENT=teacher"", ""AGENT=student""]","Prime sentence: a guest protects a guy .
Event roles: VERB=protect; PATIENT=teacher; AGENT=student
Sentence: the",Sentence: the,first_noun,-3.8165178298950195,-2.974003553390503,0.8425142765045166,passive,1.0
818,role_labeled,passive,passive,a guy is protected by a guest .,a student protects a teacher .,a teacher is protected by a student .,a,student,a,teacher,protect,protects,protected,"[""VERB=protect"", ""PATIENT=teacher"", ""AGENT=student""]","Prime sentence: a guy is protected by a guest .
Event roles: VERB=protect; PATIENT=teacher; AGENT=student
Sentence: the",Sentence: the,first_noun,-3.2818920612335205,-2.895271062850952,0.38662099838256836,passive,1.0
818,role_labeled,no_prime_eos,no_prime_eos,,a student protects a teacher .,a teacher is protected by a student .,a,student,a,teacher,protect,protects,protected,"[""VERB=protect"", ""PATIENT=teacher"", ""AGENT=student""]","Event roles: VERB=protect; PATIENT=teacher; AGENT=student
Sentence: the",Sentence: the,first_noun,-3.3863255977630615,-3.1618969440460205,0.22442865371704102,passive,1.0
818,role_labeled,filler,filler,The blanket dried on the line .,a student protects a teacher .,a teacher is protected by a student .,a,student,a,teacher,protect,protects,protected,"[""VERB=protect"", ""PATIENT=teacher"", ""AGENT=student""]","Prime sentence: The blanket dried on the line .
Event roles: VERB=protect; PATIENT=teacher; AGENT=student
Sentence: the",Sentence: the,first_noun,-4.192526817321777,-3.0508229732513428,1.1417038440704346,passive,1.0
819,role_labeled,active,active,a candidate catches a captain .,a partner catches a physician .,a physician is caught by a partner .,a,partner,a,physician,catch,catches,caught,"[""PATIENT=physician"", ""AGENT=partner"", ""VERB=catch""]","Prime sentence: a candidate catches a captain .
Event roles: PATIENT=physician; AGENT=partner; VERB=catch
Sentence: the",Sentence: the,first_noun,-6.886282444000244,-4.858364105224609,2.0279183387756348,passive,1.0
819,role_labeled,passive,passive,a captain is caught by a candidate .,a partner catches a physician .,a physician is caught by a partner .,a,partner,a,physician,catch,catches,caught,"[""PATIENT=physician"", ""AGENT=partner"", ""VERB=catch""]","Prime sentence: a captain is caught by a candidate .
Event roles: PATIENT=physician; AGENT=partner; VERB=catch
Sentence: the",Sentence: the,first_noun,-6.671142578125,-4.784313201904297,1.8868293762207031,passive,1.0
819,role_labeled,no_prime_eos,no_prime_eos,,a partner catches a physician .,a physician is caught by a partner .,a,partner,a,physician,catch,catches,caught,"[""PATIENT=physician"", ""AGENT=partner"", ""VERB=catch""]","Event roles: PATIENT=physician; AGENT=partner; VERB=catch
Sentence: the",Sentence: the,first_noun,-6.582476615905762,-4.06298828125,2.5194883346557617,passive,1.0
819,role_labeled,filler,filler,The pillow rested on the sofa .,a partner catches a physician .,a physician is caught by a partner .,a,partner,a,physician,catch,catches,caught,"[""PATIENT=physician"", ""AGENT=partner"", ""VERB=catch""]","Prime sentence: The pillow rested on the sofa .
Event roles: PATIENT=physician; AGENT=partner; VERB=catch
Sentence: the",Sentence: the,first_noun,-7.338521480560303,-6.00286865234375,1.3356528282165527,passive,1.0
820,role_labeled,active,active,a cousin grabs a daughter .,a professor grabs a reader .,a reader is grabbed by a professor .,a,professor,a,reader,grab,grabs,grabbed,"[""AGENT=professor"", ""PATIENT=reader"", ""VERB=grab""]","Prime sentence: a cousin grabs a daughter .
Event roles: AGENT=professor; PATIENT=reader; VERB=grab
Sentence: the",Sentence: the,first_noun,-3.303591012954712,-6.1231584548950195,-2.8195674419403076,active,0.0
820,role_labeled,passive,passive,a daughter is grabbed by a cousin .,a professor grabs a reader .,a reader is grabbed by a professor .,a,professor,a,reader,grab,grabs,grabbed,"[""AGENT=professor"", ""PATIENT=reader"", ""VERB=grab""]","Prime sentence: a daughter is grabbed by a cousin .
Event roles: AGENT=professor; PATIENT=reader; VERB=grab
Sentence: the",Sentence: the,first_noun,-3.319392442703247,-5.966339111328125,-2.646946668624878,active,0.0
820,role_labeled,no_prime_eos,no_prime_eos,,a professor grabs a reader .,a reader is grabbed by a professor .,a,professor,a,reader,grab,grabs,grabbed,"[""AGENT=professor"", ""PATIENT=reader"", ""VERB=grab""]","Event roles: AGENT=professor; PATIENT=reader; VERB=grab
Sentence: the",Sentence: the,first_noun,-3.6253583431243896,-4.803051948547363,-1.1776936054229736,active,0.0
820,role_labeled,filler,filler,The window rattled during the storm .,a professor grabs a reader .,a reader is grabbed by a professor .,a,professor,a,reader,grab,grabs,grabbed,"[""AGENT=professor"", ""PATIENT=reader"", ""VERB=grab""]","Prime sentence: The window rattled during the storm .
Event roles: AGENT=professor; PATIENT=reader; VERB=grab
Sentence: the",Sentence: the,first_noun,-4.826432228088379,-7.385382652282715,-2.558950424194336,active,0.0
821,role_labeled,active,active,a reader grabs a scientist .,a cousin grabs a daughter .,a daughter is grabbed by a cousin .,a,cousin,a,daughter,grab,grabs,grabbed,"[""VERB=grab"", ""PATIENT=daughter"", ""AGENT=cousin""]","Prime sentence: a reader grabs a scientist .
Event roles: VERB=grab; PATIENT=daughter; AGENT=cousin
Sentence: the",Sentence: the,first_noun,-7.815563201904297,-3.882962465286255,3.932600736618042,passive,1.0
821,role_labeled,passive,passive,a scientist is grabbed by a reader .,a cousin grabs a daughter .,a daughter is grabbed by a cousin .,a,cousin,a,daughter,grab,grabs,grabbed,"[""VERB=grab"", ""PATIENT=daughter"", ""AGENT=cousin""]","Prime sentence: a scientist is grabbed by a reader .
Event roles: VERB=grab; PATIENT=daughter; AGENT=cousin
Sentence: the",Sentence: the,first_noun,-8.195581436157227,-4.959190368652344,3.236391067504883,passive,1.0
821,role_labeled,no_prime_eos,no_prime_eos,,a cousin grabs a daughter .,a daughter is grabbed by a cousin .,a,cousin,a,daughter,grab,grabs,grabbed,"[""VERB=grab"", ""PATIENT=daughter"", ""AGENT=cousin""]","Event roles: VERB=grab; PATIENT=daughter; AGENT=cousin
Sentence: the",Sentence: the,first_noun,-8.040586471557617,-4.482377529144287,3.55820894241333,passive,1.0
821,role_labeled,filler,filler,The notebook stayed on the shelf .,a cousin grabs a daughter .,a daughter is grabbed by a cousin .,a,cousin,a,daughter,grab,grabs,grabbed,"[""VERB=grab"", ""PATIENT=daughter"", ""AGENT=cousin""]","Prime sentence: The notebook stayed on the shelf .
Event roles: VERB=grab; PATIENT=daughter; AGENT=cousin
Sentence: the",Sentence: the,first_noun,-7.634101867675781,-5.577230930328369,2.056870937347412,passive,1.0
822,role_labeled,active,active,a secretary joins a sheriff .,a doctor joins an employee .,an employee is joined by a doctor .,a,doctor,an,employee,join,joins,joined,"[""PATIENT=employee"", ""VERB=join"", ""AGENT=doctor""]","Prime sentence: a secretary joins a sheriff .
Event roles: PATIENT=employee; VERB=join; AGENT=doctor
Sentence: the",Sentence: the,first_noun,-2.9398226737976074,-4.756623268127441,-1.816800594329834,active,0.0
822,role_labeled,passive,passive,a sheriff is joined by a secretary .,a doctor joins an employee .,an employee is joined by a doctor .,a,doctor,an,employee,join,joins,joined,"[""PATIENT=employee"", ""VERB=join"", ""AGENT=doctor""]","Prime sentence: a sheriff is joined by a secretary .
Event roles: PATIENT=employee; VERB=join; AGENT=doctor
Sentence: the",Sentence: the,first_noun,-2.829247236251831,-4.366074562072754,-1.5368273258209229,active,0.0
822,role_labeled,no_prime_eos,no_prime_eos,,a doctor joins an employee .,an employee is joined by a doctor .,a,doctor,an,employee,join,joins,joined,"[""PATIENT=employee"", ""VERB=join"", ""AGENT=doctor""]","Event roles: PATIENT=employee; VERB=join; AGENT=doctor
Sentence: the",Sentence: the,first_noun,-3.176665782928467,-4.410130023956299,-1.233464241027832,active,0.0
822,role_labeled,filler,filler,The package arrived before noon .,a doctor joins an employee .,an employee is joined by a doctor .,a,doctor,an,employee,join,joins,joined,"[""PATIENT=employee"", ""VERB=join"", ""AGENT=doctor""]","Prime sentence: The package arrived before noon .
Event roles: PATIENT=employee; VERB=join; AGENT=doctor
Sentence: the",Sentence: the,first_noun,-3.2553443908691406,-5.335475921630859,-2.0801315307617188,active,0.0
823,role_labeled,active,active,a minister protects a mother .,an aunt protects an author .,an author is protected by an aunt .,an,aunt,an,author,protect,protects,protected,"[""VERB=protect"", ""AGENT=aunt"", ""PATIENT=author""]","Prime sentence: a minister protects a mother .
Event roles: VERB=protect; AGENT=aunt; PATIENT=author
Sentence: the",Sentence: the,first_noun,-6.111512184143066,-6.090002059936523,0.02151012420654297,passive,1.0
823,role_labeled,passive,passive,a mother is protected by a minister .,an aunt protects an author .,an author is protected by an aunt .,an,aunt,an,author,protect,protects,protected,"[""VERB=protect"", ""AGENT=aunt"", ""PATIENT=author""]","Prime sentence: a mother is protected by a minister .
Event roles: VERB=protect; AGENT=aunt; PATIENT=author
Sentence: the",Sentence: the,first_noun,-6.190308570861816,-6.01530647277832,0.1750020980834961,passive,1.0
823,role_labeled,no_prime_eos,no_prime_eos,,an aunt protects an author .,an author is protected by an aunt .,an,aunt,an,author,protect,protects,protected,"[""VERB=protect"", ""AGENT=aunt"", ""PATIENT=author""]","Event roles: VERB=protect; AGENT=aunt; PATIENT=author
Sentence: the",Sentence: the,first_noun,-9.571809768676758,-4.546859264373779,5.0249505043029785,passive,1.0
823,role_labeled,filler,filler,The kettle whistled in the kitchen .,an aunt protects an author .,an author is protected by an aunt .,an,aunt,an,author,protect,protects,protected,"[""VERB=protect"", ""AGENT=aunt"", ""PATIENT=author""]","Prime sentence: The kettle whistled in the kitchen .
Event roles: VERB=protect; AGENT=aunt; PATIENT=author
Sentence: the",Sentence: the,first_noun,-7.288273811340332,-8.400585174560547,-1.1123113632202148,active,0.0
824,role_labeled,active,active,a man washes a manager .,an actress washes an adult .,an adult is washed by an actress .,an,actress,an,adult,wash,washes,washed,"[""VERB=wash"", ""AGENT=actress"", ""PATIENT=adult""]","Prime sentence: a man washes a manager .
Event roles: VERB=wash; AGENT=actress; PATIENT=adult
Sentence: the",Sentence: the,first_noun,-6.053951263427734,-7.211982250213623,-1.1580309867858887,active,0.0
824,role_labeled,passive,passive,a manager is washed by a man .,an actress washes an adult .,an adult is washed by an actress .,an,actress,an,adult,wash,washes,washed,"[""VERB=wash"", ""AGENT=actress"", ""PATIENT=adult""]","Prime sentence: a manager is washed by a man .
Event roles: VERB=wash; AGENT=actress; PATIENT=adult
Sentence: the",Sentence: the,first_noun,-6.93330192565918,-7.286868095397949,-0.35356616973876953,active,0.0
824,role_labeled,no_prime_eos,no_prime_eos,,an actress washes an adult .,an adult is washed by an actress .,an,actress,an,adult,wash,washes,washed,"[""VERB=wash"", ""AGENT=actress"", ""PATIENT=adult""]","Event roles: VERB=wash; AGENT=actress; PATIENT=adult
Sentence: the",Sentence: the,first_noun,-7.259084701538086,-5.704281330108643,1.5548033714294434,passive,1.0
824,role_labeled,filler,filler,The planet shimmered above the valley .,an actress washes an adult .,an adult is washed by an actress .,an,actress,an,adult,wash,washes,washed,"[""VERB=wash"", ""AGENT=actress"", ""PATIENT=adult""]","Prime sentence: The planet shimmered above the valley .
Event roles: VERB=wash; AGENT=actress; PATIENT=adult
Sentence: the",Sentence: the,first_noun,-7.2412824630737305,-7.550031661987305,-0.3087491989135742,active,0.0
825,role_labeled,active,active,a secretary carries a sheriff .,a doctor carries an employee .,an employee is carried by a doctor .,a,doctor,an,employee,carry,carries,carried,"[""PATIENT=employee"", ""VERB=carry"", ""AGENT=doctor""]","Prime sentence: a secretary carries a sheriff .
Event roles: PATIENT=employee; VERB=carry; AGENT=doctor
Sentence: the",Sentence: the,first_noun,-2.6784861087799072,-4.81706428527832,-2.138578176498413,active,0.0
825,role_labeled,passive,passive,a sheriff is carried by a secretary .,a doctor carries an employee .,an employee is carried by a doctor .,a,doctor,an,employee,carry,carries,carried,"[""PATIENT=employee"", ""VERB=carry"", ""AGENT=doctor""]","Prime sentence: a sheriff is carried by a secretary .
Event roles: PATIENT=employee; VERB=carry; AGENT=doctor
Sentence: the",Sentence: the,first_noun,-3.0096724033355713,-5.062649726867676,-2.0529773235321045,active,0.0
825,role_labeled,no_prime_eos,no_prime_eos,,a doctor carries an employee .,an employee is carried by a doctor .,a,doctor,an,employee,carry,carries,carried,"[""PATIENT=employee"", ""VERB=carry"", ""AGENT=doctor""]","Event roles: PATIENT=employee; VERB=carry; AGENT=doctor
Sentence: the",Sentence: the,first_noun,-2.900151491165161,-4.575484275817871,-1.67533278465271,active,0.0
825,role_labeled,filler,filler,The painter waited near the doorway .,a doctor carries an employee .,an employee is carried by a doctor .,a,doctor,an,employee,carry,carries,carried,"[""PATIENT=employee"", ""VERB=carry"", ""AGENT=doctor""]","Prime sentence: The painter waited near the doorway .
Event roles: PATIENT=employee; VERB=carry; AGENT=doctor
Sentence: the",Sentence: the,first_noun,-3.0624868869781494,-5.527255535125732,-2.464768648147583,active,0.0
826,role_labeled,active,active,a daughter forgives a doctor .,a reader forgives a scientist .,a scientist is forgiven by a reader .,a,reader,a,scientist,forgiv,forgives,forgiven,"[""PATIENT=scientist"", ""VERB=forgiv"", ""AGENT=reader""]","Prime sentence: a daughter forgives a doctor .
Event roles: PATIENT=scientist; VERB=forgiv; AGENT=reader
Sentence: the",Sentence: the,first_noun,-6.227994918823242,-4.257275581359863,1.970719337463379,passive,1.0
826,role_labeled,passive,passive,a doctor is forgiven by a daughter .,a reader forgives a scientist .,a scientist is forgiven by a reader .,a,reader,a,scientist,forgiv,forgives,forgiven,"[""PATIENT=scientist"", ""VERB=forgiv"", ""AGENT=reader""]","Prime sentence: a doctor is forgiven by a daughter .
Event roles: PATIENT=scientist; VERB=forgiv; AGENT=reader
Sentence: the",Sentence: the,first_noun,-6.212624549865723,-3.8788294792175293,2.3337950706481934,passive,1.0
826,role_labeled,no_prime_eos,no_prime_eos,,a reader forgives a scientist .,a scientist is forgiven by a reader .,a,reader,a,scientist,forgiv,forgives,forgiven,"[""PATIENT=scientist"", ""VERB=forgiv"", ""AGENT=reader""]","Event roles: PATIENT=scientist; VERB=forgiv; AGENT=reader
Sentence: the",Sentence: the,first_noun,-4.498290061950684,-4.626037120819092,-0.1277470588684082,active,0.0
826,role_labeled,filler,filler,The planet shimmered above the valley .,a reader forgives a scientist .,a scientist is forgiven by a reader .,a,reader,a,scientist,forgiv,forgives,forgiven,"[""PATIENT=scientist"", ""VERB=forgiv"", ""AGENT=reader""]","Prime sentence: The planet shimmered above the valley .
Event roles: PATIENT=scientist; VERB=forgiv; AGENT=reader
Sentence: the",Sentence: the,first_noun,-7.484885215759277,-5.411328315734863,2.073556900024414,passive,1.0
827,role_labeled,active,active,a son hurries a student .,a friend hurries a girl .,a girl is hurried by a friend .,a,friend,a,girl,hurry,hurries,hurried,"[""AGENT=friend"", ""PATIENT=girl"", ""VERB=hurry""]","Prime sentence: a son hurries a student .
Event roles: AGENT=friend; PATIENT=girl; VERB=hurry
Sentence: the",Sentence: the,first_noun,-5.29414176940918,-3.2436931133270264,2.0504486560821533,passive,1.0
827,role_labeled,passive,passive,a student is hurried by a son .,a friend hurries a girl .,a girl is hurried by a friend .,a,friend,a,girl,hurry,hurries,hurried,"[""AGENT=friend"", ""PATIENT=girl"", ""VERB=hurry""]","Prime sentence: a student is hurried by a son .
Event roles: AGENT=friend; PATIENT=girl; VERB=hurry
Sentence: the",Sentence: the,first_noun,-4.8231201171875,-3.3454034328460693,1.4777166843414307,passive,1.0
827,role_labeled,no_prime_eos,no_prime_eos,,a friend hurries a girl .,a girl is hurried by a friend .,a,friend,a,girl,hurry,hurries,hurried,"[""AGENT=friend"", ""PATIENT=girl"", ""VERB=hurry""]","Event roles: AGENT=friend; PATIENT=girl; VERB=hurry
Sentence: the",Sentence: the,first_noun,-4.835681915283203,-2.690662145614624,2.145019769668579,passive,1.0
827,role_labeled,filler,filler,The witness paused near the doorway .,a friend hurries a girl .,a girl is hurried by a friend .,a,friend,a,girl,hurry,hurries,hurried,"[""AGENT=friend"", ""PATIENT=girl"", ""VERB=hurry""]","Prime sentence: The witness paused near the doorway .
Event roles: AGENT=friend; PATIENT=girl; VERB=hurry
Sentence: the",Sentence: the,first_noun,-6.259383201599121,-1.9521664381027222,4.307216763496399,passive,1.0
828,role_labeled,active,active,a candidate helps a captain .,a partner helps a physician .,a physician is helped by a partner .,a,partner,a,physician,help,helps,helped,"[""AGENT=partner"", ""VERB=help"", ""PATIENT=physician""]","Prime sentence: a candidate helps a captain .
Event roles: AGENT=partner; VERB=help; PATIENT=physician
Sentence: the",Sentence: the,first_noun,-7.200842380523682,-5.273042678833008,1.9277997016906738,passive,1.0
828,role_labeled,passive,passive,a captain is helped by a candidate .,a partner helps a physician .,a physician is helped by a partner .,a,partner,a,physician,help,helps,helped,"[""AGENT=partner"", ""VERB=help"", ""PATIENT=physician""]","Prime sentence: a captain is helped by a candidate .
Event roles: AGENT=partner; VERB=help; PATIENT=physician
Sentence: the",Sentence: the,first_noun,-6.974677562713623,-5.0487895011901855,1.9258880615234375,passive,1.0
828,role_labeled,no_prime_eos,no_prime_eos,,a partner helps a physician .,a physician is helped by a partner .,a,partner,a,physician,help,helps,helped,"[""AGENT=partner"", ""VERB=help"", ""PATIENT=physician""]","Event roles: AGENT=partner; VERB=help; PATIENT=physician
Sentence: the",Sentence: the,first_noun,-6.427619934082031,-3.6534647941589355,2.7741551399230957,passive,1.0
828,role_labeled,filler,filler,The engine cooled before dawn .,a partner helps a physician .,a physician is helped by a partner .,a,partner,a,physician,help,helps,helped,"[""AGENT=partner"", ""VERB=help"", ""PATIENT=physician""]","Prime sentence: The engine cooled before dawn .
Event roles: AGENT=partner; VERB=help; PATIENT=physician
Sentence: the",Sentence: the,first_noun,-8.375192642211914,-6.904242992401123,1.470949649810791,passive,1.0
829,role_labeled,active,active,a daughter drags a doctor .,a reader drags a scientist .,a scientist is dragged by a reader .,a,reader,a,scientist,drag,drags,dragged,"[""VERB=drag"", ""AGENT=reader"", ""PATIENT=scientist""]","Prime sentence: a daughter drags a doctor .
Event roles: VERB=drag; AGENT=reader; PATIENT=scientist
Sentence: the",Sentence: the,first_noun,-6.12487268447876,-4.037838935852051,2.087033748626709,passive,1.0
829,role_labeled,passive,passive,a doctor is dragged by a daughter .,a reader drags a scientist .,a scientist is dragged by a reader .,a,reader,a,scientist,drag,drags,dragged,"[""VERB=drag"", ""AGENT=reader"", ""PATIENT=scientist""]","Prime sentence: a doctor is dragged by a daughter .
Event roles: VERB=drag; AGENT=reader; PATIENT=scientist
Sentence: the",Sentence: the,first_noun,-5.668449401855469,-3.592653274536133,2.075796127319336,passive,1.0
829,role_labeled,no_prime_eos,no_prime_eos,,a reader drags a scientist .,a scientist is dragged by a reader .,a,reader,a,scientist,drag,drags,dragged,"[""VERB=drag"", ""AGENT=reader"", ""PATIENT=scientist""]","Event roles: VERB=drag; AGENT=reader; PATIENT=scientist
Sentence: the",Sentence: the,first_noun,-4.497578144073486,-5.2310075759887695,-0.7334294319152832,active,0.0
829,role_labeled,filler,filler,The garden brightened after rain .,a reader drags a scientist .,a scientist is dragged by a reader .,a,reader,a,scientist,drag,drags,dragged,"[""VERB=drag"", ""AGENT=reader"", ""PATIENT=scientist""]","Prime sentence: The garden brightened after rain .
Event roles: VERB=drag; AGENT=reader; PATIENT=scientist
Sentence: the",Sentence: the,first_noun,-8.07664680480957,-6.516669273376465,1.5599775314331055,passive,1.0
830,role_labeled,active,active,a friend punches a girl .,a soldier punches a son .,a son is punched by a soldier .,a,soldier,a,son,punch,punches,punched,"[""PATIENT=son"", ""AGENT=soldier"", ""VERB=punch""]","Prime sentence: a friend punches a girl .
Event roles: PATIENT=son; AGENT=soldier; VERB=punch
Sentence: the",Sentence: the,first_noun,-2.8440020084381104,-4.550572395324707,-1.7065703868865967,active,0.0
830,role_labeled,passive,passive,a girl is punched by a friend .,a soldier punches a son .,a son is punched by a soldier .,a,soldier,a,son,punch,punches,punched,"[""PATIENT=son"", ""AGENT=soldier"", ""VERB=punch""]","Prime sentence: a girl is punched by a friend .
Event roles: PATIENT=son; AGENT=soldier; VERB=punch
Sentence: the",Sentence: the,first_noun,-2.917281150817871,-4.754993438720703,-1.837712287902832,active,0.0
830,role_labeled,no_prime_eos,no_prime_eos,,a soldier punches a son .,a son is punched by a soldier .,a,soldier,a,son,punch,punches,punched,"[""PATIENT=son"", ""AGENT=soldier"", ""VERB=punch""]","Event roles: PATIENT=son; AGENT=soldier; VERB=punch
Sentence: the",Sentence: the,first_noun,-3.3584797382354736,-4.82734489440918,-1.468865156173706,active,0.0
830,role_labeled,filler,filler,The radio crackled in the attic .,a soldier punches a son .,a son is punched by a soldier .,a,soldier,a,son,punch,punches,punched,"[""PATIENT=son"", ""AGENT=soldier"", ""VERB=punch""]","Prime sentence: The radio crackled in the attic .
Event roles: PATIENT=son; AGENT=soldier; VERB=punch
Sentence: the",Sentence: the,first_noun,-4.161352157592773,-5.754195213317871,-1.5928430557250977,active,0.0
831,role_labeled,active,active,a colonel embraces a cop .,a prince embraces a princess .,a princess is embraced by a prince .,a,prince,a,princess,embrac,embraces,embraced,"[""PATIENT=princess"", ""AGENT=prince"", ""VERB=embrac""]","Prime sentence: a colonel embraces a cop .
Event roles: PATIENT=princess; AGENT=prince; VERB=embrac
Sentence: the",Sentence: the,first_noun,-4.502233505249023,-5.08296012878418,-0.5807266235351562,active,0.0
831,role_labeled,passive,passive,a cop is embraced by a colonel .,a prince embraces a princess .,a princess is embraced by a prince .,a,prince,a,princess,embrac,embraces,embraced,"[""PATIENT=princess"", ""AGENT=prince"", ""VERB=embrac""]","Prime sentence: a cop is embraced by a colonel .
Event roles: PATIENT=princess; AGENT=prince; VERB=embrac
Sentence: the",Sentence: the,first_noun,-4.542611122131348,-5.081664085388184,-0.5390529632568359,active,0.0
831,role_labeled,no_prime_eos,no_prime_eos,,a prince embraces a princess .,a princess is embraced by a prince .,a,prince,a,princess,embrac,embraces,embraced,"[""PATIENT=princess"", ""AGENT=prince"", ""VERB=embrac""]","Event roles: PATIENT=princess; AGENT=prince; VERB=embrac
Sentence: the",Sentence: the,first_noun,-3.34610652923584,-3.3592166900634766,-0.013110160827636719,active,0.0
831,role_labeled,filler,filler,The blanket dried on the line .,a prince embraces a princess .,a princess is embraced by a prince .,a,prince,a,princess,embrac,embraces,embraced,"[""PATIENT=princess"", ""AGENT=prince"", ""VERB=embrac""]","Prime sentence: The blanket dried on the line .
Event roles: PATIENT=princess; AGENT=prince; VERB=embrac
Sentence: the",Sentence: the,first_noun,-5.729940414428711,-5.1870222091674805,0.5429182052612305,passive,1.0
832,role_labeled,active,active,an uncle raises a wife .,a guy raises a hero .,a hero is raised by a guy .,a,guy,a,hero,rais,raises,raised,"[""AGENT=guy"", ""VERB=rais"", ""PATIENT=hero""]","Prime sentence: an uncle raises a wife .
Event roles: AGENT=guy; VERB=rais; PATIENT=hero
Sentence: the",Sentence: the,first_noun,-3.66794753074646,-4.480297088623047,-0.8123495578765869,active,0.0
832,role_labeled,passive,passive,a wife is raised by an uncle .,a guy raises a hero .,a hero is raised by a guy .,a,guy,a,hero,rais,raises,raised,"[""AGENT=guy"", ""VERB=rais"", ""PATIENT=hero""]","Prime sentence: a wife is raised by an uncle .
Event roles: AGENT=guy; VERB=rais; PATIENT=hero
Sentence: the",Sentence: the,first_noun,-4.401899337768555,-4.985923767089844,-0.5840244293212891,active,0.0
832,role_labeled,no_prime_eos,no_prime_eos,,a guy raises a hero .,a hero is raised by a guy .,a,guy,a,hero,rais,raises,raised,"[""AGENT=guy"", ""VERB=rais"", ""PATIENT=hero""]","Event roles: AGENT=guy; VERB=rais; PATIENT=hero
Sentence: the",Sentence: the,first_noun,-4.1476311683654785,-4.056477069854736,0.09115409851074219,passive,1.0
832,role_labeled,filler,filler,The market opened after sunrise .,a guy raises a hero .,a hero is raised by a guy .,a,guy,a,hero,rais,raises,raised,"[""AGENT=guy"", ""VERB=rais"", ""PATIENT=hero""]","Prime sentence: The market opened after sunrise .
Event roles: AGENT=guy; VERB=rais; PATIENT=hero
Sentence: the",Sentence: the,first_noun,-5.362178802490234,-6.486666202545166,-1.1244874000549316,active,0.0
833,role_labeled,active,active,a father discovers a friend .,a singer discovers a soldier .,a soldier is discovered by a singer .,a,singer,a,soldier,discover,discovers,discovered,"[""AGENT=singer"", ""PATIENT=soldier"", ""VERB=discover""]","Prime sentence: a father discovers a friend .
Event roles: AGENT=singer; PATIENT=soldier; VERB=discover
Sentence: the",Sentence: the,first_noun,-5.554332733154297,-3.739835023880005,1.814497709274292,passive,1.0
833,role_labeled,passive,passive,a friend is discovered by a father .,a singer discovers a soldier .,a soldier is discovered by a singer .,a,singer,a,soldier,discover,discovers,discovered,"[""AGENT=singer"", ""PATIENT=soldier"", ""VERB=discover""]","Prime sentence: a friend is discovered by a father .
Event roles: AGENT=singer; PATIENT=soldier; VERB=discover
Sentence: the",Sentence: the,first_noun,-4.847580432891846,-3.2348194122314453,1.6127610206604004,passive,1.0
833,role_labeled,no_prime_eos,no_prime_eos,,a singer discovers a soldier .,a soldier is discovered by a singer .,a,singer,a,soldier,discover,discovers,discovered,"[""AGENT=singer"", ""PATIENT=soldier"", ""VERB=discover""]","Event roles: AGENT=singer; PATIENT=soldier; VERB=discover
Sentence: the",Sentence: the,first_noun,-4.770028114318848,-4.314679145812988,0.4553489685058594,passive,1.0
833,role_labeled,filler,filler,The pillow rested on the sofa .,a singer discovers a soldier .,a soldier is discovered by a singer .,a,singer,a,soldier,discover,discovers,discovered,"[""AGENT=singer"", ""PATIENT=soldier"", ""VERB=discover""]","Prime sentence: The pillow rested on the sofa .
Event roles: AGENT=singer; PATIENT=soldier; VERB=discover
Sentence: the",Sentence: the,first_noun,-7.401796340942383,-4.635253429412842,2.766542911529541,passive,1.0
834,role_labeled,active,active,a husband catches a kid .,a wife catches a winner .,a winner is caught by a wife .,a,wife,a,winner,catch,catches,caught,"[""VERB=catch"", ""PATIENT=winner"", ""AGENT=wife""]","Prime sentence: a husband catches a kid .
Event roles: VERB=catch; PATIENT=winner; AGENT=wife
Sentence: the",Sentence: the,first_noun,-2.9197869300842285,-6.178352355957031,-3.2585654258728027,active,0.0
834,role_labeled,passive,passive,a kid is caught by a husband .,a wife catches a winner .,a winner is caught by a wife .,a,wife,a,winner,catch,catches,caught,"[""VERB=catch"", ""PATIENT=winner"", ""AGENT=wife""]","Prime sentence: a kid is caught by a husband .
Event roles: VERB=catch; PATIENT=winner; AGENT=wife
Sentence: the",Sentence: the,first_noun,-2.919734001159668,-6.215305328369141,-3.2955713272094727,active,0.0
834,role_labeled,no_prime_eos,no_prime_eos,,a wife catches a winner .,a winner is caught by a wife .,a,wife,a,winner,catch,catches,caught,"[""VERB=catch"", ""PATIENT=winner"", ""AGENT=wife""]","Event roles: VERB=catch; PATIENT=winner; AGENT=wife
Sentence: the",Sentence: the,first_noun,-4.340412139892578,-5.138777732849121,-0.798365592956543,active,0.0
834,role_labeled,filler,filler,The violin echoed in the theater .,a wife catches a winner .,a winner is caught by a wife .,a,wife,a,winner,catch,catches,caught,"[""VERB=catch"", ""PATIENT=winner"", ""AGENT=wife""]","Prime sentence: The violin echoed in the theater .
Event roles: VERB=catch; PATIENT=winner; AGENT=wife
Sentence: the",Sentence: the,first_noun,-5.027873992919922,-8.50961685180664,-3.4817428588867188,active,0.0
835,role_labeled,active,active,a princess carries a professor .,a colonel carries a cop .,a cop is carried by a colonel .,a,colonel,a,cop,carry,carries,carried,"[""AGENT=colonel"", ""VERB=carry"", ""PATIENT=cop""]","Prime sentence: a princess carries a professor .
Event roles: AGENT=colonel; VERB=carry; PATIENT=cop
Sentence: the",Sentence: the,first_noun,-3.78475022315979,-6.232073783874512,-2.4473235607147217,active,0.0
835,role_labeled,passive,passive,a professor is carried by a princess .,a colonel carries a cop .,a cop is carried by a colonel .,a,colonel,a,cop,carry,carries,carried,"[""AGENT=colonel"", ""VERB=carry"", ""PATIENT=cop""]","Prime sentence: a professor is carried by a princess .
Event roles: AGENT=colonel; VERB=carry; PATIENT=cop
Sentence: the",Sentence: the,first_noun,-3.4912703037261963,-5.968101501464844,-2.4768311977386475,active,0.0
835,role_labeled,no_prime_eos,no_prime_eos,,a colonel carries a cop .,a cop is carried by a colonel .,a,colonel,a,cop,carry,carries,carried,"[""AGENT=colonel"", ""VERB=carry"", ""PATIENT=cop""]","Event roles: AGENT=colonel; VERB=carry; PATIENT=cop
Sentence: the",Sentence: the,first_noun,-3.937559127807617,-5.948752403259277,-2.01119327545166,active,0.0
835,role_labeled,filler,filler,The traveler rested beside the river .,a colonel carries a cop .,a cop is carried by a colonel .,a,colonel,a,cop,carry,carries,carried,"[""AGENT=colonel"", ""VERB=carry"", ""PATIENT=cop""]","Prime sentence: The traveler rested beside the river .
Event roles: AGENT=colonel; VERB=carry; PATIENT=cop
Sentence: the",Sentence: the,first_noun,-4.579689025878906,-6.887119293212891,-2.3074302673339844,active,0.0
836,role_labeled,active,active,a secretary selects a sheriff .,a doctor selects an employee .,an employee is selected by a doctor .,a,doctor,an,employee,select,selects,selected,"[""AGENT=doctor"", ""VERB=select"", ""PATIENT=employee""]","Prime sentence: a secretary selects a sheriff .
Event roles: AGENT=doctor; VERB=select; PATIENT=employee
Sentence: the",Sentence: the,first_noun,-2.002915143966675,-4.671705722808838,-2.668790578842163,active,0.0
836,role_labeled,passive,passive,a sheriff is selected by a secretary .,a doctor selects an employee .,an employee is selected by a doctor .,a,doctor,an,employee,select,selects,selected,"[""AGENT=doctor"", ""VERB=select"", ""PATIENT=employee""]","Prime sentence: a sheriff is selected by a secretary .
Event roles: AGENT=doctor; VERB=select; PATIENT=employee
Sentence: the",Sentence: the,first_noun,-2.411428451538086,-4.862710475921631,-2.451282024383545,active,0.0
836,role_labeled,no_prime_eos,no_prime_eos,,a doctor selects an employee .,an employee is selected by a doctor .,a,doctor,an,employee,select,selects,selected,"[""AGENT=doctor"", ""VERB=select"", ""PATIENT=employee""]","Event roles: AGENT=doctor; VERB=select; PATIENT=employee
Sentence: the",Sentence: the,first_noun,-2.474730968475342,-5.092281818389893,-2.617550849914551,active,0.0
836,role_labeled,filler,filler,The lantern glowed near sunset .,a doctor selects an employee .,an employee is selected by a doctor .,a,doctor,an,employee,select,selects,selected,"[""AGENT=doctor"", ""VERB=select"", ""PATIENT=employee""]","Prime sentence: The lantern glowed near sunset .
Event roles: AGENT=doctor; VERB=select; PATIENT=employee
Sentence: the",Sentence: the,first_noun,-4.094623565673828,-6.918587684631348,-2.8239641189575195,active,0.0
837,role_labeled,active,active,a buddy washes a candidate .,a parent washes a partner .,a partner is washed by a parent .,a,parent,a,partner,wash,washes,washed,"[""VERB=wash"", ""AGENT=parent"", ""PATIENT=partner""]","Prime sentence: a buddy washes a candidate .
Event roles: VERB=wash; AGENT=parent; PATIENT=partner
Sentence: the",Sentence: the,first_noun,-5.216174125671387,-6.003104209899902,-0.7869300842285156,active,0.0
837,role_labeled,passive,passive,a candidate is washed by a buddy .,a parent washes a partner .,a partner is washed by a parent .,a,parent,a,partner,wash,washes,washed,"[""VERB=wash"", ""AGENT=parent"", ""PATIENT=partner""]","Prime sentence: a candidate is washed by a buddy .
Event roles: VERB=wash; AGENT=parent; PATIENT=partner
Sentence: the",Sentence: the,first_noun,-5.049953460693359,-5.506070137023926,-0.4561166763305664,active,0.0
837,role_labeled,no_prime_eos,no_prime_eos,,a parent washes a partner .,a partner is washed by a parent .,a,parent,a,partner,wash,washes,washed,"[""VERB=wash"", ""AGENT=parent"", ""PATIENT=partner""]","Event roles: VERB=wash; AGENT=parent; PATIENT=partner
Sentence: the",Sentence: the,first_noun,-5.1573591232299805,-7.134055137634277,-1.9766960144042969,active,0.0
837,role_labeled,filler,filler,The market opened after sunrise .,a parent washes a partner .,a partner is washed by a parent .,a,parent,a,partner,wash,washes,washed,"[""VERB=wash"", ""AGENT=parent"", ""PATIENT=partner""]","Prime sentence: The market opened after sunrise .
Event roles: VERB=wash; AGENT=parent; PATIENT=partner
Sentence: the",Sentence: the,first_noun,-6.311966419219971,-8.607109069824219,-2.295142650604248,active,0.0
838,role_labeled,active,active,a partner embraces a physician .,a buddy embraces a candidate .,a candidate is embraced by a buddy .,a,buddy,a,candidate,embrac,embraces,embraced,"[""AGENT=buddy"", ""PATIENT=candidate"", ""VERB=embrac""]","Prime sentence: a partner embraces a physician .
Event roles: AGENT=buddy; PATIENT=candidate; VERB=embrac
Sentence: the",Sentence: the,first_noun,-8.855182647705078,-6.043840408325195,2.811342239379883,passive,1.0
838,role_labeled,passive,passive,a physician is embraced by a partner .,a buddy embraces a candidate .,a candidate is embraced by a buddy .,a,buddy,a,candidate,embrac,embraces,embraced,"[""AGENT=buddy"", ""PATIENT=candidate"", ""VERB=embrac""]","Prime sentence: a physician is embraced by a partner .
Event roles: AGENT=buddy; PATIENT=candidate; VERB=embrac
Sentence: the",Sentence: the,first_noun,-9.563760757446289,-6.417058944702148,3.1467018127441406,passive,1.0
838,role_labeled,no_prime_eos,no_prime_eos,,a buddy embraces a candidate .,a candidate is embraced by a buddy .,a,buddy,a,candidate,embrac,embraces,embraced,"[""AGENT=buddy"", ""PATIENT=candidate"", ""VERB=embrac""]","Event roles: AGENT=buddy; PATIENT=candidate; VERB=embrac
Sentence: the",Sentence: the,first_noun,-7.970589637756348,-4.899476051330566,3.0711135864257812,passive,1.0
838,role_labeled,filler,filler,The pillow rested on the sofa .,a buddy embraces a candidate .,a candidate is embraced by a buddy .,a,buddy,a,candidate,embrac,embraces,embraced,"[""AGENT=buddy"", ""PATIENT=candidate"", ""VERB=embrac""]","Prime sentence: The pillow rested on the sofa .
Event roles: AGENT=buddy; PATIENT=candidate; VERB=embrac
Sentence: the",Sentence: the,first_noun,-10.042875289916992,-7.172813415527344,2.8700618743896484,passive,1.0
839,role_labeled,active,active,a king washes a lady .,a woman washes a worker .,a worker is washed by a woman .,a,woman,a,worker,wash,washes,washed,"[""VERB=wash"", ""PATIENT=worker"", ""AGENT=woman""]","Prime sentence: a king washes a lady .
Event roles: VERB=wash; PATIENT=worker; AGENT=woman
Sentence: the",Sentence: the,first_noun,-3.7641570568084717,-6.480362892150879,-2.7162058353424072,active,0.0
839,role_labeled,passive,passive,a lady is washed by a king .,a woman washes a worker .,a worker is washed by a woman .,a,woman,a,worker,wash,washes,washed,"[""VERB=wash"", ""PATIENT=worker"", ""AGENT=woman""]","Prime sentence: a lady is washed by a king .
Event roles: VERB=wash; PATIENT=worker; AGENT=woman
Sentence: the",Sentence: the,first_noun,-3.74833345413208,-6.365288734436035,-2.616955280303955,active,0.0
839,role_labeled,no_prime_eos,no_prime_eos,,a woman washes a worker .,a worker is washed by a woman .,a,woman,a,worker,wash,washes,washed,"[""VERB=wash"", ""PATIENT=worker"", ""AGENT=woman""]","Event roles: VERB=wash; PATIENT=worker; AGENT=woman
Sentence: the",Sentence: the,first_noun,-3.1201770305633545,-5.371617317199707,-2.2514402866363525,active,0.0
839,role_labeled,filler,filler,The pillow rested on the sofa .,a woman washes a worker .,a worker is washed by a woman .,a,woman,a,worker,wash,washes,washed,"[""VERB=wash"", ""PATIENT=worker"", ""AGENT=woman""]","Prime sentence: The pillow rested on the sofa .
Event roles: VERB=wash; PATIENT=worker; AGENT=woman
Sentence: the",Sentence: the,first_noun,-4.315203666687012,-6.895415306091309,-2.580211639404297,active,0.0
840,role_labeled,active,active,a winner protects a woman .,a husband protects a kid .,a kid is protected by a husband .,a,husband,a,kid,protect,protects,protected,"[""VERB=protect"", ""PATIENT=kid"", ""AGENT=husband""]","Prime sentence: a winner protects a woman .
Event roles: VERB=protect; PATIENT=kid; AGENT=husband
Sentence: the",Sentence: the,first_noun,-4.058396816253662,-6.55760383605957,-2.499207019805908,active,0.0
840,role_labeled,passive,passive,a woman is protected by a winner .,a husband protects a kid .,a kid is protected by a husband .,a,husband,a,kid,protect,protects,protected,"[""VERB=protect"", ""PATIENT=kid"", ""AGENT=husband""]","Prime sentence: a woman is protected by a winner .
Event roles: VERB=protect; PATIENT=kid; AGENT=husband
Sentence: the",Sentence: the,first_noun,-3.7692031860351562,-6.692919731140137,-2.9237165451049805,active,0.0
840,role_labeled,no_prime_eos,no_prime_eos,,a husband protects a kid .,a kid is protected by a husband .,a,husband,a,kid,protect,protects,protected,"[""VERB=protect"", ""PATIENT=kid"", ""AGENT=husband""]","Event roles: VERB=protect; PATIENT=kid; AGENT=husband
Sentence: the",Sentence: the,first_noun,-4.078753471374512,-6.922004699707031,-2.8432512283325195,active,0.0
840,role_labeled,filler,filler,The captain waited beside the harbor .,a husband protects a kid .,a kid is protected by a husband .,a,husband,a,kid,protect,protects,protected,"[""VERB=protect"", ""PATIENT=kid"", ""AGENT=husband""]","Prime sentence: The captain waited beside the harbor .
Event roles: VERB=protect; PATIENT=kid; AGENT=husband
Sentence: the",Sentence: the,first_noun,-5.305561065673828,-6.646628379821777,-1.3410673141479492,active,0.0
841,role_labeled,active,active,a partner follows a physician .,a buddy follows a candidate .,a candidate is followed by a buddy .,a,buddy,a,candidate,follow,follows,followed,"[""VERB=follow"", ""AGENT=buddy"", ""PATIENT=candidate""]","Prime sentence: a partner follows a physician .
Event roles: VERB=follow; AGENT=buddy; PATIENT=candidate
Sentence: the",Sentence: the,first_noun,-8.88229751586914,-5.650445938110352,3.231851577758789,passive,1.0
841,role_labeled,passive,passive,a physician is followed by a partner .,a buddy follows a candidate .,a candidate is followed by a buddy .,a,buddy,a,candidate,follow,follows,followed,"[""VERB=follow"", ""AGENT=buddy"", ""PATIENT=candidate""]","Prime sentence: a physician is followed by a partner .
Event roles: VERB=follow; AGENT=buddy; PATIENT=candidate
Sentence: the",Sentence: the,first_noun,-10.04837417602539,-5.927328109741211,4.12104606628418,passive,1.0
841,role_labeled,no_prime_eos,no_prime_eos,,a buddy follows a candidate .,a candidate is followed by a buddy .,a,buddy,a,candidate,follow,follows,followed,"[""VERB=follow"", ""AGENT=buddy"", ""PATIENT=candidate""]","Event roles: VERB=follow; AGENT=buddy; PATIENT=candidate
Sentence: the",Sentence: the,first_noun,-8.748279571533203,-4.8611955642700195,3.8870840072631836,passive,1.0
841,role_labeled,filler,filler,The witness paused near the doorway .,a buddy follows a candidate .,a candidate is followed by a buddy .,a,buddy,a,candidate,follow,follows,followed,"[""VERB=follow"", ""AGENT=buddy"", ""PATIENT=candidate""]","Prime sentence: The witness paused near the doorway .
Event roles: VERB=follow; AGENT=buddy; PATIENT=candidate
Sentence: the",Sentence: the,first_noun,-8.733880043029785,-6.517673969268799,2.2162060737609863,passive,1.0
842,role_labeled,active,active,a reader punches a scientist .,a cousin punches a daughter .,a daughter is punched by a cousin .,a,cousin,a,daughter,punch,punches,punched,"[""PATIENT=daughter"", ""AGENT=cousin"", ""VERB=punch""]","Prime sentence: a reader punches a scientist .
Event roles: PATIENT=daughter; AGENT=cousin; VERB=punch
Sentence: the",Sentence: the,first_noun,-7.444310188293457,-3.893561363220215,3.550748825073242,passive,1.0
842,role_labeled,passive,passive,a scientist is punched by a reader .,a cousin punches a daughter .,a daughter is punched by a cousin .,a,cousin,a,daughter,punch,punches,punched,"[""PATIENT=daughter"", ""AGENT=cousin"", ""VERB=punch""]","Prime sentence: a scientist is punched by a reader .
Event roles: PATIENT=daughter; AGENT=cousin; VERB=punch
Sentence: the",Sentence: the,first_noun,-7.719308853149414,-4.530355930328369,3.188952922821045,passive,1.0
842,role_labeled,no_prime_eos,no_prime_eos,,a cousin punches a daughter .,a daughter is punched by a cousin .,a,cousin,a,daughter,punch,punches,punched,"[""PATIENT=daughter"", ""AGENT=cousin"", ""VERB=punch""]","Event roles: PATIENT=daughter; AGENT=cousin; VERB=punch
Sentence: the",Sentence: the,first_noun,-7.506134033203125,-4.573328018188477,2.9328060150146484,passive,1.0
842,role_labeled,filler,filler,The tourist wandered through the plaza .,a cousin punches a daughter .,a daughter is punched by a cousin .,a,cousin,a,daughter,punch,punches,punched,"[""PATIENT=daughter"", ""AGENT=cousin"", ""VERB=punch""]","Prime sentence: The tourist wandered through the plaza .
Event roles: PATIENT=daughter; AGENT=cousin; VERB=punch
Sentence: the",Sentence: the,first_noun,-7.111845016479492,-5.0869140625,2.024930953979492,passive,1.0
843,role_labeled,active,active,an employer helps a father .,a sheriff helps a singer .,a singer is helped by a sheriff .,a,sheriff,a,singer,help,helps,helped,"[""PATIENT=singer"", ""VERB=help"", ""AGENT=sheriff""]","Prime sentence: an employer helps a father .
Event roles: PATIENT=singer; VERB=help; AGENT=sheriff
Sentence: the",Sentence: the,first_noun,-4.106462001800537,-5.840122699737549,-1.7336606979370117,active,0.0
843,role_labeled,passive,passive,a father is helped by an employer .,a sheriff helps a singer .,a singer is helped by a sheriff .,a,sheriff,a,singer,help,helps,helped,"[""PATIENT=singer"", ""VERB=help"", ""AGENT=sheriff""]","Prime sentence: a father is helped by an employer .
Event roles: PATIENT=singer; VERB=help; AGENT=sheriff
Sentence: the",Sentence: the,first_noun,-4.787612438201904,-6.1144633293151855,-1.3268508911132812,active,0.0
843,role_labeled,no_prime_eos,no_prime_eos,,a sheriff helps a singer .,a singer is helped by a sheriff .,a,sheriff,a,singer,help,helps,helped,"[""PATIENT=singer"", ""VERB=help"", ""AGENT=sheriff""]","Event roles: PATIENT=singer; VERB=help; AGENT=sheriff
Sentence: the",Sentence: the,first_noun,-5.950782299041748,-4.687442302703857,1.2633399963378906,passive,1.0
843,role_labeled,filler,filler,The planet shimmered above the valley .,a sheriff helps a singer .,a singer is helped by a sheriff .,a,sheriff,a,singer,help,helps,helped,"[""PATIENT=singer"", ""VERB=help"", ""AGENT=sheriff""]","Prime sentence: The planet shimmered above the valley .
Event roles: PATIENT=singer; VERB=help; AGENT=sheriff
Sentence: the",Sentence: the,first_noun,-5.8862738609313965,-6.802204608917236,-0.9159307479858398,active,0.0
844,role_labeled,active,active,a brother asks a buddy .,an opponent asks a parent .,a parent is asked by an opponent .,an,opponent,a,parent,ask,asks,asked,"[""VERB=ask"", ""AGENT=opponent"", ""PATIENT=parent""]","Prime sentence: a brother asks a buddy .
Event roles: VERB=ask; AGENT=opponent; PATIENT=parent
Sentence: the",Sentence: the,first_noun,-7.509902477264404,-5.825061798095703,1.6848406791687012,passive,1.0
844,role_labeled,passive,passive,a buddy is asked by a brother .,an opponent asks a parent .,a parent is asked by an opponent .,an,opponent,a,parent,ask,asks,asked,"[""VERB=ask"", ""AGENT=opponent"", ""PATIENT=parent""]","Prime sentence: a buddy is asked by a brother .
Event roles: VERB=ask; AGENT=opponent; PATIENT=parent
Sentence: the",Sentence: the,first_noun,-7.215897560119629,-5.618617057800293,1.597280502319336,passive,1.0
844,role_labeled,no_prime_eos,no_prime_eos,,an opponent asks a parent .,a parent is asked by an opponent .,an,opponent,a,parent,ask,asks,asked,"[""VERB=ask"", ""AGENT=opponent"", ""PATIENT=parent""]","Event roles: VERB=ask; AGENT=opponent; PATIENT=parent
Sentence: the",Sentence: the,first_noun,-5.13926362991333,-5.360331058502197,-0.2210674285888672,active,0.0
844,role_labeled,filler,filler,The painter waited near the doorway .,an opponent asks a parent .,a parent is asked by an opponent .,an,opponent,a,parent,ask,asks,asked,"[""VERB=ask"", ""AGENT=opponent"", ""PATIENT=parent""]","Prime sentence: The painter waited near the doorway .
Event roles: VERB=ask; AGENT=opponent; PATIENT=parent
Sentence: the",Sentence: the,first_noun,-7.6723175048828125,-6.781085968017578,0.8912315368652344,passive,1.0
845,role_labeled,active,active,a lady discovers a lawyer .,a worker discovers a writer .,a writer is discovered by a worker .,a,worker,a,writer,discover,discovers,discovered,"[""AGENT=worker"", ""PATIENT=writer"", ""VERB=discover""]","Prime sentence: a lady discovers a lawyer .
Event roles: AGENT=worker; PATIENT=writer; VERB=discover
Sentence: the",Sentence: the,first_noun,-5.2952775955200195,-5.589223861694336,-0.2939462661743164,active,0.0
845,role_labeled,passive,passive,a lawyer is discovered by a lady .,a worker discovers a writer .,a writer is discovered by a worker .,a,worker,a,writer,discover,discovers,discovered,"[""AGENT=worker"", ""PATIENT=writer"", ""VERB=discover""]","Prime sentence: a lawyer is discovered by a lady .
Event roles: AGENT=worker; PATIENT=writer; VERB=discover
Sentence: the",Sentence: the,first_noun,-4.424454212188721,-5.153731822967529,-0.7292776107788086,active,0.0
845,role_labeled,no_prime_eos,no_prime_eos,,a worker discovers a writer .,a writer is discovered by a worker .,a,worker,a,writer,discover,discovers,discovered,"[""AGENT=worker"", ""PATIENT=writer"", ""VERB=discover""]","Event roles: AGENT=worker; PATIENT=writer; VERB=discover
Sentence: the",Sentence: the,first_noun,-3.830575942993164,-5.661669731140137,-1.8310937881469727,active,0.0
845,role_labeled,filler,filler,The witness paused near the doorway .,a worker discovers a writer .,a writer is discovered by a worker .,a,worker,a,writer,discover,discovers,discovered,"[""AGENT=worker"", ""PATIENT=writer"", ""VERB=discover""]","Prime sentence: The witness paused near the doorway .
Event roles: AGENT=worker; PATIENT=writer; VERB=discover
Sentence: the",Sentence: the,first_noun,-3.5515263080596924,-5.694613456726074,-2.143087148666382,active,0.0
846,role_labeled,active,active,a buddy drags a candidate .,a parent drags a partner .,a partner is dragged by a parent .,a,parent,a,partner,drag,drags,dragged,"[""PATIENT=partner"", ""VERB=drag"", ""AGENT=parent""]","Prime sentence: a buddy drags a candidate .
Event roles: PATIENT=partner; VERB=drag; AGENT=parent
Sentence: the",Sentence: the,first_noun,-5.5588884353637695,-5.13489294052124,0.4239954948425293,passive,1.0
846,role_labeled,passive,passive,a candidate is dragged by a buddy .,a parent drags a partner .,a partner is dragged by a parent .,a,parent,a,partner,drag,drags,dragged,"[""PATIENT=partner"", ""VERB=drag"", ""AGENT=parent""]","Prime sentence: a candidate is dragged by a buddy .
Event roles: PATIENT=partner; VERB=drag; AGENT=parent
Sentence: the",Sentence: the,first_noun,-4.9771342277526855,-4.959360122680664,0.017774105072021484,passive,1.0
846,role_labeled,no_prime_eos,no_prime_eos,,a parent drags a partner .,a partner is dragged by a parent .,a,parent,a,partner,drag,drags,dragged,"[""PATIENT=partner"", ""VERB=drag"", ""AGENT=parent""]","Event roles: PATIENT=partner; VERB=drag; AGENT=parent
Sentence: the",Sentence: the,first_noun,-4.660789489746094,-5.971696376800537,-1.3109068870544434,active,0.0
846,role_labeled,filler,filler,The window rattled during the storm .,a parent drags a partner .,a partner is dragged by a parent .,a,parent,a,partner,drag,drags,dragged,"[""PATIENT=partner"", ""VERB=drag"", ""AGENT=parent""]","Prime sentence: The window rattled during the storm .
Event roles: PATIENT=partner; VERB=drag; AGENT=parent
Sentence: the",Sentence: the,first_noun,-7.922172546386719,-8.540793418884277,-0.6186208724975586,active,0.0
847,role_labeled,active,active,a pilot bothers a president .,a captain bothers a champion .,a champion is bothered by a captain .,a,captain,a,champion,bother,bothers,bothered,"[""VERB=bother"", ""AGENT=captain"", ""PATIENT=champion""]","Prime sentence: a pilot bothers a president .
Event roles: VERB=bother; AGENT=captain; PATIENT=champion
Sentence: the",Sentence: the,first_noun,-4.094198703765869,-7.96152925491333,-3.867330551147461,active,0.0
847,role_labeled,passive,passive,a president is bothered by a pilot .,a captain bothers a champion .,a champion is bothered by a captain .,a,captain,a,champion,bother,bothers,bothered,"[""VERB=bother"", ""AGENT=captain"", ""PATIENT=champion""]","Prime sentence: a president is bothered by a pilot .
Event roles: VERB=bother; AGENT=captain; PATIENT=champion
Sentence: the",Sentence: the,first_noun,-4.11228084564209,-8.252532958984375,-4.140252113342285,active,0.0
847,role_labeled,no_prime_eos,no_prime_eos,,a captain bothers a champion .,a champion is bothered by a captain .,a,captain,a,champion,bother,bothers,bothered,"[""VERB=bother"", ""AGENT=captain"", ""PATIENT=champion""]","Event roles: VERB=bother; AGENT=captain; PATIENT=champion
Sentence: the",Sentence: the,first_noun,-3.421079635620117,-5.379583835601807,-1.9585041999816895,active,0.0
847,role_labeled,filler,filler,The tourist wandered through the plaza .,a captain bothers a champion .,a champion is bothered by a captain .,a,captain,a,champion,bother,bothers,bothered,"[""VERB=bother"", ""AGENT=captain"", ""PATIENT=champion""]","Prime sentence: The tourist wandered through the plaza .
Event roles: VERB=bother; AGENT=captain; PATIENT=champion
Sentence: the",Sentence: the,first_noun,-5.025191783905029,-7.2276930809021,-2.2025012969970703,active,0.0
848,role_labeled,active,active,a boy embraces a brother .,a nurse embraces an opponent .,an opponent is embraced by a nurse .,a,nurse,an,opponent,embrac,embraces,embraced,"[""AGENT=nurse"", ""VERB=embrac"", ""PATIENT=opponent""]","Prime sentence: a boy embraces a brother .
Event roles: AGENT=nurse; VERB=embrac; PATIENT=opponent
Sentence: the",Sentence: the,first_noun,-3.960860013961792,-8.004350662231445,-4.043490648269653,active,0.0
848,role_labeled,passive,passive,a brother is embraced by a boy .,a nurse embraces an opponent .,an opponent is embraced by a nurse .,a,nurse,an,opponent,embrac,embraces,embraced,"[""AGENT=nurse"", ""VERB=embrac"", ""PATIENT=opponent""]","Prime sentence: a brother is embraced by a boy .
Event roles: AGENT=nurse; VERB=embrac; PATIENT=opponent
Sentence: the",Sentence: the,first_noun,-3.9688005447387695,-7.743824481964111,-3.775023937225342,active,0.0
848,role_labeled,no_prime_eos,no_prime_eos,,a nurse embraces an opponent .,an opponent is embraced by a nurse .,a,nurse,an,opponent,embrac,embraces,embraced,"[""AGENT=nurse"", ""VERB=embrac"", ""PATIENT=opponent""]","Event roles: AGENT=nurse; VERB=embrac; PATIENT=opponent
Sentence: the",Sentence: the,first_noun,-3.4359865188598633,-5.196906566619873,-1.7609200477600098,active,0.0
848,role_labeled,filler,filler,The blanket dried on the line .,a nurse embraces an opponent .,an opponent is embraced by a nurse .,a,nurse,an,opponent,embrac,embraces,embraced,"[""AGENT=nurse"", ""VERB=embrac"", ""PATIENT=opponent""]","Prime sentence: The blanket dried on the line .
Event roles: AGENT=nurse; VERB=embrac; PATIENT=opponent
Sentence: the",Sentence: the,first_noun,-4.190985202789307,-7.318722248077393,-3.127737045288086,active,0.0
849,role_labeled,active,active,an employee destroys an employer .,a secretary destroys a sheriff .,a sheriff is destroyed by a secretary .,a,secretary,a,sheriff,destroy,destroys,destroyed,"[""AGENT=secretary"", ""VERB=destroy"", ""PATIENT=sheriff""]","Prime sentence: an employee destroys an employer .
Event roles: AGENT=secretary; VERB=destroy; PATIENT=sheriff
Sentence: the",Sentence: the,first_noun,-4.427803039550781,-3.800341844558716,0.6274611949920654,passive,1.0
849,role_labeled,passive,passive,an employer is destroyed by an employee .,a secretary destroys a sheriff .,a sheriff is destroyed by a secretary .,a,secretary,a,sheriff,destroy,destroys,destroyed,"[""AGENT=secretary"", ""VERB=destroy"", ""PATIENT=sheriff""]","Prime sentence: an employer is destroyed by an employee .
Event roles: AGENT=secretary; VERB=destroy; PATIENT=sheriff
Sentence: the",Sentence: the,first_noun,-5.291490077972412,-4.379646301269531,0.9118437767028809,passive,1.0
849,role_labeled,no_prime_eos,no_prime_eos,,a secretary destroys a sheriff .,a sheriff is destroyed by a secretary .,a,secretary,a,sheriff,destroy,destroys,destroyed,"[""AGENT=secretary"", ""VERB=destroy"", ""PATIENT=sheriff""]","Event roles: AGENT=secretary; VERB=destroy; PATIENT=sheriff
Sentence: the",Sentence: the,first_noun,-4.282678604125977,-5.368348121643066,-1.0856695175170898,active,0.0
849,role_labeled,filler,filler,The radio crackled in the attic .,a secretary destroys a sheriff .,a sheriff is destroyed by a secretary .,a,secretary,a,sheriff,destroy,destroys,destroyed,"[""AGENT=secretary"", ""VERB=destroy"", ""PATIENT=sheriff""]","Prime sentence: The radio crackled in the attic .
Event roles: AGENT=secretary; VERB=destroy; PATIENT=sheriff
Sentence: the",Sentence: the,first_noun,-6.761344909667969,-4.501238822937012,2.260106086730957,passive,1.0
850,role_labeled,active,active,a nurse destroys an opponent .,a bishop destroys a boy .,a boy is destroyed by a bishop .,a,bishop,a,boy,destroy,destroys,destroyed,"[""AGENT=bishop"", ""VERB=destroy"", ""PATIENT=boy""]","Prime sentence: a nurse destroys an opponent .
Event roles: AGENT=bishop; VERB=destroy; PATIENT=boy
Sentence: the",Sentence: the,first_noun,-2.8583478927612305,-3.691286325454712,-0.8329384326934814,active,0.0
850,role_labeled,passive,passive,an opponent is destroyed by a nurse .,a bishop destroys a boy .,a boy is destroyed by a bishop .,a,bishop,a,boy,destroy,destroys,destroyed,"[""AGENT=bishop"", ""VERB=destroy"", ""PATIENT=boy""]","Prime sentence: an opponent is destroyed by a nurse .
Event roles: AGENT=bishop; VERB=destroy; PATIENT=boy
Sentence: the",Sentence: the,first_noun,-2.9844610691070557,-3.3255045413970947,-0.34104347229003906,active,0.0
850,role_labeled,no_prime_eos,no_prime_eos,,a bishop destroys a boy .,a boy is destroyed by a bishop .,a,bishop,a,boy,destroy,destroys,destroyed,"[""AGENT=bishop"", ""VERB=destroy"", ""PATIENT=boy""]","Event roles: AGENT=bishop; VERB=destroy; PATIENT=boy
Sentence: the",Sentence: the,first_noun,-3.3046600818634033,-3.5958244800567627,-0.2911643981933594,active,0.0
850,role_labeled,filler,filler,The package arrived before noon .,a bishop destroys a boy .,a boy is destroyed by a bishop .,a,bishop,a,boy,destroy,destroys,destroyed,"[""AGENT=bishop"", ""VERB=destroy"", ""PATIENT=boy""]","Prime sentence: The package arrived before noon .
Event roles: AGENT=bishop; VERB=destroy; PATIENT=boy
Sentence: the",Sentence: the,first_noun,-4.467128753662109,-3.504265069961548,0.9628636837005615,passive,1.0
851,role_labeled,active,active,a bishop catches a boy .,a mother catches a nurse .,a nurse is caught by a mother .,a,mother,a,nurse,catch,catches,caught,"[""AGENT=mother"", ""VERB=catch"", ""PATIENT=nurse""]","Prime sentence: a bishop catches a boy .
Event roles: AGENT=mother; VERB=catch; PATIENT=nurse
Sentence: the",Sentence: the,first_noun,-3.0884199142456055,-4.719915390014648,-1.631495475769043,active,0.0
851,role_labeled,passive,passive,a boy is caught by a bishop .,a mother catches a nurse .,a nurse is caught by a mother .,a,mother,a,nurse,catch,catches,caught,"[""AGENT=mother"", ""VERB=catch"", ""PATIENT=nurse""]","Prime sentence: a boy is caught by a bishop .
Event roles: AGENT=mother; VERB=catch; PATIENT=nurse
Sentence: the",Sentence: the,first_noun,-3.428353786468506,-4.68878698348999,-1.2604331970214844,active,0.0
851,role_labeled,no_prime_eos,no_prime_eos,,a mother catches a nurse .,a nurse is caught by a mother .,a,mother,a,nurse,catch,catches,caught,"[""AGENT=mother"", ""VERB=catch"", ""PATIENT=nurse""]","Event roles: AGENT=mother; VERB=catch; PATIENT=nurse
Sentence: the",Sentence: the,first_noun,-2.7637064456939697,-3.513662099838257,-0.7499556541442871,active,0.0
851,role_labeled,filler,filler,The market opened after sunrise .,a mother catches a nurse .,a nurse is caught by a mother .,a,mother,a,nurse,catch,catches,caught,"[""AGENT=mother"", ""VERB=catch"", ""PATIENT=nurse""]","Prime sentence: The market opened after sunrise .
Event roles: AGENT=mother; VERB=catch; PATIENT=nurse
Sentence: the",Sentence: the,first_noun,-4.765697479248047,-5.499636650085449,-0.7339391708374023,active,0.0
852,role_labeled,active,active,an opponent joins a parent .,a boy joins a brother .,a brother is joined by a boy .,a,boy,a,brother,join,joins,joined,"[""PATIENT=brother"", ""VERB=join"", ""AGENT=boy""]","Prime sentence: an opponent joins a parent .
Event roles: PATIENT=brother; VERB=join; AGENT=boy
Sentence: the",Sentence: the,first_noun,-3.2336137294769287,-4.230436325073242,-0.9968225955963135,active,0.0
852,role_labeled,passive,passive,a parent is joined by an opponent .,a boy joins a brother .,a brother is joined by a boy .,a,boy,a,brother,join,joins,joined,"[""PATIENT=brother"", ""VERB=join"", ""AGENT=boy""]","Prime sentence: a parent is joined by an opponent .
Event roles: PATIENT=brother; VERB=join; AGENT=boy
Sentence: the",Sentence: the,first_noun,-3.2533342838287354,-4.9271955490112305,-1.6738612651824951,active,0.0
852,role_labeled,no_prime_eos,no_prime_eos,,a boy joins a brother .,a brother is joined by a boy .,a,boy,a,brother,join,joins,joined,"[""PATIENT=brother"", ""VERB=join"", ""AGENT=boy""]","Event roles: PATIENT=brother; VERB=join; AGENT=boy
Sentence: the",Sentence: the,first_noun,-3.701225757598877,-4.910252571105957,-1.20902681350708,active,0.0
852,role_labeled,filler,filler,The engine cooled before dawn .,a boy joins a brother .,a brother is joined by a boy .,a,boy,a,brother,join,joins,joined,"[""PATIENT=brother"", ""VERB=join"", ""AGENT=boy""]","Prime sentence: The engine cooled before dawn .
Event roles: PATIENT=brother; VERB=join; AGENT=boy
Sentence: the",Sentence: the,first_noun,-4.463205814361572,-6.916755676269531,-2.453549861907959,active,0.0
853,role_labeled,active,active,a parent raises a partner .,a brother raises a buddy .,a buddy is raised by a brother .,a,brother,a,buddy,rais,raises,raised,"[""PATIENT=buddy"", ""AGENT=brother"", ""VERB=rais""]","Prime sentence: a parent raises a partner .
Event roles: PATIENT=buddy; AGENT=brother; VERB=rais
Sentence: the",Sentence: the,first_noun,-4.876154899597168,-7.520418167114258,-2.64426326751709,active,0.0
853,role_labeled,passive,passive,a partner is raised by a parent .,a brother raises a buddy .,a buddy is raised by a brother .,a,brother,a,buddy,rais,raises,raised,"[""PATIENT=buddy"", ""AGENT=brother"", ""VERB=rais""]","Prime sentence: a partner is raised by a parent .
Event roles: PATIENT=buddy; AGENT=brother; VERB=rais
Sentence: the",Sentence: the,first_noun,-5.132066249847412,-7.510993957519531,-2.378927707672119,active,0.0
853,role_labeled,no_prime_eos,no_prime_eos,,a brother raises a buddy .,a buddy is raised by a brother .,a,brother,a,buddy,rais,raises,raised,"[""PATIENT=buddy"", ""AGENT=brother"", ""VERB=rais""]","Event roles: PATIENT=buddy; AGENT=brother; VERB=rais
Sentence: the",Sentence: the,first_noun,-5.327253341674805,-8.120180130004883,-2.792926788330078,active,0.0
853,role_labeled,filler,filler,The lantern glowed near sunset .,a brother raises a buddy .,a buddy is raised by a brother .,a,brother,a,buddy,rais,raises,raised,"[""PATIENT=buddy"", ""AGENT=brother"", ""VERB=rais""]","Prime sentence: The lantern glowed near sunset .
Event roles: PATIENT=buddy; AGENT=brother; VERB=rais
Sentence: the",Sentence: the,first_noun,-7.817053318023682,-10.125234603881836,-2.3081812858581543,active,0.0
854,role_labeled,active,active,a student hurries a teacher .,a girl hurries a guest .,a guest is hurried by a girl .,a,girl,a,guest,hurry,hurries,hurried,"[""AGENT=girl"", ""PATIENT=guest"", ""VERB=hurry""]","Prime sentence: a student hurries a teacher .
Event roles: AGENT=girl; PATIENT=guest; VERB=hurry
Sentence: the",Sentence: the,first_noun,-2.067232370376587,-6.259285926818848,-4.192053556442261,active,0.0
854,role_labeled,passive,passive,a teacher is hurried by a student .,a girl hurries a guest .,a guest is hurried by a girl .,a,girl,a,guest,hurry,hurries,hurried,"[""AGENT=girl"", ""PATIENT=guest"", ""VERB=hurry""]","Prime sentence: a teacher is hurried by a student .
Event roles: AGENT=girl; PATIENT=guest; VERB=hurry
Sentence: the",Sentence: the,first_noun,-2.4532830715179443,-6.255354881286621,-3.8020718097686768,active,0.0
854,role_labeled,no_prime_eos,no_prime_eos,,a girl hurries a guest .,a guest is hurried by a girl .,a,girl,a,guest,hurry,hurries,hurried,"[""AGENT=girl"", ""PATIENT=guest"", ""VERB=hurry""]","Event roles: AGENT=girl; PATIENT=guest; VERB=hurry
Sentence: the",Sentence: the,first_noun,-2.236307382583618,-4.837118148803711,-2.6008107662200928,active,0.0
854,role_labeled,filler,filler,The jacket hung behind the chair .,a girl hurries a guest .,a guest is hurried by a girl .,a,girl,a,guest,hurry,hurries,hurried,"[""AGENT=girl"", ""PATIENT=guest"", ""VERB=hurry""]","Prime sentence: The jacket hung behind the chair .
Event roles: AGENT=girl; PATIENT=guest; VERB=hurry
Sentence: the",Sentence: the,first_noun,-3.473771095275879,-6.2128586769104,-2.7390875816345215,active,0.0
855,role_labeled,active,active,a physician surprises a pilot .,a candidate surprises a captain .,a captain is surprised by a candidate .,a,candidate,a,captain,surpris,surprises,surprised,"[""VERB=surpris"", ""AGENT=candidate"", ""PATIENT=captain""]","Prime sentence: a physician surprises a pilot .
Event roles: VERB=surpris; AGENT=candidate; PATIENT=captain
Sentence: the",Sentence: the,first_noun,-5.5641889572143555,-3.710554361343384,1.8536345958709717,passive,1.0
855,role_labeled,passive,passive,a pilot is surprised by a physician .,a candidate surprises a captain .,a captain is surprised by a candidate .,a,candidate,a,captain,surpris,surprises,surprised,"[""VERB=surpris"", ""AGENT=candidate"", ""PATIENT=captain""]","Prime sentence: a pilot is surprised by a physician .
Event roles: VERB=surpris; AGENT=candidate; PATIENT=captain
Sentence: the",Sentence: the,first_noun,-5.472367286682129,-3.615952730178833,1.856414556503296,passive,1.0
855,role_labeled,no_prime_eos,no_prime_eos,,a candidate surprises a captain .,a captain is surprised by a candidate .,a,candidate,a,captain,surpris,surprises,surprised,"[""VERB=surpris"", ""AGENT=candidate"", ""PATIENT=captain""]","Event roles: VERB=surpris; AGENT=candidate; PATIENT=captain
Sentence: the",Sentence: the,first_noun,-4.6845598220825195,-4.334650993347168,0.34990882873535156,passive,1.0
855,role_labeled,filler,filler,The baker laughed during breakfast .,a candidate surprises a captain .,a captain is surprised by a candidate .,a,candidate,a,captain,surpris,surprises,surprised,"[""VERB=surpris"", ""AGENT=candidate"", ""PATIENT=captain""]","Prime sentence: The baker laughed during breakfast .
Event roles: VERB=surpris; AGENT=candidate; PATIENT=captain
Sentence: the",Sentence: the,first_noun,-4.685051918029785,-3.912553548812866,0.772498369216919,passive,1.0
856,role_labeled,active,active,a sheriff carries a singer .,an employee carries an employer .,an employer is carried by an employee .,an,employee,an,employer,carry,carries,carried,"[""PATIENT=employer"", ""VERB=carry"", ""AGENT=employee""]","Prime sentence: a sheriff carries a singer .
Event roles: PATIENT=employer; VERB=carry; AGENT=employee
Sentence: the",Sentence: the,first_noun,-5.020627021789551,-4.728957653045654,0.2916693687438965,passive,1.0
856,role_labeled,passive,passive,a singer is carried by a sheriff .,an employee carries an employer .,an employer is carried by an employee .,an,employee,an,employer,carry,carries,carried,"[""PATIENT=employer"", ""VERB=carry"", ""AGENT=employee""]","Prime sentence: a singer is carried by a sheriff .
Event roles: PATIENT=employer; VERB=carry; AGENT=employee
Sentence: the",Sentence: the,first_noun,-5.033311367034912,-4.983597755432129,0.0497136116027832,passive,1.0
856,role_labeled,no_prime_eos,no_prime_eos,,an employee carries an employer .,an employer is carried by an employee .,an,employee,an,employer,carry,carries,carried,"[""PATIENT=employer"", ""VERB=carry"", ""AGENT=employee""]","Event roles: PATIENT=employer; VERB=carry; AGENT=employee
Sentence: the",Sentence: the,first_noun,-3.7305939197540283,-4.425057411193848,-0.6944634914398193,active,0.0
856,role_labeled,filler,filler,The market opened after sunrise .,an employee carries an employer .,an employer is carried by an employee .,an,employee,an,employer,carry,carries,carried,"[""PATIENT=employer"", ""VERB=carry"", ""AGENT=employee""]","Prime sentence: The market opened after sunrise .
Event roles: PATIENT=employer; VERB=carry; AGENT=employee
Sentence: the",Sentence: the,first_noun,-6.474967002868652,-6.772107124328613,-0.29714012145996094,active,0.0
857,role_labeled,active,active,a brother chases a buddy .,an opponent chases a parent .,a parent is chased by an opponent .,an,opponent,a,parent,chas,chases,chased,"[""PATIENT=parent"", ""AGENT=opponent"", ""VERB=chas""]","Prime sentence: a brother chases a buddy .
Event roles: PATIENT=parent; AGENT=opponent; VERB=chas
Sentence: the",Sentence: the,first_noun,-7.5737152099609375,-6.00358247756958,1.5701327323913574,passive,1.0
857,role_labeled,passive,passive,a buddy is chased by a brother .,an opponent chases a parent .,a parent is chased by an opponent .,an,opponent,a,parent,chas,chases,chased,"[""PATIENT=parent"", ""AGENT=opponent"", ""VERB=chas""]","Prime sentence: a buddy is chased by a brother .
Event roles: PATIENT=parent; AGENT=opponent; VERB=chas
Sentence: the",Sentence: the,first_noun,-6.94138765335083,-5.737061977386475,1.2043256759643555,passive,1.0
857,role_labeled,no_prime_eos,no_prime_eos,,an opponent chases a parent .,a parent is chased by an opponent .,an,opponent,a,parent,chas,chases,chased,"[""PATIENT=parent"", ""AGENT=opponent"", ""VERB=chas""]","Event roles: PATIENT=parent; AGENT=opponent; VERB=chas
Sentence: the",Sentence: the,first_noun,-5.461348533630371,-5.914276123046875,-0.4529275894165039,active,0.0
857,role_labeled,filler,filler,The planet shimmered above the valley .,an opponent chases a parent .,a parent is chased by an opponent .,an,opponent,a,parent,chas,chases,chased,"[""PATIENT=parent"", ""AGENT=opponent"", ""VERB=chas""]","Prime sentence: The planet shimmered above the valley .
Event roles: PATIENT=parent; AGENT=opponent; VERB=chas
Sentence: the",Sentence: the,first_noun,-8.417837142944336,-7.1036224365234375,1.3142147064208984,passive,1.0
858,role_labeled,active,active,a priest hurts a prince .,a chief hurts a child .,a child is hurt by a chief .,a,chief,a,child,hurt,hurts,hurt,"[""AGENT=chief"", ""VERB=hurt"", ""PATIENT=child""]","Prime sentence: a priest hurts a prince .
Event roles: AGENT=chief; VERB=hurt; PATIENT=child
Sentence: the",Sentence: the,first_noun,-4.010778427124023,-4.36058235168457,-0.3498039245605469,active,0.0
858,role_labeled,passive,passive,a prince is hurt by a priest .,a chief hurts a child .,a child is hurt by a chief .,a,chief,a,child,hurt,hurts,hurt,"[""AGENT=chief"", ""VERB=hurt"", ""PATIENT=child""]","Prime sentence: a prince is hurt by a priest .
Event roles: AGENT=chief; VERB=hurt; PATIENT=child
Sentence: the",Sentence: the,first_noun,-4.13089656829834,-4.1347503662109375,-0.0038537979125976562,active,0.0
858,role_labeled,no_prime_eos,no_prime_eos,,a chief hurts a child .,a child is hurt by a chief .,a,chief,a,child,hurt,hurts,hurt,"[""AGENT=chief"", ""VERB=hurt"", ""PATIENT=child""]","Event roles: AGENT=chief; VERB=hurt; PATIENT=child
Sentence: the",Sentence: the,first_noun,-3.5392067432403564,-3.428571939468384,0.11063480377197266,passive,1.0
858,role_labeled,filler,filler,The signal flickered across the screen .,a chief hurts a child .,a child is hurt by a chief .,a,chief,a,child,hurt,hurts,hurt,"[""AGENT=chief"", ""VERB=hurt"", ""PATIENT=child""]","Prime sentence: The signal flickered across the screen .
Event roles: AGENT=chief; VERB=hurt; PATIENT=child
Sentence: the",Sentence: the,first_noun,-4.621877670288086,-4.065244674682617,0.5566329956054688,passive,1.0
859,role_labeled,active,active,a parent selects a partner .,a brother selects a buddy .,a buddy is selected by a brother .,a,brother,a,buddy,select,selects,selected,"[""AGENT=brother"", ""PATIENT=buddy"", ""VERB=select""]","Prime sentence: a parent selects a partner .
Event roles: AGENT=brother; PATIENT=buddy; VERB=select
Sentence: the",Sentence: the,first_noun,-3.507117509841919,-7.609502792358398,-4.1023852825164795,active,0.0
859,role_labeled,passive,passive,a partner is selected by a parent .,a brother selects a buddy .,a buddy is selected by a brother .,a,brother,a,buddy,select,selects,selected,"[""AGENT=brother"", ""PATIENT=buddy"", ""VERB=select""]","Prime sentence: a partner is selected by a parent .
Event roles: AGENT=brother; PATIENT=buddy; VERB=select
Sentence: the",Sentence: the,first_noun,-4.222763538360596,-7.310796737670898,-3.0880331993103027,active,0.0
859,role_labeled,no_prime_eos,no_prime_eos,,a brother selects a buddy .,a buddy is selected by a brother .,a,brother,a,buddy,select,selects,selected,"[""AGENT=brother"", ""PATIENT=buddy"", ""VERB=select""]","Event roles: AGENT=brother; PATIENT=buddy; VERB=select
Sentence: the",Sentence: the,first_noun,-4.850222110748291,-8.337756156921387,-3.4875340461730957,active,0.0
859,role_labeled,filler,filler,The signal flickered across the screen .,a brother selects a buddy .,a buddy is selected by a brother .,a,brother,a,buddy,select,selects,selected,"[""AGENT=brother"", ""PATIENT=buddy"", ""VERB=select""]","Prime sentence: The signal flickered across the screen .
Event roles: AGENT=brother; PATIENT=buddy; VERB=select
Sentence: the",Sentence: the,first_noun,-6.277539253234863,-9.467033386230469,-3.1894941329956055,active,0.0
860,role_labeled,active,active,a minister forgives a mother .,an aunt forgives an author .,an author is forgiven by an aunt .,an,aunt,an,author,forgiv,forgives,forgiven,"[""VERB=forgiv"", ""PATIENT=author"", ""AGENT=aunt""]","Prime sentence: a minister forgives a mother .
Event roles: VERB=forgiv; PATIENT=author; AGENT=aunt
Sentence: the",Sentence: the,first_noun,-6.455162048339844,-6.2173895835876465,0.23777246475219727,passive,1.0
860,role_labeled,passive,passive,a mother is forgiven by a minister .,an aunt forgives an author .,an author is forgiven by an aunt .,an,aunt,an,author,forgiv,forgives,forgiven,"[""VERB=forgiv"", ""PATIENT=author"", ""AGENT=aunt""]","Prime sentence: a mother is forgiven by a minister .
Event roles: VERB=forgiv; PATIENT=author; AGENT=aunt
Sentence: the",Sentence: the,first_noun,-7.301690101623535,-6.449265003204346,0.8524250984191895,passive,1.0
860,role_labeled,no_prime_eos,no_prime_eos,,an aunt forgives an author .,an author is forgiven by an aunt .,an,aunt,an,author,forgiv,forgives,forgiven,"[""VERB=forgiv"", ""PATIENT=author"", ""AGENT=aunt""]","Event roles: VERB=forgiv; PATIENT=author; AGENT=aunt
Sentence: the",Sentence: the,first_noun,-9.325215339660645,-4.8948564529418945,4.43035888671875,passive,1.0
860,role_labeled,filler,filler,The painter waited near the doorway .,an aunt forgives an author .,an author is forgiven by an aunt .,an,aunt,an,author,forgiv,forgives,forgiven,"[""VERB=forgiv"", ""PATIENT=author"", ""AGENT=aunt""]","Prime sentence: The painter waited near the doorway .
Event roles: VERB=forgiv; PATIENT=author; AGENT=aunt
Sentence: the",Sentence: the,first_noun,-6.722986221313477,-6.289071083068848,0.4339151382446289,passive,1.0
861,role_labeled,active,active,a boy beats a brother .,a nurse beats an opponent .,an opponent is beaten by a nurse .,a,nurse,an,opponent,beat,beats,beaten,"[""AGENT=nurse"", ""PATIENT=opponent"", ""VERB=beat""]","Prime sentence: a boy beats a brother .
Event roles: AGENT=nurse; PATIENT=opponent; VERB=beat
Sentence: the",Sentence: the,first_noun,-3.271913766860962,-7.47174072265625,-4.199826955795288,active,0.0
861,role_labeled,passive,passive,a brother is beaten by a boy .,a nurse beats an opponent .,an opponent is beaten by a nurse .,a,nurse,an,opponent,beat,beats,beaten,"[""AGENT=nurse"", ""PATIENT=opponent"", ""VERB=beat""]","Prime sentence: a brother is beaten by a boy .
Event roles: AGENT=nurse; PATIENT=opponent; VERB=beat
Sentence: the",Sentence: the,first_noun,-3.0701818466186523,-6.950213432312012,-3.8800315856933594,active,0.0
861,role_labeled,no_prime_eos,no_prime_eos,,a nurse beats an opponent .,an opponent is beaten by a nurse .,a,nurse,an,opponent,beat,beats,beaten,"[""AGENT=nurse"", ""PATIENT=opponent"", ""VERB=beat""]","Event roles: AGENT=nurse; PATIENT=opponent; VERB=beat
Sentence: the",Sentence: the,first_noun,-3.7654669284820557,-4.507728576660156,-0.7422616481781006,active,0.0
861,role_labeled,filler,filler,The package arrived before noon .,a nurse beats an opponent .,an opponent is beaten by a nurse .,a,nurse,an,opponent,beat,beats,beaten,"[""AGENT=nurse"", ""PATIENT=opponent"", ""VERB=beat""]","Prime sentence: The package arrived before noon .
Event roles: AGENT=nurse; PATIENT=opponent; VERB=beat
Sentence: the",Sentence: the,first_noun,-4.259638786315918,-5.237154006958008,-0.9775152206420898,active,0.0
862,role_labeled,active,active,an actress understands an adult .,a leader understands a man .,a man is understood by a leader .,a,leader,a,man,understand,understands,understood,"[""AGENT=leader"", ""PATIENT=man"", ""VERB=understand""]","Prime sentence: an actress understands an adult .
Event roles: AGENT=leader; PATIENT=man; VERB=understand
Sentence: the",Sentence: the,first_noun,-6.099345684051514,-4.611048698425293,1.4882969856262207,passive,1.0
862,role_labeled,passive,passive,an adult is understood by an actress .,a leader understands a man .,a man is understood by a leader .,a,leader,a,man,understand,understands,understood,"[""AGENT=leader"", ""PATIENT=man"", ""VERB=understand""]","Prime sentence: an adult is understood by an actress .
Event roles: AGENT=leader; PATIENT=man; VERB=understand
Sentence: the",Sentence: the,first_noun,-6.24985408782959,-4.397844314575195,1.8520097732543945,passive,1.0
862,role_labeled,no_prime_eos,no_prime_eos,,a leader understands a man .,a man is understood by a leader .,a,leader,a,man,understand,understands,understood,"[""AGENT=leader"", ""PATIENT=man"", ""VERB=understand""]","Event roles: AGENT=leader; PATIENT=man; VERB=understand
Sentence: the",Sentence: the,first_noun,-3.843754291534424,-4.575683116912842,-0.731928825378418,active,0.0
862,role_labeled,filler,filler,The window rattled during the storm .,a leader understands a man .,a man is understood by a leader .,a,leader,a,man,understand,understands,understood,"[""AGENT=leader"", ""PATIENT=man"", ""VERB=understand""]","Prime sentence: The window rattled during the storm .
Event roles: AGENT=leader; PATIENT=man; VERB=understand
Sentence: the",Sentence: the,first_noun,-7.6928911209106445,-5.002476692199707,2.6904144287109375,passive,1.0
863,role_labeled,active,active,a physician beats a pilot .,a candidate beats a captain .,a captain is beaten by a candidate .,a,candidate,a,captain,beat,beats,beaten,"[""VERB=beat"", ""AGENT=candidate"", ""PATIENT=captain""]","Prime sentence: a physician beats a pilot .
Event roles: VERB=beat; AGENT=candidate; PATIENT=captain
Sentence: the",Sentence: the,first_noun,-5.97463321685791,-3.352666139602661,2.621967077255249,passive,1.0
863,role_labeled,passive,passive,a pilot is beaten by a physician .,a candidate beats a captain .,a captain is beaten by a candidate .,a,candidate,a,captain,beat,beats,beaten,"[""VERB=beat"", ""AGENT=candidate"", ""PATIENT=captain""]","Prime sentence: a pilot is beaten by a physician .
Event roles: VERB=beat; AGENT=candidate; PATIENT=captain
Sentence: the",Sentence: the,first_noun,-5.505279064178467,-3.4145584106445312,2.0907206535339355,passive,1.0
863,role_labeled,no_prime_eos,no_prime_eos,,a candidate beats a captain .,a captain is beaten by a candidate .,a,candidate,a,captain,beat,beats,beaten,"[""VERB=beat"", ""AGENT=candidate"", ""PATIENT=captain""]","Event roles: VERB=beat; AGENT=candidate; PATIENT=captain
Sentence: the",Sentence: the,first_noun,-4.48661994934082,-3.4924869537353516,0.9941329956054688,passive,1.0
863,role_labeled,filler,filler,The singer smiled after rehearsal .,a candidate beats a captain .,a captain is beaten by a candidate .,a,candidate,a,captain,beat,beats,beaten,"[""VERB=beat"", ""AGENT=candidate"", ""PATIENT=captain""]","Prime sentence: The singer smiled after rehearsal .
Event roles: VERB=beat; AGENT=candidate; PATIENT=captain
Sentence: the",Sentence: the,first_noun,-4.859280586242676,-4.11838436126709,0.7408962249755859,passive,1.0
864,role_labeled,active,active,a girl describes a guest .,a son describes a student .,a student is described by a son .,a,son,a,student,describ,describes,described,"[""AGENT=son"", ""PATIENT=student"", ""VERB=describ""]","Prime sentence: a girl describes a guest .
Event roles: AGENT=son; PATIENT=student; VERB=describ
Sentence: the",Sentence: the,first_noun,-5.058802604675293,-3.8888707160949707,1.1699318885803223,passive,1.0
864,role_labeled,passive,passive,a guest is described by a girl .,a son describes a student .,a student is described by a son .,a,son,a,student,describ,describes,described,"[""AGENT=son"", ""PATIENT=student"", ""VERB=describ""]","Prime sentence: a guest is described by a girl .
Event roles: AGENT=son; PATIENT=student; VERB=describ
Sentence: the",Sentence: the,first_noun,-4.978226661682129,-3.824493169784546,1.153733491897583,passive,1.0
864,role_labeled,no_prime_eos,no_prime_eos,,a son describes a student .,a student is described by a son .,a,son,a,student,describ,describes,described,"[""AGENT=son"", ""PATIENT=student"", ""VERB=describ""]","Event roles: AGENT=son; PATIENT=student; VERB=describ
Sentence: the",Sentence: the,first_noun,-4.827301025390625,-3.1535353660583496,1.6737656593322754,passive,1.0
864,role_labeled,filler,filler,The captain waited beside the harbor .,a son describes a student .,a student is described by a son .,a,son,a,student,describ,describes,described,"[""AGENT=son"", ""PATIENT=student"", ""VERB=describ""]","Prime sentence: The captain waited beside the harbor .
Event roles: AGENT=son; PATIENT=student; VERB=describ
Sentence: the",Sentence: the,first_noun,-5.792372226715088,-5.299309730529785,0.49306249618530273,passive,1.0
865,role_labeled,active,active,a father kisses a friend .,a singer kisses a soldier .,a soldier is kissed by a singer .,a,singer,a,soldier,kiss,kisses,kissed,"[""AGENT=singer"", ""PATIENT=soldier"", ""VERB=kiss""]","Prime sentence: a father kisses a friend .
Event roles: AGENT=singer; PATIENT=soldier; VERB=kiss
Sentence: the",Sentence: the,first_noun,-6.126236915588379,-3.7036373615264893,2.4225995540618896,passive,1.0
865,role_labeled,passive,passive,a friend is kissed by a father .,a singer kisses a soldier .,a soldier is kissed by a singer .,a,singer,a,soldier,kiss,kisses,kissed,"[""AGENT=singer"", ""PATIENT=soldier"", ""VERB=kiss""]","Prime sentence: a friend is kissed by a father .
Event roles: AGENT=singer; PATIENT=soldier; VERB=kiss
Sentence: the",Sentence: the,first_noun,-5.759627342224121,-3.525906801223755,2.233720541000366,passive,1.0
865,role_labeled,no_prime_eos,no_prime_eos,,a singer kisses a soldier .,a soldier is kissed by a singer .,a,singer,a,soldier,kiss,kisses,kissed,"[""AGENT=singer"", ""PATIENT=soldier"", ""VERB=kiss""]","Event roles: AGENT=singer; PATIENT=soldier; VERB=kiss
Sentence: the",Sentence: the,first_noun,-4.398344039916992,-4.431650638580322,-0.03330659866333008,active,0.0
865,role_labeled,filler,filler,The kettle whistled in the kitchen .,a singer kisses a soldier .,a soldier is kissed by a singer .,a,singer,a,soldier,kiss,kisses,kissed,"[""AGENT=singer"", ""PATIENT=soldier"", ""VERB=kiss""]","Prime sentence: The kettle whistled in the kitchen .
Event roles: AGENT=singer; PATIENT=soldier; VERB=kiss
Sentence: the",Sentence: the,first_noun,-7.5856428146362305,-4.830666542053223,2.754976272583008,passive,1.0
866,role_labeled,active,active,a minister follows a mother .,an aunt follows an author .,an author is followed by an aunt .,an,aunt,an,author,follow,follows,followed,"[""VERB=follow"", ""PATIENT=author"", ""AGENT=aunt""]","Prime sentence: a minister follows a mother .
Event roles: VERB=follow; PATIENT=author; AGENT=aunt
Sentence: the",Sentence: the,first_noun,-6.625247955322266,-6.361383438110352,0.26386451721191406,passive,1.0
866,role_labeled,passive,passive,a mother is followed by a minister .,an aunt follows an author .,an author is followed by an aunt .,an,aunt,an,author,follow,follows,followed,"[""VERB=follow"", ""PATIENT=author"", ""AGENT=aunt""]","Prime sentence: a mother is followed by a minister .
Event roles: VERB=follow; PATIENT=author; AGENT=aunt
Sentence: the",Sentence: the,first_noun,-7.028905868530273,-6.565035820007324,0.4638700485229492,passive,1.0
866,role_labeled,no_prime_eos,no_prime_eos,,an aunt follows an author .,an author is followed by an aunt .,an,aunt,an,author,follow,follows,followed,"[""VERB=follow"", ""PATIENT=author"", ""AGENT=aunt""]","Event roles: VERB=follow; PATIENT=author; AGENT=aunt
Sentence: the",Sentence: the,first_noun,-8.214561462402344,-4.835963249206543,3.378598213195801,passive,1.0
866,role_labeled,filler,filler,The lantern glowed near sunset .,an aunt follows an author .,an author is followed by an aunt .,an,aunt,an,author,follow,follows,followed,"[""VERB=follow"", ""PATIENT=author"", ""AGENT=aunt""]","Prime sentence: The lantern glowed near sunset .
Event roles: VERB=follow; PATIENT=author; AGENT=aunt
Sentence: the",Sentence: the,first_noun,-9.221781730651855,-8.27323055267334,0.9485511779785156,passive,1.0
867,role_labeled,active,active,a cousin bothers a daughter .,a professor bothers a reader .,a reader is bothered by a professor .,a,professor,a,reader,bother,bothers,bothered,"[""AGENT=professor"", ""PATIENT=reader"", ""VERB=bother""]","Prime sentence: a cousin bothers a daughter .
Event roles: AGENT=professor; PATIENT=reader; VERB=bother
Sentence: the",Sentence: the,first_noun,-3.7583703994750977,-6.630007743835449,-2.8716373443603516,active,0.0
867,role_labeled,passive,passive,a daughter is bothered by a cousin .,a professor bothers a reader .,a reader is bothered by a professor .,a,professor,a,reader,bother,bothers,bothered,"[""AGENT=professor"", ""PATIENT=reader"", ""VERB=bother""]","Prime sentence: a daughter is bothered by a cousin .
Event roles: AGENT=professor; PATIENT=reader; VERB=bother
Sentence: the",Sentence: the,first_noun,-4.068868637084961,-6.759577751159668,-2.690709114074707,active,0.0
867,role_labeled,no_prime_eos,no_prime_eos,,a professor bothers a reader .,a reader is bothered by a professor .,a,professor,a,reader,bother,bothers,bothered,"[""AGENT=professor"", ""PATIENT=reader"", ""VERB=bother""]","Event roles: AGENT=professor; PATIENT=reader; VERB=bother
Sentence: the",Sentence: the,first_noun,-3.619243621826172,-5.021401882171631,-1.402158260345459,active,0.0
867,role_labeled,filler,filler,The garden brightened after rain .,a professor bothers a reader .,a reader is bothered by a professor .,a,professor,a,reader,bother,bothers,bothered,"[""AGENT=professor"", ""PATIENT=reader"", ""VERB=bother""]","Prime sentence: The garden brightened after rain .
Event roles: AGENT=professor; PATIENT=reader; VERB=bother
Sentence: the",Sentence: the,first_noun,-5.641775608062744,-8.04638671875,-2.404611110687256,active,0.0
868,role_labeled,active,active,a worker embraces a writer .,a king embraces a lady .,a lady is embraced by a king .,a,king,a,lady,embrac,embraces,embraced,"[""VERB=embrac"", ""AGENT=king"", ""PATIENT=lady""]","Prime sentence: a worker embraces a writer .
Event roles: VERB=embrac; AGENT=king; PATIENT=lady
Sentence: the",Sentence: the,first_noun,-3.9638688564300537,-5.709571838378906,-1.7457029819488525,active,0.0
868,role_labeled,passive,passive,a writer is embraced by a worker .,a king embraces a lady .,a lady is embraced by a king .,a,king,a,lady,embrac,embraces,embraced,"[""VERB=embrac"", ""AGENT=king"", ""PATIENT=lady""]","Prime sentence: a writer is embraced by a worker .
Event roles: VERB=embrac; AGENT=king; PATIENT=lady
Sentence: the",Sentence: the,first_noun,-4.145954132080078,-5.798920631408691,-1.6529664993286133,active,0.0
868,role_labeled,no_prime_eos,no_prime_eos,,a king embraces a lady .,a lady is embraced by a king .,a,king,a,lady,embrac,embraces,embraced,"[""VERB=embrac"", ""AGENT=king"", ""PATIENT=lady""]","Event roles: VERB=embrac; AGENT=king; PATIENT=lady
Sentence: the",Sentence: the,first_noun,-4.480916976928711,-6.479774475097656,-1.9988574981689453,active,0.0
868,role_labeled,filler,filler,The package arrived before noon .,a king embraces a lady .,a lady is embraced by a king .,a,king,a,lady,embrac,embraces,embraced,"[""VERB=embrac"", ""AGENT=king"", ""PATIENT=lady""]","Prime sentence: The package arrived before noon .
Event roles: VERB=embrac; AGENT=king; PATIENT=lady
Sentence: the",Sentence: the,first_noun,-4.886077880859375,-5.368403911590576,-0.48232603073120117,active,0.0
869,role_labeled,active,active,a partner strikes a physician .,a buddy strikes a candidate .,a candidate is struck by a buddy .,a,buddy,a,candidate,strik,strikes,struck,"[""VERB=strik"", ""AGENT=buddy"", ""PATIENT=candidate""]","Prime sentence: a partner strikes a physician .
Event roles: VERB=strik; AGENT=buddy; PATIENT=candidate
Sentence: the",Sentence: the,first_noun,-8.842541694641113,-5.388057231903076,3.454484462738037,passive,1.0
869,role_labeled,passive,passive,a physician is struck by a partner .,a buddy strikes a candidate .,a candidate is struck by a buddy .,a,buddy,a,candidate,strik,strikes,struck,"[""VERB=strik"", ""AGENT=buddy"", ""PATIENT=candidate""]","Prime sentence: a physician is struck by a partner .
Event roles: VERB=strik; AGENT=buddy; PATIENT=candidate
Sentence: the",Sentence: the,first_noun,-9.764442443847656,-5.734897613525391,4.029544830322266,passive,1.0
869,role_labeled,no_prime_eos,no_prime_eos,,a buddy strikes a candidate .,a candidate is struck by a buddy .,a,buddy,a,candidate,strik,strikes,struck,"[""VERB=strik"", ""AGENT=buddy"", ""PATIENT=candidate""]","Event roles: VERB=strik; AGENT=buddy; PATIENT=candidate
Sentence: the",Sentence: the,first_noun,-8.992116928100586,-4.796777248382568,4.195339679718018,passive,1.0
869,role_labeled,filler,filler,The engine cooled before dawn .,a buddy strikes a candidate .,a candidate is struck by a buddy .,a,buddy,a,candidate,strik,strikes,struck,"[""VERB=strik"", ""AGENT=buddy"", ""PATIENT=candidate""]","Prime sentence: The engine cooled before dawn .
Event roles: VERB=strik; AGENT=buddy; PATIENT=candidate
Sentence: the",Sentence: the,first_noun,-9.809931755065918,-7.9025702476501465,1.9073615074157715,passive,1.0
870,role_labeled,active,active,a doctor selects an employee .,a scientist selects a secretary .,a secretary is selected by a scientist .,a,scientist,a,secretary,select,selects,selected,"[""AGENT=scientist"", ""PATIENT=secretary"", ""VERB=select""]","Prime sentence: a doctor selects an employee .
Event roles: AGENT=scientist; PATIENT=secretary; VERB=select
Sentence: the",Sentence: the,first_noun,-2.8830175399780273,-5.287886142730713,-2.4048686027526855,active,0.0
870,role_labeled,passive,passive,an employee is selected by a doctor .,a scientist selects a secretary .,a secretary is selected by a scientist .,a,scientist,a,secretary,select,selects,selected,"[""AGENT=scientist"", ""PATIENT=secretary"", ""VERB=select""]","Prime sentence: an employee is selected by a doctor .
Event roles: AGENT=scientist; PATIENT=secretary; VERB=select
Sentence: the",Sentence: the,first_noun,-3.531357765197754,-5.348057270050049,-1.816699504852295,active,0.0
870,role_labeled,no_prime_eos,no_prime_eos,,a scientist selects a secretary .,a secretary is selected by a scientist .,a,scientist,a,secretary,select,selects,selected,"[""AGENT=scientist"", ""PATIENT=secretary"", ""VERB=select""]","Event roles: AGENT=scientist; PATIENT=secretary; VERB=select
Sentence: the",Sentence: the,first_noun,-4.278417110443115,-6.860661506652832,-2.582244396209717,active,0.0
870,role_labeled,filler,filler,The package arrived before noon .,a scientist selects a secretary .,a secretary is selected by a scientist .,a,scientist,a,secretary,select,selects,selected,"[""AGENT=scientist"", ""PATIENT=secretary"", ""VERB=select""]","Prime sentence: The package arrived before noon .
Event roles: AGENT=scientist; PATIENT=secretary; VERB=select
Sentence: the",Sentence: the,first_noun,-5.133917808532715,-6.487004280090332,-1.3530864715576172,active,0.0
871,role_labeled,active,active,a guy joins a hero .,a teacher joins an uncle .,an uncle is joined by a teacher .,a,teacher,an,uncle,join,joins,joined,"[""VERB=join"", ""AGENT=teacher"", ""PATIENT=uncle""]","Prime sentence: a guy joins a hero .
Event roles: VERB=join; AGENT=teacher; PATIENT=uncle
Sentence: the",Sentence: the,first_noun,-3.8601150512695312,-7.043652534484863,-3.183537483215332,active,0.0
871,role_labeled,passive,passive,a hero is joined by a guy .,a teacher joins an uncle .,an uncle is joined by a teacher .,a,teacher,an,uncle,join,joins,joined,"[""VERB=join"", ""AGENT=teacher"", ""PATIENT=uncle""]","Prime sentence: a hero is joined by a guy .
Event roles: VERB=join; AGENT=teacher; PATIENT=uncle
Sentence: the",Sentence: the,first_noun,-4.134251117706299,-7.1357622146606445,-3.0015110969543457,active,0.0
871,role_labeled,no_prime_eos,no_prime_eos,,a teacher joins an uncle .,an uncle is joined by a teacher .,a,teacher,an,uncle,join,joins,joined,"[""VERB=join"", ""AGENT=teacher"", ""PATIENT=uncle""]","Event roles: VERB=join; AGENT=teacher; PATIENT=uncle
Sentence: the",Sentence: the,first_noun,-3.3603999614715576,-7.857205390930176,-4.496805429458618,active,0.0
871,role_labeled,filler,filler,The tourist wandered through the plaza .,a teacher joins an uncle .,an uncle is joined by a teacher .,a,teacher,an,uncle,join,joins,joined,"[""VERB=join"", ""AGENT=teacher"", ""PATIENT=uncle""]","Prime sentence: The tourist wandered through the plaza .
Event roles: VERB=join; AGENT=teacher; PATIENT=uncle
Sentence: the",Sentence: the,first_noun,-3.5663793087005615,-6.963528633117676,-3.3971493244171143,active,0.0
872,role_labeled,active,active,a leader forgives a man .,an actor forgives an actress .,an actress is forgiven by an actor .,an,actor,an,actress,forgiv,forgives,forgiven,"[""AGENT=actor"", ""PATIENT=actress"", ""VERB=forgiv""]","Prime sentence: a leader forgives a man .
Event roles: AGENT=actor; PATIENT=actress; VERB=forgiv
Sentence: the",Sentence: the,first_noun,-5.056184768676758,-7.315706253051758,-2.259521484375,active,0.0
872,role_labeled,passive,passive,a man is forgiven by a leader .,an actor forgives an actress .,an actress is forgiven by an actor .,an,actor,an,actress,forgiv,forgives,forgiven,"[""AGENT=actor"", ""PATIENT=actress"", ""VERB=forgiv""]","Prime sentence: a man is forgiven by a leader .
Event roles: AGENT=actor; PATIENT=actress; VERB=forgiv
Sentence: the",Sentence: the,first_noun,-5.292442321777344,-7.692941665649414,-2.4004993438720703,active,0.0
872,role_labeled,no_prime_eos,no_prime_eos,,an actor forgives an actress .,an actress is forgiven by an actor .,an,actor,an,actress,forgiv,forgives,forgiven,"[""AGENT=actor"", ""PATIENT=actress"", ""VERB=forgiv""]","Event roles: AGENT=actor; PATIENT=actress; VERB=forgiv
Sentence: the",Sentence: the,first_noun,-4.202892780303955,-6.53335428237915,-2.3304615020751953,active,0.0
872,role_labeled,filler,filler,The singer smiled after rehearsal .,an actor forgives an actress .,an actress is forgiven by an actor .,an,actor,an,actress,forgiv,forgives,forgiven,"[""AGENT=actor"", ""PATIENT=actress"", ""VERB=forgiv""]","Prime sentence: The singer smiled after rehearsal .
Event roles: AGENT=actor; PATIENT=actress; VERB=forgiv
Sentence: the",Sentence: the,first_noun,-3.352565050125122,-3.9586987495422363,-0.6061336994171143,active,0.0
873,role_labeled,active,active,an adult follows an attorney .,a man follows a manager .,a manager is followed by a man .,a,man,a,manager,follow,follows,followed,"[""PATIENT=manager"", ""VERB=follow"", ""AGENT=man""]","Prime sentence: an adult follows an attorney .
Event roles: PATIENT=manager; VERB=follow; AGENT=man
Sentence: the",Sentence: the,first_noun,-4.590857982635498,-3.5819406509399414,1.0089173316955566,passive,1.0
873,role_labeled,passive,passive,an attorney is followed by an adult .,a man follows a manager .,a manager is followed by a man .,a,man,a,manager,follow,follows,followed,"[""PATIENT=manager"", ""VERB=follow"", ""AGENT=man""]","Prime sentence: an attorney is followed by an adult .
Event roles: PATIENT=manager; VERB=follow; AGENT=man
Sentence: the",Sentence: the,first_noun,-4.699080467224121,-3.8176827430725098,0.8813977241516113,passive,1.0
873,role_labeled,no_prime_eos,no_prime_eos,,a man follows a manager .,a manager is followed by a man .,a,man,a,manager,follow,follows,followed,"[""PATIENT=manager"", ""VERB=follow"", ""AGENT=man""]","Event roles: PATIENT=manager; VERB=follow; AGENT=man
Sentence: the",Sentence: the,first_noun,-4.538100242614746,-4.082141399383545,0.45595884323120117,passive,1.0
873,role_labeled,filler,filler,The package arrived before noon .,a man follows a manager .,a manager is followed by a man .,a,man,a,manager,follow,follows,followed,"[""PATIENT=manager"", ""VERB=follow"", ""AGENT=man""]","Prime sentence: The package arrived before noon .
Event roles: PATIENT=manager; VERB=follow; AGENT=man
Sentence: the",Sentence: the,first_noun,-5.079270362854004,-4.790794849395752,0.28847551345825195,passive,1.0
874,role_labeled,active,active,a father forgives a friend .,a singer forgives a soldier .,a soldier is forgiven by a singer .,a,singer,a,soldier,forgiv,forgives,forgiven,"[""VERB=forgiv"", ""PATIENT=soldier"", ""AGENT=singer""]","Prime sentence: a father forgives a friend .
Event roles: VERB=forgiv; PATIENT=soldier; AGENT=singer
Sentence: the",Sentence: the,first_noun,-6.878019332885742,-4.337334156036377,2.5406851768493652,passive,1.0
874,role_labeled,passive,passive,a friend is forgiven by a father .,a singer forgives a soldier .,a soldier is forgiven by a singer .,a,singer,a,soldier,forgiv,forgives,forgiven,"[""VERB=forgiv"", ""PATIENT=soldier"", ""AGENT=singer""]","Prime sentence: a friend is forgiven by a father .
Event roles: VERB=forgiv; PATIENT=soldier; AGENT=singer
Sentence: the",Sentence: the,first_noun,-6.979554176330566,-4.367484092712402,2.612070083618164,passive,1.0
874,role_labeled,no_prime_eos,no_prime_eos,,a singer forgives a soldier .,a soldier is forgiven by a singer .,a,singer,a,soldier,forgiv,forgives,forgiven,"[""VERB=forgiv"", ""PATIENT=soldier"", ""AGENT=singer""]","Event roles: VERB=forgiv; PATIENT=soldier; AGENT=singer
Sentence: the",Sentence: the,first_noun,-5.610177040100098,-4.528450965881348,1.08172607421875,passive,1.0
874,role_labeled,filler,filler,The witness paused near the doorway .,a singer forgives a soldier .,a soldier is forgiven by a singer .,a,singer,a,soldier,forgiv,forgives,forgiven,"[""VERB=forgiv"", ""PATIENT=soldier"", ""AGENT=singer""]","Prime sentence: The witness paused near the doorway .
Event roles: VERB=forgiv; PATIENT=soldier; AGENT=singer
Sentence: the",Sentence: the,first_noun,-5.07200813293457,-1.981224536895752,3.0907835960388184,passive,1.0
875,role_labeled,active,active,a student hurts a teacher .,a girl hurts a guest .,a guest is hurt by a girl .,a,girl,a,guest,hurt,hurts,hurt,"[""AGENT=girl"", ""VERB=hurt"", ""PATIENT=guest""]","Prime sentence: a student hurts a teacher .
Event roles: AGENT=girl; VERB=hurt; PATIENT=guest
Sentence: the",Sentence: the,first_noun,-1.7798447608947754,-6.579305648803711,-4.7994608879089355,active,0.0
875,role_labeled,passive,passive,a teacher is hurt by a student .,a girl hurts a guest .,a guest is hurt by a girl .,a,girl,a,guest,hurt,hurts,hurt,"[""AGENT=girl"", ""VERB=hurt"", ""PATIENT=guest""]","Prime sentence: a teacher is hurt by a student .
Event roles: AGENT=girl; VERB=hurt; PATIENT=guest
Sentence: the",Sentence: the,first_noun,-1.9402656555175781,-6.634676456451416,-4.694410800933838,active,0.0
875,role_labeled,no_prime_eos,no_prime_eos,,a girl hurts a guest .,a guest is hurt by a girl .,a,girl,a,guest,hurt,hurts,hurt,"[""AGENT=girl"", ""VERB=hurt"", ""PATIENT=guest""]","Event roles: AGENT=girl; VERB=hurt; PATIENT=guest
Sentence: the",Sentence: the,first_noun,-1.7880480289459229,-5.199464797973633,-3.41141676902771,active,0.0
875,role_labeled,filler,filler,The jacket hung behind the chair .,a girl hurts a guest .,a guest is hurt by a girl .,a,girl,a,guest,hurt,hurts,hurt,"[""AGENT=girl"", ""VERB=hurt"", ""PATIENT=guest""]","Prime sentence: The jacket hung behind the chair .
Event roles: AGENT=girl; VERB=hurt; PATIENT=guest
Sentence: the",Sentence: the,first_noun,-3.1612164974212646,-6.389482498168945,-3.2282660007476807,active,0.0
876,role_labeled,active,active,a leader grabs a man .,an actor grabs an actress .,an actress is grabbed by an actor .,an,actor,an,actress,grab,grabs,grabbed,"[""VERB=grab"", ""PATIENT=actress"", ""AGENT=actor""]","Prime sentence: a leader grabs a man .
Event roles: VERB=grab; PATIENT=actress; AGENT=actor
Sentence: the",Sentence: the,first_noun,-4.039290428161621,-5.795164108276367,-1.755873680114746,active,0.0
876,role_labeled,passive,passive,a man is grabbed by a leader .,an actor grabs an actress .,an actress is grabbed by an actor .,an,actor,an,actress,grab,grabs,grabbed,"[""VERB=grab"", ""PATIENT=actress"", ""AGENT=actor""]","Prime sentence: a man is grabbed by a leader .
Event roles: VERB=grab; PATIENT=actress; AGENT=actor
Sentence: the",Sentence: the,first_noun,-4.465555191040039,-6.173799514770508,-1.7082443237304688,active,0.0
876,role_labeled,no_prime_eos,no_prime_eos,,an actor grabs an actress .,an actress is grabbed by an actor .,an,actor,an,actress,grab,grabs,grabbed,"[""VERB=grab"", ""PATIENT=actress"", ""AGENT=actor""]","Event roles: VERB=grab; PATIENT=actress; AGENT=actor
Sentence: the",Sentence: the,first_noun,-4.379594326019287,-5.995390892028809,-1.6157965660095215,active,0.0
876,role_labeled,filler,filler,The engine cooled before dawn .,an actor grabs an actress .,an actress is grabbed by an actor .,an,actor,an,actress,grab,grabs,grabbed,"[""VERB=grab"", ""PATIENT=actress"", ""AGENT=actor""]","Prime sentence: The engine cooled before dawn .
Event roles: VERB=grab; PATIENT=actress; AGENT=actor
Sentence: the",Sentence: the,first_noun,-6.782215118408203,-7.527960300445557,-0.7457451820373535,active,0.0
877,role_labeled,active,active,a president comforts a priest .,a champion comforts a chief .,a chief is comforted by a champion .,a,champion,a,chief,comfort,comforts,comforted,"[""PATIENT=chief"", ""VERB=comfort"", ""AGENT=champion""]","Prime sentence: a president comforts a priest .
Event roles: PATIENT=chief; VERB=comfort; AGENT=champion
Sentence: the",Sentence: the,first_noun,-8.188050270080566,-4.67661190032959,3.5114383697509766,passive,1.0
877,role_labeled,passive,passive,a priest is comforted by a president .,a champion comforts a chief .,a chief is comforted by a champion .,a,champion,a,chief,comfort,comforts,comforted,"[""PATIENT=chief"", ""VERB=comfort"", ""AGENT=champion""]","Prime sentence: a priest is comforted by a president .
Event roles: PATIENT=chief; VERB=comfort; AGENT=champion
Sentence: the",Sentence: the,first_noun,-7.910426139831543,-4.835720539093018,3.0747056007385254,passive,1.0
877,role_labeled,no_prime_eos,no_prime_eos,,a champion comforts a chief .,a chief is comforted by a champion .,a,champion,a,chief,comfort,comforts,comforted,"[""PATIENT=chief"", ""VERB=comfort"", ""AGENT=champion""]","Event roles: PATIENT=chief; VERB=comfort; AGENT=champion
Sentence: the",Sentence: the,first_noun,-5.7884650230407715,-3.9266717433929443,1.8617932796478271,passive,1.0
877,role_labeled,filler,filler,The market opened after sunrise .,a champion comforts a chief .,a chief is comforted by a champion .,a,champion,a,chief,comfort,comforts,comforted,"[""PATIENT=chief"", ""VERB=comfort"", ""AGENT=champion""]","Prime sentence: The market opened after sunrise .
Event roles: PATIENT=chief; VERB=comfort; AGENT=champion
Sentence: the",Sentence: the,first_noun,-7.433908462524414,-5.57744026184082,1.8564682006835938,passive,1.0
878,role_labeled,active,active,a secretary hurries a sheriff .,a doctor hurries an employee .,an employee is hurried by a doctor .,a,doctor,an,employee,hurry,hurries,hurried,"[""PATIENT=employee"", ""VERB=hurry"", ""AGENT=doctor""]","Prime sentence: a secretary hurries a sheriff .
Event roles: PATIENT=employee; VERB=hurry; AGENT=doctor
Sentence: the",Sentence: the,first_noun,-2.5596022605895996,-5.038421630859375,-2.4788193702697754,active,0.0
878,role_labeled,passive,passive,a sheriff is hurried by a secretary .,a doctor hurries an employee .,an employee is hurried by a doctor .,a,doctor,an,employee,hurry,hurries,hurried,"[""PATIENT=employee"", ""VERB=hurry"", ""AGENT=doctor""]","Prime sentence: a sheriff is hurried by a secretary .
Event roles: PATIENT=employee; VERB=hurry; AGENT=doctor
Sentence: the",Sentence: the,first_noun,-2.8297760486602783,-5.088555335998535,-2.258779287338257,active,0.0
878,role_labeled,no_prime_eos,no_prime_eos,,a doctor hurries an employee .,an employee is hurried by a doctor .,a,doctor,an,employee,hurry,hurries,hurried,"[""PATIENT=employee"", ""VERB=hurry"", ""AGENT=doctor""]","Event roles: PATIENT=employee; VERB=hurry; AGENT=doctor
Sentence: the",Sentence: the,first_noun,-2.8439860343933105,-4.82472038269043,-1.9807343482971191,active,0.0
878,role_labeled,filler,filler,The tourist wandered through the plaza .,a doctor hurries an employee .,an employee is hurried by a doctor .,a,doctor,an,employee,hurry,hurries,hurried,"[""PATIENT=employee"", ""VERB=hurry"", ""AGENT=doctor""]","Prime sentence: The tourist wandered through the plaza .
Event roles: PATIENT=employee; VERB=hurry; AGENT=doctor
Sentence: the",Sentence: the,first_noun,-3.204584836959839,-4.84013557434082,-1.6355507373809814,active,0.0
879,role_labeled,active,active,a candidate raises a captain .,a partner raises a physician .,a physician is raised by a partner .,a,partner,a,physician,rais,raises,raised,"[""VERB=rais"", ""PATIENT=physician"", ""AGENT=partner""]","Prime sentence: a candidate raises a captain .
Event roles: VERB=rais; PATIENT=physician; AGENT=partner
Sentence: the",Sentence: the,first_noun,-6.830738067626953,-5.0329484939575195,1.7977895736694336,passive,1.0
879,role_labeled,passive,passive,a captain is raised by a candidate .,a partner raises a physician .,a physician is raised by a partner .,a,partner,a,physician,rais,raises,raised,"[""VERB=rais"", ""PATIENT=physician"", ""AGENT=partner""]","Prime sentence: a captain is raised by a candidate .
Event roles: VERB=rais; PATIENT=physician; AGENT=partner
Sentence: the",Sentence: the,first_noun,-7.227171421051025,-5.645723342895508,1.5814480781555176,passive,1.0
879,role_labeled,no_prime_eos,no_prime_eos,,a partner raises a physician .,a physician is raised by a partner .,a,partner,a,physician,rais,raises,raised,"[""VERB=rais"", ""PATIENT=physician"", ""AGENT=partner""]","Event roles: VERB=rais; PATIENT=physician; AGENT=partner
Sentence: the",Sentence: the,first_noun,-7.009979724884033,-4.167713642120361,2.842266082763672,passive,1.0
879,role_labeled,filler,filler,The teacher listened during assembly .,a partner raises a physician .,a physician is raised by a partner .,a,partner,a,physician,rais,raises,raised,"[""VERB=rais"", ""PATIENT=physician"", ""AGENT=partner""]","Prime sentence: The teacher listened during assembly .
Event roles: VERB=rais; PATIENT=physician; AGENT=partner
Sentence: the",Sentence: the,first_noun,-6.6820969581604,-4.905006408691406,1.7770905494689941,passive,1.0
880,role_labeled,active,active,an employer follows a father .,a sheriff follows a singer .,a singer is followed by a sheriff .,a,sheriff,a,singer,follow,follows,followed,"[""PATIENT=singer"", ""VERB=follow"", ""AGENT=sheriff""]","Prime sentence: an employer follows a father .
Event roles: PATIENT=singer; VERB=follow; AGENT=sheriff
Sentence: the",Sentence: the,first_noun,-4.595389366149902,-5.970447063446045,-1.3750576972961426,active,0.0
880,role_labeled,passive,passive,a father is followed by an employer .,a sheriff follows a singer .,a singer is followed by a sheriff .,a,sheriff,a,singer,follow,follows,followed,"[""PATIENT=singer"", ""VERB=follow"", ""AGENT=sheriff""]","Prime sentence: a father is followed by an employer .
Event roles: PATIENT=singer; VERB=follow; AGENT=sheriff
Sentence: the",Sentence: the,first_noun,-4.977594375610352,-6.724255561828613,-1.7466611862182617,active,0.0
880,role_labeled,no_prime_eos,no_prime_eos,,a sheriff follows a singer .,a singer is followed by a sheriff .,a,sheriff,a,singer,follow,follows,followed,"[""PATIENT=singer"", ""VERB=follow"", ""AGENT=sheriff""]","Event roles: PATIENT=singer; VERB=follow; AGENT=sheriff
Sentence: the",Sentence: the,first_noun,-6.099462032318115,-4.583890438079834,1.5155715942382812,passive,1.0
880,role_labeled,filler,filler,The engine cooled before dawn .,a sheriff follows a singer .,a singer is followed by a sheriff .,a,sheriff,a,singer,follow,follows,followed,"[""PATIENT=singer"", ""VERB=follow"", ""AGENT=sheriff""]","Prime sentence: The engine cooled before dawn .
Event roles: PATIENT=singer; VERB=follow; AGENT=sheriff
Sentence: the",Sentence: the,first_noun,-6.102690696716309,-7.1569013595581055,-1.0542106628417969,active,0.0
881,role_labeled,active,active,a minister teaches a mother .,an aunt teaches an author .,an author is taught by an aunt .,an,aunt,an,author,teach,teaches,taught,"[""VERB=teach"", ""PATIENT=author"", ""AGENT=aunt""]","Prime sentence: a minister teaches a mother .
Event roles: VERB=teach; PATIENT=author; AGENT=aunt
Sentence: the",Sentence: the,first_noun,-6.550535202026367,-6.409527778625488,0.1410074234008789,passive,1.0
881,role_labeled,passive,passive,a mother is taught by a minister .,an aunt teaches an author .,an author is taught by an aunt .,an,aunt,an,author,teach,teaches,taught,"[""VERB=teach"", ""PATIENT=author"", ""AGENT=aunt""]","Prime sentence: a mother is taught by a minister .
Event roles: VERB=teach; PATIENT=author; AGENT=aunt
Sentence: the",Sentence: the,first_noun,-6.783426284790039,-6.522911071777344,0.2605152130126953,passive,1.0
881,role_labeled,no_prime_eos,no_prime_eos,,an aunt teaches an author .,an author is taught by an aunt .,an,aunt,an,author,teach,teaches,taught,"[""VERB=teach"", ""PATIENT=author"", ""AGENT=aunt""]","Event roles: VERB=teach; PATIENT=author; AGENT=aunt
Sentence: the",Sentence: the,first_noun,-7.787774085998535,-4.832765579223633,2.9550085067749023,passive,1.0
881,role_labeled,filler,filler,The traveler rested beside the river .,an aunt teaches an author .,an author is taught by an aunt .,an,aunt,an,author,teach,teaches,taught,"[""VERB=teach"", ""PATIENT=author"", ""AGENT=aunt""]","Prime sentence: The traveler rested beside the river .
Event roles: VERB=teach; PATIENT=author; AGENT=aunt
Sentence: the",Sentence: the,first_noun,-7.99386739730835,-7.34328031539917,0.6505870819091797,passive,1.0
882,role_labeled,active,active,a mother catches a nurse .,an author catches a bishop .,a bishop is caught by an author .,an,author,a,bishop,catch,catches,caught,"[""VERB=catch"", ""PATIENT=bishop"", ""AGENT=author""]","Prime sentence: a mother catches a nurse .
Event roles: VERB=catch; PATIENT=bishop; AGENT=author
Sentence: the",Sentence: the,first_noun,-6.126385688781738,-3.8029158115386963,2.323469877243042,passive,1.0
882,role_labeled,passive,passive,a nurse is caught by a mother .,an author catches a bishop .,a bishop is caught by an author .,an,author,a,bishop,catch,catches,caught,"[""VERB=catch"", ""PATIENT=bishop"", ""AGENT=author""]","Prime sentence: a nurse is caught by a mother .
Event roles: VERB=catch; PATIENT=bishop; AGENT=author
Sentence: the",Sentence: the,first_noun,-5.603456497192383,-3.8030152320861816,1.8004412651062012,passive,1.0
882,role_labeled,no_prime_eos,no_prime_eos,,an author catches a bishop .,a bishop is caught by an author .,an,author,a,bishop,catch,catches,caught,"[""VERB=catch"", ""PATIENT=bishop"", ""AGENT=author""]","Event roles: VERB=catch; PATIENT=bishop; AGENT=author
Sentence: the",Sentence: the,first_noun,-4.77968692779541,-4.088082790374756,0.6916041374206543,passive,1.0
882,role_labeled,filler,filler,The singer smiled after rehearsal .,an author catches a bishop .,a bishop is caught by an author .,an,author,a,bishop,catch,catches,caught,"[""VERB=catch"", ""PATIENT=bishop"", ""AGENT=author""]","Prime sentence: The singer smiled after rehearsal .
Event roles: VERB=catch; PATIENT=bishop; AGENT=author
Sentence: the",Sentence: the,first_noun,-4.522602558135986,-4.766570568084717,-0.24396800994873047,active,0.0
883,role_labeled,active,active,a worker hurries a writer .,a king hurries a lady .,a lady is hurried by a king .,a,king,a,lady,hurry,hurries,hurried,"[""AGENT=king"", ""VERB=hurry"", ""PATIENT=lady""]","Prime sentence: a worker hurries a writer .
Event roles: AGENT=king; VERB=hurry; PATIENT=lady
Sentence: the",Sentence: the,first_noun,-1.8887629508972168,-5.382698059082031,-3.4939351081848145,active,0.0
883,role_labeled,passive,passive,a writer is hurried by a worker .,a king hurries a lady .,a lady is hurried by a king .,a,king,a,lady,hurry,hurries,hurried,"[""AGENT=king"", ""VERB=hurry"", ""PATIENT=lady""]","Prime sentence: a writer is hurried by a worker .
Event roles: AGENT=king; VERB=hurry; PATIENT=lady
Sentence: the",Sentence: the,first_noun,-2.8513686656951904,-5.389586448669434,-2.538217782974243,active,0.0
883,role_labeled,no_prime_eos,no_prime_eos,,a king hurries a lady .,a lady is hurried by a king .,a,king,a,lady,hurry,hurries,hurried,"[""AGENT=king"", ""VERB=hurry"", ""PATIENT=lady""]","Event roles: AGENT=king; VERB=hurry; PATIENT=lady
Sentence: the",Sentence: the,first_noun,-3.0464072227478027,-5.8726654052734375,-2.8262581825256348,active,0.0
883,role_labeled,filler,filler,The violin echoed in the theater .,a king hurries a lady .,a lady is hurried by a king .,a,king,a,lady,hurry,hurries,hurried,"[""AGENT=king"", ""VERB=hurry"", ""PATIENT=lady""]","Prime sentence: The violin echoed in the theater .
Event roles: AGENT=king; VERB=hurry; PATIENT=lady
Sentence: the",Sentence: the,first_noun,-3.540950298309326,-5.243289470672607,-1.7023391723632812,active,0.0
884,role_labeled,active,active,an adult embraces an attorney .,a man embraces a manager .,a manager is embraced by a man .,a,man,a,manager,embrac,embraces,embraced,"[""VERB=embrac"", ""AGENT=man"", ""PATIENT=manager""]","Prime sentence: an adult embraces an attorney .
Event roles: VERB=embrac; AGENT=man; PATIENT=manager
Sentence: the",Sentence: the,first_noun,-3.9060328006744385,-5.067109107971191,-1.161076307296753,active,0.0
884,role_labeled,passive,passive,an attorney is embraced by an adult .,a man embraces a manager .,a manager is embraced by a man .,a,man,a,manager,embrac,embraces,embraced,"[""VERB=embrac"", ""AGENT=man"", ""PATIENT=manager""]","Prime sentence: an attorney is embraced by an adult .
Event roles: VERB=embrac; AGENT=man; PATIENT=manager
Sentence: the",Sentence: the,first_noun,-4.004394054412842,-5.679046154022217,-1.674652099609375,active,0.0
884,role_labeled,no_prime_eos,no_prime_eos,,a man embraces a manager .,a manager is embraced by a man .,a,man,a,manager,embrac,embraces,embraced,"[""VERB=embrac"", ""AGENT=man"", ""PATIENT=manager""]","Event roles: VERB=embrac; AGENT=man; PATIENT=manager
Sentence: the",Sentence: the,first_noun,-3.9803249835968018,-4.423079490661621,-0.44275450706481934,active,0.0
884,role_labeled,filler,filler,The pillow rested on the sofa .,a man embraces a manager .,a manager is embraced by a man .,a,man,a,manager,embrac,embraces,embraced,"[""VERB=embrac"", ""AGENT=man"", ""PATIENT=manager""]","Prime sentence: The pillow rested on the sofa .
Event roles: VERB=embrac; AGENT=man; PATIENT=manager
Sentence: the",Sentence: the,first_noun,-4.468597412109375,-5.542750358581543,-1.074152946472168,active,0.0
885,role_labeled,active,active,a friend forgets a girl .,a soldier forgets a son .,a son is forgotten by a soldier .,a,soldier,a,son,forget,forgets,forgotten,"[""AGENT=soldier"", ""PATIENT=son"", ""VERB=forget""]","Prime sentence: a friend forgets a girl .
Event roles: AGENT=soldier; PATIENT=son; VERB=forget
Sentence: the",Sentence: the,first_noun,-3.9326932430267334,-5.5218963623046875,-1.589203119277954,active,0.0
885,role_labeled,passive,passive,a girl is forgotten by a friend .,a soldier forgets a son .,a son is forgotten by a soldier .,a,soldier,a,son,forget,forgets,forgotten,"[""AGENT=soldier"", ""PATIENT=son"", ""VERB=forget""]","Prime sentence: a girl is forgotten by a friend .
Event roles: AGENT=soldier; PATIENT=son; VERB=forget
Sentence: the",Sentence: the,first_noun,-3.6221632957458496,-5.802924633026123,-2.1807613372802734,active,0.0
885,role_labeled,no_prime_eos,no_prime_eos,,a soldier forgets a son .,a son is forgotten by a soldier .,a,soldier,a,son,forget,forgets,forgotten,"[""AGENT=soldier"", ""PATIENT=son"", ""VERB=forget""]","Event roles: AGENT=soldier; PATIENT=son; VERB=forget
Sentence: the",Sentence: the,first_noun,-3.7098770141601562,-4.481719017028809,-0.7718420028686523,active,0.0
885,role_labeled,filler,filler,The window rattled during the storm .,a soldier forgets a son .,a son is forgotten by a soldier .,a,soldier,a,son,forget,forgets,forgotten,"[""AGENT=soldier"", ""PATIENT=son"", ""VERB=forget""]","Prime sentence: The window rattled during the storm .
Event roles: AGENT=soldier; PATIENT=son; VERB=forget
Sentence: the",Sentence: the,first_noun,-5.240030288696289,-6.701692581176758,-1.4616622924804688,active,0.0
886,role_labeled,active,active,a champion embraces a chief .,a pilot embraces a president .,a president is embraced by a pilot .,a,pilot,a,president,embrac,embraces,embraced,"[""VERB=embrac"", ""AGENT=pilot"", ""PATIENT=president""]","Prime sentence: a champion embraces a chief .
Event roles: VERB=embrac; AGENT=pilot; PATIENT=president
Sentence: the",Sentence: the,first_noun,-5.420172691345215,-4.123507499694824,1.2966651916503906,passive,1.0
886,role_labeled,passive,passive,a chief is embraced by a champion .,a pilot embraces a president .,a president is embraced by a pilot .,a,pilot,a,president,embrac,embraces,embraced,"[""VERB=embrac"", ""AGENT=pilot"", ""PATIENT=president""]","Prime sentence: a chief is embraced by a champion .
Event roles: VERB=embrac; AGENT=pilot; PATIENT=president
Sentence: the",Sentence: the,first_noun,-5.369229316711426,-4.209321022033691,1.1599082946777344,passive,1.0
886,role_labeled,no_prime_eos,no_prime_eos,,a pilot embraces a president .,a president is embraced by a pilot .,a,pilot,a,president,embrac,embraces,embraced,"[""VERB=embrac"", ""AGENT=pilot"", ""PATIENT=president""]","Event roles: VERB=embrac; AGENT=pilot; PATIENT=president
Sentence: the",Sentence: the,first_noun,-3.218283176422119,-3.9521453380584717,-0.7338621616363525,active,0.0
886,role_labeled,filler,filler,The blanket dried on the line .,a pilot embraces a president .,a president is embraced by a pilot .,a,pilot,a,president,embrac,embraces,embraced,"[""VERB=embrac"", ""AGENT=pilot"", ""PATIENT=president""]","Prime sentence: The blanket dried on the line .
Event roles: VERB=embrac; AGENT=pilot; PATIENT=president
Sentence: the",Sentence: the,first_noun,-4.5866289138793945,-4.919427394866943,-0.33279848098754883,active,0.0
887,role_labeled,active,active,a worker hurts a writer .,a king hurts a lady .,a lady is hurt by a king .,a,king,a,lady,hurt,hurts,hurt,"[""VERB=hurt"", ""PATIENT=lady"", ""AGENT=king""]","Prime sentence: a worker hurts a writer .
Event roles: VERB=hurt; PATIENT=lady; AGENT=king
Sentence: the",Sentence: the,first_noun,-2.7288458347320557,-5.352564811706543,-2.6237189769744873,active,0.0
887,role_labeled,passive,passive,a writer is hurt by a worker .,a king hurts a lady .,a lady is hurt by a king .,a,king,a,lady,hurt,hurts,hurt,"[""VERB=hurt"", ""PATIENT=lady"", ""AGENT=king""]","Prime sentence: a writer is hurt by a worker .
Event roles: VERB=hurt; PATIENT=lady; AGENT=king
Sentence: the",Sentence: the,first_noun,-3.2488017082214355,-5.409278392791748,-2.1604766845703125,active,0.0
887,role_labeled,no_prime_eos,no_prime_eos,,a king hurts a lady .,a lady is hurt by a king .,a,king,a,lady,hurt,hurts,hurt,"[""VERB=hurt"", ""PATIENT=lady"", ""AGENT=king""]","Event roles: VERB=hurt; PATIENT=lady; AGENT=king
Sentence: the",Sentence: the,first_noun,-2.833380937576294,-5.676998615264893,-2.8436176776885986,active,0.0
887,role_labeled,filler,filler,The package arrived before noon .,a king hurts a lady .,a lady is hurt by a king .,a,king,a,lady,hurt,hurts,hurt,"[""VERB=hurt"", ""PATIENT=lady"", ""AGENT=king""]","Prime sentence: The package arrived before noon .
Event roles: VERB=hurt; PATIENT=lady; AGENT=king
Sentence: the",Sentence: the,first_noun,-3.6256370544433594,-5.153214931488037,-1.5275778770446777,active,0.0
888,role_labeled,active,active,a reader destroys a scientist .,a cousin destroys a daughter .,a daughter is destroyed by a cousin .,a,cousin,a,daughter,destroy,destroys,destroyed,"[""AGENT=cousin"", ""VERB=destroy"", ""PATIENT=daughter""]","Prime sentence: a reader destroys a scientist .
Event roles: AGENT=cousin; VERB=destroy; PATIENT=daughter
Sentence: the",Sentence: the,first_noun,-7.571869373321533,-4.7861456871032715,2.7857236862182617,passive,1.0
888,role_labeled,passive,passive,a scientist is destroyed by a reader .,a cousin destroys a daughter .,a daughter is destroyed by a cousin .,a,cousin,a,daughter,destroy,destroys,destroyed,"[""AGENT=cousin"", ""VERB=destroy"", ""PATIENT=daughter""]","Prime sentence: a scientist is destroyed by a reader .
Event roles: AGENT=cousin; VERB=destroy; PATIENT=daughter
Sentence: the",Sentence: the,first_noun,-8.260830879211426,-5.279094696044922,2.981736183166504,passive,1.0
888,role_labeled,no_prime_eos,no_prime_eos,,a cousin destroys a daughter .,a daughter is destroyed by a cousin .,a,cousin,a,daughter,destroy,destroys,destroyed,"[""AGENT=cousin"", ""VERB=destroy"", ""PATIENT=daughter""]","Event roles: AGENT=cousin; VERB=destroy; PATIENT=daughter
Sentence: the",Sentence: the,first_noun,-7.679563045501709,-4.200910568237305,3.4786524772644043,passive,1.0
888,role_labeled,filler,filler,The captain waited beside the harbor .,a cousin destroys a daughter .,a daughter is destroyed by a cousin .,a,cousin,a,daughter,destroy,destroys,destroyed,"[""AGENT=cousin"", ""VERB=destroy"", ""PATIENT=daughter""]","Prime sentence: The captain waited beside the harbor .
Event roles: AGENT=cousin; VERB=destroy; PATIENT=daughter
Sentence: the",Sentence: the,first_noun,-7.960729598999023,-5.640825271606445,2.319904327392578,passive,1.0
889,role_labeled,active,active,a captain chases a champion .,a physician chases a pilot .,a pilot is chased by a physician .,a,physician,a,pilot,chas,chases,chased,"[""PATIENT=pilot"", ""VERB=chas"", ""AGENT=physician""]","Prime sentence: a captain chases a champion .
Event roles: PATIENT=pilot; VERB=chas; AGENT=physician
Sentence: the",Sentence: the,first_noun,-6.163360595703125,-4.300349235534668,1.863011360168457,passive,1.0
889,role_labeled,passive,passive,a champion is chased by a captain .,a physician chases a pilot .,a pilot is chased by a physician .,a,physician,a,pilot,chas,chases,chased,"[""PATIENT=pilot"", ""VERB=chas"", ""AGENT=physician""]","Prime sentence: a champion is chased by a captain .
Event roles: PATIENT=pilot; VERB=chas; AGENT=physician
Sentence: the",Sentence: the,first_noun,-5.790762901306152,-4.3890380859375,1.4017248153686523,passive,1.0
889,role_labeled,no_prime_eos,no_prime_eos,,a physician chases a pilot .,a pilot is chased by a physician .,a,physician,a,pilot,chas,chases,chased,"[""PATIENT=pilot"", ""VERB=chas"", ""AGENT=physician""]","Event roles: PATIENT=pilot; VERB=chas; AGENT=physician
Sentence: the",Sentence: the,first_noun,-4.457266807556152,-3.2216720581054688,1.2355947494506836,passive,1.0
889,role_labeled,filler,filler,The baker laughed during breakfast .,a physician chases a pilot .,a pilot is chased by a physician .,a,physician,a,pilot,chas,chases,chased,"[""PATIENT=pilot"", ""VERB=chas"", ""AGENT=physician""]","Prime sentence: The baker laughed during breakfast .
Event roles: PATIENT=pilot; VERB=chas; AGENT=physician
Sentence: the",Sentence: the,first_noun,-5.023979663848877,-3.507528305053711,1.516451358795166,passive,1.0
890,role_labeled,active,active,a soldier joins a son .,a father joins a friend .,a friend is joined by a father .,a,father,a,friend,join,joins,joined,"[""PATIENT=friend"", ""VERB=join"", ""AGENT=father""]","Prime sentence: a soldier joins a son .
Event roles: PATIENT=friend; VERB=join; AGENT=father
Sentence: the",Sentence: the,first_noun,-2.5787277221679688,-4.991972923278809,-2.41324520111084,active,0.0
890,role_labeled,passive,passive,a son is joined by a soldier .,a father joins a friend .,a friend is joined by a father .,a,father,a,friend,join,joins,joined,"[""PATIENT=friend"", ""VERB=join"", ""AGENT=father""]","Prime sentence: a son is joined by a soldier .
Event roles: PATIENT=friend; VERB=join; AGENT=father
Sentence: the",Sentence: the,first_noun,-3.0679500102996826,-5.307554244995117,-2.2396042346954346,active,0.0
890,role_labeled,no_prime_eos,no_prime_eos,,a father joins a friend .,a friend is joined by a father .,a,father,a,friend,join,joins,joined,"[""PATIENT=friend"", ""VERB=join"", ""AGENT=father""]","Event roles: PATIENT=friend; VERB=join; AGENT=father
Sentence: the",Sentence: the,first_noun,-4.043771743774414,-5.188606262207031,-1.1448345184326172,active,0.0
890,role_labeled,filler,filler,The package arrived before noon .,a father joins a friend .,a friend is joined by a father .,a,father,a,friend,join,joins,joined,"[""PATIENT=friend"", ""VERB=join"", ""AGENT=father""]","Prime sentence: The package arrived before noon .
Event roles: PATIENT=friend; VERB=join; AGENT=father
Sentence: the",Sentence: the,first_noun,-4.575442314147949,-5.558706760406494,-0.9832644462585449,active,0.0
891,role_labeled,active,active,a wife raises a winner .,a hero raises a husband .,a husband is raised by a hero .,a,hero,a,husband,rais,raises,raised,"[""AGENT=hero"", ""VERB=rais"", ""PATIENT=husband""]","Prime sentence: a wife raises a winner .
Event roles: AGENT=hero; VERB=rais; PATIENT=husband
Sentence: the",Sentence: the,first_noun,-4.249604225158691,-3.59364914894104,0.6559550762176514,passive,1.0
891,role_labeled,passive,passive,a winner is raised by a wife .,a hero raises a husband .,a husband is raised by a hero .,a,hero,a,husband,rais,raises,raised,"[""AGENT=hero"", ""VERB=rais"", ""PATIENT=husband""]","Prime sentence: a winner is raised by a wife .
Event roles: AGENT=hero; VERB=rais; PATIENT=husband
Sentence: the",Sentence: the,first_noun,-3.778812885284424,-4.201417446136475,-0.4226045608520508,active,0.0
891,role_labeled,no_prime_eos,no_prime_eos,,a hero raises a husband .,a husband is raised by a hero .,a,hero,a,husband,rais,raises,raised,"[""AGENT=hero"", ""VERB=rais"", ""PATIENT=husband""]","Event roles: AGENT=hero; VERB=rais; PATIENT=husband
Sentence: the",Sentence: the,first_noun,-3.0666146278381348,-5.090481281280518,-2.023866653442383,active,0.0
891,role_labeled,filler,filler,The lantern glowed near sunset .,a hero raises a husband .,a husband is raised by a hero .,a,hero,a,husband,rais,raises,raised,"[""AGENT=hero"", ""VERB=rais"", ""PATIENT=husband""]","Prime sentence: The lantern glowed near sunset .
Event roles: AGENT=hero; VERB=rais; PATIENT=husband
Sentence: the",Sentence: the,first_noun,-5.617764472961426,-6.547194480895996,-0.9294300079345703,active,0.0
892,role_labeled,active,active,a kid protects a king .,a winner protects a woman .,a woman is protected by a winner .,a,winner,a,woman,protect,protects,protected,"[""AGENT=winner"", ""PATIENT=woman"", ""VERB=protect""]","Prime sentence: a kid protects a king .
Event roles: AGENT=winner; PATIENT=woman; VERB=protect
Sentence: the",Sentence: the,first_noun,-7.2998762130737305,-4.7806501388549805,2.51922607421875,passive,1.0
892,role_labeled,passive,passive,a king is protected by a kid .,a winner protects a woman .,a woman is protected by a winner .,a,winner,a,woman,protect,protects,protected,"[""AGENT=winner"", ""PATIENT=woman"", ""VERB=protect""]","Prime sentence: a king is protected by a kid .
Event roles: AGENT=winner; PATIENT=woman; VERB=protect
Sentence: the",Sentence: the,first_noun,-7.041152000427246,-4.440518379211426,2.6006336212158203,passive,1.0
892,role_labeled,no_prime_eos,no_prime_eos,,a winner protects a woman .,a woman is protected by a winner .,a,winner,a,woman,protect,protects,protected,"[""AGENT=winner"", ""PATIENT=woman"", ""VERB=protect""]","Event roles: AGENT=winner; PATIENT=woman; VERB=protect
Sentence: the",Sentence: the,first_noun,-3.8536581993103027,-3.1677703857421875,0.6858878135681152,passive,1.0
892,role_labeled,filler,filler,The violin echoed in the theater .,a winner protects a woman .,a woman is protected by a winner .,a,winner,a,woman,protect,protects,protected,"[""AGENT=winner"", ""PATIENT=woman"", ""VERB=protect""]","Prime sentence: The violin echoed in the theater .
Event roles: AGENT=winner; PATIENT=woman; VERB=protect
Sentence: the",Sentence: the,first_noun,-8.455290794372559,-4.317099094390869,4.1381916999816895,passive,1.0
893,role_labeled,active,active,a parent joins a partner .,a brother joins a buddy .,a buddy is joined by a brother .,a,brother,a,buddy,join,joins,joined,"[""AGENT=brother"", ""VERB=join"", ""PATIENT=buddy""]","Prime sentence: a parent joins a partner .
Event roles: AGENT=brother; VERB=join; PATIENT=buddy
Sentence: the",Sentence: the,first_noun,-3.6476669311523438,-7.727033615112305,-4.079366683959961,active,0.0
893,role_labeled,passive,passive,a partner is joined by a parent .,a brother joins a buddy .,a buddy is joined by a brother .,a,brother,a,buddy,join,joins,joined,"[""AGENT=brother"", ""VERB=join"", ""PATIENT=buddy""]","Prime sentence: a partner is joined by a parent .
Event roles: AGENT=brother; VERB=join; PATIENT=buddy
Sentence: the",Sentence: the,first_noun,-4.075899124145508,-7.696651458740234,-3.6207523345947266,active,0.0
893,role_labeled,no_prime_eos,no_prime_eos,,a brother joins a buddy .,a buddy is joined by a brother .,a,brother,a,buddy,join,joins,joined,"[""AGENT=brother"", ""VERB=join"", ""PATIENT=buddy""]","Event roles: AGENT=brother; VERB=join; PATIENT=buddy
Sentence: the",Sentence: the,first_noun,-4.016479969024658,-7.882443904876709,-3.865963935852051,active,0.0
893,role_labeled,filler,filler,The window rattled during the storm .,a brother joins a buddy .,a buddy is joined by a brother .,a,brother,a,buddy,join,joins,joined,"[""AGENT=brother"", ""VERB=join"", ""PATIENT=buddy""]","Prime sentence: The window rattled during the storm .
Event roles: AGENT=brother; VERB=join; PATIENT=buddy
Sentence: the",Sentence: the,first_noun,-7.846766471862793,-10.747922897338867,-2.901156425476074,active,0.0
894,role_labeled,active,active,a king judges a lady .,a woman judges a worker .,a worker is judged by a woman .,a,woman,a,worker,judg,judges,judged,"[""PATIENT=worker"", ""VERB=judg"", ""AGENT=woman""]","Prime sentence: a king judges a lady .
Event roles: PATIENT=worker; VERB=judg; AGENT=woman
Sentence: the",Sentence: the,first_noun,-3.5201001167297363,-5.627204895019531,-2.107104778289795,active,0.0
894,role_labeled,passive,passive,a lady is judged by a king .,a woman judges a worker .,a worker is judged by a woman .,a,woman,a,worker,judg,judges,judged,"[""PATIENT=worker"", ""VERB=judg"", ""AGENT=woman""]","Prime sentence: a lady is judged by a king .
Event roles: PATIENT=worker; VERB=judg; AGENT=woman
Sentence: the",Sentence: the,first_noun,-3.437293291091919,-5.328177452087402,-1.8908841609954834,active,0.0
894,role_labeled,no_prime_eos,no_prime_eos,,a woman judges a worker .,a worker is judged by a woman .,a,woman,a,worker,judg,judges,judged,"[""PATIENT=worker"", ""VERB=judg"", ""AGENT=woman""]","Event roles: PATIENT=worker; VERB=judg; AGENT=woman
Sentence: the",Sentence: the,first_noun,-2.9505038261413574,-4.646388053894043,-1.6958842277526855,active,0.0
894,role_labeled,filler,filler,The notebook stayed on the shelf .,a woman judges a worker .,a worker is judged by a woman .,a,woman,a,worker,judg,judges,judged,"[""PATIENT=worker"", ""VERB=judg"", ""AGENT=woman""]","Prime sentence: The notebook stayed on the shelf .
Event roles: PATIENT=worker; VERB=judg; AGENT=woman
Sentence: the",Sentence: the,first_noun,-3.9337167739868164,-4.7556633949279785,-0.8219466209411621,active,0.0
895,role_labeled,active,active,a chief strikes a child .,a president strikes a priest .,a priest is struck by a president .,a,president,a,priest,strik,strikes,struck,"[""PATIENT=priest"", ""AGENT=president"", ""VERB=strik""]","Prime sentence: a chief strikes a child .
Event roles: PATIENT=priest; AGENT=president; VERB=strik
Sentence: the",Sentence: the,first_noun,-4.442435264587402,-3.7614266872406006,0.6810085773468018,passive,1.0
895,role_labeled,passive,passive,a child is struck by a chief .,a president strikes a priest .,a priest is struck by a president .,a,president,a,priest,strik,strikes,struck,"[""PATIENT=priest"", ""AGENT=president"", ""VERB=strik""]","Prime sentence: a child is struck by a chief .
Event roles: PATIENT=priest; AGENT=president; VERB=strik
Sentence: the",Sentence: the,first_noun,-3.4386229515075684,-3.4938740730285645,-0.055251121520996094,active,0.0
895,role_labeled,no_prime_eos,no_prime_eos,,a president strikes a priest .,a priest is struck by a president .,a,president,a,priest,strik,strikes,struck,"[""PATIENT=priest"", ""AGENT=president"", ""VERB=strik""]","Event roles: PATIENT=priest; AGENT=president; VERB=strik
Sentence: the",Sentence: the,first_noun,-3.910604238510132,-4.218920707702637,-0.3083164691925049,active,0.0
895,role_labeled,filler,filler,The tourist wandered through the plaza .,a president strikes a priest .,a priest is struck by a president .,a,president,a,priest,strik,strikes,struck,"[""PATIENT=priest"", ""AGENT=president"", ""VERB=strik""]","Prime sentence: The tourist wandered through the plaza .
Event roles: PATIENT=priest; AGENT=president; VERB=strik
Sentence: the",Sentence: the,first_noun,-3.8942244052886963,-2.7736623287200928,1.1205620765686035,passive,1.0
896,role_labeled,active,active,a guy kisses a hero .,a teacher kisses an uncle .,an uncle is kissed by a teacher .,a,teacher,an,uncle,kiss,kisses,kissed,"[""PATIENT=uncle"", ""AGENT=teacher"", ""VERB=kiss""]","Prime sentence: a guy kisses a hero .
Event roles: PATIENT=uncle; AGENT=teacher; VERB=kiss
Sentence: the",Sentence: the,first_noun,-3.9281044006347656,-5.93325138092041,-2.0051469802856445,active,0.0
896,role_labeled,passive,passive,a hero is kissed by a guy .,a teacher kisses an uncle .,an uncle is kissed by a teacher .,a,teacher,an,uncle,kiss,kisses,kissed,"[""PATIENT=uncle"", ""AGENT=teacher"", ""VERB=kiss""]","Prime sentence: a hero is kissed by a guy .
Event roles: PATIENT=uncle; AGENT=teacher; VERB=kiss
Sentence: the",Sentence: the,first_noun,-4.020308494567871,-5.868895530700684,-1.8485870361328125,active,0.0
896,role_labeled,no_prime_eos,no_prime_eos,,a teacher kisses an uncle .,an uncle is kissed by a teacher .,a,teacher,an,uncle,kiss,kisses,kissed,"[""PATIENT=uncle"", ""AGENT=teacher"", ""VERB=kiss""]","Event roles: PATIENT=uncle; AGENT=teacher; VERB=kiss
Sentence: the",Sentence: the,first_noun,-3.052556276321411,-7.652722358703613,-4.600166082382202,active,0.0
896,role_labeled,filler,filler,The jacket hung behind the chair .,a teacher kisses an uncle .,an uncle is kissed by a teacher .,a,teacher,an,uncle,kiss,kisses,kissed,"[""PATIENT=uncle"", ""AGENT=teacher"", ""VERB=kiss""]","Prime sentence: The jacket hung behind the chair .
Event roles: PATIENT=uncle; AGENT=teacher; VERB=kiss
Sentence: the",Sentence: the,first_noun,-3.843508720397949,-6.5701212882995605,-2.7266125679016113,active,0.0
897,role_labeled,active,active,a lady joins a lawyer .,a worker joins a writer .,a writer is joined by a worker .,a,worker,a,writer,join,joins,joined,"[""VERB=join"", ""AGENT=worker"", ""PATIENT=writer""]","Prime sentence: a lady joins a lawyer .
Event roles: VERB=join; AGENT=worker; PATIENT=writer
Sentence: the",Sentence: the,first_noun,-5.192137718200684,-5.631788730621338,-0.4396510124206543,active,0.0
897,role_labeled,passive,passive,a lawyer is joined by a lady .,a worker joins a writer .,a writer is joined by a worker .,a,worker,a,writer,join,joins,joined,"[""VERB=join"", ""AGENT=worker"", ""PATIENT=writer""]","Prime sentence: a lawyer is joined by a lady .
Event roles: VERB=join; AGENT=worker; PATIENT=writer
Sentence: the",Sentence: the,first_noun,-4.684534072875977,-5.0425190925598145,-0.3579850196838379,active,0.0
897,role_labeled,no_prime_eos,no_prime_eos,,a worker joins a writer .,a writer is joined by a worker .,a,worker,a,writer,join,joins,joined,"[""VERB=join"", ""AGENT=worker"", ""PATIENT=writer""]","Event roles: VERB=join; AGENT=worker; PATIENT=writer
Sentence: the",Sentence: the,first_noun,-4.808467864990234,-5.177472114562988,-0.3690042495727539,active,0.0
897,role_labeled,filler,filler,The baker laughed during breakfast .,a worker joins a writer .,a writer is joined by a worker .,a,worker,a,writer,join,joins,joined,"[""VERB=join"", ""AGENT=worker"", ""PATIENT=writer""]","Prime sentence: The baker laughed during breakfast .
Event roles: VERB=join; AGENT=worker; PATIENT=writer
Sentence: the",Sentence: the,first_noun,-4.694581031799316,-5.5728278160095215,-0.8782467842102051,active,0.0
898,role_labeled,active,active,a cop teaches a cousin .,a princess teaches a professor .,a professor is taught by a princess .,a,princess,a,professor,teach,teaches,taught,"[""PATIENT=professor"", ""VERB=teach"", ""AGENT=princess""]","Prime sentence: a cop teaches a cousin .
Event roles: PATIENT=professor; VERB=teach; AGENT=princess
Sentence: the",Sentence: the,first_noun,-4.942368030548096,-3.246265411376953,1.6961026191711426,passive,1.0
898,role_labeled,passive,passive,a cousin is taught by a cop .,a princess teaches a professor .,a professor is taught by a princess .,a,princess,a,professor,teach,teaches,taught,"[""PATIENT=professor"", ""VERB=teach"", ""AGENT=princess""]","Prime sentence: a cousin is taught by a cop .
Event roles: PATIENT=professor; VERB=teach; AGENT=princess
Sentence: the",Sentence: the,first_noun,-5.502703666687012,-4.129308700561523,1.3733949661254883,passive,1.0
898,role_labeled,no_prime_eos,no_prime_eos,,a princess teaches a professor .,a professor is taught by a princess .,a,princess,a,professor,teach,teaches,taught,"[""PATIENT=professor"", ""VERB=teach"", ""AGENT=princess""]","Event roles: PATIENT=professor; VERB=teach; AGENT=princess
Sentence: the",Sentence: the,first_noun,-4.598639965057373,-4.115242004394531,0.4833979606628418,passive,1.0
898,role_labeled,filler,filler,The baker laughed during breakfast .,a princess teaches a professor .,a professor is taught by a princess .,a,princess,a,professor,teach,teaches,taught,"[""PATIENT=professor"", ""VERB=teach"", ""AGENT=princess""]","Prime sentence: The baker laughed during breakfast .
Event roles: PATIENT=professor; VERB=teach; AGENT=princess
Sentence: the",Sentence: the,first_noun,-5.366259574890137,-3.5554616451263428,1.810797929763794,passive,1.0
899,role_labeled,active,active,a doctor comforts an employee .,a scientist comforts a secretary .,a secretary is comforted by a scientist .,a,scientist,a,secretary,comfort,comforts,comforted,"[""AGENT=scientist"", ""VERB=comfort"", ""PATIENT=secretary""]","Prime sentence: a doctor comforts an employee .
Event roles: AGENT=scientist; VERB=comfort; PATIENT=secretary
Sentence: the",Sentence: the,first_noun,-4.290773868560791,-6.055521011352539,-1.764747142791748,active,0.0
899,role_labeled,passive,passive,an employee is comforted by a doctor .,a scientist comforts a secretary .,a secretary is comforted by a scientist .,a,scientist,a,secretary,comfort,comforts,comforted,"[""AGENT=scientist"", ""VERB=comfort"", ""PATIENT=secretary""]","Prime sentence: an employee is comforted by a doctor .
Event roles: AGENT=scientist; VERB=comfort; PATIENT=secretary
Sentence: the",Sentence: the,first_noun,-4.3930511474609375,-5.997396469116211,-1.6043453216552734,active,0.0
899,role_labeled,no_prime_eos,no_prime_eos,,a scientist comforts a secretary .,a secretary is comforted by a scientist .,a,scientist,a,secretary,comfort,comforts,comforted,"[""AGENT=scientist"", ""VERB=comfort"", ""PATIENT=secretary""]","Event roles: AGENT=scientist; VERB=comfort; PATIENT=secretary
Sentence: the",Sentence: the,first_noun,-4.452386379241943,-6.879941940307617,-2.427555561065674,active,0.0
899,role_labeled,filler,filler,The notebook stayed on the shelf .,a scientist comforts a secretary .,a secretary is comforted by a scientist .,a,scientist,a,secretary,comfort,comforts,comforted,"[""AGENT=scientist"", ""VERB=comfort"", ""PATIENT=secretary""]","Prime sentence: The notebook stayed on the shelf .
Event roles: AGENT=scientist; VERB=comfort; PATIENT=secretary
Sentence: the",Sentence: the,first_noun,-4.7429399490356445,-6.446362018585205,-1.7034220695495605,active,0.0
900,role_labeled,active,active,an aunt carries an author .,a mayor carries a minister .,a minister is carried by a mayor .,a,mayor,a,minister,carry,carries,carried,"[""AGENT=mayor"", ""PATIENT=minister"", ""VERB=carry""]","Prime sentence: an aunt carries an author .
Event roles: AGENT=mayor; PATIENT=minister; VERB=carry
Sentence: the",Sentence: the,first_noun,-3.0485000610351562,-4.573240756988525,-1.5247406959533691,active,0.0
900,role_labeled,passive,passive,an author is carried by an aunt .,a mayor carries a minister .,a minister is carried by a mayor .,a,mayor,a,minister,carry,carries,carried,"[""AGENT=mayor"", ""PATIENT=minister"", ""VERB=carry""]","Prime sentence: an author is carried by an aunt .
Event roles: AGENT=mayor; PATIENT=minister; VERB=carry
Sentence: the",Sentence: the,first_noun,-3.2588911056518555,-5.123106956481934,-1.8642158508300781,active,0.0
900,role_labeled,no_prime_eos,no_prime_eos,,a mayor carries a minister .,a minister is carried by a mayor .,a,mayor,a,minister,carry,carries,carried,"[""AGENT=mayor"", ""PATIENT=minister"", ""VERB=carry""]","Event roles: AGENT=mayor; PATIENT=minister; VERB=carry
Sentence: the",Sentence: the,first_noun,-3.0295677185058594,-4.564878940582275,-1.535311222076416,active,0.0
900,role_labeled,filler,filler,The witness paused near the doorway .,a mayor carries a minister .,a minister is carried by a mayor .,a,mayor,a,minister,carry,carries,carried,"[""AGENT=mayor"", ""PATIENT=minister"", ""VERB=carry""]","Prime sentence: The witness paused near the doorway .
Event roles: AGENT=mayor; PATIENT=minister; VERB=carry
Sentence: the",Sentence: the,first_noun,-4.018685340881348,-5.119152069091797,-1.1004667282104492,active,0.0
901,role_labeled,active,active,a father embraces a friend .,a singer embraces a soldier .,a soldier is embraced by a singer .,a,singer,a,soldier,embrac,embraces,embraced,"[""PATIENT=soldier"", ""VERB=embrac"", ""AGENT=singer""]","Prime sentence: a father embraces a friend .
Event roles: PATIENT=soldier; VERB=embrac; AGENT=singer
Sentence: the",Sentence: the,first_noun,-6.721924781799316,-4.04466438293457,2.677260398864746,passive,1.0
901,role_labeled,passive,passive,a friend is embraced by a father .,a singer embraces a soldier .,a soldier is embraced by a singer .,a,singer,a,soldier,embrac,embraces,embraced,"[""PATIENT=soldier"", ""VERB=embrac"", ""AGENT=singer""]","Prime sentence: a friend is embraced by a father .
Event roles: PATIENT=soldier; VERB=embrac; AGENT=singer
Sentence: the",Sentence: the,first_noun,-6.5919599533081055,-3.9081625938415527,2.6837973594665527,passive,1.0
901,role_labeled,no_prime_eos,no_prime_eos,,a singer embraces a soldier .,a soldier is embraced by a singer .,a,singer,a,soldier,embrac,embraces,embraced,"[""PATIENT=soldier"", ""VERB=embrac"", ""AGENT=singer""]","Event roles: PATIENT=soldier; VERB=embrac; AGENT=singer
Sentence: the",Sentence: the,first_noun,-4.937370300292969,-3.6068115234375,1.3305587768554688,passive,1.0
901,role_labeled,filler,filler,The planet shimmered above the valley .,a singer embraces a soldier .,a soldier is embraced by a singer .,a,singer,a,soldier,embrac,embraces,embraced,"[""PATIENT=soldier"", ""VERB=embrac"", ""AGENT=singer""]","Prime sentence: The planet shimmered above the valley .
Event roles: PATIENT=soldier; VERB=embrac; AGENT=singer
Sentence: the",Sentence: the,first_noun,-7.362363338470459,-4.961349964141846,2.4010133743286133,passive,1.0
902,role_labeled,active,active,a wife understands a winner .,a hero understands a husband .,a husband is understood by a hero .,a,hero,a,husband,understand,understands,understood,"[""AGENT=hero"", ""PATIENT=husband"", ""VERB=understand""]","Prime sentence: a wife understands a winner .
Event roles: AGENT=hero; PATIENT=husband; VERB=understand
Sentence: the",Sentence: the,first_noun,-4.851360321044922,-4.183925628662109,0.6674346923828125,passive,1.0
902,role_labeled,passive,passive,a winner is understood by a wife .,a hero understands a husband .,a husband is understood by a hero .,a,hero,a,husband,understand,understands,understood,"[""AGENT=hero"", ""PATIENT=husband"", ""VERB=understand""]","Prime sentence: a winner is understood by a wife .
Event roles: AGENT=hero; PATIENT=husband; VERB=understand
Sentence: the",Sentence: the,first_noun,-4.868015289306641,-4.362460136413574,0.5055551528930664,passive,1.0
902,role_labeled,no_prime_eos,no_prime_eos,,a hero understands a husband .,a husband is understood by a hero .,a,hero,a,husband,understand,understands,understood,"[""AGENT=hero"", ""PATIENT=husband"", ""VERB=understand""]","Event roles: AGENT=hero; PATIENT=husband; VERB=understand
Sentence: the",Sentence: the,first_noun,-3.388428211212158,-4.962490558624268,-1.5740623474121094,active,0.0
902,role_labeled,filler,filler,The teacher listened during assembly .,a hero understands a husband .,a husband is understood by a hero .,a,hero,a,husband,understand,understands,understood,"[""AGENT=hero"", ""PATIENT=husband"", ""VERB=understand""]","Prime sentence: The teacher listened during assembly .
Event roles: AGENT=hero; PATIENT=husband; VERB=understand
Sentence: the",Sentence: the,first_noun,-4.36076021194458,-4.49191951751709,-0.13115930557250977,active,0.0
903,role_labeled,active,active,a bishop punches a boy .,a mother punches a nurse .,a nurse is punched by a mother .,a,mother,a,nurse,punch,punches,punched,"[""AGENT=mother"", ""PATIENT=nurse"", ""VERB=punch""]","Prime sentence: a bishop punches a boy .
Event roles: AGENT=mother; PATIENT=nurse; VERB=punch
Sentence: the",Sentence: the,first_noun,-3.127681255340576,-3.852609872817993,-0.724928617477417,active,0.0
903,role_labeled,passive,passive,a boy is punched by a bishop .,a mother punches a nurse .,a nurse is punched by a mother .,a,mother,a,nurse,punch,punches,punched,"[""AGENT=mother"", ""PATIENT=nurse"", ""VERB=punch""]","Prime sentence: a boy is punched by a bishop .
Event roles: AGENT=mother; PATIENT=nurse; VERB=punch
Sentence: the",Sentence: the,first_noun,-3.608905792236328,-3.889596462249756,-0.28069067001342773,active,0.0
903,role_labeled,no_prime_eos,no_prime_eos,,a mother punches a nurse .,a nurse is punched by a mother .,a,mother,a,nurse,punch,punches,punched,"[""AGENT=mother"", ""PATIENT=nurse"", ""VERB=punch""]","Event roles: AGENT=mother; PATIENT=nurse; VERB=punch
Sentence: the",Sentence: the,first_noun,-3.0612361431121826,-3.1872432231903076,-0.126007080078125,active,0.0
903,role_labeled,filler,filler,The violin echoed in the theater .,a mother punches a nurse .,a nurse is punched by a mother .,a,mother,a,nurse,punch,punches,punched,"[""AGENT=mother"", ""PATIENT=nurse"", ""VERB=punch""]","Prime sentence: The violin echoed in the theater .
Event roles: AGENT=mother; PATIENT=nurse; VERB=punch
Sentence: the",Sentence: the,first_noun,-4.178642272949219,-4.6599531173706055,-0.4813108444213867,active,0.0
904,role_labeled,active,active,a princess bothers a professor .,a colonel bothers a cop .,a cop is bothered by a colonel .,a,colonel,a,cop,bother,bothers,bothered,"[""PATIENT=cop"", ""VERB=bother"", ""AGENT=colonel""]","Prime sentence: a princess bothers a professor .
Event roles: PATIENT=cop; VERB=bother; AGENT=colonel
Sentence: the",Sentence: the,first_noun,-5.3056864738464355,-5.789279460906982,-0.4835929870605469,active,0.0
904,role_labeled,passive,passive,a professor is bothered by a princess .,a colonel bothers a cop .,a cop is bothered by a colonel .,a,colonel,a,cop,bother,bothers,bothered,"[""PATIENT=cop"", ""VERB=bother"", ""AGENT=colonel""]","Prime sentence: a professor is bothered by a princess .
Event roles: PATIENT=cop; VERB=bother; AGENT=colonel
Sentence: the",Sentence: the,first_noun,-4.657622337341309,-5.351801872253418,-0.6941795349121094,active,0.0
904,role_labeled,no_prime_eos,no_prime_eos,,a colonel bothers a cop .,a cop is bothered by a colonel .,a,colonel,a,cop,bother,bothers,bothered,"[""PATIENT=cop"", ""VERB=bother"", ""AGENT=colonel""]","Event roles: PATIENT=cop; VERB=bother; AGENT=colonel
Sentence: the",Sentence: the,first_noun,-5.010078430175781,-5.505731582641602,-0.4956531524658203,active,0.0
904,role_labeled,filler,filler,The sculpture stood in the hallway .,a colonel bothers a cop .,a cop is bothered by a colonel .,a,colonel,a,cop,bother,bothers,bothered,"[""PATIENT=cop"", ""VERB=bother"", ""AGENT=colonel""]","Prime sentence: The sculpture stood in the hallway .
Event roles: PATIENT=cop; VERB=bother; AGENT=colonel
Sentence: the",Sentence: the,first_noun,-5.440673828125,-6.1746978759765625,-0.7340240478515625,active,0.0
905,role_labeled,active,active,a chief judges a child .,a president judges a priest .,a priest is judged by a president .,a,president,a,priest,judg,judges,judged,"[""VERB=judg"", ""AGENT=president"", ""PATIENT=priest""]","Prime sentence: a chief judges a child .
Event roles: VERB=judg; AGENT=president; PATIENT=priest
Sentence: the",Sentence: the,first_noun,-4.421675205230713,-4.687222957611084,-0.2655477523803711,active,0.0
905,role_labeled,passive,passive,a child is judged by a chief .,a president judges a priest .,a priest is judged by a president .,a,president,a,priest,judg,judges,judged,"[""VERB=judg"", ""AGENT=president"", ""PATIENT=priest""]","Prime sentence: a child is judged by a chief .
Event roles: VERB=judg; AGENT=president; PATIENT=priest
Sentence: the",Sentence: the,first_noun,-3.632601499557495,-4.116538047790527,-0.4839365482330322,active,0.0
905,role_labeled,no_prime_eos,no_prime_eos,,a president judges a priest .,a priest is judged by a president .,a,president,a,priest,judg,judges,judged,"[""VERB=judg"", ""AGENT=president"", ""PATIENT=priest""]","Event roles: VERB=judg; AGENT=president; PATIENT=priest
Sentence: the",Sentence: the,first_noun,-4.458331108093262,-4.275100231170654,0.18323087692260742,passive,1.0
905,role_labeled,filler,filler,The tourist wandered through the plaza .,a president judges a priest .,a priest is judged by a president .,a,president,a,priest,judg,judges,judged,"[""VERB=judg"", ""AGENT=president"", ""PATIENT=priest""]","Prime sentence: The tourist wandered through the plaza .
Event roles: VERB=judg; AGENT=president; PATIENT=priest
Sentence: the",Sentence: the,first_noun,-3.7988524436950684,-2.8553338050842285,0.9435186386108398,passive,1.0
906,role_labeled,active,active,a nurse beats an opponent .,a bishop beats a boy .,a boy is beaten by a bishop .,a,bishop,a,boy,beat,beats,beaten,"[""VERB=beat"", ""AGENT=bishop"", ""PATIENT=boy""]","Prime sentence: a nurse beats an opponent .
Event roles: VERB=beat; AGENT=bishop; PATIENT=boy
Sentence: the",Sentence: the,first_noun,-2.6991820335388184,-3.6708006858825684,-0.97161865234375,active,0.0
906,role_labeled,passive,passive,an opponent is beaten by a nurse .,a bishop beats a boy .,a boy is beaten by a bishop .,a,bishop,a,boy,beat,beats,beaten,"[""VERB=beat"", ""AGENT=bishop"", ""PATIENT=boy""]","Prime sentence: an opponent is beaten by a nurse .
Event roles: VERB=beat; AGENT=bishop; PATIENT=boy
Sentence: the",Sentence: the,first_noun,-3.020982503890991,-3.565626382827759,-0.5446438789367676,active,0.0
906,role_labeled,no_prime_eos,no_prime_eos,,a bishop beats a boy .,a boy is beaten by a bishop .,a,bishop,a,boy,beat,beats,beaten,"[""VERB=beat"", ""AGENT=bishop"", ""PATIENT=boy""]","Event roles: VERB=beat; AGENT=bishop; PATIENT=boy
Sentence: the",Sentence: the,first_noun,-4.0498199462890625,-4.5784807205200195,-0.528660774230957,active,0.0
906,role_labeled,filler,filler,The engine cooled before dawn .,a bishop beats a boy .,a boy is beaten by a bishop .,a,bishop,a,boy,beat,beats,beaten,"[""VERB=beat"", ""AGENT=bishop"", ""PATIENT=boy""]","Prime sentence: The engine cooled before dawn .
Event roles: VERB=beat; AGENT=bishop; PATIENT=boy
Sentence: the",Sentence: the,first_noun,-5.09282112121582,-4.53872013092041,0.5541009902954102,passive,1.0
907,role_labeled,active,active,a girl understands a guest .,a son understands a student .,a student is understood by a son .,a,son,a,student,understand,understands,understood,"[""VERB=understand"", ""PATIENT=student"", ""AGENT=son""]","Prime sentence: a girl understands a guest .
Event roles: VERB=understand; PATIENT=student; AGENT=son
Sentence: the",Sentence: the,first_noun,-5.959588050842285,-4.671875953674316,1.2877120971679688,passive,1.0
907,role_labeled,passive,passive,a guest is understood by a girl .,a son understands a student .,a student is understood by a son .,a,son,a,student,understand,understands,understood,"[""VERB=understand"", ""PATIENT=student"", ""AGENT=son""]","Prime sentence: a guest is understood by a girl .
Event roles: VERB=understand; PATIENT=student; AGENT=son
Sentence: the",Sentence: the,first_noun,-5.749332427978516,-4.243646621704102,1.505685806274414,passive,1.0
907,role_labeled,no_prime_eos,no_prime_eos,,a son understands a student .,a student is understood by a son .,a,son,a,student,understand,understands,understood,"[""VERB=understand"", ""PATIENT=student"", ""AGENT=son""]","Event roles: VERB=understand; PATIENT=student; AGENT=son
Sentence: the",Sentence: the,first_noun,-5.338977813720703,-3.50692081451416,1.832056999206543,passive,1.0
907,role_labeled,filler,filler,The painter waited near the doorway .,a son understands a student .,a student is understood by a son .,a,son,a,student,understand,understands,understood,"[""VERB=understand"", ""PATIENT=student"", ""AGENT=son""]","Prime sentence: The painter waited near the doorway .
Event roles: VERB=understand; PATIENT=student; AGENT=son
Sentence: the",Sentence: the,first_noun,-5.266288757324219,-3.846308708190918,1.4199800491333008,passive,1.0
908,role_labeled,active,active,a writer embraces an actor .,a lady embraces a lawyer .,a lawyer is embraced by a lady .,a,lady,a,lawyer,embrac,embraces,embraced,"[""AGENT=lady"", ""PATIENT=lawyer"", ""VERB=embrac""]","Prime sentence: a writer embraces an actor .
Event roles: AGENT=lady; PATIENT=lawyer; VERB=embrac
Sentence: the",Sentence: the,first_noun,-5.895629405975342,-5.814480304718018,0.08114910125732422,passive,1.0
908,role_labeled,passive,passive,an actor is embraced by a writer .,a lady embraces a lawyer .,a lawyer is embraced by a lady .,a,lady,a,lawyer,embrac,embraces,embraced,"[""AGENT=lady"", ""PATIENT=lawyer"", ""VERB=embrac""]","Prime sentence: an actor is embraced by a writer .
Event roles: AGENT=lady; PATIENT=lawyer; VERB=embrac
Sentence: the",Sentence: the,first_noun,-6.115863800048828,-5.668527603149414,0.44733619689941406,passive,1.0
908,role_labeled,no_prime_eos,no_prime_eos,,a lady embraces a lawyer .,a lawyer is embraced by a lady .,a,lady,a,lawyer,embrac,embraces,embraced,"[""AGENT=lady"", ""PATIENT=lawyer"", ""VERB=embrac""]","Event roles: AGENT=lady; PATIENT=lawyer; VERB=embrac
Sentence: the",Sentence: the,first_noun,-5.217673301696777,-5.797856330871582,-0.5801830291748047,active,0.0
908,role_labeled,filler,filler,The violin echoed in the theater .,a lady embraces a lawyer .,a lawyer is embraced by a lady .,a,lady,a,lawyer,embrac,embraces,embraced,"[""AGENT=lady"", ""PATIENT=lawyer"", ""VERB=embrac""]","Prime sentence: The violin echoed in the theater .
Event roles: AGENT=lady; PATIENT=lawyer; VERB=embrac
Sentence: the",Sentence: the,first_noun,-5.189413070678711,-5.579044342041016,-0.3896312713623047,active,0.0
909,role_labeled,active,active,a buddy understands a candidate .,a parent understands a partner .,a partner is understood by a parent .,a,parent,a,partner,understand,understands,understood,"[""VERB=understand"", ""AGENT=parent"", ""PATIENT=partner""]","Prime sentence: a buddy understands a candidate .
Event roles: VERB=understand; AGENT=parent; PATIENT=partner
Sentence: the",Sentence: the,first_noun,-5.639345169067383,-6.034654140472412,-0.3953089714050293,active,0.0
909,role_labeled,passive,passive,a candidate is understood by a buddy .,a parent understands a partner .,a partner is understood by a parent .,a,parent,a,partner,understand,understands,understood,"[""VERB=understand"", ""AGENT=parent"", ""PATIENT=partner""]","Prime sentence: a candidate is understood by a buddy .
Event roles: VERB=understand; AGENT=parent; PATIENT=partner
Sentence: the",Sentence: the,first_noun,-5.454140663146973,-5.819817543029785,-0.3656768798828125,active,0.0
909,role_labeled,no_prime_eos,no_prime_eos,,a parent understands a partner .,a partner is understood by a parent .,a,parent,a,partner,understand,understands,understood,"[""VERB=understand"", ""AGENT=parent"", ""PATIENT=partner""]","Event roles: VERB=understand; AGENT=parent; PATIENT=partner
Sentence: the",Sentence: the,first_noun,-4.933097839355469,-7.062585353851318,-2.1294875144958496,active,0.0
909,role_labeled,filler,filler,The traveler rested beside the river .,a parent understands a partner .,a partner is understood by a parent .,a,parent,a,partner,understand,understands,understood,"[""VERB=understand"", ""AGENT=parent"", ""PATIENT=partner""]","Prime sentence: The traveler rested beside the river .
Event roles: VERB=understand; AGENT=parent; PATIENT=partner
Sentence: the",Sentence: the,first_noun,-7.554475784301758,-8.725862503051758,-1.17138671875,active,0.0
910,role_labeled,active,active,a professor understands a reader .,a cop understands a cousin .,a cousin is understood by a cop .,a,cop,a,cousin,understand,understands,understood,"[""AGENT=cop"", ""VERB=understand"", ""PATIENT=cousin""]","Prime sentence: a professor understands a reader .
Event roles: AGENT=cop; VERB=understand; PATIENT=cousin
Sentence: the",Sentence: the,first_noun,-5.195578098297119,-9.183955192565918,-3.988377094268799,active,0.0
910,role_labeled,passive,passive,a reader is understood by a professor .,a cop understands a cousin .,a cousin is understood by a cop .,a,cop,a,cousin,understand,understands,understood,"[""AGENT=cop"", ""VERB=understand"", ""PATIENT=cousin""]","Prime sentence: a reader is understood by a professor .
Event roles: AGENT=cop; VERB=understand; PATIENT=cousin
Sentence: the",Sentence: the,first_noun,-5.508416652679443,-9.715311050415039,-4.206894397735596,active,0.0
910,role_labeled,no_prime_eos,no_prime_eos,,a cop understands a cousin .,a cousin is understood by a cop .,a,cop,a,cousin,understand,understands,understood,"[""AGENT=cop"", ""VERB=understand"", ""PATIENT=cousin""]","Event roles: AGENT=cop; VERB=understand; PATIENT=cousin
Sentence: the",Sentence: the,first_noun,-5.004185199737549,-9.281794548034668,-4.277609348297119,active,0.0
910,role_labeled,filler,filler,The radio crackled in the attic .,a cop understands a cousin .,a cousin is understood by a cop .,a,cop,a,cousin,understand,understands,understood,"[""AGENT=cop"", ""VERB=understand"", ""PATIENT=cousin""]","Prime sentence: The radio crackled in the attic .
Event roles: AGENT=cop; VERB=understand; PATIENT=cousin
Sentence: the",Sentence: the,first_noun,-5.868442535400391,-8.809080123901367,-2.9406375885009766,active,0.0
911,role_labeled,active,active,a chief hurts a child .,a president hurts a priest .,a priest is hurt by a president .,a,president,a,priest,hurt,hurts,hurt,"[""PATIENT=priest"", ""VERB=hurt"", ""AGENT=president""]","Prime sentence: a chief hurts a child .
Event roles: PATIENT=priest; VERB=hurt; AGENT=president
Sentence: the",Sentence: the,first_noun,-3.7584362030029297,-3.4846954345703125,0.2737407684326172,passive,1.0
911,role_labeled,passive,passive,a child is hurt by a chief .,a president hurts a priest .,a priest is hurt by a president .,a,president,a,priest,hurt,hurts,hurt,"[""PATIENT=priest"", ""VERB=hurt"", ""AGENT=president""]","Prime sentence: a child is hurt by a chief .
Event roles: PATIENT=priest; VERB=hurt; AGENT=president
Sentence: the",Sentence: the,first_noun,-3.478137731552124,-3.5860865116119385,-0.10794878005981445,active,0.0
911,role_labeled,no_prime_eos,no_prime_eos,,a president hurts a priest .,a priest is hurt by a president .,a,president,a,priest,hurt,hurts,hurt,"[""PATIENT=priest"", ""VERB=hurt"", ""AGENT=president""]","Event roles: PATIENT=priest; VERB=hurt; AGENT=president
Sentence: the",Sentence: the,first_noun,-3.8139543533325195,-3.6479547023773193,0.1659996509552002,passive,1.0
911,role_labeled,filler,filler,The baker laughed during breakfast .,a president hurts a priest .,a priest is hurt by a president .,a,president,a,priest,hurt,hurts,hurt,"[""PATIENT=priest"", ""VERB=hurt"", ""AGENT=president""]","Prime sentence: The baker laughed during breakfast .
Event roles: PATIENT=priest; VERB=hurt; AGENT=president
Sentence: the",Sentence: the,first_noun,-2.7943289279937744,-3.7023744583129883,-0.9080455303192139,active,0.0
912,role_labeled,active,active,a colonel selects a cop .,a prince selects a princess .,a princess is selected by a prince .,a,prince,a,princess,select,selects,selected,"[""PATIENT=princess"", ""AGENT=prince"", ""VERB=select""]","Prime sentence: a colonel selects a cop .
Event roles: PATIENT=princess; AGENT=prince; VERB=select
Sentence: the",Sentence: the,first_noun,-2.7826876640319824,-3.4346628189086914,-0.651975154876709,active,0.0
912,role_labeled,passive,passive,a cop is selected by a colonel .,a prince selects a princess .,a princess is selected by a prince .,a,prince,a,princess,select,selects,selected,"[""PATIENT=princess"", ""AGENT=prince"", ""VERB=select""]","Prime sentence: a cop is selected by a colonel .
Event roles: PATIENT=princess; AGENT=prince; VERB=select
Sentence: the",Sentence: the,first_noun,-3.577571392059326,-3.985694408416748,-0.4081230163574219,active,0.0
912,role_labeled,no_prime_eos,no_prime_eos,,a prince selects a princess .,a princess is selected by a prince .,a,prince,a,princess,select,selects,selected,"[""PATIENT=princess"", ""AGENT=prince"", ""VERB=select""]","Event roles: PATIENT=princess; AGENT=prince; VERB=select
Sentence: the",Sentence: the,first_noun,-3.116669178009033,-3.2217555046081543,-0.1050863265991211,active,0.0
912,role_labeled,filler,filler,The garden brightened after rain .,a prince selects a princess .,a princess is selected by a prince .,a,prince,a,princess,select,selects,selected,"[""PATIENT=princess"", ""AGENT=prince"", ""VERB=select""]","Prime sentence: The garden brightened after rain .
Event roles: PATIENT=princess; AGENT=prince; VERB=select
Sentence: the",Sentence: the,first_noun,-5.027962684631348,-4.989443778991699,0.03851890563964844,passive,1.0
913,role_labeled,active,active,a captain follows a champion .,a physician follows a pilot .,a pilot is followed by a physician .,a,physician,a,pilot,follow,follows,followed,"[""PATIENT=pilot"", ""AGENT=physician"", ""VERB=follow""]","Prime sentence: a captain follows a champion .
Event roles: PATIENT=pilot; AGENT=physician; VERB=follow
Sentence: the",Sentence: the,first_noun,-6.001705169677734,-4.332182884216309,1.6695222854614258,passive,1.0
913,role_labeled,passive,passive,a champion is followed by a captain .,a physician follows a pilot .,a pilot is followed by a physician .,a,physician,a,pilot,follow,follows,followed,"[""PATIENT=pilot"", ""AGENT=physician"", ""VERB=follow""]","Prime sentence: a champion is followed by a captain .
Event roles: PATIENT=pilot; AGENT=physician; VERB=follow
Sentence: the",Sentence: the,first_noun,-5.811148643493652,-4.438732624053955,1.3724160194396973,passive,1.0
913,role_labeled,no_prime_eos,no_prime_eos,,a physician follows a pilot .,a pilot is followed by a physician .,a,physician,a,pilot,follow,follows,followed,"[""PATIENT=pilot"", ""AGENT=physician"", ""VERB=follow""]","Event roles: PATIENT=pilot; AGENT=physician; VERB=follow
Sentence: the",Sentence: the,first_noun,-4.56229829788208,-3.2268080711364746,1.3354902267456055,passive,1.0
913,role_labeled,filler,filler,The garden brightened after rain .,a physician follows a pilot .,a pilot is followed by a physician .,a,physician,a,pilot,follow,follows,followed,"[""PATIENT=pilot"", ""AGENT=physician"", ""VERB=follow""]","Prime sentence: The garden brightened after rain .
Event roles: PATIENT=pilot; AGENT=physician; VERB=follow
Sentence: the",Sentence: the,first_noun,-7.421394348144531,-5.702197074890137,1.7191972732543945,passive,1.0
914,role_labeled,active,active,an author grabs a bishop .,a minister grabs a mother .,a mother is grabbed by a minister .,a,minister,a,mother,grab,grabs,grabbed,"[""PATIENT=mother"", ""AGENT=minister"", ""VERB=grab""]","Prime sentence: an author grabs a bishop .
Event roles: PATIENT=mother; AGENT=minister; VERB=grab
Sentence: the",Sentence: the,first_noun,-4.360722064971924,-3.867103099822998,0.4936189651489258,passive,1.0
914,role_labeled,passive,passive,a bishop is grabbed by an author .,a minister grabs a mother .,a mother is grabbed by a minister .,a,minister,a,mother,grab,grabs,grabbed,"[""PATIENT=mother"", ""AGENT=minister"", ""VERB=grab""]","Prime sentence: a bishop is grabbed by an author .
Event roles: PATIENT=mother; AGENT=minister; VERB=grab
Sentence: the",Sentence: the,first_noun,-4.537137031555176,-4.373469829559326,0.1636672019958496,passive,1.0
914,role_labeled,no_prime_eos,no_prime_eos,,a minister grabs a mother .,a mother is grabbed by a minister .,a,minister,a,mother,grab,grabs,grabbed,"[""PATIENT=mother"", ""AGENT=minister"", ""VERB=grab""]","Event roles: PATIENT=mother; AGENT=minister; VERB=grab
Sentence: the",Sentence: the,first_noun,-4.262333393096924,-4.202102184295654,0.06023120880126953,passive,1.0
914,role_labeled,filler,filler,The traveler rested beside the river .,a minister grabs a mother .,a mother is grabbed by a minister .,a,minister,a,mother,grab,grabs,grabbed,"[""PATIENT=mother"", ""AGENT=minister"", ""VERB=grab""]","Prime sentence: The traveler rested beside the river .
Event roles: PATIENT=mother; AGENT=minister; VERB=grab
Sentence: the",Sentence: the,first_noun,-4.986437797546387,-4.630327224731445,0.3561105728149414,passive,1.0
915,role_labeled,active,active,a mayor comforts a minister .,an attorney comforts an aunt .,an aunt is comforted by an attorney .,an,attorney,an,aunt,comfort,comforts,comforted,"[""VERB=comfort"", ""AGENT=attorney"", ""PATIENT=aunt""]","Prime sentence: a mayor comforts a minister .
Event roles: VERB=comfort; AGENT=attorney; PATIENT=aunt
Sentence: the",Sentence: the,first_noun,-6.779329299926758,-7.724523544311523,-0.9451942443847656,active,0.0
915,role_labeled,passive,passive,a minister is comforted by a mayor .,an attorney comforts an aunt .,an aunt is comforted by an attorney .,an,attorney,an,aunt,comfort,comforts,comforted,"[""VERB=comfort"", ""AGENT=attorney"", ""PATIENT=aunt""]","Prime sentence: a minister is comforted by a mayor .
Event roles: VERB=comfort; AGENT=attorney; PATIENT=aunt
Sentence: the",Sentence: the,first_noun,-7.098309516906738,-8.157480239868164,-1.0591707229614258,active,0.0
915,role_labeled,no_prime_eos,no_prime_eos,,an attorney comforts an aunt .,an aunt is comforted by an attorney .,an,attorney,an,aunt,comfort,comforts,comforted,"[""VERB=comfort"", ""AGENT=attorney"", ""PATIENT=aunt""]","Event roles: VERB=comfort; AGENT=attorney; PATIENT=aunt
Sentence: the",Sentence: the,first_noun,-6.357395172119141,-8.684972763061523,-2.327577590942383,active,0.0
915,role_labeled,filler,filler,The sculpture stood in the hallway .,an attorney comforts an aunt .,an aunt is comforted by an attorney .,an,attorney,an,aunt,comfort,comforts,comforted,"[""VERB=comfort"", ""AGENT=attorney"", ""PATIENT=aunt""]","Prime sentence: The sculpture stood in the hallway .
Event roles: VERB=comfort; AGENT=attorney; PATIENT=aunt
Sentence: the",Sentence: the,first_noun,-6.873671531677246,-7.040796279907227,-0.16712474822998047,active,0.0
916,role_labeled,active,active,a colonel judges a cop .,a prince judges a princess .,a princess is judged by a prince .,a,prince,a,princess,judg,judges,judged,"[""AGENT=prince"", ""PATIENT=princess"", ""VERB=judg""]","Prime sentence: a colonel judges a cop .
Event roles: AGENT=prince; PATIENT=princess; VERB=judg
Sentence: the",Sentence: the,first_noun,-3.7975802421569824,-4.900057792663574,-1.1024775505065918,active,0.0
916,role_labeled,passive,passive,a cop is judged by a colonel .,a prince judges a princess .,a princess is judged by a prince .,a,prince,a,princess,judg,judges,judged,"[""AGENT=prince"", ""PATIENT=princess"", ""VERB=judg""]","Prime sentence: a cop is judged by a colonel .
Event roles: AGENT=prince; PATIENT=princess; VERB=judg
Sentence: the",Sentence: the,first_noun,-3.8866114616394043,-4.863544464111328,-0.9769330024719238,active,0.0
916,role_labeled,no_prime_eos,no_prime_eos,,a prince judges a princess .,a princess is judged by a prince .,a,prince,a,princess,judg,judges,judged,"[""AGENT=prince"", ""PATIENT=princess"", ""VERB=judg""]","Event roles: AGENT=prince; PATIENT=princess; VERB=judg
Sentence: the",Sentence: the,first_noun,-3.146188974380493,-3.5049362182617188,-0.3587472438812256,active,0.0
916,role_labeled,filler,filler,The tourist wandered through the plaza .,a prince judges a princess .,a princess is judged by a prince .,a,prince,a,princess,judg,judges,judged,"[""AGENT=prince"", ""PATIENT=princess"", ""VERB=judg""]","Prime sentence: The tourist wandered through the plaza .
Event roles: AGENT=prince; PATIENT=princess; VERB=judg
Sentence: the",Sentence: the,first_noun,-3.1128413677215576,-3.2698447704315186,-0.15700340270996094,active,0.0
917,role_labeled,active,active,a brother drags a buddy .,an opponent drags a parent .,a parent is dragged by an opponent .,an,opponent,a,parent,drag,drags,dragged,"[""PATIENT=parent"", ""AGENT=opponent"", ""VERB=drag""]","Prime sentence: a brother drags a buddy .
Event roles: PATIENT=parent; AGENT=opponent; VERB=drag
Sentence: the",Sentence: the,first_noun,-7.035844802856445,-5.663265228271484,1.372579574584961,passive,1.0
917,role_labeled,passive,passive,a buddy is dragged by a brother .,an opponent drags a parent .,a parent is dragged by an opponent .,an,opponent,a,parent,drag,drags,dragged,"[""PATIENT=parent"", ""AGENT=opponent"", ""VERB=drag""]","Prime sentence: a buddy is dragged by a brother .
Event roles: PATIENT=parent; AGENT=opponent; VERB=drag
Sentence: the",Sentence: the,first_noun,-6.076388359069824,-5.5216851234436035,0.5547032356262207,passive,1.0
917,role_labeled,no_prime_eos,no_prime_eos,,an opponent drags a parent .,a parent is dragged by an opponent .,an,opponent,a,parent,drag,drags,dragged,"[""PATIENT=parent"", ""AGENT=opponent"", ""VERB=drag""]","Event roles: PATIENT=parent; AGENT=opponent; VERB=drag
Sentence: the",Sentence: the,first_noun,-4.946647644042969,-5.677355766296387,-0.730708122253418,active,0.0
917,role_labeled,filler,filler,The notebook stayed on the shelf .,an opponent drags a parent .,a parent is dragged by an opponent .,an,opponent,a,parent,drag,drags,dragged,"[""PATIENT=parent"", ""AGENT=opponent"", ""VERB=drag""]","Prime sentence: The notebook stayed on the shelf .
Event roles: PATIENT=parent; AGENT=opponent; VERB=drag
Sentence: the",Sentence: the,first_noun,-8.303114891052246,-5.775769233703613,2.527345657348633,passive,1.0
918,role_labeled,active,active,a student judges a teacher .,a girl judges a guest .,a guest is judged by a girl .,a,girl,a,guest,judg,judges,judged,"[""VERB=judg"", ""PATIENT=guest"", ""AGENT=girl""]","Prime sentence: a student judges a teacher .
Event roles: VERB=judg; PATIENT=guest; AGENT=girl
Sentence: the",Sentence: the,first_noun,-2.8299877643585205,-6.333502769470215,-3.5035150051116943,active,0.0
918,role_labeled,passive,passive,a teacher is judged by a student .,a girl judges a guest .,a guest is judged by a girl .,a,girl,a,guest,judg,judges,judged,"[""VERB=judg"", ""PATIENT=guest"", ""AGENT=girl""]","Prime sentence: a teacher is judged by a student .
Event roles: VERB=judg; PATIENT=guest; AGENT=girl
Sentence: the",Sentence: the,first_noun,-3.0234460830688477,-6.728072166442871,-3.7046260833740234,active,0.0
918,role_labeled,no_prime_eos,no_prime_eos,,a girl judges a guest .,a guest is judged by a girl .,a,girl,a,guest,judg,judges,judged,"[""VERB=judg"", ""PATIENT=guest"", ""AGENT=girl""]","Event roles: VERB=judg; PATIENT=guest; AGENT=girl
Sentence: the",Sentence: the,first_noun,-3.2002944946289062,-6.076709747314453,-2.876415252685547,active,0.0
918,role_labeled,filler,filler,The baker laughed during breakfast .,a girl judges a guest .,a guest is judged by a girl .,a,girl,a,guest,judg,judges,judged,"[""VERB=judg"", ""PATIENT=guest"", ""AGENT=girl""]","Prime sentence: The baker laughed during breakfast .
Event roles: VERB=judg; PATIENT=guest; AGENT=girl
Sentence: the",Sentence: the,first_noun,-3.2007980346679688,-5.669676780700684,-2.468878746032715,active,0.0
919,role_labeled,active,active,a mother kills a nurse .,an author kills a bishop .,a bishop is killed by an author .,an,author,a,bishop,kill,kills,killed,"[""AGENT=author"", ""PATIENT=bishop"", ""VERB=kill""]","Prime sentence: a mother kills a nurse .
Event roles: AGENT=author; PATIENT=bishop; VERB=kill
Sentence: the",Sentence: the,first_noun,-5.70555305480957,-3.7314529418945312,1.974100112915039,passive,1.0
919,role_labeled,passive,passive,a nurse is killed by a mother .,an author kills a bishop .,a bishop is killed by an author .,an,author,a,bishop,kill,kills,killed,"[""AGENT=author"", ""PATIENT=bishop"", ""VERB=kill""]","Prime sentence: a nurse is killed by a mother .
Event roles: AGENT=author; PATIENT=bishop; VERB=kill
Sentence: the",Sentence: the,first_noun,-5.083181858062744,-3.4998247623443604,1.5833570957183838,passive,1.0
919,role_labeled,no_prime_eos,no_prime_eos,,an author kills a bishop .,a bishop is killed by an author .,an,author,a,bishop,kill,kills,killed,"[""AGENT=author"", ""PATIENT=bishop"", ""VERB=kill""]","Event roles: AGENT=author; PATIENT=bishop; VERB=kill
Sentence: the",Sentence: the,first_noun,-4.224728584289551,-3.8065295219421387,0.4181990623474121,passive,1.0
919,role_labeled,filler,filler,The tourist wandered through the plaza .,an author kills a bishop .,a bishop is killed by an author .,an,author,a,bishop,kill,kills,killed,"[""AGENT=author"", ""PATIENT=bishop"", ""VERB=kill""]","Prime sentence: The tourist wandered through the plaza .
Event roles: AGENT=author; PATIENT=bishop; VERB=kill
Sentence: the",Sentence: the,first_noun,-6.822421073913574,-4.453524589538574,2.368896484375,passive,1.0
920,role_labeled,active,active,a boy surprises a brother .,a nurse surprises an opponent .,an opponent is surprised by a nurse .,a,nurse,an,opponent,surpris,surprises,surprised,"[""VERB=surpris"", ""AGENT=nurse"", ""PATIENT=opponent""]","Prime sentence: a boy surprises a brother .
Event roles: VERB=surpris; AGENT=nurse; PATIENT=opponent
Sentence: the",Sentence: the,first_noun,-4.696673393249512,-6.884930610656738,-2.1882572174072266,active,0.0
920,role_labeled,passive,passive,a brother is surprised by a boy .,a nurse surprises an opponent .,an opponent is surprised by a nurse .,a,nurse,an,opponent,surpris,surprises,surprised,"[""VERB=surpris"", ""AGENT=nurse"", ""PATIENT=opponent""]","Prime sentence: a brother is surprised by a boy .
Event roles: VERB=surpris; AGENT=nurse; PATIENT=opponent
Sentence: the",Sentence: the,first_noun,-4.694699764251709,-6.993904113769531,-2.2992043495178223,active,0.0
920,role_labeled,no_prime_eos,no_prime_eos,,a nurse surprises an opponent .,an opponent is surprised by a nurse .,a,nurse,an,opponent,surpris,surprises,surprised,"[""VERB=surpris"", ""AGENT=nurse"", ""PATIENT=opponent""]","Event roles: VERB=surpris; AGENT=nurse; PATIENT=opponent
Sentence: the",Sentence: the,first_noun,-4.736964225769043,-5.0353288650512695,-0.29836463928222656,active,0.0
920,role_labeled,filler,filler,The captain waited beside the harbor .,a nurse surprises an opponent .,an opponent is surprised by a nurse .,a,nurse,an,opponent,surpris,surprises,surprised,"[""VERB=surpris"", ""AGENT=nurse"", ""PATIENT=opponent""]","Prime sentence: The captain waited beside the harbor .
Event roles: VERB=surpris; AGENT=nurse; PATIENT=opponent
Sentence: the",Sentence: the,first_noun,-4.8764872550964355,-6.75363826751709,-1.8771510124206543,active,0.0
921,role_labeled,active,active,an author raises a bishop .,a minister raises a mother .,a mother is raised by a minister .,a,minister,a,mother,rais,raises,raised,"[""PATIENT=mother"", ""VERB=rais"", ""AGENT=minister""]","Prime sentence: an author raises a bishop .
Event roles: PATIENT=mother; VERB=rais; AGENT=minister
Sentence: the",Sentence: the,first_noun,-4.878838062286377,-3.8274078369140625,1.0514302253723145,passive,1.0
921,role_labeled,passive,passive,a bishop is raised by an author .,a minister raises a mother .,a mother is raised by a minister .,a,minister,a,mother,rais,raises,raised,"[""PATIENT=mother"", ""VERB=rais"", ""AGENT=minister""]","Prime sentence: a bishop is raised by an author .
Event roles: PATIENT=mother; VERB=rais; AGENT=minister
Sentence: the",Sentence: the,first_noun,-5.135308742523193,-4.325446605682373,0.8098621368408203,passive,1.0
921,role_labeled,no_prime_eos,no_prime_eos,,a minister raises a mother .,a mother is raised by a minister .,a,minister,a,mother,rais,raises,raised,"[""PATIENT=mother"", ""VERB=rais"", ""AGENT=minister""]","Event roles: PATIENT=mother; VERB=rais; AGENT=minister
Sentence: the",Sentence: the,first_noun,-4.852262020111084,-3.6816511154174805,1.1706109046936035,passive,1.0
921,role_labeled,filler,filler,The market opened after sunrise .,a minister raises a mother .,a mother is raised by a minister .,a,minister,a,mother,rais,raises,raised,"[""PATIENT=mother"", ""VERB=rais"", ""AGENT=minister""]","Prime sentence: The market opened after sunrise .
Event roles: PATIENT=mother; VERB=rais; AGENT=minister
Sentence: the",Sentence: the,first_noun,-5.873598098754883,-5.072071552276611,0.8015265464782715,passive,1.0
922,role_labeled,active,active,a guy bothers a hero .,a teacher bothers an uncle .,an uncle is bothered by a teacher .,a,teacher,an,uncle,bother,bothers,bothered,"[""AGENT=teacher"", ""VERB=bother"", ""PATIENT=uncle""]","Prime sentence: a guy bothers a hero .
Event roles: AGENT=teacher; VERB=bother; PATIENT=uncle
Sentence: the",Sentence: the,first_noun,-4.019585609436035,-7.237785816192627,-3.218200206756592,active,0.0
922,role_labeled,passive,passive,a hero is bothered by a guy .,a teacher bothers an uncle .,an uncle is bothered by a teacher .,a,teacher,an,uncle,bother,bothers,bothered,"[""AGENT=teacher"", ""VERB=bother"", ""PATIENT=uncle""]","Prime sentence: a hero is bothered by a guy .
Event roles: AGENT=teacher; VERB=bother; PATIENT=uncle
Sentence: the",Sentence: the,first_noun,-4.228458881378174,-7.35243034362793,-3.123971462249756,active,0.0
922,role_labeled,no_prime_eos,no_prime_eos,,a teacher bothers an uncle .,an uncle is bothered by a teacher .,a,teacher,an,uncle,bother,bothers,bothered,"[""AGENT=teacher"", ""VERB=bother"", ""PATIENT=uncle""]","Event roles: AGENT=teacher; VERB=bother; PATIENT=uncle
Sentence: the",Sentence: the,first_noun,-2.772413969039917,-7.819546699523926,-5.047132730484009,active,0.0
922,role_labeled,filler,filler,The signal flickered across the screen .,a teacher bothers an uncle .,an uncle is bothered by a teacher .,a,teacher,an,uncle,bother,bothers,bothered,"[""AGENT=teacher"", ""VERB=bother"", ""PATIENT=uncle""]","Prime sentence: The signal flickered across the screen .
Event roles: AGENT=teacher; VERB=bother; PATIENT=uncle
Sentence: the",Sentence: the,first_noun,-2.668091058731079,-8.140419006347656,-5.472327947616577,active,0.0
923,role_labeled,active,active,a reader washes a scientist .,a cousin washes a daughter .,a daughter is washed by a cousin .,a,cousin,a,daughter,wash,washes,washed,"[""PATIENT=daughter"", ""VERB=wash"", ""AGENT=cousin""]","Prime sentence: a reader washes a scientist .
Event roles: PATIENT=daughter; VERB=wash; AGENT=cousin
Sentence: the",Sentence: the,first_noun,-7.593594551086426,-4.1307549476623535,3.4628396034240723,passive,1.0
923,role_labeled,passive,passive,a scientist is washed by a reader .,a cousin washes a daughter .,a daughter is washed by a cousin .,a,cousin,a,daughter,wash,washes,washed,"[""PATIENT=daughter"", ""VERB=wash"", ""AGENT=cousin""]","Prime sentence: a scientist is washed by a reader .
Event roles: PATIENT=daughter; VERB=wash; AGENT=cousin
Sentence: the",Sentence: the,first_noun,-8.121736526489258,-4.676457405090332,3.445279121398926,passive,1.0
923,role_labeled,no_prime_eos,no_prime_eos,,a cousin washes a daughter .,a daughter is washed by a cousin .,a,cousin,a,daughter,wash,washes,washed,"[""PATIENT=daughter"", ""VERB=wash"", ""AGENT=cousin""]","Event roles: PATIENT=daughter; VERB=wash; AGENT=cousin
Sentence: the",Sentence: the,first_noun,-7.582932949066162,-3.680957794189453,3.901975154876709,passive,1.0
923,role_labeled,filler,filler,The witness paused near the doorway .,a cousin washes a daughter .,a daughter is washed by a cousin .,a,cousin,a,daughter,wash,washes,washed,"[""PATIENT=daughter"", ""VERB=wash"", ""AGENT=cousin""]","Prime sentence: The witness paused near the doorway .
Event roles: PATIENT=daughter; VERB=wash; AGENT=cousin
Sentence: the",Sentence: the,first_noun,-7.14204216003418,-4.7679548263549805,2.374087333679199,passive,1.0
924,role_labeled,active,active,a father drags a friend .,a singer drags a soldier .,a soldier is dragged by a singer .,a,singer,a,soldier,drag,drags,dragged,"[""VERB=drag"", ""PATIENT=soldier"", ""AGENT=singer""]","Prime sentence: a father drags a friend .
Event roles: VERB=drag; PATIENT=soldier; AGENT=singer
Sentence: the",Sentence: the,first_noun,-6.2269487380981445,-3.6070961952209473,2.6198525428771973,passive,1.0
924,role_labeled,passive,passive,a friend is dragged by a father .,a singer drags a soldier .,a soldier is dragged by a singer .,a,singer,a,soldier,drag,drags,dragged,"[""VERB=drag"", ""PATIENT=soldier"", ""AGENT=singer""]","Prime sentence: a friend is dragged by a father .
Event roles: VERB=drag; PATIENT=soldier; AGENT=singer
Sentence: the",Sentence: the,first_noun,-5.974184513092041,-3.399796485900879,2.574388027191162,passive,1.0
924,role_labeled,no_prime_eos,no_prime_eos,,a singer drags a soldier .,a soldier is dragged by a singer .,a,singer,a,soldier,drag,drags,dragged,"[""VERB=drag"", ""PATIENT=soldier"", ""AGENT=singer""]","Event roles: VERB=drag; PATIENT=soldier; AGENT=singer
Sentence: the",Sentence: the,first_noun,-5.504557132720947,-4.3333740234375,1.1711831092834473,passive,1.0
924,role_labeled,filler,filler,The sculpture stood in the hallway .,a singer drags a soldier .,a soldier is dragged by a singer .,a,singer,a,soldier,drag,drags,dragged,"[""VERB=drag"", ""PATIENT=soldier"", ""AGENT=singer""]","Prime sentence: The sculpture stood in the hallway .
Event roles: VERB=drag; PATIENT=soldier; AGENT=singer
Sentence: the",Sentence: the,first_noun,-6.4305338859558105,-3.6058616638183594,2.824672222137451,passive,1.0
925,role_labeled,active,active,a girl judges a guest .,a son judges a student .,a student is judged by a son .,a,son,a,student,judg,judges,judged,"[""PATIENT=student"", ""VERB=judg"", ""AGENT=son""]","Prime sentence: a girl judges a guest .
Event roles: PATIENT=student; VERB=judg; AGENT=son
Sentence: the",Sentence: the,first_noun,-5.296677589416504,-4.052180290222168,1.244497299194336,passive,1.0
925,role_labeled,passive,passive,a guest is judged by a girl .,a son judges a student .,a student is judged by a son .,a,son,a,student,judg,judges,judged,"[""PATIENT=student"", ""VERB=judg"", ""AGENT=son""]","Prime sentence: a guest is judged by a girl .
Event roles: PATIENT=student; VERB=judg; AGENT=son
Sentence: the",Sentence: the,first_noun,-5.1298441886901855,-3.147212028503418,1.9826321601867676,passive,1.0
925,role_labeled,no_prime_eos,no_prime_eos,,a son judges a student .,a student is judged by a son .,a,son,a,student,judg,judges,judged,"[""PATIENT=student"", ""VERB=judg"", ""AGENT=son""]","Event roles: PATIENT=student; VERB=judg; AGENT=son
Sentence: the",Sentence: the,first_noun,-4.696587562561035,-2.983579397201538,1.713008165359497,passive,1.0
925,role_labeled,filler,filler,The planet shimmered above the valley .,a son judges a student .,a student is judged by a son .,a,son,a,student,judg,judges,judged,"[""PATIENT=student"", ""VERB=judg"", ""AGENT=son""]","Prime sentence: The planet shimmered above the valley .
Event roles: PATIENT=student; VERB=judg; AGENT=son
Sentence: the",Sentence: the,first_noun,-5.99957275390625,-4.977750778198242,1.0218219757080078,passive,1.0
926,role_labeled,active,active,an adult teaches an attorney .,a man teaches a manager .,a manager is taught by a man .,a,man,a,manager,teach,teaches,taught,"[""AGENT=man"", ""PATIENT=manager"", ""VERB=teach""]","Prime sentence: an adult teaches an attorney .
Event roles: AGENT=man; PATIENT=manager; VERB=teach
Sentence: the",Sentence: the,first_noun,-4.24453592300415,-4.760684013366699,-0.5161480903625488,active,0.0
926,role_labeled,passive,passive,an attorney is taught by an adult .,a man teaches a manager .,a manager is taught by a man .,a,man,a,manager,teach,teaches,taught,"[""AGENT=man"", ""PATIENT=manager"", ""VERB=teach""]","Prime sentence: an attorney is taught by an adult .
Event roles: AGENT=man; PATIENT=manager; VERB=teach
Sentence: the",Sentence: the,first_noun,-4.621342658996582,-5.314568519592285,-0.6932258605957031,active,0.0
926,role_labeled,no_prime_eos,no_prime_eos,,a man teaches a manager .,a manager is taught by a man .,a,man,a,manager,teach,teaches,taught,"[""AGENT=man"", ""PATIENT=manager"", ""VERB=teach""]","Event roles: AGENT=man; PATIENT=manager; VERB=teach
Sentence: the",Sentence: the,first_noun,-3.4596827030181885,-4.46475887298584,-1.0050761699676514,active,0.0
926,role_labeled,filler,filler,The violin echoed in the theater .,a man teaches a manager .,a manager is taught by a man .,a,man,a,manager,teach,teaches,taught,"[""AGENT=man"", ""PATIENT=manager"", ""VERB=teach""]","Prime sentence: The violin echoed in the theater .
Event roles: AGENT=man; PATIENT=manager; VERB=teach
Sentence: the",Sentence: the,first_noun,-4.2267560958862305,-5.519680023193359,-1.292923927307129,active,0.0
927,role_labeled,active,active,a professor protects a reader .,a cop protects a cousin .,a cousin is protected by a cop .,a,cop,a,cousin,protect,protects,protected,"[""PATIENT=cousin"", ""AGENT=cop"", ""VERB=protect""]","Prime sentence: a professor protects a reader .
Event roles: PATIENT=cousin; AGENT=cop; VERB=protect
Sentence: the",Sentence: the,first_noun,-4.7567291259765625,-8.42300033569336,-3.666271209716797,active,0.0
927,role_labeled,passive,passive,a reader is protected by a professor .,a cop protects a cousin .,a cousin is protected by a cop .,a,cop,a,cousin,protect,protects,protected,"[""PATIENT=cousin"", ""AGENT=cop"", ""VERB=protect""]","Prime sentence: a reader is protected by a professor .
Event roles: PATIENT=cousin; AGENT=cop; VERB=protect
Sentence: the",Sentence: the,first_noun,-5.144516944885254,-8.652278900146484,-3.5077619552612305,active,0.0
927,role_labeled,no_prime_eos,no_prime_eos,,a cop protects a cousin .,a cousin is protected by a cop .,a,cop,a,cousin,protect,protects,protected,"[""PATIENT=cousin"", ""AGENT=cop"", ""VERB=protect""]","Event roles: PATIENT=cousin; AGENT=cop; VERB=protect
Sentence: the",Sentence: the,first_noun,-5.0892205238342285,-8.697237014770508,-3.6080164909362793,active,0.0
927,role_labeled,filler,filler,The teacher listened during assembly .,a cop protects a cousin .,a cousin is protected by a cop .,a,cop,a,cousin,protect,protects,protected,"[""PATIENT=cousin"", ""AGENT=cop"", ""VERB=protect""]","Prime sentence: The teacher listened during assembly .
Event roles: PATIENT=cousin; AGENT=cop; VERB=protect
Sentence: the",Sentence: the,first_noun,-4.534041404724121,-6.744479656219482,-2.2104382514953613,active,0.0
928,role_labeled,active,active,a prince teaches a princess .,a child teaches a colonel .,a colonel is taught by a child .,a,child,a,colonel,teach,teaches,taught,"[""PATIENT=colonel"", ""VERB=teach"", ""AGENT=child""]","Prime sentence: a prince teaches a princess .
Event roles: PATIENT=colonel; VERB=teach; AGENT=child
Sentence: the",Sentence: the,first_noun,-4.3512067794799805,-5.061166286468506,-0.7099595069885254,active,0.0
928,role_labeled,passive,passive,a princess is taught by a prince .,a child teaches a colonel .,a colonel is taught by a child .,a,child,a,colonel,teach,teaches,taught,"[""PATIENT=colonel"", ""VERB=teach"", ""AGENT=child""]","Prime sentence: a princess is taught by a prince .
Event roles: PATIENT=colonel; VERB=teach; AGENT=child
Sentence: the",Sentence: the,first_noun,-4.554595947265625,-5.438613414764404,-0.8840174674987793,active,0.0
928,role_labeled,no_prime_eos,no_prime_eos,,a child teaches a colonel .,a colonel is taught by a child .,a,child,a,colonel,teach,teaches,taught,"[""PATIENT=colonel"", ""VERB=teach"", ""AGENT=child""]","Event roles: PATIENT=colonel; VERB=teach; AGENT=child
Sentence: the",Sentence: the,first_noun,-3.753333568572998,-4.930308818817139,-1.1769752502441406,active,0.0
928,role_labeled,filler,filler,The market opened after sunrise .,a child teaches a colonel .,a colonel is taught by a child .,a,child,a,colonel,teach,teaches,taught,"[""PATIENT=colonel"", ""VERB=teach"", ""AGENT=child""]","Prime sentence: The market opened after sunrise .
Event roles: PATIENT=colonel; VERB=teach; AGENT=child
Sentence: the",Sentence: the,first_noun,-5.296468257904053,-6.225682735443115,-0.9292144775390625,active,0.0
929,role_labeled,active,active,a boy raises a brother .,a nurse raises an opponent .,an opponent is raised by a nurse .,a,nurse,an,opponent,rais,raises,raised,"[""AGENT=nurse"", ""PATIENT=opponent"", ""VERB=rais""]","Prime sentence: a boy raises a brother .
Event roles: AGENT=nurse; PATIENT=opponent; VERB=rais
Sentence: the",Sentence: the,first_noun,-3.465221643447876,-7.113284111022949,-3.6480624675750732,active,0.0
929,role_labeled,passive,passive,a brother is raised by a boy .,a nurse raises an opponent .,an opponent is raised by a nurse .,a,nurse,an,opponent,rais,raises,raised,"[""AGENT=nurse"", ""PATIENT=opponent"", ""VERB=rais""]","Prime sentence: a brother is raised by a boy .
Event roles: AGENT=nurse; PATIENT=opponent; VERB=rais
Sentence: the",Sentence: the,first_noun,-3.7471923828125,-7.030790328979492,-3.283597946166992,active,0.0
929,role_labeled,no_prime_eos,no_prime_eos,,a nurse raises an opponent .,an opponent is raised by a nurse .,a,nurse,an,opponent,rais,raises,raised,"[""AGENT=nurse"", ""PATIENT=opponent"", ""VERB=rais""]","Event roles: AGENT=nurse; PATIENT=opponent; VERB=rais
Sentence: the",Sentence: the,first_noun,-3.806063413619995,-4.864864349365234,-1.0588009357452393,active,0.0
929,role_labeled,filler,filler,The jacket hung behind the chair .,a nurse raises an opponent .,an opponent is raised by a nurse .,a,nurse,an,opponent,rais,raises,raised,"[""AGENT=nurse"", ""PATIENT=opponent"", ""VERB=rais""]","Prime sentence: The jacket hung behind the chair .
Event roles: AGENT=nurse; PATIENT=opponent; VERB=rais
Sentence: the",Sentence: the,first_noun,-3.435335397720337,-6.873675346374512,-3.438339948654175,active,0.0
930,role_labeled,active,active,a secretary embraces a sheriff .,a doctor embraces an employee .,an employee is embraced by a doctor .,a,doctor,an,employee,embrac,embraces,embraced,"[""PATIENT=employee"", ""VERB=embrac"", ""AGENT=doctor""]","Prime sentence: a secretary embraces a sheriff .
Event roles: PATIENT=employee; VERB=embrac; AGENT=doctor
Sentence: the",Sentence: the,first_noun,-3.4028849601745605,-5.3823466300964355,-1.979461669921875,active,0.0
930,role_labeled,passive,passive,a sheriff is embraced by a secretary .,a doctor embraces an employee .,an employee is embraced by a doctor .,a,doctor,an,employee,embrac,embraces,embraced,"[""PATIENT=employee"", ""VERB=embrac"", ""AGENT=doctor""]","Prime sentence: a sheriff is embraced by a secretary .
Event roles: PATIENT=employee; VERB=embrac; AGENT=doctor
Sentence: the",Sentence: the,first_noun,-3.49497127532959,-5.171149730682373,-1.6761784553527832,active,0.0
930,role_labeled,no_prime_eos,no_prime_eos,,a doctor embraces an employee .,an employee is embraced by a doctor .,a,doctor,an,employee,embrac,embraces,embraced,"[""PATIENT=employee"", ""VERB=embrac"", ""AGENT=doctor""]","Event roles: PATIENT=employee; VERB=embrac; AGENT=doctor
Sentence: the",Sentence: the,first_noun,-3.088460922241211,-4.4394097328186035,-1.3509488105773926,active,0.0
930,role_labeled,filler,filler,The baker laughed during breakfast .,a doctor embraces an employee .,an employee is embraced by a doctor .,a,doctor,an,employee,embrac,embraces,embraced,"[""PATIENT=employee"", ""VERB=embrac"", ""AGENT=doctor""]","Prime sentence: The baker laughed during breakfast .
Event roles: PATIENT=employee; VERB=embrac; AGENT=doctor
Sentence: the",Sentence: the,first_noun,-2.503993034362793,-5.058939456939697,-2.5549464225769043,active,0.0
931,role_labeled,active,active,a writer judges an actor .,a lady judges a lawyer .,a lawyer is judged by a lady .,a,lady,a,lawyer,judg,judges,judged,"[""AGENT=lady"", ""PATIENT=lawyer"", ""VERB=judg""]","Prime sentence: a writer judges an actor .
Event roles: AGENT=lady; PATIENT=lawyer; VERB=judg
Sentence: the",Sentence: the,first_noun,-5.830963611602783,-5.376418590545654,0.4545450210571289,passive,1.0
931,role_labeled,passive,passive,an actor is judged by a writer .,a lady judges a lawyer .,a lawyer is judged by a lady .,a,lady,a,lawyer,judg,judges,judged,"[""AGENT=lady"", ""PATIENT=lawyer"", ""VERB=judg""]","Prime sentence: an actor is judged by a writer .
Event roles: AGENT=lady; PATIENT=lawyer; VERB=judg
Sentence: the",Sentence: the,first_noun,-6.271177291870117,-5.363714218139648,0.9074630737304688,passive,1.0
931,role_labeled,no_prime_eos,no_prime_eos,,a lady judges a lawyer .,a lawyer is judged by a lady .,a,lady,a,lawyer,judg,judges,judged,"[""AGENT=lady"", ""PATIENT=lawyer"", ""VERB=judg""]","Event roles: AGENT=lady; PATIENT=lawyer; VERB=judg
Sentence: the",Sentence: the,first_noun,-5.041919708251953,-5.512162685394287,-0.470242977142334,active,0.0
931,role_labeled,filler,filler,The traveler rested beside the river .,a lady judges a lawyer .,a lawyer is judged by a lady .,a,lady,a,lawyer,judg,judges,judged,"[""AGENT=lady"", ""PATIENT=lawyer"", ""VERB=judg""]","Prime sentence: The traveler rested beside the river .
Event roles: AGENT=lady; PATIENT=lawyer; VERB=judg
Sentence: the",Sentence: the,first_noun,-3.953357696533203,-5.215260028839111,-1.2619023323059082,active,0.0
932,role_labeled,active,active,an author kisses a bishop .,a minister kisses a mother .,a mother is kissed by a minister .,a,minister,a,mother,kiss,kisses,kissed,"[""AGENT=minister"", ""PATIENT=mother"", ""VERB=kiss""]","Prime sentence: an author kisses a bishop .
Event roles: AGENT=minister; PATIENT=mother; VERB=kiss
Sentence: the",Sentence: the,first_noun,-4.446906089782715,-5.089266777038574,-0.6423606872558594,active,0.0
932,role_labeled,passive,passive,a bishop is kissed by an author .,a minister kisses a mother .,a mother is kissed by a minister .,a,minister,a,mother,kiss,kisses,kissed,"[""AGENT=minister"", ""PATIENT=mother"", ""VERB=kiss""]","Prime sentence: a bishop is kissed by an author .
Event roles: AGENT=minister; PATIENT=mother; VERB=kiss
Sentence: the",Sentence: the,first_noun,-4.290036201477051,-4.927382469177246,-0.6373462677001953,active,0.0
932,role_labeled,no_prime_eos,no_prime_eos,,a minister kisses a mother .,a mother is kissed by a minister .,a,minister,a,mother,kiss,kisses,kissed,"[""AGENT=minister"", ""PATIENT=mother"", ""VERB=kiss""]","Event roles: AGENT=minister; PATIENT=mother; VERB=kiss
Sentence: the",Sentence: the,first_noun,-4.485077381134033,-3.9786620140075684,0.5064153671264648,passive,1.0
932,role_labeled,filler,filler,The package arrived before noon .,a minister kisses a mother .,a mother is kissed by a minister .,a,minister,a,mother,kiss,kisses,kissed,"[""AGENT=minister"", ""PATIENT=mother"", ""VERB=kiss""]","Prime sentence: The package arrived before noon .
Event roles: AGENT=minister; PATIENT=mother; VERB=kiss
Sentence: the",Sentence: the,first_noun,-5.319870948791504,-4.4054412841796875,0.9144296646118164,passive,1.0
933,role_labeled,active,active,a woman asks a worker .,a kid asks a king .,a king is asked by a kid .,a,kid,a,king,ask,asks,asked,"[""AGENT=kid"", ""VERB=ask"", ""PATIENT=king""]","Prime sentence: a woman asks a worker .
Event roles: AGENT=kid; VERB=ask; PATIENT=king
Sentence: the",Sentence: the,first_noun,-4.774298667907715,-3.7491705417633057,1.0251281261444092,passive,1.0
933,role_labeled,passive,passive,a worker is asked by a woman .,a kid asks a king .,a king is asked by a kid .,a,kid,a,king,ask,asks,asked,"[""AGENT=kid"", ""VERB=ask"", ""PATIENT=king""]","Prime sentence: a worker is asked by a woman .
Event roles: AGENT=kid; VERB=ask; PATIENT=king
Sentence: the",Sentence: the,first_noun,-4.854269504547119,-3.3929250240325928,1.4613444805145264,passive,1.0
933,role_labeled,no_prime_eos,no_prime_eos,,a kid asks a king .,a king is asked by a kid .,a,kid,a,king,ask,asks,asked,"[""AGENT=kid"", ""VERB=ask"", ""PATIENT=king""]","Event roles: AGENT=kid; VERB=ask; PATIENT=king
Sentence: the",Sentence: the,first_noun,-5.529949188232422,-3.9118144512176514,1.6181347370147705,passive,1.0
933,role_labeled,filler,filler,The blanket dried on the line .,a kid asks a king .,a king is asked by a kid .,a,kid,a,king,ask,asks,asked,"[""AGENT=kid"", ""VERB=ask"", ""PATIENT=king""]","Prime sentence: The blanket dried on the line .
Event roles: AGENT=kid; VERB=ask; PATIENT=king
Sentence: the",Sentence: the,first_noun,-5.080686569213867,-4.842472076416016,0.23821449279785156,passive,1.0
934,role_labeled,active,active,a girl surprises a guest .,a son surprises a student .,a student is surprised by a son .,a,son,a,student,surpris,surprises,surprised,"[""AGENT=son"", ""VERB=surpris"", ""PATIENT=student""]","Prime sentence: a girl surprises a guest .
Event roles: AGENT=son; VERB=surpris; PATIENT=student
Sentence: the",Sentence: the,first_noun,-5.393481254577637,-4.229733943939209,1.1637473106384277,passive,1.0
934,role_labeled,passive,passive,a guest is surprised by a girl .,a son surprises a student .,a student is surprised by a son .,a,son,a,student,surpris,surprises,surprised,"[""AGENT=son"", ""VERB=surpris"", ""PATIENT=student""]","Prime sentence: a guest is surprised by a girl .
Event roles: AGENT=son; VERB=surpris; PATIENT=student
Sentence: the",Sentence: the,first_noun,-5.173923969268799,-4.116525650024414,1.0573983192443848,passive,1.0
934,role_labeled,no_prime_eos,no_prime_eos,,a son surprises a student .,a student is surprised by a son .,a,son,a,student,surpris,surprises,surprised,"[""AGENT=son"", ""VERB=surpris"", ""PATIENT=student""]","Event roles: AGENT=son; VERB=surpris; PATIENT=student
Sentence: the",Sentence: the,first_noun,-4.734292984008789,-3.5185649394989014,1.2157280445098877,passive,1.0
934,role_labeled,filler,filler,The teacher listened during assembly .,a son surprises a student .,a student is surprised by a son .,a,son,a,student,surpris,surprises,surprised,"[""AGENT=son"", ""VERB=surpris"", ""PATIENT=student""]","Prime sentence: The teacher listened during assembly .
Event roles: AGENT=son; VERB=surpris; PATIENT=student
Sentence: the",Sentence: the,first_noun,-3.8574934005737305,-2.833498477935791,1.0239949226379395,passive,1.0
935,role_labeled,active,active,a princess hurts a professor .,a colonel hurts a cop .,a cop is hurt by a colonel .,a,colonel,a,cop,hurt,hurts,hurt,"[""AGENT=colonel"", ""PATIENT=cop"", ""VERB=hurt""]","Prime sentence: a princess hurts a professor .
Event roles: AGENT=colonel; PATIENT=cop; VERB=hurt
Sentence: the",Sentence: the,first_noun,-3.5920586585998535,-4.935986042022705,-1.3439273834228516,active,0.0
935,role_labeled,passive,passive,a professor is hurt by a princess .,a colonel hurts a cop .,a cop is hurt by a colonel .,a,colonel,a,cop,hurt,hurts,hurt,"[""AGENT=colonel"", ""PATIENT=cop"", ""VERB=hurt""]","Prime sentence: a professor is hurt by a princess .
Event roles: AGENT=colonel; PATIENT=cop; VERB=hurt
Sentence: the",Sentence: the,first_noun,-2.6712112426757812,-4.458884239196777,-1.787672996520996,active,0.0
935,role_labeled,no_prime_eos,no_prime_eos,,a colonel hurts a cop .,a cop is hurt by a colonel .,a,colonel,a,cop,hurt,hurts,hurt,"[""AGENT=colonel"", ""PATIENT=cop"", ""VERB=hurt""]","Event roles: AGENT=colonel; PATIENT=cop; VERB=hurt
Sentence: the",Sentence: the,first_noun,-4.148980617523193,-4.895786762237549,-0.7468061447143555,active,0.0
935,role_labeled,filler,filler,The blanket dried on the line .,a colonel hurts a cop .,a cop is hurt by a colonel .,a,colonel,a,cop,hurt,hurts,hurt,"[""AGENT=colonel"", ""PATIENT=cop"", ""VERB=hurt""]","Prime sentence: The blanket dried on the line .
Event roles: AGENT=colonel; PATIENT=cop; VERB=hurt
Sentence: the",Sentence: the,first_noun,-5.52798318862915,-5.551880836486816,-0.023897647857666016,active,0.0
936,role_labeled,active,active,a singer drags a soldier .,an employer drags a father .,a father is dragged by an employer .,an,employer,a,father,drag,drags,dragged,"[""PATIENT=father"", ""AGENT=employer"", ""VERB=drag""]","Prime sentence: a singer drags a soldier .
Event roles: PATIENT=father; AGENT=employer; VERB=drag
Sentence: the",Sentence: the,first_noun,-7.0014848709106445,-3.9461214542388916,3.055363416671753,passive,1.0
936,role_labeled,passive,passive,a soldier is dragged by a singer .,an employer drags a father .,a father is dragged by an employer .,an,employer,a,father,drag,drags,dragged,"[""PATIENT=father"", ""AGENT=employer"", ""VERB=drag""]","Prime sentence: a soldier is dragged by a singer .
Event roles: PATIENT=father; AGENT=employer; VERB=drag
Sentence: the",Sentence: the,first_noun,-6.722954273223877,-3.8332223892211914,2.8897318840026855,passive,1.0
936,role_labeled,no_prime_eos,no_prime_eos,,an employer drags a father .,a father is dragged by an employer .,an,employer,a,father,drag,drags,dragged,"[""PATIENT=father"", ""AGENT=employer"", ""VERB=drag""]","Event roles: PATIENT=father; AGENT=employer; VERB=drag
Sentence: the",Sentence: the,first_noun,-5.685773849487305,-4.163834571838379,1.5219392776489258,passive,1.0
936,role_labeled,filler,filler,The radio crackled in the attic .,an employer drags a father .,a father is dragged by an employer .,an,employer,a,father,drag,drags,dragged,"[""PATIENT=father"", ""AGENT=employer"", ""VERB=drag""]","Prime sentence: The radio crackled in the attic .
Event roles: PATIENT=father; AGENT=employer; VERB=drag
Sentence: the",Sentence: the,first_noun,-8.541666984558105,-5.130904674530029,3.410762310028076,passive,1.0
937,role_labeled,active,active,a winner beats a woman .,a husband beats a kid .,a kid is beaten by a husband .,a,husband,a,kid,beat,beats,beaten,"[""VERB=beat"", ""AGENT=husband"", ""PATIENT=kid""]","Prime sentence: a winner beats a woman .
Event roles: VERB=beat; AGENT=husband; PATIENT=kid
Sentence: the",Sentence: the,first_noun,-3.2010657787323,-5.998312473297119,-2.7972466945648193,active,0.0
937,role_labeled,passive,passive,a woman is beaten by a winner .,a husband beats a kid .,a kid is beaten by a husband .,a,husband,a,kid,beat,beats,beaten,"[""VERB=beat"", ""AGENT=husband"", ""PATIENT=kid""]","Prime sentence: a woman is beaten by a winner .
Event roles: VERB=beat; AGENT=husband; PATIENT=kid
Sentence: the",Sentence: the,first_noun,-3.0631773471832275,-6.1386284828186035,-3.075451135635376,active,0.0
937,role_labeled,no_prime_eos,no_prime_eos,,a husband beats a kid .,a kid is beaten by a husband .,a,husband,a,kid,beat,beats,beaten,"[""VERB=beat"", ""AGENT=husband"", ""PATIENT=kid""]","Event roles: VERB=beat; AGENT=husband; PATIENT=kid
Sentence: the",Sentence: the,first_noun,-3.805060863494873,-5.848537445068359,-2.0434765815734863,active,0.0
937,role_labeled,filler,filler,The painter waited near the doorway .,a husband beats a kid .,a kid is beaten by a husband .,a,husband,a,kid,beat,beats,beaten,"[""VERB=beat"", ""AGENT=husband"", ""PATIENT=kid""]","Prime sentence: The painter waited near the doorway .
Event roles: VERB=beat; AGENT=husband; PATIENT=kid
Sentence: the",Sentence: the,first_noun,-3.5840461254119873,-5.5657243728637695,-1.9816782474517822,active,0.0
938,role_labeled,active,active,a partner raises a physician .,a buddy raises a candidate .,a candidate is raised by a buddy .,a,buddy,a,candidate,rais,raises,raised,"[""PATIENT=candidate"", ""AGENT=buddy"", ""VERB=rais""]","Prime sentence: a partner raises a physician .
Event roles: PATIENT=candidate; AGENT=buddy; VERB=rais
Sentence: the",Sentence: the,first_noun,-7.6154704093933105,-4.195866584777832,3.4196038246154785,passive,1.0
938,role_labeled,passive,passive,a physician is raised by a partner .,a buddy raises a candidate .,a candidate is raised by a buddy .,a,buddy,a,candidate,rais,raises,raised,"[""PATIENT=candidate"", ""AGENT=buddy"", ""VERB=rais""]","Prime sentence: a physician is raised by a partner .
Event roles: PATIENT=candidate; AGENT=buddy; VERB=rais
Sentence: the",Sentence: the,first_noun,-9.74869155883789,-4.790471076965332,4.958220481872559,passive,1.0
938,role_labeled,no_prime_eos,no_prime_eos,,a buddy raises a candidate .,a candidate is raised by a buddy .,a,buddy,a,candidate,rais,raises,raised,"[""PATIENT=candidate"", ""AGENT=buddy"", ""VERB=rais""]","Event roles: PATIENT=candidate; AGENT=buddy; VERB=rais
Sentence: the",Sentence: the,first_noun,-8.058635711669922,-4.681896209716797,3.376739501953125,passive,1.0
938,role_labeled,filler,filler,The painter waited near the doorway .,a buddy raises a candidate .,a candidate is raised by a buddy .,a,buddy,a,candidate,rais,raises,raised,"[""PATIENT=candidate"", ""AGENT=buddy"", ""VERB=rais""]","Prime sentence: The painter waited near the doorway .
Event roles: PATIENT=candidate; AGENT=buddy; VERB=rais
Sentence: the",Sentence: the,first_noun,-9.083419799804688,-4.881070613861084,4.2023491859436035,passive,1.0
939,role_labeled,active,active,a bishop understands a boy .,a mother understands a nurse .,a nurse is understood by a mother .,a,mother,a,nurse,understand,understands,understood,"[""AGENT=mother"", ""VERB=understand"", ""PATIENT=nurse""]","Prime sentence: a bishop understands a boy .
Event roles: AGENT=mother; VERB=understand; PATIENT=nurse
Sentence: the",Sentence: the,first_noun,-3.743523359298706,-4.908103942871094,-1.1645805835723877,active,0.0
939,role_labeled,passive,passive,a boy is understood by a bishop .,a mother understands a nurse .,a nurse is understood by a mother .,a,mother,a,nurse,understand,understands,understood,"[""AGENT=mother"", ""VERB=understand"", ""PATIENT=nurse""]","Prime sentence: a boy is understood by a bishop .
Event roles: AGENT=mother; VERB=understand; PATIENT=nurse
Sentence: the",Sentence: the,first_noun,-3.8368072509765625,-4.904626846313477,-1.067819595336914,active,0.0
939,role_labeled,no_prime_eos,no_prime_eos,,a mother understands a nurse .,a nurse is understood by a mother .,a,mother,a,nurse,understand,understands,understood,"[""AGENT=mother"", ""VERB=understand"", ""PATIENT=nurse""]","Event roles: AGENT=mother; VERB=understand; PATIENT=nurse
Sentence: the",Sentence: the,first_noun,-2.832265853881836,-3.9150424003601074,-1.0827765464782715,active,0.0
939,role_labeled,filler,filler,The painter waited near the doorway .,a mother understands a nurse .,a nurse is understood by a mother .,a,mother,a,nurse,understand,understands,understood,"[""AGENT=mother"", ""VERB=understand"", ""PATIENT=nurse""]","Prime sentence: The painter waited near the doorway .
Event roles: AGENT=mother; VERB=understand; PATIENT=nurse
Sentence: the",Sentence: the,first_noun,-3.349428415298462,-3.4551169872283936,-0.10568857192993164,active,0.0
940,role_labeled,active,active,an actor punches an actress .,a lawyer punches a leader .,a leader is punched by a lawyer .,a,lawyer,a,leader,punch,punches,punched,"[""PATIENT=leader"", ""AGENT=lawyer"", ""VERB=punch""]","Prime sentence: an actor punches an actress .
Event roles: PATIENT=leader; AGENT=lawyer; VERB=punch
Sentence: the",Sentence: the,first_noun,-5.255710601806641,-5.153796195983887,0.1019144058227539,passive,1.0
940,role_labeled,passive,passive,an actress is punched by an actor .,a lawyer punches a leader .,a leader is punched by a lawyer .,a,lawyer,a,leader,punch,punches,punched,"[""PATIENT=leader"", ""AGENT=lawyer"", ""VERB=punch""]","Prime sentence: an actress is punched by an actor .
Event roles: PATIENT=leader; AGENT=lawyer; VERB=punch
Sentence: the",Sentence: the,first_noun,-4.8520426750183105,-5.284648418426514,-0.4326057434082031,active,0.0
940,role_labeled,no_prime_eos,no_prime_eos,,a lawyer punches a leader .,a leader is punched by a lawyer .,a,lawyer,a,leader,punch,punches,punched,"[""PATIENT=leader"", ""AGENT=lawyer"", ""VERB=punch""]","Event roles: PATIENT=leader; AGENT=lawyer; VERB=punch
Sentence: the",Sentence: the,first_noun,-5.026006698608398,-5.16709566116333,-0.14108896255493164,active,0.0
940,role_labeled,filler,filler,The blanket dried on the line .,a lawyer punches a leader .,a leader is punched by a lawyer .,a,lawyer,a,leader,punch,punches,punched,"[""PATIENT=leader"", ""AGENT=lawyer"", ""VERB=punch""]","Prime sentence: The blanket dried on the line .
Event roles: PATIENT=leader; AGENT=lawyer; VERB=punch
Sentence: the",Sentence: the,first_noun,-4.908742427825928,-7.359642505645752,-2.450900077819824,active,0.0
941,role_labeled,active,active,a daughter kills a doctor .,a reader kills a scientist .,a scientist is killed by a reader .,a,reader,a,scientist,kill,kills,killed,"[""AGENT=reader"", ""PATIENT=scientist"", ""VERB=kill""]","Prime sentence: a daughter kills a doctor .
Event roles: AGENT=reader; PATIENT=scientist; VERB=kill
Sentence: the",Sentence: the,first_noun,-5.417611122131348,-3.5863497257232666,1.831261396408081,passive,1.0
941,role_labeled,passive,passive,a doctor is killed by a daughter .,a reader kills a scientist .,a scientist is killed by a reader .,a,reader,a,scientist,kill,kills,killed,"[""AGENT=reader"", ""PATIENT=scientist"", ""VERB=kill""]","Prime sentence: a doctor is killed by a daughter .
Event roles: AGENT=reader; PATIENT=scientist; VERB=kill
Sentence: the",Sentence: the,first_noun,-4.829951763153076,-3.050808906555176,1.7791428565979004,passive,1.0
941,role_labeled,no_prime_eos,no_prime_eos,,a reader kills a scientist .,a scientist is killed by a reader .,a,reader,a,scientist,kill,kills,killed,"[""AGENT=reader"", ""PATIENT=scientist"", ""VERB=kill""]","Event roles: AGENT=reader; PATIENT=scientist; VERB=kill
Sentence: the",Sentence: the,first_noun,-4.34620475769043,-4.622862815856934,-0.2766580581665039,active,0.0
941,role_labeled,filler,filler,The traveler rested beside the river .,a reader kills a scientist .,a scientist is killed by a reader .,a,reader,a,scientist,kill,kills,killed,"[""AGENT=reader"", ""PATIENT=scientist"", ""VERB=kill""]","Prime sentence: The traveler rested beside the river .
Event roles: AGENT=reader; PATIENT=scientist; VERB=kill
Sentence: the",Sentence: the,first_noun,-6.817270278930664,-3.780344247817993,3.036926031112671,passive,1.0
942,role_labeled,active,active,an actress destroys an adult .,a leader destroys a man .,a man is destroyed by a leader .,a,leader,a,man,destroy,destroys,destroyed,"[""PATIENT=man"", ""AGENT=leader"", ""VERB=destroy""]","Prime sentence: an actress destroys an adult .
Event roles: PATIENT=man; AGENT=leader; VERB=destroy
Sentence: the",Sentence: the,first_noun,-5.223165988922119,-3.964064121246338,1.2591018676757812,passive,1.0
942,role_labeled,passive,passive,an adult is destroyed by an actress .,a leader destroys a man .,a man is destroyed by a leader .,a,leader,a,man,destroy,destroys,destroyed,"[""PATIENT=man"", ""AGENT=leader"", ""VERB=destroy""]","Prime sentence: an adult is destroyed by an actress .
Event roles: PATIENT=man; AGENT=leader; VERB=destroy
Sentence: the",Sentence: the,first_noun,-5.419955253601074,-3.674795627593994,1.74515962600708,passive,1.0
942,role_labeled,no_prime_eos,no_prime_eos,,a leader destroys a man .,a man is destroyed by a leader .,a,leader,a,man,destroy,destroys,destroyed,"[""PATIENT=man"", ""AGENT=leader"", ""VERB=destroy""]","Event roles: PATIENT=man; AGENT=leader; VERB=destroy
Sentence: the",Sentence: the,first_noun,-3.537813186645508,-4.269674301147461,-0.7318611145019531,active,0.0
942,role_labeled,filler,filler,The package arrived before noon .,a leader destroys a man .,a man is destroyed by a leader .,a,leader,a,man,destroy,destroys,destroyed,"[""PATIENT=man"", ""AGENT=leader"", ""VERB=destroy""]","Prime sentence: The package arrived before noon .
Event roles: PATIENT=man; AGENT=leader; VERB=destroy
Sentence: the",Sentence: the,first_noun,-4.933856964111328,-5.028496265411377,-0.09463930130004883,active,0.0
943,role_labeled,active,active,a bishop joins a boy .,a mother joins a nurse .,a nurse is joined by a mother .,a,mother,a,nurse,join,joins,joined,"[""AGENT=mother"", ""VERB=join"", ""PATIENT=nurse""]","Prime sentence: a bishop joins a boy .
Event roles: AGENT=mother; VERB=join; PATIENT=nurse
Sentence: the",Sentence: the,first_noun,-3.2476298809051514,-4.352407455444336,-1.1047775745391846,active,0.0
943,role_labeled,passive,passive,a boy is joined by a bishop .,a mother joins a nurse .,a nurse is joined by a mother .,a,mother,a,nurse,join,joins,joined,"[""AGENT=mother"", ""VERB=join"", ""PATIENT=nurse""]","Prime sentence: a boy is joined by a bishop .
Event roles: AGENT=mother; VERB=join; PATIENT=nurse
Sentence: the",Sentence: the,first_noun,-3.7224531173706055,-4.548969745635986,-0.8265166282653809,active,0.0
943,role_labeled,no_prime_eos,no_prime_eos,,a mother joins a nurse .,a nurse is joined by a mother .,a,mother,a,nurse,join,joins,joined,"[""AGENT=mother"", ""VERB=join"", ""PATIENT=nurse""]","Event roles: AGENT=mother; VERB=join; PATIENT=nurse
Sentence: the",Sentence: the,first_noun,-2.7188289165496826,-3.90848708152771,-1.1896581649780273,active,0.0
943,role_labeled,filler,filler,The jacket hung behind the chair .,a mother joins a nurse .,a nurse is joined by a mother .,a,mother,a,nurse,join,joins,joined,"[""AGENT=mother"", ""VERB=join"", ""PATIENT=nurse""]","Prime sentence: The jacket hung behind the chair .
Event roles: AGENT=mother; VERB=join; PATIENT=nurse
Sentence: the",Sentence: the,first_noun,-4.468376159667969,-3.5751731395721436,0.8932030200958252,passive,1.0
944,role_labeled,active,active,a woman raises a worker .,a kid raises a king .,a king is raised by a kid .,a,kid,a,king,rais,raises,raised,"[""VERB=rais"", ""PATIENT=king"", ""AGENT=kid""]","Prime sentence: a woman raises a worker .
Event roles: VERB=rais; PATIENT=king; AGENT=kid
Sentence: the",Sentence: the,first_noun,-5.820423126220703,-3.2645998001098633,2.55582332611084,passive,1.0
944,role_labeled,passive,passive,a worker is raised by a woman .,a kid raises a king .,a king is raised by a kid .,a,kid,a,king,rais,raises,raised,"[""VERB=rais"", ""PATIENT=king"", ""AGENT=kid""]","Prime sentence: a worker is raised by a woman .
Event roles: VERB=rais; PATIENT=king; AGENT=kid
Sentence: the",Sentence: the,first_noun,-5.591742515563965,-2.991675615310669,2.600066900253296,passive,1.0
944,role_labeled,no_prime_eos,no_prime_eos,,a kid raises a king .,a king is raised by a kid .,a,kid,a,king,rais,raises,raised,"[""VERB=rais"", ""PATIENT=king"", ""AGENT=kid""]","Event roles: VERB=rais; PATIENT=king; AGENT=kid
Sentence: the",Sentence: the,first_noun,-7.115529537200928,-4.227639198303223,2.887890338897705,passive,1.0
944,role_labeled,filler,filler,The teacher listened during assembly .,a kid raises a king .,a king is raised by a kid .,a,kid,a,king,rais,raises,raised,"[""VERB=rais"", ""PATIENT=king"", ""AGENT=kid""]","Prime sentence: The teacher listened during assembly .
Event roles: VERB=rais; PATIENT=king; AGENT=kid
Sentence: the",Sentence: the,first_noun,-4.3667683601379395,-3.138129234313965,1.2286391258239746,passive,1.0
945,role_labeled,active,active,a professor teaches a reader .,a cop teaches a cousin .,a cousin is taught by a cop .,a,cop,a,cousin,teach,teaches,taught,"[""PATIENT=cousin"", ""AGENT=cop"", ""VERB=teach""]","Prime sentence: a professor teaches a reader .
Event roles: PATIENT=cousin; AGENT=cop; VERB=teach
Sentence: the",Sentence: the,first_noun,-4.882480621337891,-7.510995864868164,-2.6285152435302734,active,0.0
945,role_labeled,passive,passive,a reader is taught by a professor .,a cop teaches a cousin .,a cousin is taught by a cop .,a,cop,a,cousin,teach,teaches,taught,"[""PATIENT=cousin"", ""AGENT=cop"", ""VERB=teach""]","Prime sentence: a reader is taught by a professor .
Event roles: PATIENT=cousin; AGENT=cop; VERB=teach
Sentence: the",Sentence: the,first_noun,-5.220121383666992,-8.269107818603516,-3.0489864349365234,active,0.0
945,role_labeled,no_prime_eos,no_prime_eos,,a cop teaches a cousin .,a cousin is taught by a cop .,a,cop,a,cousin,teach,teaches,taught,"[""PATIENT=cousin"", ""AGENT=cop"", ""VERB=teach""]","Event roles: PATIENT=cousin; AGENT=cop; VERB=teach
Sentence: the",Sentence: the,first_noun,-5.6470723152160645,-8.38553237915039,-2.738460063934326,active,0.0
945,role_labeled,filler,filler,The blanket dried on the line .,a cop teaches a cousin .,a cousin is taught by a cop .,a,cop,a,cousin,teach,teaches,taught,"[""PATIENT=cousin"", ""AGENT=cop"", ""VERB=teach""]","Prime sentence: The blanket dried on the line .
Event roles: PATIENT=cousin; AGENT=cop; VERB=teach
Sentence: the",Sentence: the,first_noun,-6.597846984863281,-9.523625373840332,-2.925778388977051,active,0.0
946,role_labeled,active,active,a teacher embraces an uncle .,a guest embraces a guy .,a guy is embraced by a guest .,a,guest,a,guy,embrac,embraces,embraced,"[""VERB=embrac"", ""AGENT=guest"", ""PATIENT=guy""]","Prime sentence: a teacher embraces an uncle .
Event roles: VERB=embrac; AGENT=guest; PATIENT=guy
Sentence: the",Sentence: the,first_noun,-6.487749099731445,-5.201805114746094,1.2859439849853516,passive,1.0
946,role_labeled,passive,passive,an uncle is embraced by a teacher .,a guest embraces a guy .,a guy is embraced by a guest .,a,guest,a,guy,embrac,embraces,embraced,"[""VERB=embrac"", ""AGENT=guest"", ""PATIENT=guy""]","Prime sentence: an uncle is embraced by a teacher .
Event roles: VERB=embrac; AGENT=guest; PATIENT=guy
Sentence: the",Sentence: the,first_noun,-6.223686695098877,-5.220269203186035,1.0034174919128418,passive,1.0
946,role_labeled,no_prime_eos,no_prime_eos,,a guest embraces a guy .,a guy is embraced by a guest .,a,guest,a,guy,embrac,embraces,embraced,"[""VERB=embrac"", ""AGENT=guest"", ""PATIENT=guy""]","Event roles: VERB=embrac; AGENT=guest; PATIENT=guy
Sentence: the",Sentence: the,first_noun,-4.743449687957764,-5.1186017990112305,-0.3751521110534668,active,0.0
946,role_labeled,filler,filler,The engine cooled before dawn .,a guest embraces a guy .,a guy is embraced by a guest .,a,guest,a,guy,embrac,embraces,embraced,"[""VERB=embrac"", ""AGENT=guest"", ""PATIENT=guy""]","Prime sentence: The engine cooled before dawn .
Event roles: VERB=embrac; AGENT=guest; PATIENT=guy
Sentence: the",Sentence: the,first_noun,-7.126432418823242,-5.861965179443359,1.2644672393798828,passive,1.0
947,role_labeled,active,active,a pilot judges a president .,a captain judges a champion .,a champion is judged by a captain .,a,captain,a,champion,judg,judges,judged,"[""PATIENT=champion"", ""AGENT=captain"", ""VERB=judg""]","Prime sentence: a pilot judges a president .
Event roles: PATIENT=champion; AGENT=captain; VERB=judg
Sentence: the",Sentence: the,first_noun,-4.37912654876709,-6.572113037109375,-2.192986488342285,active,0.0
947,role_labeled,passive,passive,a president is judged by a pilot .,a captain judges a champion .,a champion is judged by a captain .,a,captain,a,champion,judg,judges,judged,"[""PATIENT=champion"", ""AGENT=captain"", ""VERB=judg""]","Prime sentence: a president is judged by a pilot .
Event roles: PATIENT=champion; AGENT=captain; VERB=judg
Sentence: the",Sentence: the,first_noun,-4.899548530578613,-7.398900508880615,-2.499351978302002,active,0.0
947,role_labeled,no_prime_eos,no_prime_eos,,a captain judges a champion .,a champion is judged by a captain .,a,captain,a,champion,judg,judges,judged,"[""PATIENT=champion"", ""AGENT=captain"", ""VERB=judg""]","Event roles: PATIENT=champion; AGENT=captain; VERB=judg
Sentence: the",Sentence: the,first_noun,-3.82861065864563,-5.058297157287598,-1.2296864986419678,active,0.0
947,role_labeled,filler,filler,The market opened after sunrise .,a captain judges a champion .,a champion is judged by a captain .,a,captain,a,champion,judg,judges,judged,"[""PATIENT=champion"", ""AGENT=captain"", ""VERB=judg""]","Prime sentence: The market opened after sunrise .
Event roles: PATIENT=champion; AGENT=captain; VERB=judg
Sentence: the",Sentence: the,first_noun,-5.228486061096191,-6.1306867599487305,-0.9022006988525391,active,0.0
948,role_labeled,active,active,a boy chases a brother .,a nurse chases an opponent .,an opponent is chased by a nurse .,a,nurse,an,opponent,chas,chases,chased,"[""PATIENT=opponent"", ""VERB=chas"", ""AGENT=nurse""]","Prime sentence: a boy chases a brother .
Event roles: PATIENT=opponent; VERB=chas; AGENT=nurse
Sentence: the",Sentence: the,first_noun,-3.96376371383667,-7.758456707000732,-3.7946929931640625,active,0.0
948,role_labeled,passive,passive,a brother is chased by a boy .,a nurse chases an opponent .,an opponent is chased by a nurse .,a,nurse,an,opponent,chas,chases,chased,"[""PATIENT=opponent"", ""VERB=chas"", ""AGENT=nurse""]","Prime sentence: a brother is chased by a boy .
Event roles: PATIENT=opponent; VERB=chas; AGENT=nurse
Sentence: the",Sentence: the,first_noun,-4.044698715209961,-7.344882011413574,-3.3001832962036133,active,0.0
948,role_labeled,no_prime_eos,no_prime_eos,,a nurse chases an opponent .,an opponent is chased by a nurse .,a,nurse,an,opponent,chas,chases,chased,"[""PATIENT=opponent"", ""VERB=chas"", ""AGENT=nurse""]","Event roles: PATIENT=opponent; VERB=chas; AGENT=nurse
Sentence: the",Sentence: the,first_noun,-3.273641347885132,-5.799110412597656,-2.5254690647125244,active,0.0
948,role_labeled,filler,filler,The pillow rested on the sofa .,a nurse chases an opponent .,an opponent is chased by a nurse .,a,nurse,an,opponent,chas,chases,chased,"[""PATIENT=opponent"", ""VERB=chas"", ""AGENT=nurse""]","Prime sentence: The pillow rested on the sofa .
Event roles: PATIENT=opponent; VERB=chas; AGENT=nurse
Sentence: the",Sentence: the,first_noun,-3.832231044769287,-8.456119537353516,-4.6238884925842285,active,0.0
949,role_labeled,active,active,a champion drags a chief .,a pilot drags a president .,a president is dragged by a pilot .,a,pilot,a,president,drag,drags,dragged,"[""VERB=drag"", ""AGENT=pilot"", ""PATIENT=president""]","Prime sentence: a champion drags a chief .
Event roles: VERB=drag; AGENT=pilot; PATIENT=president
Sentence: the",Sentence: the,first_noun,-4.786131858825684,-3.442979335784912,1.3431525230407715,passive,1.0
949,role_labeled,passive,passive,a chief is dragged by a champion .,a pilot drags a president .,a president is dragged by a pilot .,a,pilot,a,president,drag,drags,dragged,"[""VERB=drag"", ""AGENT=pilot"", ""PATIENT=president""]","Prime sentence: a chief is dragged by a champion .
Event roles: VERB=drag; AGENT=pilot; PATIENT=president
Sentence: the",Sentence: the,first_noun,-4.8360185623168945,-3.5612118244171143,1.2748067378997803,passive,1.0
949,role_labeled,no_prime_eos,no_prime_eos,,a pilot drags a president .,a president is dragged by a pilot .,a,pilot,a,president,drag,drags,dragged,"[""VERB=drag"", ""AGENT=pilot"", ""PATIENT=president""]","Event roles: VERB=drag; AGENT=pilot; PATIENT=president
Sentence: the",Sentence: the,first_noun,-3.2726504802703857,-3.92887544631958,-0.6562249660491943,active,0.0
949,role_labeled,filler,filler,The baker laughed during breakfast .,a pilot drags a president .,a president is dragged by a pilot .,a,pilot,a,president,drag,drags,dragged,"[""VERB=drag"", ""AGENT=pilot"", ""PATIENT=president""]","Prime sentence: The baker laughed during breakfast .
Event roles: VERB=drag; AGENT=pilot; PATIENT=president
Sentence: the",Sentence: the,first_noun,-4.131844520568848,-3.299238920211792,0.8326056003570557,passive,1.0
950,role_labeled,active,active,a candidate discovers a captain .,a partner discovers a physician .,a physician is discovered by a partner .,a,partner,a,physician,discover,discovers,discovered,"[""VERB=discover"", ""PATIENT=physician"", ""AGENT=partner""]","Prime sentence: a candidate discovers a captain .
Event roles: VERB=discover; PATIENT=physician; AGENT=partner
Sentence: the",Sentence: the,first_noun,-6.807696342468262,-4.718680381774902,2.0890159606933594,passive,1.0
950,role_labeled,passive,passive,a captain is discovered by a candidate .,a partner discovers a physician .,a physician is discovered by a partner .,a,partner,a,physician,discover,discovers,discovered,"[""VERB=discover"", ""PATIENT=physician"", ""AGENT=partner""]","Prime sentence: a captain is discovered by a candidate .
Event roles: VERB=discover; PATIENT=physician; AGENT=partner
Sentence: the",Sentence: the,first_noun,-6.448484420776367,-4.8018975257873535,1.6465868949890137,passive,1.0
950,role_labeled,no_prime_eos,no_prime_eos,,a partner discovers a physician .,a physician is discovered by a partner .,a,partner,a,physician,discover,discovers,discovered,"[""VERB=discover"", ""PATIENT=physician"", ""AGENT=partner""]","Event roles: VERB=discover; PATIENT=physician; AGENT=partner
Sentence: the",Sentence: the,first_noun,-6.4996795654296875,-3.6835668087005615,2.816112756729126,passive,1.0
950,role_labeled,filler,filler,The market opened after sunrise .,a partner discovers a physician .,a physician is discovered by a partner .,a,partner,a,physician,discover,discovers,discovered,"[""VERB=discover"", ""PATIENT=physician"", ""AGENT=partner""]","Prime sentence: The market opened after sunrise .
Event roles: VERB=discover; PATIENT=physician; AGENT=partner
Sentence: the",Sentence: the,first_noun,-8.04378890991211,-6.422490119934082,1.6212987899780273,passive,1.0
951,role_labeled,active,active,a hero protects a husband .,an uncle protects a wife .,a wife is protected by an uncle .,an,uncle,a,wife,protect,protects,protected,"[""VERB=protect"", ""PATIENT=wife"", ""AGENT=uncle""]","Prime sentence: a hero protects a husband .
Event roles: VERB=protect; PATIENT=wife; AGENT=uncle
Sentence: the",Sentence: the,first_noun,-6.893301486968994,-4.094784259796143,2.7985172271728516,passive,1.0
951,role_labeled,passive,passive,a husband is protected by a hero .,an uncle protects a wife .,a wife is protected by an uncle .,an,uncle,a,wife,protect,protects,protected,"[""VERB=protect"", ""PATIENT=wife"", ""AGENT=uncle""]","Prime sentence: a husband is protected by a hero .
Event roles: VERB=protect; PATIENT=wife; AGENT=uncle
Sentence: the",Sentence: the,first_noun,-6.850839138031006,-3.6619768142700195,3.1888623237609863,passive,1.0
951,role_labeled,no_prime_eos,no_prime_eos,,an uncle protects a wife .,a wife is protected by an uncle .,an,uncle,a,wife,protect,protects,protected,"[""VERB=protect"", ""PATIENT=wife"", ""AGENT=uncle""]","Event roles: VERB=protect; PATIENT=wife; AGENT=uncle
Sentence: the",Sentence: the,first_noun,-7.5423197746276855,-4.10137939453125,3.4409403800964355,passive,1.0
951,role_labeled,filler,filler,The engine cooled before dawn .,an uncle protects a wife .,a wife is protected by an uncle .,an,uncle,a,wife,protect,protects,protected,"[""VERB=protect"", ""PATIENT=wife"", ""AGENT=uncle""]","Prime sentence: The engine cooled before dawn .
Event roles: VERB=protect; PATIENT=wife; AGENT=uncle
Sentence: the",Sentence: the,first_noun,-7.532578468322754,-5.080057621002197,2.4525208473205566,passive,1.0
952,role_labeled,active,active,an employee catches an employer .,a secretary catches a sheriff .,a sheriff is caught by a secretary .,a,secretary,a,sheriff,catch,catches,caught,"[""VERB=catch"", ""PATIENT=sheriff"", ""AGENT=secretary""]","Prime sentence: an employee catches an employer .
Event roles: VERB=catch; PATIENT=sheriff; AGENT=secretary
Sentence: the",Sentence: the,first_noun,-5.081621170043945,-3.210251569747925,1.8713696002960205,passive,1.0
952,role_labeled,passive,passive,an employer is caught by an employee .,a secretary catches a sheriff .,a sheriff is caught by a secretary .,a,secretary,a,sheriff,catch,catches,caught,"[""VERB=catch"", ""PATIENT=sheriff"", ""AGENT=secretary""]","Prime sentence: an employer is caught by an employee .
Event roles: VERB=catch; PATIENT=sheriff; AGENT=secretary
Sentence: the",Sentence: the,first_noun,-5.365478038787842,-3.4581494331359863,1.9073286056518555,passive,1.0
952,role_labeled,no_prime_eos,no_prime_eos,,a secretary catches a sheriff .,a sheriff is caught by a secretary .,a,secretary,a,sheriff,catch,catches,caught,"[""VERB=catch"", ""PATIENT=sheriff"", ""AGENT=secretary""]","Event roles: VERB=catch; PATIENT=sheriff; AGENT=secretary
Sentence: the",Sentence: the,first_noun,-5.827083587646484,-6.992221355438232,-1.165137767791748,active,0.0
952,role_labeled,filler,filler,The garden brightened after rain .,a secretary catches a sheriff .,a sheriff is caught by a secretary .,a,secretary,a,sheriff,catch,catches,caught,"[""VERB=catch"", ""PATIENT=sheriff"", ""AGENT=secretary""]","Prime sentence: The garden brightened after rain .
Event roles: VERB=catch; PATIENT=sheriff; AGENT=secretary
Sentence: the",Sentence: the,first_noun,-7.792989730834961,-6.387029647827148,1.4059600830078125,passive,1.0
953,role_labeled,active,active,a parent protects a partner .,a brother protects a buddy .,a buddy is protected by a brother .,a,brother,a,buddy,protect,protects,protected,"[""PATIENT=buddy"", ""VERB=protect"", ""AGENT=brother""]","Prime sentence: a parent protects a partner .
Event roles: PATIENT=buddy; VERB=protect; AGENT=brother
Sentence: the",Sentence: the,first_noun,-4.772714138031006,-7.621153354644775,-2.8484392166137695,active,0.0
953,role_labeled,passive,passive,a partner is protected by a parent .,a brother protects a buddy .,a buddy is protected by a brother .,a,brother,a,buddy,protect,protects,protected,"[""PATIENT=buddy"", ""VERB=protect"", ""AGENT=brother""]","Prime sentence: a partner is protected by a parent .
Event roles: PATIENT=buddy; VERB=protect; AGENT=brother
Sentence: the",Sentence: the,first_noun,-4.415041923522949,-6.227357864379883,-1.8123159408569336,active,0.0
953,role_labeled,no_prime_eos,no_prime_eos,,a brother protects a buddy .,a buddy is protected by a brother .,a,brother,a,buddy,protect,protects,protected,"[""PATIENT=buddy"", ""VERB=protect"", ""AGENT=brother""]","Event roles: PATIENT=buddy; VERB=protect; AGENT=brother
Sentence: the",Sentence: the,first_noun,-4.899161338806152,-7.147824287414551,-2.2486629486083984,active,0.0
953,role_labeled,filler,filler,The captain waited beside the harbor .,a brother protects a buddy .,a buddy is protected by a brother .,a,brother,a,buddy,protect,protects,protected,"[""PATIENT=buddy"", ""VERB=protect"", ""AGENT=brother""]","Prime sentence: The captain waited beside the harbor .
Event roles: PATIENT=buddy; VERB=protect; AGENT=brother
Sentence: the",Sentence: the,first_noun,-6.927774429321289,-9.13865852355957,-2.2108840942382812,active,0.0
954,role_labeled,active,active,a prince strikes a princess .,a child strikes a colonel .,a colonel is struck by a child .,a,child,a,colonel,strik,strikes,struck,"[""VERB=strik"", ""PATIENT=colonel"", ""AGENT=child""]","Prime sentence: a prince strikes a princess .
Event roles: VERB=strik; PATIENT=colonel; AGENT=child
Sentence: the",Sentence: the,first_noun,-4.678471565246582,-6.2890119552612305,-1.6105403900146484,active,0.0
954,role_labeled,passive,passive,a princess is struck by a prince .,a child strikes a colonel .,a colonel is struck by a child .,a,child,a,colonel,strik,strikes,struck,"[""VERB=strik"", ""PATIENT=colonel"", ""AGENT=child""]","Prime sentence: a princess is struck by a prince .
Event roles: VERB=strik; PATIENT=colonel; AGENT=child
Sentence: the",Sentence: the,first_noun,-4.749551773071289,-6.255771160125732,-1.5062193870544434,active,0.0
954,role_labeled,no_prime_eos,no_prime_eos,,a child strikes a colonel .,a colonel is struck by a child .,a,child,a,colonel,strik,strikes,struck,"[""VERB=strik"", ""PATIENT=colonel"", ""AGENT=child""]","Event roles: VERB=strik; PATIENT=colonel; AGENT=child
Sentence: the",Sentence: the,first_noun,-4.393505573272705,-5.783221244812012,-1.3897156715393066,active,0.0
954,role_labeled,filler,filler,The traveler rested beside the river .,a child strikes a colonel .,a colonel is struck by a child .,a,child,a,colonel,strik,strikes,struck,"[""VERB=strik"", ""PATIENT=colonel"", ""AGENT=child""]","Prime sentence: The traveler rested beside the river .
Event roles: VERB=strik; PATIENT=colonel; AGENT=child
Sentence: the",Sentence: the,first_noun,-5.024193286895752,-6.798027038574219,-1.7738337516784668,active,0.0
955,role_labeled,active,active,a pilot raises a president .,a captain raises a champion .,a champion is raised by a captain .,a,captain,a,champion,rais,raises,raised,"[""VERB=rais"", ""AGENT=captain"", ""PATIENT=champion""]","Prime sentence: a pilot raises a president .
Event roles: VERB=rais; AGENT=captain; PATIENT=champion
Sentence: the",Sentence: the,first_noun,-3.4769623279571533,-6.906303405761719,-3.4293410778045654,active,0.0
955,role_labeled,passive,passive,a president is raised by a pilot .,a captain raises a champion .,a champion is raised by a captain .,a,captain,a,champion,rais,raises,raised,"[""VERB=rais"", ""AGENT=captain"", ""PATIENT=champion""]","Prime sentence: a president is raised by a pilot .
Event roles: VERB=rais; AGENT=captain; PATIENT=champion
Sentence: the",Sentence: the,first_noun,-4.2073845863342285,-7.461964130401611,-3.254579544067383,active,0.0
955,role_labeled,no_prime_eos,no_prime_eos,,a captain raises a champion .,a champion is raised by a captain .,a,captain,a,champion,rais,raises,raised,"[""VERB=rais"", ""AGENT=captain"", ""PATIENT=champion""]","Event roles: VERB=rais; AGENT=captain; PATIENT=champion
Sentence: the",Sentence: the,first_noun,-3.5276882648468018,-5.420249938964844,-1.892561674118042,active,0.0
955,role_labeled,filler,filler,The singer smiled after rehearsal .,a captain raises a champion .,a champion is raised by a captain .,a,captain,a,champion,rais,raises,raised,"[""VERB=rais"", ""AGENT=captain"", ""PATIENT=champion""]","Prime sentence: The singer smiled after rehearsal .
Event roles: VERB=rais; AGENT=captain; PATIENT=champion
Sentence: the",Sentence: the,first_noun,-4.10140323638916,-6.197691917419434,-2.0962886810302734,active,0.0
956,role_labeled,active,active,an author chases a bishop .,a minister chases a mother .,a mother is chased by a minister .,a,minister,a,mother,chas,chases,chased,"[""VERB=chas"", ""PATIENT=mother"", ""AGENT=minister""]","Prime sentence: an author chases a bishop .
Event roles: VERB=chas; PATIENT=mother; AGENT=minister
Sentence: the",Sentence: the,first_noun,-5.17489767074585,-5.333610534667969,-0.15871286392211914,active,0.0
956,role_labeled,passive,passive,a bishop is chased by an author .,a minister chases a mother .,a mother is chased by a minister .,a,minister,a,mother,chas,chases,chased,"[""VERB=chas"", ""PATIENT=mother"", ""AGENT=minister""]","Prime sentence: a bishop is chased by an author .
Event roles: VERB=chas; PATIENT=mother; AGENT=minister
Sentence: the",Sentence: the,first_noun,-5.077312469482422,-5.427467346191406,-0.3501548767089844,active,0.0
956,role_labeled,no_prime_eos,no_prime_eos,,a minister chases a mother .,a mother is chased by a minister .,a,minister,a,mother,chas,chases,chased,"[""VERB=chas"", ""PATIENT=mother"", ""AGENT=minister""]","Event roles: VERB=chas; PATIENT=mother; AGENT=minister
Sentence: the",Sentence: the,first_noun,-4.96969747543335,-4.936647415161133,0.0330500602722168,passive,1.0
956,role_labeled,filler,filler,The witness paused near the doorway .,a minister chases a mother .,a mother is chased by a minister .,a,minister,a,mother,chas,chases,chased,"[""VERB=chas"", ""PATIENT=mother"", ""AGENT=minister""]","Prime sentence: The witness paused near the doorway .
Event roles: VERB=chas; PATIENT=mother; AGENT=minister
Sentence: the",Sentence: the,first_noun,-4.18574333190918,-4.519098281860352,-0.3333549499511719,active,0.0
957,role_labeled,active,active,an aunt raises an author .,a mayor raises a minister .,a minister is raised by a mayor .,a,mayor,a,minister,rais,raises,raised,"[""AGENT=mayor"", ""VERB=rais"", ""PATIENT=minister""]","Prime sentence: an aunt raises an author .
Event roles: AGENT=mayor; VERB=rais; PATIENT=minister
Sentence: the",Sentence: the,first_noun,-2.8027398586273193,-4.752320289611816,-1.949580430984497,active,0.0
957,role_labeled,passive,passive,an author is raised by an aunt .,a mayor raises a minister .,a minister is raised by a mayor .,a,mayor,a,minister,rais,raises,raised,"[""AGENT=mayor"", ""VERB=rais"", ""PATIENT=minister""]","Prime sentence: an author is raised by an aunt .
Event roles: AGENT=mayor; VERB=rais; PATIENT=minister
Sentence: the",Sentence: the,first_noun,-2.8926033973693848,-5.064979553222656,-2.1723761558532715,active,0.0
957,role_labeled,no_prime_eos,no_prime_eos,,a mayor raises a minister .,a minister is raised by a mayor .,a,mayor,a,minister,rais,raises,raised,"[""AGENT=mayor"", ""VERB=rais"", ""PATIENT=minister""]","Event roles: AGENT=mayor; VERB=rais; PATIENT=minister
Sentence: the",Sentence: the,first_noun,-2.7301840782165527,-4.919101715087891,-2.188917636871338,active,0.0
957,role_labeled,filler,filler,The engine cooled before dawn .,a mayor raises a minister .,a minister is raised by a mayor .,a,mayor,a,minister,rais,raises,raised,"[""AGENT=mayor"", ""VERB=rais"", ""PATIENT=minister""]","Prime sentence: The engine cooled before dawn .
Event roles: AGENT=mayor; VERB=rais; PATIENT=minister
Sentence: the",Sentence: the,first_noun,-4.002440929412842,-6.228075981140137,-2.225635051727295,active,0.0
958,role_labeled,active,active,an adult beats an attorney .,a man beats a manager .,a manager is beaten by a man .,a,man,a,manager,beat,beats,beaten,"[""VERB=beat"", ""PATIENT=manager"", ""AGENT=man""]","Prime sentence: an adult beats an attorney .
Event roles: VERB=beat; PATIENT=manager; AGENT=man
Sentence: the",Sentence: the,first_noun,-4.079062461853027,-4.403709411621094,-0.3246469497680664,active,0.0
958,role_labeled,passive,passive,an attorney is beaten by an adult .,a man beats a manager .,a manager is beaten by a man .,a,man,a,manager,beat,beats,beaten,"[""VERB=beat"", ""PATIENT=manager"", ""AGENT=man""]","Prime sentence: an attorney is beaten by an adult .
Event roles: VERB=beat; PATIENT=manager; AGENT=man
Sentence: the",Sentence: the,first_noun,-4.09962272644043,-3.9568984508514404,0.14272427558898926,passive,1.0
958,role_labeled,no_prime_eos,no_prime_eos,,a man beats a manager .,a manager is beaten by a man .,a,man,a,manager,beat,beats,beaten,"[""VERB=beat"", ""PATIENT=manager"", ""AGENT=man""]","Event roles: VERB=beat; PATIENT=manager; AGENT=man
Sentence: the",Sentence: the,first_noun,-4.461977958679199,-3.960691213607788,0.5012867450714111,passive,1.0
958,role_labeled,filler,filler,The garden brightened after rain .,a man beats a manager .,a manager is beaten by a man .,a,man,a,manager,beat,beats,beaten,"[""VERB=beat"", ""PATIENT=manager"", ""AGENT=man""]","Prime sentence: The garden brightened after rain .
Event roles: VERB=beat; PATIENT=manager; AGENT=man
Sentence: the",Sentence: the,first_noun,-4.848343372344971,-7.144181728363037,-2.2958383560180664,active,0.0
959,role_labeled,active,active,a boy asks a brother .,a nurse asks an opponent .,an opponent is asked by a nurse .,a,nurse,an,opponent,ask,asks,asked,"[""PATIENT=opponent"", ""AGENT=nurse"", ""VERB=ask""]","Prime sentence: a boy asks a brother .
Event roles: PATIENT=opponent; AGENT=nurse; VERB=ask
Sentence: the",Sentence: the,first_noun,-3.694092273712158,-7.563840866088867,-3.869748592376709,active,0.0
959,role_labeled,passive,passive,a brother is asked by a boy .,a nurse asks an opponent .,an opponent is asked by a nurse .,a,nurse,an,opponent,ask,asks,asked,"[""PATIENT=opponent"", ""AGENT=nurse"", ""VERB=ask""]","Prime sentence: a brother is asked by a boy .
Event roles: PATIENT=opponent; AGENT=nurse; VERB=ask
Sentence: the",Sentence: the,first_noun,-3.356065034866333,-7.732246398925781,-4.376181364059448,active,0.0
959,role_labeled,no_prime_eos,no_prime_eos,,a nurse asks an opponent .,an opponent is asked by a nurse .,a,nurse,an,opponent,ask,asks,asked,"[""PATIENT=opponent"", ""AGENT=nurse"", ""VERB=ask""]","Event roles: PATIENT=opponent; AGENT=nurse; VERB=ask
Sentence: the",Sentence: the,first_noun,-3.0291359424591064,-6.298150062561035,-3.2690141201019287,active,0.0
959,role_labeled,filler,filler,The notebook stayed on the shelf .,a nurse asks an opponent .,an opponent is asked by a nurse .,a,nurse,an,opponent,ask,asks,asked,"[""PATIENT=opponent"", ""AGENT=nurse"", ""VERB=ask""]","Prime sentence: The notebook stayed on the shelf .
Event roles: PATIENT=opponent; AGENT=nurse; VERB=ask
Sentence: the",Sentence: the,first_noun,-3.2497916221618652,-8.393003463745117,-5.143211841583252,active,0.0
960,role_labeled,active,active,a mother helps a nurse .,an author helps a bishop .,a bishop is helped by an author .,an,author,a,bishop,help,helps,helped,"[""AGENT=author"", ""VERB=help"", ""PATIENT=bishop""]","Prime sentence: a mother helps a nurse .
Event roles: AGENT=author; VERB=help; PATIENT=bishop
Sentence: the",Sentence: the,first_noun,-6.0324811935424805,-3.6792654991149902,2.3532156944274902,passive,1.0
960,role_labeled,passive,passive,a nurse is helped by a mother .,an author helps a bishop .,a bishop is helped by an author .,an,author,a,bishop,help,helps,helped,"[""AGENT=author"", ""VERB=help"", ""PATIENT=bishop""]","Prime sentence: a nurse is helped by a mother .
Event roles: AGENT=author; VERB=help; PATIENT=bishop
Sentence: the",Sentence: the,first_noun,-5.672093868255615,-3.6260151863098145,2.046078681945801,passive,1.0
960,role_labeled,no_prime_eos,no_prime_eos,,an author helps a bishop .,a bishop is helped by an author .,an,author,a,bishop,help,helps,helped,"[""AGENT=author"", ""VERB=help"", ""PATIENT=bishop""]","Event roles: AGENT=author; VERB=help; PATIENT=bishop
Sentence: the",Sentence: the,first_noun,-4.034304618835449,-3.4192380905151367,0.6150665283203125,passive,1.0
960,role_labeled,filler,filler,The kettle whistled in the kitchen .,an author helps a bishop .,a bishop is helped by an author .,an,author,a,bishop,help,helps,helped,"[""AGENT=author"", ""VERB=help"", ""PATIENT=bishop""]","Prime sentence: The kettle whistled in the kitchen .
Event roles: AGENT=author; VERB=help; PATIENT=bishop
Sentence: the",Sentence: the,first_noun,-7.33823299407959,-5.30855655670166,2.0296764373779297,passive,1.0
961,role_labeled,active,active,a minister selects a mother .,an aunt selects an author .,an author is selected by an aunt .,an,aunt,an,author,select,selects,selected,"[""AGENT=aunt"", ""VERB=select"", ""PATIENT=author""]","Prime sentence: a minister selects a mother .
Event roles: AGENT=aunt; VERB=select; PATIENT=author
Sentence: the",Sentence: the,first_noun,-3.771444320678711,-5.736467361450195,-1.9650230407714844,active,0.0
961,role_labeled,passive,passive,a mother is selected by a minister .,an aunt selects an author .,an author is selected by an aunt .,an,aunt,an,author,select,selects,selected,"[""AGENT=aunt"", ""VERB=select"", ""PATIENT=author""]","Prime sentence: a mother is selected by a minister .
Event roles: AGENT=aunt; VERB=select; PATIENT=author
Sentence: the",Sentence: the,first_noun,-4.557727336883545,-6.090190887451172,-1.532463550567627,active,0.0
961,role_labeled,no_prime_eos,no_prime_eos,,an aunt selects an author .,an author is selected by an aunt .,an,aunt,an,author,select,selects,selected,"[""AGENT=aunt"", ""VERB=select"", ""PATIENT=author""]","Event roles: AGENT=aunt; VERB=select; PATIENT=author
Sentence: the",Sentence: the,first_noun,-8.361283302307129,-4.621750354766846,3.739532947540283,passive,1.0
961,role_labeled,filler,filler,The planet shimmered above the valley .,an aunt selects an author .,an author is selected by an aunt .,an,aunt,an,author,select,selects,selected,"[""AGENT=aunt"", ""VERB=select"", ""PATIENT=author""]","Prime sentence: The planet shimmered above the valley .
Event roles: AGENT=aunt; VERB=select; PATIENT=author
Sentence: the",Sentence: the,first_noun,-8.707084655761719,-8.276396751403809,0.43068790435791016,passive,1.0
962,role_labeled,active,active,a brother carries a buddy .,an opponent carries a parent .,a parent is carried by an opponent .,an,opponent,a,parent,carry,carries,carried,"[""PATIENT=parent"", ""VERB=carry"", ""AGENT=opponent""]","Prime sentence: a brother carries a buddy .
Event roles: PATIENT=parent; VERB=carry; AGENT=opponent
Sentence: the",Sentence: the,first_noun,-7.042309761047363,-5.561506748199463,1.4808030128479004,passive,1.0
962,role_labeled,passive,passive,a buddy is carried by a brother .,an opponent carries a parent .,a parent is carried by an opponent .,an,opponent,a,parent,carry,carries,carried,"[""PATIENT=parent"", ""VERB=carry"", ""AGENT=opponent""]","Prime sentence: a buddy is carried by a brother .
Event roles: PATIENT=parent; VERB=carry; AGENT=opponent
Sentence: the",Sentence: the,first_noun,-6.600800514221191,-5.556107521057129,1.0446929931640625,passive,1.0
962,role_labeled,no_prime_eos,no_prime_eos,,an opponent carries a parent .,a parent is carried by an opponent .,an,opponent,a,parent,carry,carries,carried,"[""PATIENT=parent"", ""VERB=carry"", ""AGENT=opponent""]","Event roles: PATIENT=parent; VERB=carry; AGENT=opponent
Sentence: the",Sentence: the,first_noun,-5.397149085998535,-5.270953178405762,0.12619590759277344,passive,1.0
962,role_labeled,filler,filler,The witness paused near the doorway .,an opponent carries a parent .,a parent is carried by an opponent .,an,opponent,a,parent,carry,carries,carried,"[""PATIENT=parent"", ""VERB=carry"", ""AGENT=opponent""]","Prime sentence: The witness paused near the doorway .
Event roles: PATIENT=parent; VERB=carry; AGENT=opponent
Sentence: the",Sentence: the,first_noun,-7.298274993896484,-5.123564720153809,2.174710273742676,passive,1.0
963,role_labeled,active,active,an aunt grabs an author .,a mayor grabs a minister .,a minister is grabbed by a mayor .,a,mayor,a,minister,grab,grabs,grabbed,"[""VERB=grab"", ""PATIENT=minister"", ""AGENT=mayor""]","Prime sentence: an aunt grabs an author .
Event roles: VERB=grab; PATIENT=minister; AGENT=mayor
Sentence: the",Sentence: the,first_noun,-2.919080972671509,-4.680563926696777,-1.7614829540252686,active,0.0
963,role_labeled,passive,passive,an author is grabbed by an aunt .,a mayor grabs a minister .,a minister is grabbed by a mayor .,a,mayor,a,minister,grab,grabs,grabbed,"[""VERB=grab"", ""PATIENT=minister"", ""AGENT=mayor""]","Prime sentence: an author is grabbed by an aunt .
Event roles: VERB=grab; PATIENT=minister; AGENT=mayor
Sentence: the",Sentence: the,first_noun,-3.2572391033172607,-4.864162921905518,-1.6069238185882568,active,0.0
963,role_labeled,no_prime_eos,no_prime_eos,,a mayor grabs a minister .,a minister is grabbed by a mayor .,a,mayor,a,minister,grab,grabs,grabbed,"[""VERB=grab"", ""PATIENT=minister"", ""AGENT=mayor""]","Event roles: VERB=grab; PATIENT=minister; AGENT=mayor
Sentence: the",Sentence: the,first_noun,-3.26220440864563,-4.833988189697266,-1.5717837810516357,active,0.0
963,role_labeled,filler,filler,The lantern glowed near sunset .,a mayor grabs a minister .,a minister is grabbed by a mayor .,a,mayor,a,minister,grab,grabs,grabbed,"[""VERB=grab"", ""PATIENT=minister"", ""AGENT=mayor""]","Prime sentence: The lantern glowed near sunset .
Event roles: VERB=grab; PATIENT=minister; AGENT=mayor
Sentence: the",Sentence: the,first_noun,-4.271866798400879,-7.075672149658203,-2.803805351257324,active,0.0
964,role_labeled,active,active,a son selects a student .,a friend selects a girl .,a girl is selected by a friend .,a,friend,a,girl,select,selects,selected,"[""AGENT=friend"", ""PATIENT=girl"", ""VERB=select""]","Prime sentence: a son selects a student .
Event roles: AGENT=friend; PATIENT=girl; VERB=select
Sentence: the",Sentence: the,first_noun,-4.0948076248168945,-3.285659074783325,0.8091485500335693,passive,1.0
964,role_labeled,passive,passive,a student is selected by a son .,a friend selects a girl .,a girl is selected by a friend .,a,friend,a,girl,select,selects,selected,"[""AGENT=friend"", ""PATIENT=girl"", ""VERB=select""]","Prime sentence: a student is selected by a son .
Event roles: AGENT=friend; PATIENT=girl; VERB=select
Sentence: the",Sentence: the,first_noun,-4.019745826721191,-3.127012014389038,0.8927338123321533,passive,1.0
964,role_labeled,no_prime_eos,no_prime_eos,,a friend selects a girl .,a girl is selected by a friend .,a,friend,a,girl,select,selects,selected,"[""AGENT=friend"", ""PATIENT=girl"", ""VERB=select""]","Event roles: AGENT=friend; PATIENT=girl; VERB=select
Sentence: the",Sentence: the,first_noun,-4.582414150238037,-2.534393548965454,2.048020601272583,passive,1.0
964,role_labeled,filler,filler,The traveler rested beside the river .,a friend selects a girl .,a girl is selected by a friend .,a,friend,a,girl,select,selects,selected,"[""AGENT=friend"", ""PATIENT=girl"", ""VERB=select""]","Prime sentence: The traveler rested beside the river .
Event roles: AGENT=friend; PATIENT=girl; VERB=select
Sentence: the",Sentence: the,first_noun,-5.833260536193848,-4.012533187866211,1.8207273483276367,passive,1.0
965,role_labeled,active,active,an actor hurries an actress .,a lawyer hurries a leader .,a leader is hurried by a lawyer .,a,lawyer,a,leader,hurry,hurries,hurried,"[""PATIENT=leader"", ""VERB=hurry"", ""AGENT=lawyer""]","Prime sentence: an actor hurries an actress .
Event roles: PATIENT=leader; VERB=hurry; AGENT=lawyer
Sentence: the",Sentence: the,first_noun,-5.047574996948242,-4.696131706237793,0.3514432907104492,passive,1.0
965,role_labeled,passive,passive,an actress is hurried by an actor .,a lawyer hurries a leader .,a leader is hurried by a lawyer .,a,lawyer,a,leader,hurry,hurries,hurried,"[""PATIENT=leader"", ""VERB=hurry"", ""AGENT=lawyer""]","Prime sentence: an actress is hurried by an actor .
Event roles: PATIENT=leader; VERB=hurry; AGENT=lawyer
Sentence: the",Sentence: the,first_noun,-5.27545166015625,-5.326241493225098,-0.050789833068847656,active,0.0
965,role_labeled,no_prime_eos,no_prime_eos,,a lawyer hurries a leader .,a leader is hurried by a lawyer .,a,lawyer,a,leader,hurry,hurries,hurried,"[""PATIENT=leader"", ""VERB=hurry"", ""AGENT=lawyer""]","Event roles: PATIENT=leader; VERB=hurry; AGENT=lawyer
Sentence: the",Sentence: the,first_noun,-5.421422481536865,-4.534660816192627,0.8867616653442383,passive,1.0
965,role_labeled,filler,filler,The jacket hung behind the chair .,a lawyer hurries a leader .,a leader is hurried by a lawyer .,a,lawyer,a,leader,hurry,hurries,hurried,"[""PATIENT=leader"", ""VERB=hurry"", ""AGENT=lawyer""]","Prime sentence: The jacket hung behind the chair .
Event roles: PATIENT=leader; VERB=hurry; AGENT=lawyer
Sentence: the",Sentence: the,first_noun,-4.835088729858398,-6.633394241333008,-1.7983055114746094,active,0.0
966,role_labeled,active,active,a hero drags a husband .,an uncle drags a wife .,a wife is dragged by an uncle .,an,uncle,a,wife,drag,drags,dragged,"[""AGENT=uncle"", ""VERB=drag"", ""PATIENT=wife""]","Prime sentence: a hero drags a husband .
Event roles: AGENT=uncle; VERB=drag; PATIENT=wife
Sentence: the",Sentence: the,first_noun,-4.840583801269531,-3.7545394897460938,1.0860443115234375,passive,1.0
966,role_labeled,passive,passive,a husband is dragged by a hero .,an uncle drags a wife .,a wife is dragged by an uncle .,an,uncle,a,wife,drag,drags,dragged,"[""AGENT=uncle"", ""VERB=drag"", ""PATIENT=wife""]","Prime sentence: a husband is dragged by a hero .
Event roles: AGENT=uncle; VERB=drag; PATIENT=wife
Sentence: the",Sentence: the,first_noun,-5.386990547180176,-3.7631916999816895,1.6237988471984863,passive,1.0
966,role_labeled,no_prime_eos,no_prime_eos,,an uncle drags a wife .,a wife is dragged by an uncle .,an,uncle,a,wife,drag,drags,dragged,"[""AGENT=uncle"", ""VERB=drag"", ""PATIENT=wife""]","Event roles: AGENT=uncle; VERB=drag; PATIENT=wife
Sentence: the",Sentence: the,first_noun,-6.728644847869873,-4.491132736206055,2.2375121116638184,passive,1.0
966,role_labeled,filler,filler,The singer smiled after rehearsal .,an uncle drags a wife .,a wife is dragged by an uncle .,an,uncle,a,wife,drag,drags,dragged,"[""AGENT=uncle"", ""VERB=drag"", ""PATIENT=wife""]","Prime sentence: The singer smiled after rehearsal .
Event roles: AGENT=uncle; VERB=drag; PATIENT=wife
Sentence: the",Sentence: the,first_noun,-5.969876289367676,-4.557262420654297,1.412613868713379,passive,1.0
967,role_labeled,active,active,a minister chases a mother .,an aunt chases an author .,an author is chased by an aunt .,an,aunt,an,author,chas,chases,chased,"[""VERB=chas"", ""AGENT=aunt"", ""PATIENT=author""]","Prime sentence: a minister chases a mother .
Event roles: VERB=chas; AGENT=aunt; PATIENT=author
Sentence: the",Sentence: the,first_noun,-6.470929145812988,-6.142641067504883,0.32828807830810547,passive,1.0
967,role_labeled,passive,passive,a mother is chased by a minister .,an aunt chases an author .,an author is chased by an aunt .,an,aunt,an,author,chas,chases,chased,"[""VERB=chas"", ""AGENT=aunt"", ""PATIENT=author""]","Prime sentence: a mother is chased by a minister .
Event roles: VERB=chas; AGENT=aunt; PATIENT=author
Sentence: the",Sentence: the,first_noun,-6.8406829833984375,-6.111764430999756,0.7289185523986816,passive,1.0
967,role_labeled,no_prime_eos,no_prime_eos,,an aunt chases an author .,an author is chased by an aunt .,an,aunt,an,author,chas,chases,chased,"[""VERB=chas"", ""AGENT=aunt"", ""PATIENT=author""]","Event roles: VERB=chas; AGENT=aunt; PATIENT=author
Sentence: the",Sentence: the,first_noun,-9.251331329345703,-4.329783916473389,4.9215474128723145,passive,1.0
967,role_labeled,filler,filler,The garden brightened after rain .,an aunt chases an author .,an author is chased by an aunt .,an,aunt,an,author,chas,chases,chased,"[""VERB=chas"", ""AGENT=aunt"", ""PATIENT=author""]","Prime sentence: The garden brightened after rain .
Event roles: VERB=chas; AGENT=aunt; PATIENT=author
Sentence: the",Sentence: the,first_noun,-8.055130958557129,-7.722125053405762,0.3330059051513672,passive,1.0
968,role_labeled,active,active,a student forgives a teacher .,a girl forgives a guest .,a guest is forgiven by a girl .,a,girl,a,guest,forgiv,forgives,forgiven,"[""VERB=forgiv"", ""PATIENT=guest"", ""AGENT=girl""]","Prime sentence: a student forgives a teacher .
Event roles: VERB=forgiv; PATIENT=guest; AGENT=girl
Sentence: the",Sentence: the,first_noun,-3.0301156044006348,-6.925321578979492,-3.8952059745788574,active,0.0
968,role_labeled,passive,passive,a teacher is forgiven by a student .,a girl forgives a guest .,a guest is forgiven by a girl .,a,girl,a,guest,forgiv,forgives,forgiven,"[""VERB=forgiv"", ""PATIENT=guest"", ""AGENT=girl""]","Prime sentence: a teacher is forgiven by a student .
Event roles: VERB=forgiv; PATIENT=guest; AGENT=girl
Sentence: the",Sentence: the,first_noun,-2.9832019805908203,-6.784868240356445,-3.801666259765625,active,0.0
968,role_labeled,no_prime_eos,no_prime_eos,,a girl forgives a guest .,a guest is forgiven by a girl .,a,girl,a,guest,forgiv,forgives,forgiven,"[""VERB=forgiv"", ""PATIENT=guest"", ""AGENT=girl""]","Event roles: VERB=forgiv; PATIENT=guest; AGENT=girl
Sentence: the",Sentence: the,first_noun,-3.1665871143341064,-6.205883026123047,-3.0392959117889404,active,0.0
968,role_labeled,filler,filler,The pillow rested on the sofa .,a girl forgives a guest .,a guest is forgiven by a girl .,a,girl,a,guest,forgiv,forgives,forgiven,"[""VERB=forgiv"", ""PATIENT=guest"", ""AGENT=girl""]","Prime sentence: The pillow rested on the sofa .
Event roles: VERB=forgiv; PATIENT=guest; AGENT=girl
Sentence: the",Sentence: the,first_noun,-4.02971076965332,-6.042726516723633,-2.0130157470703125,active,0.0
969,role_labeled,active,active,an attorney selects an aunt .,a manager selects a mayor .,a mayor is selected by a manager .,a,manager,a,mayor,select,selects,selected,"[""VERB=select"", ""PATIENT=mayor"", ""AGENT=manager""]","Prime sentence: an attorney selects an aunt .
Event roles: VERB=select; PATIENT=mayor; AGENT=manager
Sentence: the",Sentence: the,first_noun,-5.365299224853516,-1.953796625137329,3.4115025997161865,passive,1.0
969,role_labeled,passive,passive,an aunt is selected by an attorney .,a manager selects a mayor .,a mayor is selected by a manager .,a,manager,a,mayor,select,selects,selected,"[""VERB=select"", ""PATIENT=mayor"", ""AGENT=manager""]","Prime sentence: an aunt is selected by an attorney .
Event roles: VERB=select; PATIENT=mayor; AGENT=manager
Sentence: the",Sentence: the,first_noun,-5.267744064331055,-2.1395466327667236,3.128197431564331,passive,1.0
969,role_labeled,no_prime_eos,no_prime_eos,,a manager selects a mayor .,a mayor is selected by a manager .,a,manager,a,mayor,select,selects,selected,"[""VERB=select"", ""PATIENT=mayor"", ""AGENT=manager""]","Event roles: VERB=select; PATIENT=mayor; AGENT=manager
Sentence: the",Sentence: the,first_noun,-5.142155170440674,-2.87369966506958,2.2684555053710938,passive,1.0
969,role_labeled,filler,filler,The garden brightened after rain .,a manager selects a mayor .,a mayor is selected by a manager .,a,manager,a,mayor,select,selects,selected,"[""VERB=select"", ""PATIENT=mayor"", ""AGENT=manager""]","Prime sentence: The garden brightened after rain .
Event roles: VERB=select; PATIENT=mayor; AGENT=manager
Sentence: the",Sentence: the,first_noun,-7.060685157775879,-4.602431297302246,2.458253860473633,passive,1.0
970,role_labeled,active,active,a girl discovers a guest .,a son discovers a student .,a student is discovered by a son .,a,son,a,student,discover,discovers,discovered,"[""PATIENT=student"", ""AGENT=son"", ""VERB=discover""]","Prime sentence: a girl discovers a guest .
Event roles: PATIENT=student; AGENT=son; VERB=discover
Sentence: the",Sentence: the,first_noun,-5.041136264801025,-3.2596559524536133,1.781480312347412,passive,1.0
970,role_labeled,passive,passive,a guest is discovered by a girl .,a son discovers a student .,a student is discovered by a son .,a,son,a,student,discover,discovers,discovered,"[""PATIENT=student"", ""AGENT=son"", ""VERB=discover""]","Prime sentence: a guest is discovered by a girl .
Event roles: PATIENT=student; AGENT=son; VERB=discover
Sentence: the",Sentence: the,first_noun,-4.918669700622559,-2.6408183574676514,2.2778513431549072,passive,1.0
970,role_labeled,no_prime_eos,no_prime_eos,,a son discovers a student .,a student is discovered by a son .,a,son,a,student,discover,discovers,discovered,"[""PATIENT=student"", ""AGENT=son"", ""VERB=discover""]","Event roles: PATIENT=student; AGENT=son; VERB=discover
Sentence: the",Sentence: the,first_noun,-4.257782459259033,-3.0623764991760254,1.1954059600830078,passive,1.0
970,role_labeled,filler,filler,The traveler rested beside the river .,a son discovers a student .,a student is discovered by a son .,a,son,a,student,discover,discovers,discovered,"[""PATIENT=student"", ""AGENT=son"", ""VERB=discover""]","Prime sentence: The traveler rested beside the river .
Event roles: PATIENT=student; AGENT=son; VERB=discover
Sentence: the",Sentence: the,first_noun,-5.768775463104248,-4.728837490081787,1.039937973022461,passive,1.0
971,role_labeled,active,active,a guest forgives a guy .,a student forgives a teacher .,a teacher is forgiven by a student .,a,student,a,teacher,forgiv,forgives,forgiven,"[""PATIENT=teacher"", ""AGENT=student"", ""VERB=forgiv""]","Prime sentence: a guest forgives a guy .
Event roles: PATIENT=teacher; AGENT=student; VERB=forgiv
Sentence: the",Sentence: the,first_noun,-3.72102427482605,-3.0553576946258545,0.6656665802001953,passive,1.0
971,role_labeled,passive,passive,a guy is forgiven by a guest .,a student forgives a teacher .,a teacher is forgiven by a student .,a,student,a,teacher,forgiv,forgives,forgiven,"[""PATIENT=teacher"", ""AGENT=student"", ""VERB=forgiv""]","Prime sentence: a guy is forgiven by a guest .
Event roles: PATIENT=teacher; AGENT=student; VERB=forgiv
Sentence: the",Sentence: the,first_noun,-3.4496653079986572,-2.796492338180542,0.6531729698181152,passive,1.0
971,role_labeled,no_prime_eos,no_prime_eos,,a student forgives a teacher .,a teacher is forgiven by a student .,a,student,a,teacher,forgiv,forgives,forgiven,"[""PATIENT=teacher"", ""AGENT=student"", ""VERB=forgiv""]","Event roles: PATIENT=teacher; AGENT=student; VERB=forgiv
Sentence: the",Sentence: the,first_noun,-3.115086555480957,-2.70259952545166,0.4124870300292969,passive,1.0
971,role_labeled,filler,filler,The market opened after sunrise .,a student forgives a teacher .,a teacher is forgiven by a student .,a,student,a,teacher,forgiv,forgives,forgiven,"[""PATIENT=teacher"", ""AGENT=student"", ""VERB=forgiv""]","Prime sentence: The market opened after sunrise .
Event roles: PATIENT=teacher; AGENT=student; VERB=forgiv
Sentence: the",Sentence: the,first_noun,-4.433357238769531,-4.165794849395752,0.2675623893737793,passive,1.0
972,role_labeled,active,active,a candidate judges a captain .,a partner judges a physician .,a physician is judged by a partner .,a,partner,a,physician,judg,judges,judged,"[""PATIENT=physician"", ""VERB=judg"", ""AGENT=partner""]","Prime sentence: a candidate judges a captain .
Event roles: PATIENT=physician; VERB=judg; AGENT=partner
Sentence: the",Sentence: the,first_noun,-6.781362056732178,-4.535123348236084,2.2462387084960938,passive,1.0
972,role_labeled,passive,passive,a captain is judged by a candidate .,a partner judges a physician .,a physician is judged by a partner .,a,partner,a,physician,judg,judges,judged,"[""PATIENT=physician"", ""VERB=judg"", ""AGENT=partner""]","Prime sentence: a captain is judged by a candidate .
Event roles: PATIENT=physician; VERB=judg; AGENT=partner
Sentence: the",Sentence: the,first_noun,-7.294896125793457,-4.540741443634033,2.754154682159424,passive,1.0
972,role_labeled,no_prime_eos,no_prime_eos,,a partner judges a physician .,a physician is judged by a partner .,a,partner,a,physician,judg,judges,judged,"[""PATIENT=physician"", ""VERB=judg"", ""AGENT=partner""]","Event roles: PATIENT=physician; VERB=judg; AGENT=partner
Sentence: the",Sentence: the,first_noun,-6.819304943084717,-3.662519931793213,3.156785011291504,passive,1.0
972,role_labeled,filler,filler,The baker laughed during breakfast .,a partner judges a physician .,a physician is judged by a partner .,a,partner,a,physician,judg,judges,judged,"[""PATIENT=physician"", ""VERB=judg"", ""AGENT=partner""]","Prime sentence: The baker laughed during breakfast .
Event roles: PATIENT=physician; VERB=judg; AGENT=partner
Sentence: the",Sentence: the,first_noun,-7.156215667724609,-5.02293586730957,2.133279800415039,passive,1.0
973,role_labeled,active,active,a daughter surprises a doctor .,a reader surprises a scientist .,a scientist is surprised by a reader .,a,reader,a,scientist,surpris,surprises,surprised,"[""PATIENT=scientist"", ""VERB=surpris"", ""AGENT=reader""]","Prime sentence: a daughter surprises a doctor .
Event roles: PATIENT=scientist; VERB=surpris; AGENT=reader
Sentence: the",Sentence: the,first_noun,-6.1339521408081055,-4.1937971115112305,1.940155029296875,passive,1.0
973,role_labeled,passive,passive,a doctor is surprised by a daughter .,a reader surprises a scientist .,a scientist is surprised by a reader .,a,reader,a,scientist,surpris,surprises,surprised,"[""PATIENT=scientist"", ""VERB=surpris"", ""AGENT=reader""]","Prime sentence: a doctor is surprised by a daughter .
Event roles: PATIENT=scientist; VERB=surpris; AGENT=reader
Sentence: the",Sentence: the,first_noun,-6.126185894012451,-3.8808107376098633,2.245375156402588,passive,1.0
973,role_labeled,no_prime_eos,no_prime_eos,,a reader surprises a scientist .,a scientist is surprised by a reader .,a,reader,a,scientist,surpris,surprises,surprised,"[""PATIENT=scientist"", ""VERB=surpris"", ""AGENT=reader""]","Event roles: PATIENT=scientist; VERB=surpris; AGENT=reader
Sentence: the",Sentence: the,first_noun,-4.387563705444336,-4.609274864196777,-0.2217111587524414,active,0.0
973,role_labeled,filler,filler,The planet shimmered above the valley .,a reader surprises a scientist .,a scientist is surprised by a reader .,a,reader,a,scientist,surpris,surprises,surprised,"[""PATIENT=scientist"", ""VERB=surpris"", ""AGENT=reader""]","Prime sentence: The planet shimmered above the valley .
Event roles: PATIENT=scientist; VERB=surpris; AGENT=reader
Sentence: the",Sentence: the,first_noun,-7.357163429260254,-5.398611545562744,1.9585518836975098,passive,1.0
974,role_labeled,active,active,a hero helps a husband .,an uncle helps a wife .,a wife is helped by an uncle .,an,uncle,a,wife,help,helps,helped,"[""AGENT=uncle"", ""PATIENT=wife"", ""VERB=help""]","Prime sentence: a hero helps a husband .
Event roles: AGENT=uncle; PATIENT=wife; VERB=help
Sentence: the",Sentence: the,first_noun,-5.142551898956299,-3.472726345062256,1.669825553894043,passive,1.0
974,role_labeled,passive,passive,a husband is helped by a hero .,an uncle helps a wife .,a wife is helped by an uncle .,an,uncle,a,wife,help,helps,helped,"[""AGENT=uncle"", ""PATIENT=wife"", ""VERB=help""]","Prime sentence: a husband is helped by a hero .
Event roles: AGENT=uncle; PATIENT=wife; VERB=help
Sentence: the",Sentence: the,first_noun,-6.032336711883545,-3.9191088676452637,2.1132278442382812,passive,1.0
974,role_labeled,no_prime_eos,no_prime_eos,,an uncle helps a wife .,a wife is helped by an uncle .,an,uncle,a,wife,help,helps,helped,"[""AGENT=uncle"", ""PATIENT=wife"", ""VERB=help""]","Event roles: AGENT=uncle; PATIENT=wife; VERB=help
Sentence: the",Sentence: the,first_noun,-6.742879867553711,-4.386412143707275,2.3564677238464355,passive,1.0
974,role_labeled,filler,filler,The lantern glowed near sunset .,an uncle helps a wife .,a wife is helped by an uncle .,an,uncle,a,wife,help,helps,helped,"[""AGENT=uncle"", ""PATIENT=wife"", ""VERB=help""]","Prime sentence: The lantern glowed near sunset .
Event roles: AGENT=uncle; PATIENT=wife; VERB=help
Sentence: the",Sentence: the,first_noun,-6.982161998748779,-5.698432922363281,1.283729076385498,passive,1.0
975,role_labeled,active,active,an actress asks an adult .,a leader asks a man .,a man is asked by a leader .,a,leader,a,man,ask,asks,asked,"[""AGENT=leader"", ""PATIENT=man"", ""VERB=ask""]","Prime sentence: an actress asks an adult .
Event roles: AGENT=leader; PATIENT=man; VERB=ask
Sentence: the",Sentence: the,first_noun,-5.614358425140381,-4.323450565338135,1.290907859802246,passive,1.0
975,role_labeled,passive,passive,an adult is asked by an actress .,a leader asks a man .,a man is asked by a leader .,a,leader,a,man,ask,asks,asked,"[""AGENT=leader"", ""PATIENT=man"", ""VERB=ask""]","Prime sentence: an adult is asked by an actress .
Event roles: AGENT=leader; PATIENT=man; VERB=ask
Sentence: the",Sentence: the,first_noun,-6.011318683624268,-4.244320392608643,1.766998291015625,passive,1.0
975,role_labeled,no_prime_eos,no_prime_eos,,a leader asks a man .,a man is asked by a leader .,a,leader,a,man,ask,asks,asked,"[""AGENT=leader"", ""PATIENT=man"", ""VERB=ask""]","Event roles: AGENT=leader; PATIENT=man; VERB=ask
Sentence: the",Sentence: the,first_noun,-3.7845447063446045,-4.429201126098633,-0.6446564197540283,active,0.0
975,role_labeled,filler,filler,The traveler rested beside the river .,a leader asks a man .,a man is asked by a leader .,a,leader,a,man,ask,asks,asked,"[""AGENT=leader"", ""PATIENT=man"", ""VERB=ask""]","Prime sentence: The traveler rested beside the river .
Event roles: AGENT=leader; PATIENT=man; VERB=ask
Sentence: the",Sentence: the,first_noun,-5.897997856140137,-4.240450859069824,1.6575469970703125,passive,1.0
976,role_labeled,active,active,a doctor kisses an employee .,a scientist kisses a secretary .,a secretary is kissed by a scientist .,a,scientist,a,secretary,kiss,kisses,kissed,"[""AGENT=scientist"", ""VERB=kiss"", ""PATIENT=secretary""]","Prime sentence: a doctor kisses an employee .
Event roles: AGENT=scientist; VERB=kiss; PATIENT=secretary
Sentence: the",Sentence: the,first_noun,-4.157168388366699,-5.828610420227051,-1.6714420318603516,active,0.0
976,role_labeled,passive,passive,an employee is kissed by a doctor .,a scientist kisses a secretary .,a secretary is kissed by a scientist .,a,scientist,a,secretary,kiss,kisses,kissed,"[""AGENT=scientist"", ""VERB=kiss"", ""PATIENT=secretary""]","Prime sentence: an employee is kissed by a doctor .
Event roles: AGENT=scientist; VERB=kiss; PATIENT=secretary
Sentence: the",Sentence: the,first_noun,-3.894162178039551,-5.652419567108154,-1.7582573890686035,active,0.0
976,role_labeled,no_prime_eos,no_prime_eos,,a scientist kisses a secretary .,a secretary is kissed by a scientist .,a,scientist,a,secretary,kiss,kisses,kissed,"[""AGENT=scientist"", ""VERB=kiss"", ""PATIENT=secretary""]","Event roles: AGENT=scientist; VERB=kiss; PATIENT=secretary
Sentence: the",Sentence: the,first_noun,-4.224183559417725,-6.904162883758545,-2.6799793243408203,active,0.0
976,role_labeled,filler,filler,The pillow rested on the sofa .,a scientist kisses a secretary .,a secretary is kissed by a scientist .,a,scientist,a,secretary,kiss,kisses,kissed,"[""AGENT=scientist"", ""VERB=kiss"", ""PATIENT=secretary""]","Prime sentence: The pillow rested on the sofa .
Event roles: AGENT=scientist; VERB=kiss; PATIENT=secretary
Sentence: the",Sentence: the,first_noun,-5.976615905761719,-7.111732482910156,-1.1351165771484375,active,0.0
977,role_labeled,active,active,a reader follows a scientist .,a cousin follows a daughter .,a daughter is followed by a cousin .,a,cousin,a,daughter,follow,follows,followed,"[""AGENT=cousin"", ""PATIENT=daughter"", ""VERB=follow""]","Prime sentence: a reader follows a scientist .
Event roles: AGENT=cousin; PATIENT=daughter; VERB=follow
Sentence: the",Sentence: the,first_noun,-7.875008583068848,-5.470107078552246,2.4049015045166016,passive,1.0
977,role_labeled,passive,passive,a scientist is followed by a reader .,a cousin follows a daughter .,a daughter is followed by a cousin .,a,cousin,a,daughter,follow,follows,followed,"[""AGENT=cousin"", ""PATIENT=daughter"", ""VERB=follow""]","Prime sentence: a scientist is followed by a reader .
Event roles: AGENT=cousin; PATIENT=daughter; VERB=follow
Sentence: the",Sentence: the,first_noun,-7.952103614807129,-5.693249702453613,2.2588539123535156,passive,1.0
977,role_labeled,no_prime_eos,no_prime_eos,,a cousin follows a daughter .,a daughter is followed by a cousin .,a,cousin,a,daughter,follow,follows,followed,"[""AGENT=cousin"", ""PATIENT=daughter"", ""VERB=follow""]","Event roles: AGENT=cousin; PATIENT=daughter; VERB=follow
Sentence: the",Sentence: the,first_noun,-7.338138103485107,-4.362339019775391,2.975799083709717,passive,1.0
977,role_labeled,filler,filler,The traveler rested beside the river .,a cousin follows a daughter .,a daughter is followed by a cousin .,a,cousin,a,daughter,follow,follows,followed,"[""AGENT=cousin"", ""PATIENT=daughter"", ""VERB=follow""]","Prime sentence: The traveler rested beside the river .
Event roles: AGENT=cousin; PATIENT=daughter; VERB=follow
Sentence: the",Sentence: the,first_noun,-7.0787434577941895,-6.0953803062438965,0.983363151550293,passive,1.0
978,role_labeled,active,active,a captain describes a champion .,a physician describes a pilot .,a pilot is described by a physician .,a,physician,a,pilot,describ,describes,described,"[""VERB=describ"", ""PATIENT=pilot"", ""AGENT=physician""]","Prime sentence: a captain describes a champion .
Event roles: VERB=describ; PATIENT=pilot; AGENT=physician
Sentence: the",Sentence: the,first_noun,-6.113910675048828,-4.6610331535339355,1.4528775215148926,passive,1.0
978,role_labeled,passive,passive,a champion is described by a captain .,a physician describes a pilot .,a pilot is described by a physician .,a,physician,a,pilot,describ,describes,described,"[""VERB=describ"", ""PATIENT=pilot"", ""AGENT=physician""]","Prime sentence: a champion is described by a captain .
Event roles: VERB=describ; PATIENT=pilot; AGENT=physician
Sentence: the",Sentence: the,first_noun,-6.329038619995117,-5.111982345581055,1.2170562744140625,passive,1.0
978,role_labeled,no_prime_eos,no_prime_eos,,a physician describes a pilot .,a pilot is described by a physician .,a,physician,a,pilot,describ,describes,described,"[""VERB=describ"", ""PATIENT=pilot"", ""AGENT=physician""]","Event roles: VERB=describ; PATIENT=pilot; AGENT=physician
Sentence: the",Sentence: the,first_noun,-4.620485305786133,-4.037937164306641,0.5825481414794922,passive,1.0
978,role_labeled,filler,filler,The kettle whistled in the kitchen .,a physician describes a pilot .,a pilot is described by a physician .,a,physician,a,pilot,describ,describes,described,"[""VERB=describ"", ""PATIENT=pilot"", ""AGENT=physician""]","Prime sentence: The kettle whistled in the kitchen .
Event roles: VERB=describ; PATIENT=pilot; AGENT=physician
Sentence: the",Sentence: the,first_noun,-7.215008735656738,-6.270130157470703,0.9448785781860352,passive,1.0
979,role_labeled,active,active,a candidate understands a captain .,a partner understands a physician .,a physician is understood by a partner .,a,partner,a,physician,understand,understands,understood,"[""VERB=understand"", ""AGENT=partner"", ""PATIENT=physician""]","Prime sentence: a candidate understands a captain .
Event roles: VERB=understand; AGENT=partner; PATIENT=physician
Sentence: the",Sentence: the,first_noun,-7.571714401245117,-5.7443742752075195,1.8273401260375977,passive,1.0
979,role_labeled,passive,passive,a captain is understood by a candidate .,a partner understands a physician .,a physician is understood by a partner .,a,partner,a,physician,understand,understands,understood,"[""VERB=understand"", ""AGENT=partner"", ""PATIENT=physician""]","Prime sentence: a captain is understood by a candidate .
Event roles: VERB=understand; AGENT=partner; PATIENT=physician
Sentence: the",Sentence: the,first_noun,-7.538740158081055,-5.799071311950684,1.739668846130371,passive,1.0
979,role_labeled,no_prime_eos,no_prime_eos,,a partner understands a physician .,a physician is understood by a partner .,a,partner,a,physician,understand,understands,understood,"[""VERB=understand"", ""AGENT=partner"", ""PATIENT=physician""]","Event roles: VERB=understand; AGENT=partner; PATIENT=physician
Sentence: the",Sentence: the,first_noun,-7.474555969238281,-3.9546167850494385,3.5199391841888428,passive,1.0
979,role_labeled,filler,filler,The window rattled during the storm .,a partner understands a physician .,a physician is understood by a partner .,a,partner,a,physician,understand,understands,understood,"[""VERB=understand"", ""AGENT=partner"", ""PATIENT=physician""]","Prime sentence: The window rattled during the storm .
Event roles: VERB=understand; AGENT=partner; PATIENT=physician
Sentence: the",Sentence: the,first_noun,-9.487234115600586,-7.882099628448486,1.6051344871520996,passive,1.0
980,role_labeled,active,active,a girl hurries a guest .,a son hurries a student .,a student is hurried by a son .,a,son,a,student,hurry,hurries,hurried,"[""AGENT=son"", ""PATIENT=student"", ""VERB=hurry""]","Prime sentence: a girl hurries a guest .
Event roles: AGENT=son; PATIENT=student; VERB=hurry
Sentence: the",Sentence: the,first_noun,-5.552196502685547,-4.354953765869141,1.1972427368164062,passive,1.0
980,role_labeled,passive,passive,a guest is hurried by a girl .,a son hurries a student .,a student is hurried by a son .,a,son,a,student,hurry,hurries,hurried,"[""AGENT=son"", ""PATIENT=student"", ""VERB=hurry""]","Prime sentence: a guest is hurried by a girl .
Event roles: AGENT=son; PATIENT=student; VERB=hurry
Sentence: the",Sentence: the,first_noun,-5.435687065124512,-4.084969520568848,1.350717544555664,passive,1.0
980,role_labeled,no_prime_eos,no_prime_eos,,a son hurries a student .,a student is hurried by a son .,a,son,a,student,hurry,hurries,hurried,"[""AGENT=son"", ""PATIENT=student"", ""VERB=hurry""]","Event roles: AGENT=son; PATIENT=student; VERB=hurry
Sentence: the",Sentence: the,first_noun,-5.0532331466674805,-3.272244691848755,1.7809884548187256,passive,1.0
980,role_labeled,filler,filler,The package arrived before noon .,a son hurries a student .,a student is hurried by a son .,a,son,a,student,hurry,hurries,hurried,"[""AGENT=son"", ""PATIENT=student"", ""VERB=hurry""]","Prime sentence: The package arrived before noon .
Event roles: AGENT=son; PATIENT=student; VERB=hurry
Sentence: the",Sentence: the,first_noun,-5.488589286804199,-4.2798895835876465,1.2086997032165527,passive,1.0
981,role_labeled,active,active,a doctor teaches an employee .,a scientist teaches a secretary .,a secretary is taught by a scientist .,a,scientist,a,secretary,teach,teaches,taught,"[""PATIENT=secretary"", ""VERB=teach"", ""AGENT=scientist""]","Prime sentence: a doctor teaches an employee .
Event roles: PATIENT=secretary; VERB=teach; AGENT=scientist
Sentence: the",Sentence: the,first_noun,-4.139280319213867,-5.040322780609131,-0.9010424613952637,active,0.0
981,role_labeled,passive,passive,an employee is taught by a doctor .,a scientist teaches a secretary .,a secretary is taught by a scientist .,a,scientist,a,secretary,teach,teaches,taught,"[""PATIENT=secretary"", ""VERB=teach"", ""AGENT=scientist""]","Prime sentence: an employee is taught by a doctor .
Event roles: PATIENT=secretary; VERB=teach; AGENT=scientist
Sentence: the",Sentence: the,first_noun,-4.117695331573486,-5.404407024383545,-1.2867116928100586,active,0.0
981,role_labeled,no_prime_eos,no_prime_eos,,a scientist teaches a secretary .,a secretary is taught by a scientist .,a,scientist,a,secretary,teach,teaches,taught,"[""PATIENT=secretary"", ""VERB=teach"", ""AGENT=scientist""]","Event roles: PATIENT=secretary; VERB=teach; AGENT=scientist
Sentence: the",Sentence: the,first_noun,-4.612350940704346,-6.3331146240234375,-1.7207636833190918,active,0.0
981,role_labeled,filler,filler,The captain waited beside the harbor .,a scientist teaches a secretary .,a secretary is taught by a scientist .,a,scientist,a,secretary,teach,teaches,taught,"[""PATIENT=secretary"", ""VERB=teach"", ""AGENT=scientist""]","Prime sentence: The captain waited beside the harbor .
Event roles: PATIENT=secretary; VERB=teach; AGENT=scientist
Sentence: the",Sentence: the,first_noun,-4.843106746673584,-7.2057037353515625,-2.3625969886779785,active,0.0
982,role_labeled,active,active,a daughter beats a doctor .,a reader beats a scientist .,a scientist is beaten by a reader .,a,reader,a,scientist,beat,beats,beaten,"[""VERB=beat"", ""AGENT=reader"", ""PATIENT=scientist""]","Prime sentence: a daughter beats a doctor .
Event roles: VERB=beat; AGENT=reader; PATIENT=scientist
Sentence: the",Sentence: the,first_noun,-6.411083698272705,-4.563215732574463,1.8478679656982422,passive,1.0
982,role_labeled,passive,passive,a doctor is beaten by a daughter .,a reader beats a scientist .,a scientist is beaten by a reader .,a,reader,a,scientist,beat,beats,beaten,"[""VERB=beat"", ""AGENT=reader"", ""PATIENT=scientist""]","Prime sentence: a doctor is beaten by a daughter .
Event roles: VERB=beat; AGENT=reader; PATIENT=scientist
Sentence: the",Sentence: the,first_noun,-5.873555660247803,-3.602139472961426,2.271416187286377,passive,1.0
982,role_labeled,no_prime_eos,no_prime_eos,,a reader beats a scientist .,a scientist is beaten by a reader .,a,reader,a,scientist,beat,beats,beaten,"[""VERB=beat"", ""AGENT=reader"", ""PATIENT=scientist""]","Event roles: VERB=beat; AGENT=reader; PATIENT=scientist
Sentence: the",Sentence: the,first_noun,-3.985582113265991,-5.391129493713379,-1.4055473804473877,active,0.0
982,role_labeled,filler,filler,The tourist wandered through the plaza .,a reader beats a scientist .,a scientist is beaten by a reader .,a,reader,a,scientist,beat,beats,beaten,"[""VERB=beat"", ""AGENT=reader"", ""PATIENT=scientist""]","Prime sentence: The tourist wandered through the plaza .
Event roles: VERB=beat; AGENT=reader; PATIENT=scientist
Sentence: the",Sentence: the,first_noun,-7.048083305358887,-3.6740384101867676,3.374044895172119,passive,1.0
983,role_labeled,active,active,a scientist grabs a secretary .,a daughter grabs a doctor .,a doctor is grabbed by a daughter .,a,daughter,a,doctor,grab,grabs,grabbed,"[""AGENT=daughter"", ""VERB=grab"", ""PATIENT=doctor""]","Prime sentence: a scientist grabs a secretary .
Event roles: AGENT=daughter; VERB=grab; PATIENT=doctor
Sentence: the",Sentence: the,first_noun,-4.719921112060547,-2.5001561641693115,2.2197649478912354,passive,1.0
983,role_labeled,passive,passive,a secretary is grabbed by a scientist .,a daughter grabs a doctor .,a doctor is grabbed by a daughter .,a,daughter,a,doctor,grab,grabs,grabbed,"[""AGENT=daughter"", ""VERB=grab"", ""PATIENT=doctor""]","Prime sentence: a secretary is grabbed by a scientist .
Event roles: AGENT=daughter; VERB=grab; PATIENT=doctor
Sentence: the",Sentence: the,first_noun,-5.2216386795043945,-2.6037039756774902,2.6179347038269043,passive,1.0
983,role_labeled,no_prime_eos,no_prime_eos,,a daughter grabs a doctor .,a doctor is grabbed by a daughter .,a,daughter,a,doctor,grab,grabs,grabbed,"[""AGENT=daughter"", ""VERB=grab"", ""PATIENT=doctor""]","Event roles: AGENT=daughter; VERB=grab; PATIENT=doctor
Sentence: the",Sentence: the,first_noun,-4.571544647216797,-3.603797197341919,0.9677474498748779,passive,1.0
983,role_labeled,filler,filler,The garden brightened after rain .,a daughter grabs a doctor .,a doctor is grabbed by a daughter .,a,daughter,a,doctor,grab,grabs,grabbed,"[""AGENT=daughter"", ""VERB=grab"", ""PATIENT=doctor""]","Prime sentence: The garden brightened after rain .
Event roles: AGENT=daughter; VERB=grab; PATIENT=doctor
Sentence: the",Sentence: the,first_noun,-6.497841835021973,-4.553388595581055,1.944453239440918,passive,1.0
984,role_labeled,active,active,a buddy chases a candidate .,a parent chases a partner .,a partner is chased by a parent .,a,parent,a,partner,chas,chases,chased,"[""VERB=chas"", ""PATIENT=partner"", ""AGENT=parent""]","Prime sentence: a buddy chases a candidate .
Event roles: VERB=chas; PATIENT=partner; AGENT=parent
Sentence: the",Sentence: the,first_noun,-6.472131729125977,-6.290478706359863,0.18165302276611328,passive,1.0
984,role_labeled,passive,passive,a candidate is chased by a buddy .,a parent chases a partner .,a partner is chased by a parent .,a,parent,a,partner,chas,chases,chased,"[""VERB=chas"", ""PATIENT=partner"", ""AGENT=parent""]","Prime sentence: a candidate is chased by a buddy .
Event roles: VERB=chas; PATIENT=partner; AGENT=parent
Sentence: the",Sentence: the,first_noun,-5.930674076080322,-5.428777694702148,0.5018963813781738,passive,1.0
984,role_labeled,no_prime_eos,no_prime_eos,,a parent chases a partner .,a partner is chased by a parent .,a,parent,a,partner,chas,chases,chased,"[""VERB=chas"", ""PATIENT=partner"", ""AGENT=parent""]","Event roles: VERB=chas; PATIENT=partner; AGENT=parent
Sentence: the",Sentence: the,first_noun,-5.170965194702148,-6.792803764343262,-1.6218385696411133,active,0.0
984,role_labeled,filler,filler,The blanket dried on the line .,a parent chases a partner .,a partner is chased by a parent .,a,parent,a,partner,chas,chases,chased,"[""VERB=chas"", ""PATIENT=partner"", ""AGENT=parent""]","Prime sentence: The blanket dried on the line .
Event roles: VERB=chas; PATIENT=partner; AGENT=parent
Sentence: the",Sentence: the,first_noun,-6.840631008148193,-7.628632545471191,-0.788001537322998,active,0.0
985,role_labeled,active,active,a kid grabs a king .,a winner grabs a woman .,a woman is grabbed by a winner .,a,winner,a,woman,grab,grabs,grabbed,"[""PATIENT=woman"", ""AGENT=winner"", ""VERB=grab""]","Prime sentence: a kid grabs a king .
Event roles: PATIENT=woman; AGENT=winner; VERB=grab
Sentence: the",Sentence: the,first_noun,-5.523080825805664,-3.7836132049560547,1.7394676208496094,passive,1.0
985,role_labeled,passive,passive,a king is grabbed by a kid .,a winner grabs a woman .,a woman is grabbed by a winner .,a,winner,a,woman,grab,grabs,grabbed,"[""PATIENT=woman"", ""AGENT=winner"", ""VERB=grab""]","Prime sentence: a king is grabbed by a kid .
Event roles: PATIENT=woman; AGENT=winner; VERB=grab
Sentence: the",Sentence: the,first_noun,-6.20011568069458,-4.329532623291016,1.8705830574035645,passive,1.0
985,role_labeled,no_prime_eos,no_prime_eos,,a winner grabs a woman .,a woman is grabbed by a winner .,a,winner,a,woman,grab,grabs,grabbed,"[""PATIENT=woman"", ""AGENT=winner"", ""VERB=grab""]","Event roles: PATIENT=woman; AGENT=winner; VERB=grab
Sentence: the",Sentence: the,first_noun,-3.4543049335479736,-3.074575424194336,0.3797295093536377,passive,1.0
985,role_labeled,filler,filler,The pillow rested on the sofa .,a winner grabs a woman .,a woman is grabbed by a winner .,a,winner,a,woman,grab,grabs,grabbed,"[""PATIENT=woman"", ""AGENT=winner"", ""VERB=grab""]","Prime sentence: The pillow rested on the sofa .
Event roles: PATIENT=woman; AGENT=winner; VERB=grab
Sentence: the",Sentence: the,first_noun,-7.959628105163574,-4.454951286315918,3.5046768188476562,passive,1.0
986,role_labeled,active,active,a worker helps a writer .,a king helps a lady .,a lady is helped by a king .,a,king,a,lady,help,helps,helped,"[""AGENT=king"", ""VERB=help"", ""PATIENT=lady""]","Prime sentence: a worker helps a writer .
Event roles: AGENT=king; VERB=help; PATIENT=lady
Sentence: the",Sentence: the,first_noun,-1.9177672863006592,-5.215681076049805,-3.2979137897491455,active,0.0
986,role_labeled,passive,passive,a writer is helped by a worker .,a king helps a lady .,a lady is helped by a king .,a,king,a,lady,help,helps,helped,"[""AGENT=king"", ""VERB=help"", ""PATIENT=lady""]","Prime sentence: a writer is helped by a worker .
Event roles: AGENT=king; VERB=help; PATIENT=lady
Sentence: the",Sentence: the,first_noun,-2.4895033836364746,-5.376960277557373,-2.8874568939208984,active,0.0
986,role_labeled,no_prime_eos,no_prime_eos,,a king helps a lady .,a lady is helped by a king .,a,king,a,lady,help,helps,helped,"[""AGENT=king"", ""VERB=help"", ""PATIENT=lady""]","Event roles: AGENT=king; VERB=help; PATIENT=lady
Sentence: the",Sentence: the,first_noun,-3.0001256465911865,-5.544344902038574,-2.5442192554473877,active,0.0
986,role_labeled,filler,filler,The violin echoed in the theater .,a king helps a lady .,a lady is helped by a king .,a,king,a,lady,help,helps,helped,"[""AGENT=king"", ""VERB=help"", ""PATIENT=lady""]","Prime sentence: The violin echoed in the theater .
Event roles: AGENT=king; VERB=help; PATIENT=lady
Sentence: the",Sentence: the,first_noun,-3.668015480041504,-5.119223117828369,-1.4512076377868652,active,0.0
987,role_labeled,active,active,a physician catches a pilot .,a candidate catches a captain .,a captain is caught by a candidate .,a,candidate,a,captain,catch,catches,caught,"[""VERB=catch"", ""PATIENT=captain"", ""AGENT=candidate""]","Prime sentence: a physician catches a pilot .
Event roles: VERB=catch; PATIENT=captain; AGENT=candidate
Sentence: the",Sentence: the,first_noun,-6.005854606628418,-3.0372040271759033,2.9686505794525146,passive,1.0
987,role_labeled,passive,passive,a pilot is caught by a physician .,a candidate catches a captain .,a captain is caught by a candidate .,a,candidate,a,captain,catch,catches,caught,"[""VERB=catch"", ""PATIENT=captain"", ""AGENT=candidate""]","Prime sentence: a pilot is caught by a physician .
Event roles: VERB=catch; PATIENT=captain; AGENT=candidate
Sentence: the",Sentence: the,first_noun,-5.8500823974609375,-2.9602510929107666,2.889831304550171,passive,1.0
987,role_labeled,no_prime_eos,no_prime_eos,,a candidate catches a captain .,a captain is caught by a candidate .,a,candidate,a,captain,catch,catches,caught,"[""VERB=catch"", ""PATIENT=captain"", ""AGENT=candidate""]","Event roles: VERB=catch; PATIENT=captain; AGENT=candidate
Sentence: the",Sentence: the,first_noun,-5.389634609222412,-3.509002685546875,1.880631923675537,passive,1.0
987,role_labeled,filler,filler,The jacket hung behind the chair .,a candidate catches a captain .,a captain is caught by a candidate .,a,candidate,a,captain,catch,catches,caught,"[""VERB=catch"", ""PATIENT=captain"", ""AGENT=candidate""]","Prime sentence: The jacket hung behind the chair .
Event roles: VERB=catch; PATIENT=captain; AGENT=candidate
Sentence: the",Sentence: the,first_noun,-6.852556228637695,-3.3595175743103027,3.4930386543273926,passive,1.0
988,role_labeled,active,active,a mother comforts a nurse .,an author comforts a bishop .,a bishop is comforted by an author .,an,author,a,bishop,comfort,comforts,comforted,"[""PATIENT=bishop"", ""AGENT=author"", ""VERB=comfort""]","Prime sentence: a mother comforts a nurse .
Event roles: PATIENT=bishop; AGENT=author; VERB=comfort
Sentence: the",Sentence: the,first_noun,-5.618258476257324,-3.9018571376800537,1.7164013385772705,passive,1.0
988,role_labeled,passive,passive,a nurse is comforted by a mother .,an author comforts a bishop .,a bishop is comforted by an author .,an,author,a,bishop,comfort,comforts,comforted,"[""PATIENT=bishop"", ""AGENT=author"", ""VERB=comfort""]","Prime sentence: a nurse is comforted by a mother .
Event roles: PATIENT=bishop; AGENT=author; VERB=comfort
Sentence: the",Sentence: the,first_noun,-5.452597141265869,-3.89961576461792,1.5529813766479492,passive,1.0
988,role_labeled,no_prime_eos,no_prime_eos,,an author comforts a bishop .,a bishop is comforted by an author .,an,author,a,bishop,comfort,comforts,comforted,"[""PATIENT=bishop"", ""AGENT=author"", ""VERB=comfort""]","Event roles: PATIENT=bishop; AGENT=author; VERB=comfort
Sentence: the",Sentence: the,first_noun,-4.978890419006348,-4.277985572814941,0.7009048461914062,passive,1.0
988,role_labeled,filler,filler,The lantern glowed near sunset .,an author comforts a bishop .,a bishop is comforted by an author .,an,author,a,bishop,comfort,comforts,comforted,"[""PATIENT=bishop"", ""AGENT=author"", ""VERB=comfort""]","Prime sentence: The lantern glowed near sunset .
Event roles: PATIENT=bishop; AGENT=author; VERB=comfort
Sentence: the",Sentence: the,first_noun,-6.670015335083008,-5.800414085388184,0.8696012496948242,passive,1.0
989,role_labeled,active,active,a professor bothers a reader .,a cop bothers a cousin .,a cousin is bothered by a cop .,a,cop,a,cousin,bother,bothers,bothered,"[""AGENT=cop"", ""PATIENT=cousin"", ""VERB=bother""]","Prime sentence: a professor bothers a reader .
Event roles: AGENT=cop; PATIENT=cousin; VERB=bother
Sentence: the",Sentence: the,first_noun,-4.411579608917236,-8.660179138183594,-4.248599529266357,active,0.0
989,role_labeled,passive,passive,a reader is bothered by a professor .,a cop bothers a cousin .,a cousin is bothered by a cop .,a,cop,a,cousin,bother,bothers,bothered,"[""AGENT=cop"", ""PATIENT=cousin"", ""VERB=bother""]","Prime sentence: a reader is bothered by a professor .
Event roles: AGENT=cop; PATIENT=cousin; VERB=bother
Sentence: the",Sentence: the,first_noun,-5.022965431213379,-9.044473648071289,-4.02150821685791,active,0.0
989,role_labeled,no_prime_eos,no_prime_eos,,a cop bothers a cousin .,a cousin is bothered by a cop .,a,cop,a,cousin,bother,bothers,bothered,"[""AGENT=cop"", ""PATIENT=cousin"", ""VERB=bother""]","Event roles: AGENT=cop; PATIENT=cousin; VERB=bother
Sentence: the",Sentence: the,first_noun,-4.944690704345703,-8.472831726074219,-3.5281410217285156,active,0.0
989,role_labeled,filler,filler,The window rattled during the storm .,a cop bothers a cousin .,a cousin is bothered by a cop .,a,cop,a,cousin,bother,bothers,bothered,"[""AGENT=cop"", ""PATIENT=cousin"", ""VERB=bother""]","Prime sentence: The window rattled during the storm .
Event roles: AGENT=cop; PATIENT=cousin; VERB=bother
Sentence: the",Sentence: the,first_noun,-6.395565032958984,-8.960857391357422,-2.5652923583984375,active,0.0
990,role_labeled,active,active,a guest chases a guy .,a student chases a teacher .,a teacher is chased by a student .,a,student,a,teacher,chas,chases,chased,"[""VERB=chas"", ""AGENT=student"", ""PATIENT=teacher""]","Prime sentence: a guest chases a guy .
Event roles: VERB=chas; AGENT=student; PATIENT=teacher
Sentence: the",Sentence: the,first_noun,-2.7547028064727783,-3.105750799179077,-0.35104799270629883,active,0.0
990,role_labeled,passive,passive,a guy is chased by a guest .,a student chases a teacher .,a teacher is chased by a student .,a,student,a,teacher,chas,chases,chased,"[""VERB=chas"", ""AGENT=student"", ""PATIENT=teacher""]","Prime sentence: a guy is chased by a guest .
Event roles: VERB=chas; AGENT=student; PATIENT=teacher
Sentence: the",Sentence: the,first_noun,-2.793065309524536,-3.1498000621795654,-0.3567347526550293,active,0.0
990,role_labeled,no_prime_eos,no_prime_eos,,a student chases a teacher .,a teacher is chased by a student .,a,student,a,teacher,chas,chases,chased,"[""VERB=chas"", ""AGENT=student"", ""PATIENT=teacher""]","Event roles: VERB=chas; AGENT=student; PATIENT=teacher
Sentence: the",Sentence: the,first_noun,-3.317647695541382,-3.7667105197906494,-0.4490628242492676,active,0.0
990,role_labeled,filler,filler,The singer smiled after rehearsal .,a student chases a teacher .,a teacher is chased by a student .,a,student,a,teacher,chas,chases,chased,"[""VERB=chas"", ""AGENT=student"", ""PATIENT=teacher""]","Prime sentence: The singer smiled after rehearsal .
Event roles: VERB=chas; AGENT=student; PATIENT=teacher
Sentence: the",Sentence: the,first_noun,-2.5672028064727783,-2.6942594051361084,-0.12705659866333008,active,0.0
991,role_labeled,active,active,a cousin drags a daughter .,a professor drags a reader .,a reader is dragged by a professor .,a,professor,a,reader,drag,drags,dragged,"[""VERB=drag"", ""AGENT=professor"", ""PATIENT=reader""]","Prime sentence: a cousin drags a daughter .
Event roles: VERB=drag; AGENT=professor; PATIENT=reader
Sentence: the",Sentence: the,first_noun,-3.3775386810302734,-6.989353179931641,-3.611814498901367,active,0.0
991,role_labeled,passive,passive,a daughter is dragged by a cousin .,a professor drags a reader .,a reader is dragged by a professor .,a,professor,a,reader,drag,drags,dragged,"[""VERB=drag"", ""AGENT=professor"", ""PATIENT=reader""]","Prime sentence: a daughter is dragged by a cousin .
Event roles: VERB=drag; AGENT=professor; PATIENT=reader
Sentence: the",Sentence: the,first_noun,-3.3984086513519287,-6.588199615478516,-3.189790964126587,active,0.0
991,role_labeled,no_prime_eos,no_prime_eos,,a professor drags a reader .,a reader is dragged by a professor .,a,professor,a,reader,drag,drags,dragged,"[""VERB=drag"", ""AGENT=professor"", ""PATIENT=reader""]","Event roles: VERB=drag; AGENT=professor; PATIENT=reader
Sentence: the",Sentence: the,first_noun,-3.7586891651153564,-5.172728538513184,-1.4140393733978271,active,0.0
991,role_labeled,filler,filler,The sculpture stood in the hallway .,a professor drags a reader .,a reader is dragged by a professor .,a,professor,a,reader,drag,drags,dragged,"[""VERB=drag"", ""AGENT=professor"", ""PATIENT=reader""]","Prime sentence: The sculpture stood in the hallway .
Event roles: VERB=drag; AGENT=professor; PATIENT=reader
Sentence: the",Sentence: the,first_noun,-3.43070650100708,-6.985743045806885,-3.5550365447998047,active,0.0
992,role_labeled,active,active,a prince asks a princess .,a child asks a colonel .,a colonel is asked by a child .,a,child,a,colonel,ask,asks,asked,"[""AGENT=child"", ""PATIENT=colonel"", ""VERB=ask""]","Prime sentence: a prince asks a princess .
Event roles: AGENT=child; PATIENT=colonel; VERB=ask
Sentence: the",Sentence: the,first_noun,-4.172909736633301,-4.7276716232299805,-0.5547618865966797,active,0.0
992,role_labeled,passive,passive,a princess is asked by a prince .,a child asks a colonel .,a colonel is asked by a child .,a,child,a,colonel,ask,asks,asked,"[""AGENT=child"", ""PATIENT=colonel"", ""VERB=ask""]","Prime sentence: a princess is asked by a prince .
Event roles: AGENT=child; PATIENT=colonel; VERB=ask
Sentence: the",Sentence: the,first_noun,-4.324300765991211,-5.065576076507568,-0.7412753105163574,active,0.0
992,role_labeled,no_prime_eos,no_prime_eos,,a child asks a colonel .,a colonel is asked by a child .,a,child,a,colonel,ask,asks,asked,"[""AGENT=child"", ""PATIENT=colonel"", ""VERB=ask""]","Event roles: AGENT=child; PATIENT=colonel; VERB=ask
Sentence: the",Sentence: the,first_noun,-4.300684928894043,-4.925429344177246,-0.6247444152832031,active,0.0
992,role_labeled,filler,filler,The baker laughed during breakfast .,a child asks a colonel .,a colonel is asked by a child .,a,child,a,colonel,ask,asks,asked,"[""AGENT=child"", ""PATIENT=colonel"", ""VERB=ask""]","Prime sentence: The baker laughed during breakfast .
Event roles: AGENT=child; PATIENT=colonel; VERB=ask
Sentence: the",Sentence: the,first_noun,-4.4576287269592285,-4.517997741699219,-0.060369014739990234,active,0.0
993,role_labeled,active,active,a child catches a colonel .,a priest catches a prince .,a prince is caught by a priest .,a,priest,a,prince,catch,catches,caught,"[""VERB=catch"", ""AGENT=priest"", ""PATIENT=prince""]","Prime sentence: a child catches a colonel .
Event roles: VERB=catch; AGENT=priest; PATIENT=prince
Sentence: the",Sentence: the,first_noun,-3.792738676071167,-3.8600356578826904,-0.06729698181152344,active,0.0
993,role_labeled,passive,passive,a colonel is caught by a child .,a priest catches a prince .,a prince is caught by a priest .,a,priest,a,prince,catch,catches,caught,"[""VERB=catch"", ""AGENT=priest"", ""PATIENT=prince""]","Prime sentence: a colonel is caught by a child .
Event roles: VERB=catch; AGENT=priest; PATIENT=prince
Sentence: the",Sentence: the,first_noun,-3.0839030742645264,-3.585139274597168,-0.5012362003326416,active,0.0
993,role_labeled,no_prime_eos,no_prime_eos,,a priest catches a prince .,a prince is caught by a priest .,a,priest,a,prince,catch,catches,caught,"[""VERB=catch"", ""AGENT=priest"", ""PATIENT=prince""]","Event roles: VERB=catch; AGENT=priest; PATIENT=prince
Sentence: the",Sentence: the,first_noun,-3.995943784713745,-3.9352118968963623,0.06073188781738281,passive,1.0
993,role_labeled,filler,filler,The painter waited near the doorway .,a priest catches a prince .,a prince is caught by a priest .,a,priest,a,prince,catch,catches,caught,"[""VERB=catch"", ""AGENT=priest"", ""PATIENT=prince""]","Prime sentence: The painter waited near the doorway .
Event roles: VERB=catch; AGENT=priest; PATIENT=prince
Sentence: the",Sentence: the,first_noun,-2.6007556915283203,-3.6879384517669678,-1.0871827602386475,active,0.0
994,role_labeled,active,active,a king embraces a lady .,a woman embraces a worker .,a worker is embraced by a woman .,a,woman,a,worker,embrac,embraces,embraced,"[""PATIENT=worker"", ""VERB=embrac"", ""AGENT=woman""]","Prime sentence: a king embraces a lady .
Event roles: PATIENT=worker; VERB=embrac; AGENT=woman
Sentence: the",Sentence: the,first_noun,-3.7498233318328857,-5.821750640869141,-2.071927309036255,active,0.0
994,role_labeled,passive,passive,a lady is embraced by a king .,a woman embraces a worker .,a worker is embraced by a woman .,a,woman,a,worker,embrac,embraces,embraced,"[""PATIENT=worker"", ""VERB=embrac"", ""AGENT=woman""]","Prime sentence: a lady is embraced by a king .
Event roles: PATIENT=worker; VERB=embrac; AGENT=woman
Sentence: the",Sentence: the,first_noun,-3.7765016555786133,-6.036971092224121,-2.260469436645508,active,0.0
994,role_labeled,no_prime_eos,no_prime_eos,,a woman embraces a worker .,a worker is embraced by a woman .,a,woman,a,worker,embrac,embraces,embraced,"[""PATIENT=worker"", ""VERB=embrac"", ""AGENT=woman""]","Event roles: PATIENT=worker; VERB=embrac; AGENT=woman
Sentence: the",Sentence: the,first_noun,-2.857520341873169,-4.7044267654418945,-1.8469064235687256,active,0.0
994,role_labeled,filler,filler,The lantern glowed near sunset .,a woman embraces a worker .,a worker is embraced by a woman .,a,woman,a,worker,embrac,embraces,embraced,"[""PATIENT=worker"", ""VERB=embrac"", ""AGENT=woman""]","Prime sentence: The lantern glowed near sunset .
Event roles: PATIENT=worker; VERB=embrac; AGENT=woman
Sentence: the",Sentence: the,first_noun,-4.07973051071167,-6.110558032989502,-2.030827522277832,active,0.0
995,role_labeled,active,active,a writer understands an actor .,a lady understands a lawyer .,a lawyer is understood by a lady .,a,lady,a,lawyer,understand,understands,understood,"[""VERB=understand"", ""PATIENT=lawyer"", ""AGENT=lady""]","Prime sentence: a writer understands an actor .
Event roles: VERB=understand; PATIENT=lawyer; AGENT=lady
Sentence: the",Sentence: the,first_noun,-6.235161781311035,-5.638571739196777,0.5965900421142578,passive,1.0
995,role_labeled,passive,passive,an actor is understood by a writer .,a lady understands a lawyer .,a lawyer is understood by a lady .,a,lady,a,lawyer,understand,understands,understood,"[""VERB=understand"", ""PATIENT=lawyer"", ""AGENT=lady""]","Prime sentence: an actor is understood by a writer .
Event roles: VERB=understand; PATIENT=lawyer; AGENT=lady
Sentence: the",Sentence: the,first_noun,-6.753065586090088,-5.730962753295898,1.0221028327941895,passive,1.0
995,role_labeled,no_prime_eos,no_prime_eos,,a lady understands a lawyer .,a lawyer is understood by a lady .,a,lady,a,lawyer,understand,understands,understood,"[""VERB=understand"", ""PATIENT=lawyer"", ""AGENT=lady""]","Event roles: VERB=understand; PATIENT=lawyer; AGENT=lady
Sentence: the",Sentence: the,first_noun,-6.170433044433594,-5.446323394775391,0.7241096496582031,passive,1.0
995,role_labeled,filler,filler,The captain waited beside the harbor .,a lady understands a lawyer .,a lawyer is understood by a lady .,a,lady,a,lawyer,understand,understands,understood,"[""VERB=understand"", ""PATIENT=lawyer"", ""AGENT=lady""]","Prime sentence: The captain waited beside the harbor .
Event roles: VERB=understand; PATIENT=lawyer; AGENT=lady
Sentence: the",Sentence: the,first_noun,-5.856380462646484,-6.49920654296875,-0.6428260803222656,active,0.0
996,role_labeled,active,active,an uncle forgives a wife .,a guy forgives a hero .,a hero is forgiven by a guy .,a,guy,a,hero,forgiv,forgives,forgiven,"[""PATIENT=hero"", ""AGENT=guy"", ""VERB=forgiv""]","Prime sentence: an uncle forgives a wife .
Event roles: PATIENT=hero; AGENT=guy; VERB=forgiv
Sentence: the",Sentence: the,first_noun,-4.810312271118164,-4.338480472564697,0.4718317985534668,passive,1.0
996,role_labeled,passive,passive,a wife is forgiven by an uncle .,a guy forgives a hero .,a hero is forgiven by a guy .,a,guy,a,hero,forgiv,forgives,forgiven,"[""PATIENT=hero"", ""AGENT=guy"", ""VERB=forgiv""]","Prime sentence: a wife is forgiven by an uncle .
Event roles: PATIENT=hero; AGENT=guy; VERB=forgiv
Sentence: the",Sentence: the,first_noun,-5.2083539962768555,-4.874460697174072,0.3338932991027832,passive,1.0
996,role_labeled,no_prime_eos,no_prime_eos,,a guy forgives a hero .,a hero is forgiven by a guy .,a,guy,a,hero,forgiv,forgives,forgiven,"[""PATIENT=hero"", ""AGENT=guy"", ""VERB=forgiv""]","Event roles: PATIENT=hero; AGENT=guy; VERB=forgiv
Sentence: the",Sentence: the,first_noun,-4.375023365020752,-3.3686697483062744,1.0063536167144775,passive,1.0
996,role_labeled,filler,filler,The lantern glowed near sunset .,a guy forgives a hero .,a hero is forgiven by a guy .,a,guy,a,hero,forgiv,forgives,forgiven,"[""PATIENT=hero"", ""AGENT=guy"", ""VERB=forgiv""]","Prime sentence: The lantern glowed near sunset .
Event roles: PATIENT=hero; AGENT=guy; VERB=forgiv
Sentence: the",Sentence: the,first_noun,-6.306267261505127,-5.382922172546387,0.9233450889587402,passive,1.0
997,role_labeled,active,active,a nurse catches an opponent .,a bishop catches a boy .,a boy is caught by a bishop .,a,bishop,a,boy,catch,catches,caught,"[""AGENT=bishop"", ""VERB=catch"", ""PATIENT=boy""]","Prime sentence: a nurse catches an opponent .
Event roles: AGENT=bishop; VERB=catch; PATIENT=boy
Sentence: the",Sentence: the,first_noun,-2.847904920578003,-3.343993902206421,-0.49608898162841797,active,0.0
997,role_labeled,passive,passive,an opponent is caught by a nurse .,a bishop catches a boy .,a boy is caught by a bishop .,a,bishop,a,boy,catch,catches,caught,"[""AGENT=bishop"", ""VERB=catch"", ""PATIENT=boy""]","Prime sentence: an opponent is caught by a nurse .
Event roles: AGENT=bishop; VERB=catch; PATIENT=boy
Sentence: the",Sentence: the,first_noun,-3.272406816482544,-3.0590860843658447,0.21332073211669922,passive,1.0
997,role_labeled,no_prime_eos,no_prime_eos,,a bishop catches a boy .,a boy is caught by a bishop .,a,bishop,a,boy,catch,catches,caught,"[""AGENT=bishop"", ""VERB=catch"", ""PATIENT=boy""]","Event roles: AGENT=bishop; VERB=catch; PATIENT=boy
Sentence: the",Sentence: the,first_noun,-3.4347498416900635,-3.613784074783325,-0.17903423309326172,active,0.0
997,role_labeled,filler,filler,The sculpture stood in the hallway .,a bishop catches a boy .,a boy is caught by a bishop .,a,bishop,a,boy,catch,catches,caught,"[""AGENT=bishop"", ""VERB=catch"", ""PATIENT=boy""]","Prime sentence: The sculpture stood in the hallway .
Event roles: AGENT=bishop; VERB=catch; PATIENT=boy
Sentence: the",Sentence: the,first_noun,-4.460604667663574,-2.98673152923584,1.4738731384277344,passive,1.0
998,role_labeled,active,active,a kid drags a king .,a winner drags a woman .,a woman is dragged by a winner .,a,winner,a,woman,drag,drags,dragged,"[""AGENT=winner"", ""VERB=drag"", ""PATIENT=woman""]","Prime sentence: a kid drags a king .
Event roles: AGENT=winner; VERB=drag; PATIENT=woman
Sentence: the",Sentence: the,first_noun,-6.735344886779785,-4.5715742111206055,2.1637706756591797,passive,1.0
998,role_labeled,passive,passive,a king is dragged by a kid .,a winner drags a woman .,a woman is dragged by a winner .,a,winner,a,woman,drag,drags,dragged,"[""AGENT=winner"", ""VERB=drag"", ""PATIENT=woman""]","Prime sentence: a king is dragged by a kid .
Event roles: AGENT=winner; VERB=drag; PATIENT=woman
Sentence: the",Sentence: the,first_noun,-6.877914905548096,-4.516437530517578,2.3614773750305176,passive,1.0
998,role_labeled,no_prime_eos,no_prime_eos,,a winner drags a woman .,a woman is dragged by a winner .,a,winner,a,woman,drag,drags,dragged,"[""AGENT=winner"", ""VERB=drag"", ""PATIENT=woman""]","Event roles: AGENT=winner; VERB=drag; PATIENT=woman
Sentence: the",Sentence: the,first_noun,-3.3436481952667236,-3.3776023387908936,-0.03395414352416992,active,0.0
998,role_labeled,filler,filler,The traveler rested beside the river .,a winner drags a woman .,a woman is dragged by a winner .,a,winner,a,woman,drag,drags,dragged,"[""AGENT=winner"", ""VERB=drag"", ""PATIENT=woman""]","Prime sentence: The traveler rested beside the river .
Event roles: AGENT=winner; VERB=drag; PATIENT=woman
Sentence: the",Sentence: the,first_noun,-8.403602600097656,-3.8771040439605713,4.526498556137085,passive,1.0
999,role_labeled,active,active,a doctor carries an employee .,a scientist carries a secretary .,a secretary is carried by a scientist .,a,scientist,a,secretary,carry,carries,carried,"[""AGENT=scientist"", ""PATIENT=secretary"", ""VERB=carry""]","Prime sentence: a doctor carries an employee .
Event roles: AGENT=scientist; PATIENT=secretary; VERB=carry
Sentence: the",Sentence: the,first_noun,-3.9533848762512207,-5.911368370056152,-1.9579834938049316,active,0.0
999,role_labeled,passive,passive,an employee is carried by a doctor .,a scientist carries a secretary .,a secretary is carried by a scientist .,a,scientist,a,secretary,carry,carries,carried,"[""AGENT=scientist"", ""PATIENT=secretary"", ""VERB=carry""]","Prime sentence: an employee is carried by a doctor .
Event roles: AGENT=scientist; PATIENT=secretary; VERB=carry
Sentence: the",Sentence: the,first_noun,-3.8836159706115723,-5.846987724304199,-1.963371753692627,active,0.0
999,role_labeled,no_prime_eos,no_prime_eos,,a scientist carries a secretary .,a secretary is carried by a scientist .,a,scientist,a,secretary,carry,carries,carried,"[""AGENT=scientist"", ""PATIENT=secretary"", ""VERB=carry""]","Event roles: AGENT=scientist; PATIENT=secretary; VERB=carry
Sentence: the",Sentence: the,first_noun,-4.1056084632873535,-6.695089340209961,-2.5894808769226074,active,0.0
999,role_labeled,filler,filler,The garden brightened after rain .,a scientist carries a secretary .,a secretary is carried by a scientist .,a,scientist,a,secretary,carry,carries,carried,"[""AGENT=scientist"", ""PATIENT=secretary"", ""VERB=carry""]","Prime sentence: The garden brightened after rain .
Event roles: AGENT=scientist; PATIENT=secretary; VERB=carry
Sentence: the",Sentence: the,first_noun,-6.414314270019531,-8.129491806030273,-1.7151775360107422,active,0.0
1000,role_labeled,active,active,an employer beats a father .,a sheriff beats a singer .,a singer is beaten by a sheriff .,a,sheriff,a,singer,beat,beats,beaten,"[""AGENT=sheriff"", ""PATIENT=singer"", ""VERB=beat""]","Prime sentence: an employer beats a father .
Event roles: AGENT=sheriff; PATIENT=singer; VERB=beat
Sentence: the",Sentence: the,first_noun,-3.542534112930298,-6.293618202209473,-2.751084089279175,active,0.0
1000,role_labeled,passive,passive,a father is beaten by an employer .,a sheriff beats a singer .,a singer is beaten by a sheriff .,a,sheriff,a,singer,beat,beats,beaten,"[""AGENT=sheriff"", ""PATIENT=singer"", ""VERB=beat""]","Prime sentence: a father is beaten by an employer .
Event roles: AGENT=sheriff; PATIENT=singer; VERB=beat
Sentence: the",Sentence: the,first_noun,-3.743088722229004,-5.803053855895996,-2.059965133666992,active,0.0
1000,role_labeled,no_prime_eos,no_prime_eos,,a sheriff beats a singer .,a singer is beaten by a sheriff .,a,sheriff,a,singer,beat,beats,beaten,"[""AGENT=sheriff"", ""PATIENT=singer"", ""VERB=beat""]","Event roles: AGENT=sheriff; PATIENT=singer; VERB=beat
Sentence: the",Sentence: the,first_noun,-5.809189319610596,-5.225896835327148,0.5832924842834473,passive,1.0
1000,role_labeled,filler,filler,The pillow rested on the sofa .,a sheriff beats a singer .,a singer is beaten by a sheriff .,a,sheriff,a,singer,beat,beats,beaten,"[""AGENT=sheriff"", ""PATIENT=singer"", ""VERB=beat""]","Prime sentence: The pillow rested on the sofa .
Event roles: AGENT=sheriff; PATIENT=singer; VERB=beat
Sentence: the",Sentence: the,first_noun,-5.930917739868164,-6.879056930541992,-0.9481391906738281,active,0.0
1001,role_labeled,active,active,a princess punches a professor .,a colonel punches a cop .,a cop is punched by a colonel .,a,colonel,a,cop,punch,punches,punched,"[""AGENT=colonel"", ""PATIENT=cop"", ""VERB=punch""]","Prime sentence: a princess punches a professor .
Event roles: AGENT=colonel; PATIENT=cop; VERB=punch
Sentence: the",Sentence: the,first_noun,-3.9976918697357178,-4.563366889953613,-0.5656750202178955,active,0.0
1001,role_labeled,passive,passive,a professor is punched by a princess .,a colonel punches a cop .,a cop is punched by a colonel .,a,colonel,a,cop,punch,punches,punched,"[""AGENT=colonel"", ""PATIENT=cop"", ""VERB=punch""]","Prime sentence: a professor is punched by a princess .
Event roles: AGENT=colonel; PATIENT=cop; VERB=punch
Sentence: the",Sentence: the,first_noun,-2.7673723697662354,-4.040678024291992,-1.2733056545257568,active,0.0
1001,role_labeled,no_prime_eos,no_prime_eos,,a colonel punches a cop .,a cop is punched by a colonel .,a,colonel,a,cop,punch,punches,punched,"[""AGENT=colonel"", ""PATIENT=cop"", ""VERB=punch""]","Event roles: AGENT=colonel; PATIENT=cop; VERB=punch
Sentence: the",Sentence: the,first_noun,-4.392302513122559,-4.81292724609375,-0.4206247329711914,active,0.0
1001,role_labeled,filler,filler,The witness paused near the doorway .,a colonel punches a cop .,a cop is punched by a colonel .,a,colonel,a,cop,punch,punches,punched,"[""AGENT=colonel"", ""PATIENT=cop"", ""VERB=punch""]","Prime sentence: The witness paused near the doorway .
Event roles: AGENT=colonel; PATIENT=cop; VERB=punch
Sentence: the",Sentence: the,first_noun,-4.150755882263184,-3.3467977046966553,0.8039581775665283,passive,1.0
1002,role_labeled,active,active,a lawyer selects a leader .,a writer selects an actor .,an actor is selected by a writer .,a,writer,an,actor,select,selects,selected,"[""VERB=select"", ""AGENT=writer"", ""PATIENT=actor""]","Prime sentence: a lawyer selects a leader .
Event roles: VERB=select; AGENT=writer; PATIENT=actor
Sentence: the",Sentence: the,first_noun,-4.276616096496582,-3.7872209548950195,0.4893951416015625,passive,1.0
1002,role_labeled,passive,passive,a leader is selected by a lawyer .,a writer selects an actor .,an actor is selected by a writer .,a,writer,an,actor,select,selects,selected,"[""VERB=select"", ""AGENT=writer"", ""PATIENT=actor""]","Prime sentence: a leader is selected by a lawyer .
Event roles: VERB=select; AGENT=writer; PATIENT=actor
Sentence: the",Sentence: the,first_noun,-5.267160415649414,-4.578276634216309,0.6888837814331055,passive,1.0
1002,role_labeled,no_prime_eos,no_prime_eos,,a writer selects an actor .,an actor is selected by a writer .,a,writer,an,actor,select,selects,selected,"[""VERB=select"", ""AGENT=writer"", ""PATIENT=actor""]","Event roles: VERB=select; AGENT=writer; PATIENT=actor
Sentence: the",Sentence: the,first_noun,-4.97165060043335,-4.9708757400512695,0.0007748603820800781,passive,1.0
1002,role_labeled,filler,filler,The planet shimmered above the valley .,a writer selects an actor .,an actor is selected by a writer .,a,writer,an,actor,select,selects,selected,"[""VERB=select"", ""AGENT=writer"", ""PATIENT=actor""]","Prime sentence: The planet shimmered above the valley .
Event roles: VERB=select; AGENT=writer; PATIENT=actor
Sentence: the",Sentence: the,first_noun,-7.916932106018066,-7.429475784301758,0.4874563217163086,passive,1.0
1003,role_labeled,active,active,a mayor punches a minister .,an attorney punches an aunt .,an aunt is punched by an attorney .,an,attorney,an,aunt,punch,punches,punched,"[""AGENT=attorney"", ""PATIENT=aunt"", ""VERB=punch""]","Prime sentence: a mayor punches a minister .
Event roles: AGENT=attorney; PATIENT=aunt; VERB=punch
Sentence: the",Sentence: the,first_noun,-5.568249225616455,-7.922601222991943,-2.3543519973754883,active,0.0
1003,role_labeled,passive,passive,a minister is punched by a mayor .,an attorney punches an aunt .,an aunt is punched by an attorney .,an,attorney,an,aunt,punch,punches,punched,"[""AGENT=attorney"", ""PATIENT=aunt"", ""VERB=punch""]","Prime sentence: a minister is punched by a mayor .
Event roles: AGENT=attorney; PATIENT=aunt; VERB=punch
Sentence: the",Sentence: the,first_noun,-5.432133674621582,-8.071662902832031,-2.639529228210449,active,0.0
1003,role_labeled,no_prime_eos,no_prime_eos,,an attorney punches an aunt .,an aunt is punched by an attorney .,an,attorney,an,aunt,punch,punches,punched,"[""AGENT=attorney"", ""PATIENT=aunt"", ""VERB=punch""]","Event roles: AGENT=attorney; PATIENT=aunt; VERB=punch
Sentence: the",Sentence: the,first_noun,-5.3153886795043945,-8.432825088500977,-3.117436408996582,active,0.0
1003,role_labeled,filler,filler,The window rattled during the storm .,an attorney punches an aunt .,an aunt is punched by an attorney .,an,attorney,an,aunt,punch,punches,punched,"[""AGENT=attorney"", ""PATIENT=aunt"", ""VERB=punch""]","Prime sentence: The window rattled during the storm .
Event roles: AGENT=attorney; PATIENT=aunt; VERB=punch
Sentence: the",Sentence: the,first_noun,-7.078644752502441,-7.870626449584961,-0.7919816970825195,active,0.0
1004,role_labeled,active,active,a parent grabs a partner .,a brother grabs a buddy .,a buddy is grabbed by a brother .,a,brother,a,buddy,grab,grabs,grabbed,"[""VERB=grab"", ""PATIENT=buddy"", ""AGENT=brother""]","Prime sentence: a parent grabs a partner .
Event roles: VERB=grab; PATIENT=buddy; AGENT=brother
Sentence: the",Sentence: the,first_noun,-5.415770053863525,-8.033065795898438,-2.617295742034912,active,0.0
1004,role_labeled,passive,passive,a partner is grabbed by a parent .,a brother grabs a buddy .,a buddy is grabbed by a brother .,a,brother,a,buddy,grab,grabs,grabbed,"[""VERB=grab"", ""PATIENT=buddy"", ""AGENT=brother""]","Prime sentence: a partner is grabbed by a parent .
Event roles: VERB=grab; PATIENT=buddy; AGENT=brother
Sentence: the",Sentence: the,first_noun,-4.934271812438965,-7.572292327880859,-2.6380205154418945,active,0.0
1004,role_labeled,no_prime_eos,no_prime_eos,,a brother grabs a buddy .,a buddy is grabbed by a brother .,a,brother,a,buddy,grab,grabs,grabbed,"[""VERB=grab"", ""PATIENT=buddy"", ""AGENT=brother""]","Event roles: VERB=grab; PATIENT=buddy; AGENT=brother
Sentence: the",Sentence: the,first_noun,-5.546840667724609,-8.498299598693848,-2.9514589309692383,active,0.0
1004,role_labeled,filler,filler,The singer smiled after rehearsal .,a brother grabs a buddy .,a buddy is grabbed by a brother .,a,brother,a,buddy,grab,grabs,grabbed,"[""VERB=grab"", ""PATIENT=buddy"", ""AGENT=brother""]","Prime sentence: The singer smiled after rehearsal .
Event roles: VERB=grab; PATIENT=buddy; AGENT=brother
Sentence: the",Sentence: the,first_noun,-6.677521705627441,-10.088292121887207,-3.4107704162597656,active,0.0
1005,role_labeled,active,active,a reader kills a scientist .,a cousin kills a daughter .,a daughter is killed by a cousin .,a,cousin,a,daughter,kill,kills,killed,"[""PATIENT=daughter"", ""VERB=kill"", ""AGENT=cousin""]","Prime sentence: a reader kills a scientist .
Event roles: PATIENT=daughter; VERB=kill; AGENT=cousin
Sentence: the",Sentence: the,first_noun,-7.582540512084961,-3.447489023208618,4.135051488876343,passive,1.0
1005,role_labeled,passive,passive,a scientist is killed by a reader .,a cousin kills a daughter .,a daughter is killed by a cousin .,a,cousin,a,daughter,kill,kills,killed,"[""PATIENT=daughter"", ""VERB=kill"", ""AGENT=cousin""]","Prime sentence: a scientist is killed by a reader .
Event roles: PATIENT=daughter; VERB=kill; AGENT=cousin
Sentence: the",Sentence: the,first_noun,-7.742696762084961,-3.830712080001831,3.91198468208313,passive,1.0
1005,role_labeled,no_prime_eos,no_prime_eos,,a cousin kills a daughter .,a daughter is killed by a cousin .,a,cousin,a,daughter,kill,kills,killed,"[""PATIENT=daughter"", ""VERB=kill"", ""AGENT=cousin""]","Event roles: PATIENT=daughter; VERB=kill; AGENT=cousin
Sentence: the",Sentence: the,first_noun,-7.690637588500977,-3.788471221923828,3.9021663665771484,passive,1.0
1005,role_labeled,filler,filler,The tourist wandered through the plaza .,a cousin kills a daughter .,a daughter is killed by a cousin .,a,cousin,a,daughter,kill,kills,killed,"[""PATIENT=daughter"", ""VERB=kill"", ""AGENT=cousin""]","Prime sentence: The tourist wandered through the plaza .
Event roles: PATIENT=daughter; VERB=kill; AGENT=cousin
Sentence: the",Sentence: the,first_noun,-7.141678810119629,-4.711781024932861,2.4298977851867676,passive,1.0
1006,role_labeled,active,active,a brother forgives a buddy .,an opponent forgives a parent .,a parent is forgiven by an opponent .,an,opponent,a,parent,forgiv,forgives,forgiven,"[""PATIENT=parent"", ""AGENT=opponent"", ""VERB=forgiv""]","Prime sentence: a brother forgives a buddy .
Event roles: PATIENT=parent; AGENT=opponent; VERB=forgiv
Sentence: the",Sentence: the,first_noun,-7.217936038970947,-5.785398483276367,1.43253755569458,passive,1.0
1006,role_labeled,passive,passive,a buddy is forgiven by a brother .,an opponent forgives a parent .,a parent is forgiven by an opponent .,an,opponent,a,parent,forgiv,forgives,forgiven,"[""PATIENT=parent"", ""AGENT=opponent"", ""VERB=forgiv""]","Prime sentence: a buddy is forgiven by a brother .
Event roles: PATIENT=parent; AGENT=opponent; VERB=forgiv
Sentence: the",Sentence: the,first_noun,-7.1267571449279785,-5.944571495056152,1.1821856498718262,passive,1.0
1006,role_labeled,no_prime_eos,no_prime_eos,,an opponent forgives a parent .,a parent is forgiven by an opponent .,an,opponent,a,parent,forgiv,forgives,forgiven,"[""PATIENT=parent"", ""AGENT=opponent"", ""VERB=forgiv""]","Event roles: PATIENT=parent; AGENT=opponent; VERB=forgiv
Sentence: the",Sentence: the,first_noun,-5.267017841339111,-5.788370132446289,-0.5213522911071777,active,0.0
1006,role_labeled,filler,filler,The signal flickered across the screen .,an opponent forgives a parent .,a parent is forgiven by an opponent .,an,opponent,a,parent,forgiv,forgives,forgiven,"[""PATIENT=parent"", ""AGENT=opponent"", ""VERB=forgiv""]","Prime sentence: The signal flickered across the screen .
Event roles: PATIENT=parent; AGENT=opponent; VERB=forgiv
Sentence: the",Sentence: the,first_noun,-7.038471698760986,-6.687971591949463,0.35050010681152344,passive,1.0
1007,role_labeled,active,active,a buddy follows a candidate .,a parent follows a partner .,a partner is followed by a parent .,a,parent,a,partner,follow,follows,followed,"[""VERB=follow"", ""PATIENT=partner"", ""AGENT=parent""]","Prime sentence: a buddy follows a candidate .
Event roles: VERB=follow; PATIENT=partner; AGENT=parent
Sentence: the",Sentence: the,first_noun,-5.939637184143066,-5.736150741577148,0.20348644256591797,passive,1.0
1007,role_labeled,passive,passive,a candidate is followed by a buddy .,a parent follows a partner .,a partner is followed by a parent .,a,parent,a,partner,follow,follows,followed,"[""VERB=follow"", ""PATIENT=partner"", ""AGENT=parent""]","Prime sentence: a candidate is followed by a buddy .
Event roles: VERB=follow; PATIENT=partner; AGENT=parent
Sentence: the",Sentence: the,first_noun,-5.3287248611450195,-5.447447776794434,-0.11872291564941406,active,0.0
1007,role_labeled,no_prime_eos,no_prime_eos,,a parent follows a partner .,a partner is followed by a parent .,a,parent,a,partner,follow,follows,followed,"[""VERB=follow"", ""PATIENT=partner"", ""AGENT=parent""]","Event roles: VERB=follow; PATIENT=partner; AGENT=parent
Sentence: the",Sentence: the,first_noun,-4.873360633850098,-6.579705715179443,-1.7063450813293457,active,0.0
1007,role_labeled,filler,filler,The blanket dried on the line .,a parent follows a partner .,a partner is followed by a parent .,a,parent,a,partner,follow,follows,followed,"[""VERB=follow"", ""PATIENT=partner"", ""AGENT=parent""]","Prime sentence: The blanket dried on the line .
Event roles: VERB=follow; PATIENT=partner; AGENT=parent
Sentence: the",Sentence: the,first_noun,-6.80239725112915,-7.536784648895264,-0.7343873977661133,active,0.0
1008,role_labeled,active,active,a girl protects a guest .,a son protects a student .,a student is protected by a son .,a,son,a,student,protect,protects,protected,"[""PATIENT=student"", ""VERB=protect"", ""AGENT=son""]","Prime sentence: a girl protects a guest .
Event roles: PATIENT=student; VERB=protect; AGENT=son
Sentence: the",Sentence: the,first_noun,-5.318665981292725,-3.5220627784729004,1.7966032028198242,passive,1.0
1008,role_labeled,passive,passive,a guest is protected by a girl .,a son protects a student .,a student is protected by a son .,a,son,a,student,protect,protects,protected,"[""PATIENT=student"", ""VERB=protect"", ""AGENT=son""]","Prime sentence: a guest is protected by a girl .
Event roles: PATIENT=student; VERB=protect; AGENT=son
Sentence: the",Sentence: the,first_noun,-4.741520881652832,-3.1677162647247314,1.5738046169281006,passive,1.0
1008,role_labeled,no_prime_eos,no_prime_eos,,a son protects a student .,a student is protected by a son .,a,son,a,student,protect,protects,protected,"[""PATIENT=student"", ""VERB=protect"", ""AGENT=son""]","Event roles: PATIENT=student; VERB=protect; AGENT=son
Sentence: the",Sentence: the,first_noun,-4.759556770324707,-2.8058359622955322,1.9537208080291748,passive,1.0
1008,role_labeled,filler,filler,The jacket hung behind the chair .,a son protects a student .,a student is protected by a son .,a,son,a,student,protect,protects,protected,"[""PATIENT=student"", ""VERB=protect"", ""AGENT=son""]","Prime sentence: The jacket hung behind the chair .
Event roles: PATIENT=student; VERB=protect; AGENT=son
Sentence: the",Sentence: the,first_noun,-6.010258674621582,-3.9581737518310547,2.0520849227905273,passive,1.0
1009,role_labeled,active,active,a candidate forgives a captain .,a partner forgives a physician .,a physician is forgiven by a partner .,a,partner,a,physician,forgiv,forgives,forgiven,"[""AGENT=partner"", ""PATIENT=physician"", ""VERB=forgiv""]","Prime sentence: a candidate forgives a captain .
Event roles: AGENT=partner; PATIENT=physician; VERB=forgiv
Sentence: the",Sentence: the,first_noun,-6.791311264038086,-5.035573482513428,1.7557377815246582,passive,1.0
1009,role_labeled,passive,passive,a captain is forgiven by a candidate .,a partner forgives a physician .,a physician is forgiven by a partner .,a,partner,a,physician,forgiv,forgives,forgiven,"[""AGENT=partner"", ""PATIENT=physician"", ""VERB=forgiv""]","Prime sentence: a captain is forgiven by a candidate .
Event roles: AGENT=partner; PATIENT=physician; VERB=forgiv
Sentence: the",Sentence: the,first_noun,-7.281102657318115,-5.368854522705078,1.912248134613037,passive,1.0
1009,role_labeled,no_prime_eos,no_prime_eos,,a partner forgives a physician .,a physician is forgiven by a partner .,a,partner,a,physician,forgiv,forgives,forgiven,"[""AGENT=partner"", ""PATIENT=physician"", ""VERB=forgiv""]","Event roles: AGENT=partner; PATIENT=physician; VERB=forgiv
Sentence: the",Sentence: the,first_noun,-6.818209648132324,-3.890962600708008,2.9272470474243164,passive,1.0
1009,role_labeled,filler,filler,The notebook stayed on the shelf .,a partner forgives a physician .,a physician is forgiven by a partner .,a,partner,a,physician,forgiv,forgives,forgiven,"[""AGENT=partner"", ""PATIENT=physician"", ""VERB=forgiv""]","Prime sentence: The notebook stayed on the shelf .
Event roles: AGENT=partner; PATIENT=physician; VERB=forgiv
Sentence: the",Sentence: the,first_noun,-7.424210548400879,-5.596060752868652,1.8281497955322266,passive,1.0
1010,role_labeled,active,active,a cousin understands a daughter .,a professor understands a reader .,a reader is understood by a professor .,a,professor,a,reader,understand,understands,understood,"[""AGENT=professor"", ""PATIENT=reader"", ""VERB=understand""]","Prime sentence: a cousin understands a daughter .
Event roles: AGENT=professor; PATIENT=reader; VERB=understand
Sentence: the",Sentence: the,first_noun,-4.4661688804626465,-6.782444953918457,-2.3162760734558105,active,0.0
1010,role_labeled,passive,passive,a daughter is understood by a cousin .,a professor understands a reader .,a reader is understood by a professor .,a,professor,a,reader,understand,understands,understood,"[""AGENT=professor"", ""PATIENT=reader"", ""VERB=understand""]","Prime sentence: a daughter is understood by a cousin .
Event roles: AGENT=professor; PATIENT=reader; VERB=understand
Sentence: the",Sentence: the,first_noun,-4.236703872680664,-6.292023658752441,-2.0553197860717773,active,0.0
1010,role_labeled,no_prime_eos,no_prime_eos,,a professor understands a reader .,a reader is understood by a professor .,a,professor,a,reader,understand,understands,understood,"[""AGENT=professor"", ""PATIENT=reader"", ""VERB=understand""]","Event roles: AGENT=professor; PATIENT=reader; VERB=understand
Sentence: the",Sentence: the,first_noun,-3.797152519226074,-5.101032733917236,-1.303880214691162,active,0.0
1010,role_labeled,filler,filler,The pillow rested on the sofa .,a professor understands a reader .,a reader is understood by a professor .,a,professor,a,reader,understand,understands,understood,"[""AGENT=professor"", ""PATIENT=reader"", ""VERB=understand""]","Prime sentence: The pillow rested on the sofa .
Event roles: AGENT=professor; PATIENT=reader; VERB=understand
Sentence: the",Sentence: the,first_noun,-4.986514568328857,-7.401329517364502,-2.4148149490356445,active,0.0
1011,role_labeled,active,active,a writer teaches an actor .,a lady teaches a lawyer .,a lawyer is taught by a lady .,a,lady,a,lawyer,teach,teaches,taught,"[""VERB=teach"", ""AGENT=lady"", ""PATIENT=lawyer""]","Prime sentence: a writer teaches an actor .
Event roles: VERB=teach; AGENT=lady; PATIENT=lawyer
Sentence: the",Sentence: the,first_noun,-5.671351432800293,-5.490200042724609,0.1811513900756836,passive,1.0
1011,role_labeled,passive,passive,an actor is taught by a writer .,a lady teaches a lawyer .,a lawyer is taught by a lady .,a,lady,a,lawyer,teach,teaches,taught,"[""VERB=teach"", ""AGENT=lady"", ""PATIENT=lawyer""]","Prime sentence: an actor is taught by a writer .
Event roles: VERB=teach; AGENT=lady; PATIENT=lawyer
Sentence: the",Sentence: the,first_noun,-6.245265007019043,-5.573432445526123,0.6718325614929199,passive,1.0
1011,role_labeled,no_prime_eos,no_prime_eos,,a lady teaches a lawyer .,a lawyer is taught by a lady .,a,lady,a,lawyer,teach,teaches,taught,"[""VERB=teach"", ""AGENT=lady"", ""PATIENT=lawyer""]","Event roles: VERB=teach; AGENT=lady; PATIENT=lawyer
Sentence: the",Sentence: the,first_noun,-6.015561580657959,-6.242822647094727,-0.22726106643676758,active,0.0
1011,role_labeled,filler,filler,The notebook stayed on the shelf .,a lady teaches a lawyer .,a lawyer is taught by a lady .,a,lady,a,lawyer,teach,teaches,taught,"[""VERB=teach"", ""AGENT=lady"", ""PATIENT=lawyer""]","Prime sentence: The notebook stayed on the shelf .
Event roles: VERB=teach; AGENT=lady; PATIENT=lawyer
Sentence: the",Sentence: the,first_noun,-5.57125186920166,-5.7357916831970215,-0.16453981399536133,active,0.0
1012,role_labeled,active,active,a leader hurts a man .,an actor hurts an actress .,an actress is hurt by an actor .,an,actor,an,actress,hurt,hurts,hurt,"[""VERB=hurt"", ""AGENT=actor"", ""PATIENT=actress""]","Prime sentence: a leader hurts a man .
Event roles: VERB=hurt; AGENT=actor; PATIENT=actress
Sentence: the",Sentence: the,first_noun,-5.4828691482543945,-7.474481582641602,-1.991612434387207,active,0.0
1012,role_labeled,passive,passive,a man is hurt by a leader .,an actor hurts an actress .,an actress is hurt by an actor .,an,actor,an,actress,hurt,hurts,hurt,"[""VERB=hurt"", ""AGENT=actor"", ""PATIENT=actress""]","Prime sentence: a man is hurt by a leader .
Event roles: VERB=hurt; AGENT=actor; PATIENT=actress
Sentence: the",Sentence: the,first_noun,-5.035455226898193,-7.2555341720581055,-2.220078945159912,active,0.0
1012,role_labeled,no_prime_eos,no_prime_eos,,an actor hurts an actress .,an actress is hurt by an actor .,an,actor,an,actress,hurt,hurts,hurt,"[""VERB=hurt"", ""AGENT=actor"", ""PATIENT=actress""]","Event roles: VERB=hurt; AGENT=actor; PATIENT=actress
Sentence: the",Sentence: the,first_noun,-4.000053405761719,-6.026751518249512,-2.026698112487793,active,0.0
1012,role_labeled,filler,filler,The sculpture stood in the hallway .,an actor hurts an actress .,an actress is hurt by an actor .,an,actor,an,actress,hurt,hurts,hurt,"[""VERB=hurt"", ""AGENT=actor"", ""PATIENT=actress""]","Prime sentence: The sculpture stood in the hallway .
Event roles: VERB=hurt; AGENT=actor; PATIENT=actress
Sentence: the",Sentence: the,first_noun,-5.385901927947998,-6.745265483856201,-1.3593635559082031,active,0.0
1013,role_labeled,active,active,a colonel raises a cop .,a prince raises a princess .,a princess is raised by a prince .,a,prince,a,princess,rais,raises,raised,"[""PATIENT=princess"", ""AGENT=prince"", ""VERB=rais""]","Prime sentence: a colonel raises a cop .
Event roles: PATIENT=princess; AGENT=prince; VERB=rais
Sentence: the",Sentence: the,first_noun,-3.2644472122192383,-3.840134620666504,-0.5756874084472656,active,0.0
1013,role_labeled,passive,passive,a cop is raised by a colonel .,a prince raises a princess .,a princess is raised by a prince .,a,prince,a,princess,rais,raises,raised,"[""PATIENT=princess"", ""AGENT=prince"", ""VERB=rais""]","Prime sentence: a cop is raised by a colonel .
Event roles: PATIENT=princess; AGENT=prince; VERB=rais
Sentence: the",Sentence: the,first_noun,-4.240940093994141,-4.632246017456055,-0.39130592346191406,active,0.0
1013,role_labeled,no_prime_eos,no_prime_eos,,a prince raises a princess .,a princess is raised by a prince .,a,prince,a,princess,rais,raises,raised,"[""PATIENT=princess"", ""AGENT=prince"", ""VERB=rais""]","Event roles: PATIENT=princess; AGENT=prince; VERB=rais
Sentence: the",Sentence: the,first_noun,-3.2375290393829346,-3.390360116958618,-0.1528310775756836,active,0.0
1013,role_labeled,filler,filler,The painter waited near the doorway .,a prince raises a princess .,a princess is raised by a prince .,a,prince,a,princess,rais,raises,raised,"[""PATIENT=princess"", ""AGENT=prince"", ""VERB=rais""]","Prime sentence: The painter waited near the doorway .
Event roles: PATIENT=princess; AGENT=prince; VERB=rais
Sentence: the",Sentence: the,first_noun,-3.2045845985412598,-4.347383975982666,-1.1427993774414062,active,0.0
1014,role_labeled,active,active,an attorney grabs an aunt .,a manager grabs a mayor .,a mayor is grabbed by a manager .,a,manager,a,mayor,grab,grabs,grabbed,"[""PATIENT=mayor"", ""AGENT=manager"", ""VERB=grab""]","Prime sentence: an attorney grabs an aunt .
Event roles: PATIENT=mayor; AGENT=manager; VERB=grab
Sentence: the",Sentence: the,first_noun,-5.403278350830078,-2.3810501098632812,3.022228240966797,passive,1.0
1014,role_labeled,passive,passive,an aunt is grabbed by an attorney .,a manager grabs a mayor .,a mayor is grabbed by a manager .,a,manager,a,mayor,grab,grabs,grabbed,"[""PATIENT=mayor"", ""AGENT=manager"", ""VERB=grab""]","Prime sentence: an aunt is grabbed by an attorney .
Event roles: PATIENT=mayor; AGENT=manager; VERB=grab
Sentence: the",Sentence: the,first_noun,-5.541037559509277,-2.3955910205841064,3.145446538925171,passive,1.0
1014,role_labeled,no_prime_eos,no_prime_eos,,a manager grabs a mayor .,a mayor is grabbed by a manager .,a,manager,a,mayor,grab,grabs,grabbed,"[""PATIENT=mayor"", ""AGENT=manager"", ""VERB=grab""]","Event roles: PATIENT=mayor; AGENT=manager; VERB=grab
Sentence: the",Sentence: the,first_noun,-5.156515121459961,-3.346749782562256,1.809765338897705,passive,1.0
1014,role_labeled,filler,filler,The notebook stayed on the shelf .,a manager grabs a mayor .,a mayor is grabbed by a manager .,a,manager,a,mayor,grab,grabs,grabbed,"[""PATIENT=mayor"", ""AGENT=manager"", ""VERB=grab""]","Prime sentence: The notebook stayed on the shelf .
Event roles: PATIENT=mayor; AGENT=manager; VERB=grab
Sentence: the",Sentence: the,first_noun,-4.794405937194824,-3.9624719619750977,0.8319339752197266,passive,1.0
1015,role_labeled,active,active,an uncle forgets a wife .,a guy forgets a hero .,a hero is forgotten by a guy .,a,guy,a,hero,forget,forgets,forgotten,"[""PATIENT=hero"", ""AGENT=guy"", ""VERB=forget""]","Prime sentence: an uncle forgets a wife .
Event roles: PATIENT=hero; AGENT=guy; VERB=forget
Sentence: the",Sentence: the,first_noun,-4.5752339363098145,-4.607944488525391,-0.03271055221557617,active,0.0
1015,role_labeled,passive,passive,a wife is forgotten by an uncle .,a guy forgets a hero .,a hero is forgotten by a guy .,a,guy,a,hero,forget,forgets,forgotten,"[""PATIENT=hero"", ""AGENT=guy"", ""VERB=forget""]","Prime sentence: a wife is forgotten by an uncle .
Event roles: PATIENT=hero; AGENT=guy; VERB=forget
Sentence: the",Sentence: the,first_noun,-5.306547164916992,-5.246281147003174,0.06026601791381836,passive,1.0
1015,role_labeled,no_prime_eos,no_prime_eos,,a guy forgets a hero .,a hero is forgotten by a guy .,a,guy,a,hero,forget,forgets,forgotten,"[""PATIENT=hero"", ""AGENT=guy"", ""VERB=forget""]","Event roles: PATIENT=hero; AGENT=guy; VERB=forget
Sentence: the",Sentence: the,first_noun,-4.203819751739502,-3.2031707763671875,1.0006489753723145,passive,1.0
1015,role_labeled,filler,filler,The baker laughed during breakfast .,a guy forgets a hero .,a hero is forgotten by a guy .,a,guy,a,hero,forget,forgets,forgotten,"[""PATIENT=hero"", ""AGENT=guy"", ""VERB=forget""]","Prime sentence: The baker laughed during breakfast .
Event roles: PATIENT=hero; AGENT=guy; VERB=forget
Sentence: the",Sentence: the,first_noun,-4.419066905975342,-5.50608491897583,-1.0870180130004883,active,0.0
1016,role_labeled,active,active,a bishop surprises a boy .,a mother surprises a nurse .,a nurse is surprised by a mother .,a,mother,a,nurse,surpris,surprises,surprised,"[""VERB=surpris"", ""PATIENT=nurse"", ""AGENT=mother""]","Prime sentence: a bishop surprises a boy .
Event roles: VERB=surpris; PATIENT=nurse; AGENT=mother
Sentence: the",Sentence: the,first_noun,-4.229162216186523,-4.589031219482422,-0.35986900329589844,active,0.0
1016,role_labeled,passive,passive,a boy is surprised by a bishop .,a mother surprises a nurse .,a nurse is surprised by a mother .,a,mother,a,nurse,surpris,surprises,surprised,"[""VERB=surpris"", ""PATIENT=nurse"", ""AGENT=mother""]","Prime sentence: a boy is surprised by a bishop .
Event roles: VERB=surpris; PATIENT=nurse; AGENT=mother
Sentence: the",Sentence: the,first_noun,-4.3431220054626465,-4.900388240814209,-0.5572662353515625,active,0.0
1016,role_labeled,no_prime_eos,no_prime_eos,,a mother surprises a nurse .,a nurse is surprised by a mother .,a,mother,a,nurse,surpris,surprises,surprised,"[""VERB=surpris"", ""PATIENT=nurse"", ""AGENT=mother""]","Event roles: VERB=surpris; PATIENT=nurse; AGENT=mother
Sentence: the",Sentence: the,first_noun,-4.013342380523682,-4.3772783279418945,-0.3639359474182129,active,0.0
1016,role_labeled,filler,filler,The tourist wandered through the plaza .,a mother surprises a nurse .,a nurse is surprised by a mother .,a,mother,a,nurse,surpris,surprises,surprised,"[""VERB=surpris"", ""PATIENT=nurse"", ""AGENT=mother""]","Prime sentence: The tourist wandered through the plaza .
Event roles: VERB=surpris; PATIENT=nurse; AGENT=mother
Sentence: the",Sentence: the,first_noun,-3.9857428073883057,-4.404052734375,-0.41830992698669434,active,0.0
1017,role_labeled,active,active,a guest surprises a guy .,a student surprises a teacher .,a teacher is surprised by a student .,a,student,a,teacher,surpris,surprises,surprised,"[""AGENT=student"", ""VERB=surpris"", ""PATIENT=teacher""]","Prime sentence: a guest surprises a guy .
Event roles: AGENT=student; VERB=surpris; PATIENT=teacher
Sentence: the",Sentence: the,first_noun,-2.7809882164001465,-3.2479772567749023,-0.46698904037475586,active,0.0
1017,role_labeled,passive,passive,a guy is surprised by a guest .,a student surprises a teacher .,a teacher is surprised by a student .,a,student,a,teacher,surpris,surprises,surprised,"[""AGENT=student"", ""VERB=surpris"", ""PATIENT=teacher""]","Prime sentence: a guy is surprised by a guest .
Event roles: AGENT=student; VERB=surpris; PATIENT=teacher
Sentence: the",Sentence: the,first_noun,-2.5626437664031982,-2.9944751262664795,-0.43183135986328125,active,0.0
1017,role_labeled,no_prime_eos,no_prime_eos,,a student surprises a teacher .,a teacher is surprised by a student .,a,student,a,teacher,surpris,surprises,surprised,"[""AGENT=student"", ""VERB=surpris"", ""PATIENT=teacher""]","Event roles: AGENT=student; VERB=surpris; PATIENT=teacher
Sentence: the",Sentence: the,first_noun,-2.5691208839416504,-3.415043354034424,-0.8459224700927734,active,0.0
1017,role_labeled,filler,filler,The pillow rested on the sofa .,a student surprises a teacher .,a teacher is surprised by a student .,a,student,a,teacher,surpris,surprises,surprised,"[""AGENT=student"", ""VERB=surpris"", ""PATIENT=teacher""]","Prime sentence: The pillow rested on the sofa .
Event roles: AGENT=student; VERB=surpris; PATIENT=teacher
Sentence: the",Sentence: the,first_noun,-4.0854034423828125,-3.5163891315460205,0.569014310836792,passive,1.0
1018,role_labeled,active,active,a prince describes a princess .,a child describes a colonel .,a colonel is described by a child .,a,child,a,colonel,describ,describes,described,"[""PATIENT=colonel"", ""VERB=describ"", ""AGENT=child""]","Prime sentence: a prince describes a princess .
Event roles: PATIENT=colonel; VERB=describ; AGENT=child
Sentence: the",Sentence: the,first_noun,-4.465602397918701,-5.001064777374268,-0.5354623794555664,active,0.0
1018,role_labeled,passive,passive,a princess is described by a prince .,a child describes a colonel .,a colonel is described by a child .,a,child,a,colonel,describ,describes,described,"[""PATIENT=colonel"", ""VERB=describ"", ""AGENT=child""]","Prime sentence: a princess is described by a prince .
Event roles: PATIENT=colonel; VERB=describ; AGENT=child
Sentence: the",Sentence: the,first_noun,-4.551019668579102,-5.393696308135986,-0.8426766395568848,active,0.0
1018,role_labeled,no_prime_eos,no_prime_eos,,a child describes a colonel .,a colonel is described by a child .,a,child,a,colonel,describ,describes,described,"[""PATIENT=colonel"", ""VERB=describ"", ""AGENT=child""]","Event roles: PATIENT=colonel; VERB=describ; AGENT=child
Sentence: the",Sentence: the,first_noun,-3.767350435256958,-4.712236404418945,-0.9448859691619873,active,0.0
1018,role_labeled,filler,filler,The sculpture stood in the hallway .,a child describes a colonel .,a colonel is described by a child .,a,child,a,colonel,describ,describes,described,"[""PATIENT=colonel"", ""VERB=describ"", ""AGENT=child""]","Prime sentence: The sculpture stood in the hallway .
Event roles: PATIENT=colonel; VERB=describ; AGENT=child
Sentence: the",Sentence: the,first_noun,-3.6455605030059814,-4.734911918640137,-1.0893514156341553,active,0.0
1019,role_labeled,active,active,a son judges a student .,a friend judges a girl .,a girl is judged by a friend .,a,friend,a,girl,judg,judges,judged,"[""PATIENT=girl"", ""VERB=judg"", ""AGENT=friend""]","Prime sentence: a son judges a student .
Event roles: PATIENT=girl; VERB=judg; AGENT=friend
Sentence: the",Sentence: the,first_noun,-4.957064628601074,-2.7220094203948975,2.2350552082061768,passive,1.0
1019,role_labeled,passive,passive,a student is judged by a son .,a friend judges a girl .,a girl is judged by a friend .,a,friend,a,girl,judg,judges,judged,"[""PATIENT=girl"", ""VERB=judg"", ""AGENT=friend""]","Prime sentence: a student is judged by a son .
Event roles: PATIENT=girl; VERB=judg; AGENT=friend
Sentence: the",Sentence: the,first_noun,-5.065511226654053,-2.8794779777526855,2.186033248901367,passive,1.0
1019,role_labeled,no_prime_eos,no_prime_eos,,a friend judges a girl .,a girl is judged by a friend .,a,friend,a,girl,judg,judges,judged,"[""PATIENT=girl"", ""VERB=judg"", ""AGENT=friend""]","Event roles: PATIENT=girl; VERB=judg; AGENT=friend
Sentence: the",Sentence: the,first_noun,-5.33668327331543,-2.044215679168701,3.2924675941467285,passive,1.0
1019,role_labeled,filler,filler,The violin echoed in the theater .,a friend judges a girl .,a girl is judged by a friend .,a,friend,a,girl,judg,judges,judged,"[""PATIENT=girl"", ""VERB=judg"", ""AGENT=friend""]","Prime sentence: The violin echoed in the theater .
Event roles: PATIENT=girl; VERB=judg; AGENT=friend
Sentence: the",Sentence: the,first_noun,-7.143941879272461,-3.518345832824707,3.625596046447754,passive,1.0
1020,role_labeled,active,active,a princess forgives a professor .,a colonel forgives a cop .,a cop is forgiven by a colonel .,a,colonel,a,cop,forgiv,forgives,forgiven,"[""VERB=forgiv"", ""PATIENT=cop"", ""AGENT=colonel""]","Prime sentence: a princess forgives a professor .
Event roles: VERB=forgiv; PATIENT=cop; AGENT=colonel
Sentence: the",Sentence: the,first_noun,-6.095733165740967,-7.182623863220215,-1.086890697479248,active,0.0
1020,role_labeled,passive,passive,a professor is forgiven by a princess .,a colonel forgives a cop .,a cop is forgiven by a colonel .,a,colonel,a,cop,forgiv,forgives,forgiven,"[""VERB=forgiv"", ""PATIENT=cop"", ""AGENT=colonel""]","Prime sentence: a professor is forgiven by a princess .
Event roles: VERB=forgiv; PATIENT=cop; AGENT=colonel
Sentence: the",Sentence: the,first_noun,-5.582215309143066,-6.759725570678711,-1.1775102615356445,active,0.0
1020,role_labeled,no_prime_eos,no_prime_eos,,a colonel forgives a cop .,a cop is forgiven by a colonel .,a,colonel,a,cop,forgiv,forgives,forgiven,"[""VERB=forgiv"", ""PATIENT=cop"", ""AGENT=colonel""]","Event roles: VERB=forgiv; PATIENT=cop; AGENT=colonel
Sentence: the",Sentence: the,first_noun,-6.034908294677734,-6.970510482788086,-0.9356021881103516,active,0.0
1020,role_labeled,filler,filler,The violin echoed in the theater .,a colonel forgives a cop .,a cop is forgiven by a colonel .,a,colonel,a,cop,forgiv,forgives,forgiven,"[""VERB=forgiv"", ""PATIENT=cop"", ""AGENT=colonel""]","Prime sentence: The violin echoed in the theater .
Event roles: VERB=forgiv; PATIENT=cop; AGENT=colonel
Sentence: the",Sentence: the,first_noun,-6.322490215301514,-7.520175457000732,-1.1976852416992188,active,0.0
1021,role_labeled,active,active,a cop destroys a cousin .,a princess destroys a professor .,a professor is destroyed by a princess .,a,princess,a,professor,destroy,destroys,destroyed,"[""AGENT=princess"", ""VERB=destroy"", ""PATIENT=professor""]","Prime sentence: a cop destroys a cousin .
Event roles: AGENT=princess; VERB=destroy; PATIENT=professor
Sentence: the",Sentence: the,first_noun,-4.934110641479492,-4.061944961547852,0.8721656799316406,passive,1.0
1021,role_labeled,passive,passive,a cousin is destroyed by a cop .,a princess destroys a professor .,a professor is destroyed by a princess .,a,princess,a,professor,destroy,destroys,destroyed,"[""AGENT=princess"", ""VERB=destroy"", ""PATIENT=professor""]","Prime sentence: a cousin is destroyed by a cop .
Event roles: AGENT=princess; VERB=destroy; PATIENT=professor
Sentence: the",Sentence: the,first_noun,-5.081592559814453,-4.438834190368652,0.6427583694458008,passive,1.0
1021,role_labeled,no_prime_eos,no_prime_eos,,a princess destroys a professor .,a professor is destroyed by a princess .,a,princess,a,professor,destroy,destroys,destroyed,"[""AGENT=princess"", ""VERB=destroy"", ""PATIENT=professor""]","Event roles: AGENT=princess; VERB=destroy; PATIENT=professor
Sentence: the",Sentence: the,first_noun,-4.049528121948242,-4.895025730133057,-0.8454976081848145,active,0.0
1021,role_labeled,filler,filler,The teacher listened during assembly .,a princess destroys a professor .,a professor is destroyed by a princess .,a,princess,a,professor,destroy,destroys,destroyed,"[""AGENT=princess"", ""VERB=destroy"", ""PATIENT=professor""]","Prime sentence: The teacher listened during assembly .
Event roles: AGENT=princess; VERB=destroy; PATIENT=professor
Sentence: the",Sentence: the,first_noun,-3.3543906211853027,-3.7408499717712402,-0.3864593505859375,active,0.0
1022,role_labeled,active,active,a parent strikes a partner .,a brother strikes a buddy .,a buddy is struck by a brother .,a,brother,a,buddy,strik,strikes,struck,"[""VERB=strik"", ""PATIENT=buddy"", ""AGENT=brother""]","Prime sentence: a parent strikes a partner .
Event roles: VERB=strik; PATIENT=buddy; AGENT=brother
Sentence: the",Sentence: the,first_noun,-5.858717918395996,-9.141705513000488,-3.282987594604492,active,0.0
1022,role_labeled,passive,passive,a partner is struck by a parent .,a brother strikes a buddy .,a buddy is struck by a brother .,a,brother,a,buddy,strik,strikes,struck,"[""VERB=strik"", ""PATIENT=buddy"", ""AGENT=brother""]","Prime sentence: a partner is struck by a parent .
Event roles: VERB=strik; PATIENT=buddy; AGENT=brother
Sentence: the",Sentence: the,first_noun,-5.129395961761475,-8.09312629699707,-2.9637303352355957,active,0.0
1022,role_labeled,no_prime_eos,no_prime_eos,,a brother strikes a buddy .,a buddy is struck by a brother .,a,brother,a,buddy,strik,strikes,struck,"[""VERB=strik"", ""PATIENT=buddy"", ""AGENT=brother""]","Event roles: VERB=strik; PATIENT=buddy; AGENT=brother
Sentence: the",Sentence: the,first_noun,-5.635484218597412,-8.824728965759277,-3.1892447471618652,active,0.0
1022,role_labeled,filler,filler,The singer smiled after rehearsal .,a brother strikes a buddy .,a buddy is struck by a brother .,a,brother,a,buddy,strik,strikes,struck,"[""VERB=strik"", ""PATIENT=buddy"", ""AGENT=brother""]","Prime sentence: The singer smiled after rehearsal .
Event roles: VERB=strik; PATIENT=buddy; AGENT=brother
Sentence: the",Sentence: the,first_noun,-6.76291561126709,-10.118095397949219,-3.355179786682129,active,0.0
1023,role_labeled,active,active,a candidate kisses a captain .,a partner kisses a physician .,a physician is kissed by a partner .,a,partner,a,physician,kiss,kisses,kissed,"[""VERB=kiss"", ""AGENT=partner"", ""PATIENT=physician""]","Prime sentence: a candidate kisses a captain .
Event roles: VERB=kiss; AGENT=partner; PATIENT=physician
Sentence: the",Sentence: the,first_noun,-7.209943771362305,-6.329174995422363,0.8807687759399414,passive,1.0
1023,role_labeled,passive,passive,a captain is kissed by a candidate .,a partner kisses a physician .,a physician is kissed by a partner .,a,partner,a,physician,kiss,kisses,kissed,"[""VERB=kiss"", ""AGENT=partner"", ""PATIENT=physician""]","Prime sentence: a captain is kissed by a candidate .
Event roles: VERB=kiss; AGENT=partner; PATIENT=physician
Sentence: the",Sentence: the,first_noun,-7.136843204498291,-6.4227776527404785,0.7140655517578125,passive,1.0
1023,role_labeled,no_prime_eos,no_prime_eos,,a partner kisses a physician .,a physician is kissed by a partner .,a,partner,a,physician,kiss,kisses,kissed,"[""VERB=kiss"", ""AGENT=partner"", ""PATIENT=physician""]","Event roles: VERB=kiss; AGENT=partner; PATIENT=physician
Sentence: the",Sentence: the,first_noun,-6.1964111328125,-4.537356376647949,1.6590547561645508,passive,1.0
1023,role_labeled,filler,filler,The package arrived before noon .,a partner kisses a physician .,a physician is kissed by a partner .,a,partner,a,physician,kiss,kisses,kissed,"[""VERB=kiss"", ""AGENT=partner"", ""PATIENT=physician""]","Prime sentence: The package arrived before noon .
Event roles: VERB=kiss; AGENT=partner; PATIENT=physician
Sentence: the",Sentence: the,first_noun,-5.876317501068115,-5.9068217277526855,-0.030504226684570312,active,0.0
1024,role_labeled,active,active,a worker strikes a writer .,a king strikes a lady .,a lady is struck by a king .,a,king,a,lady,strik,strikes,struck,"[""VERB=strik"", ""PATIENT=lady"", ""AGENT=king""]","Prime sentence: a worker strikes a writer .
Event roles: VERB=strik; PATIENT=lady; AGENT=king
Sentence: the",Sentence: the,first_noun,-3.1182444095611572,-5.48701286315918,-2.3687684535980225,active,0.0
1024,role_labeled,passive,passive,a writer is struck by a worker .,a king strikes a lady .,a lady is struck by a king .,a,king,a,lady,strik,strikes,struck,"[""VERB=strik"", ""PATIENT=lady"", ""AGENT=king""]","Prime sentence: a writer is struck by a worker .
Event roles: VERB=strik; PATIENT=lady; AGENT=king
Sentence: the",Sentence: the,first_noun,-3.3258299827575684,-5.480779647827148,-2.15494966506958,active,0.0
1024,role_labeled,no_prime_eos,no_prime_eos,,a king strikes a lady .,a lady is struck by a king .,a,king,a,lady,strik,strikes,struck,"[""VERB=strik"", ""PATIENT=lady"", ""AGENT=king""]","Event roles: VERB=strik; PATIENT=lady; AGENT=king
Sentence: the",Sentence: the,first_noun,-3.116706609725952,-6.313691139221191,-3.1969845294952393,active,0.0
1024,role_labeled,filler,filler,The violin echoed in the theater .,a king strikes a lady .,a lady is struck by a king .,a,king,a,lady,strik,strikes,struck,"[""VERB=strik"", ""PATIENT=lady"", ""AGENT=king""]","Prime sentence: The violin echoed in the theater .
Event roles: VERB=strik; PATIENT=lady; AGENT=king
Sentence: the",Sentence: the,first_noun,-3.84389591217041,-5.3128862380981445,-1.4689903259277344,active,0.0
1025,role_labeled,active,active,a scientist surprises a secretary .,a daughter surprises a doctor .,a doctor is surprised by a daughter .,a,daughter,a,doctor,surpris,surprises,surprised,"[""PATIENT=doctor"", ""AGENT=daughter"", ""VERB=surpris""]","Prime sentence: a scientist surprises a secretary .
Event roles: PATIENT=doctor; AGENT=daughter; VERB=surpris
Sentence: the",Sentence: the,first_noun,-5.142794132232666,-2.608436346054077,2.534357786178589,passive,1.0
1025,role_labeled,passive,passive,a secretary is surprised by a scientist .,a daughter surprises a doctor .,a doctor is surprised by a daughter .,a,daughter,a,doctor,surpris,surprises,surprised,"[""PATIENT=doctor"", ""AGENT=daughter"", ""VERB=surpris""]","Prime sentence: a secretary is surprised by a scientist .
Event roles: PATIENT=doctor; AGENT=daughter; VERB=surpris
Sentence: the",Sentence: the,first_noun,-5.571410655975342,-2.4565749168395996,3.114835739135742,passive,1.0
1025,role_labeled,no_prime_eos,no_prime_eos,,a daughter surprises a doctor .,a doctor is surprised by a daughter .,a,daughter,a,doctor,surpris,surprises,surprised,"[""PATIENT=doctor"", ""AGENT=daughter"", ""VERB=surpris""]","Event roles: PATIENT=doctor; AGENT=daughter; VERB=surpris
Sentence: the",Sentence: the,first_noun,-4.872330188751221,-3.3447933197021484,1.5275368690490723,passive,1.0
1025,role_labeled,filler,filler,The teacher listened during assembly .,a daughter surprises a doctor .,a doctor is surprised by a daughter .,a,daughter,a,doctor,surpris,surprises,surprised,"[""PATIENT=doctor"", ""AGENT=daughter"", ""VERB=surpris""]","Prime sentence: The teacher listened during assembly .
Event roles: PATIENT=doctor; AGENT=daughter; VERB=surpris
Sentence: the",Sentence: the,first_noun,-5.2313385009765625,-2.4783151149749756,2.753023386001587,passive,1.0
1026,role_labeled,active,active,a princess joins a professor .,a colonel joins a cop .,a cop is joined by a colonel .,a,colonel,a,cop,join,joins,joined,"[""AGENT=colonel"", ""VERB=join"", ""PATIENT=cop""]","Prime sentence: a princess joins a professor .
Event roles: AGENT=colonel; VERB=join; PATIENT=cop
Sentence: the",Sentence: the,first_noun,-3.7732787132263184,-6.084994316101074,-2.311715602874756,active,0.0
1026,role_labeled,passive,passive,a professor is joined by a princess .,a colonel joins a cop .,a cop is joined by a colonel .,a,colonel,a,cop,join,joins,joined,"[""AGENT=colonel"", ""VERB=join"", ""PATIENT=cop""]","Prime sentence: a professor is joined by a princess .
Event roles: AGENT=colonel; VERB=join; PATIENT=cop
Sentence: the",Sentence: the,first_noun,-2.962292432785034,-5.607337951660156,-2.645045518875122,active,0.0
1026,role_labeled,no_prime_eos,no_prime_eos,,a colonel joins a cop .,a cop is joined by a colonel .,a,colonel,a,cop,join,joins,joined,"[""AGENT=colonel"", ""VERB=join"", ""PATIENT=cop""]","Event roles: AGENT=colonel; VERB=join; PATIENT=cop
Sentence: the",Sentence: the,first_noun,-4.0587568283081055,-6.110238075256348,-2.051481246948242,active,0.0
1026,role_labeled,filler,filler,The witness paused near the doorway .,a colonel joins a cop .,a cop is joined by a colonel .,a,colonel,a,cop,join,joins,joined,"[""AGENT=colonel"", ""VERB=join"", ""PATIENT=cop""]","Prime sentence: The witness paused near the doorway .
Event roles: AGENT=colonel; VERB=join; PATIENT=cop
Sentence: the",Sentence: the,first_noun,-3.438585042953491,-4.459454536437988,-1.020869493484497,active,0.0
1027,role_labeled,active,active,a mayor catches a minister .,an attorney catches an aunt .,an aunt is caught by an attorney .,an,attorney,an,aunt,catch,catches,caught,"[""VERB=catch"", ""PATIENT=aunt"", ""AGENT=attorney""]","Prime sentence: a mayor catches a minister .
Event roles: VERB=catch; PATIENT=aunt; AGENT=attorney
Sentence: the",Sentence: the,first_noun,-6.506998062133789,-7.56484317779541,-1.057845115661621,active,0.0
1027,role_labeled,passive,passive,a minister is caught by a mayor .,an attorney catches an aunt .,an aunt is caught by an attorney .,an,attorney,an,aunt,catch,catches,caught,"[""VERB=catch"", ""PATIENT=aunt"", ""AGENT=attorney""]","Prime sentence: a minister is caught by a mayor .
Event roles: VERB=catch; PATIENT=aunt; AGENT=attorney
Sentence: the",Sentence: the,first_noun,-6.620189666748047,-7.987308502197266,-1.3671188354492188,active,0.0
1027,role_labeled,no_prime_eos,no_prime_eos,,an attorney catches an aunt .,an aunt is caught by an attorney .,an,attorney,an,aunt,catch,catches,caught,"[""VERB=catch"", ""PATIENT=aunt"", ""AGENT=attorney""]","Event roles: VERB=catch; PATIENT=aunt; AGENT=attorney
Sentence: the",Sentence: the,first_noun,-6.5088582038879395,-9.904574394226074,-3.3957161903381348,active,0.0
1027,role_labeled,filler,filler,The window rattled during the storm .,an attorney catches an aunt .,an aunt is caught by an attorney .,an,attorney,an,aunt,catch,catches,caught,"[""VERB=catch"", ""PATIENT=aunt"", ""AGENT=attorney""]","Prime sentence: The window rattled during the storm .
Event roles: VERB=catch; PATIENT=aunt; AGENT=attorney
Sentence: the",Sentence: the,first_noun,-7.812792778015137,-7.950202941894531,-0.13741016387939453,active,0.0
1028,role_labeled,active,active,a bishop forgets a boy .,a mother forgets a nurse .,a nurse is forgotten by a mother .,a,mother,a,nurse,forget,forgets,forgotten,"[""VERB=forget"", ""PATIENT=nurse"", ""AGENT=mother""]","Prime sentence: a bishop forgets a boy .
Event roles: VERB=forget; PATIENT=nurse; AGENT=mother
Sentence: the",Sentence: the,first_noun,-4.09891414642334,-4.641887187957764,-0.5429730415344238,active,0.0
1028,role_labeled,passive,passive,a boy is forgotten by a bishop .,a mother forgets a nurse .,a nurse is forgotten by a mother .,a,mother,a,nurse,forget,forgets,forgotten,"[""VERB=forget"", ""PATIENT=nurse"", ""AGENT=mother""]","Prime sentence: a boy is forgotten by a bishop .
Event roles: VERB=forget; PATIENT=nurse; AGENT=mother
Sentence: the",Sentence: the,first_noun,-4.307023048400879,-4.993330955505371,-0.6863079071044922,active,0.0
1028,role_labeled,no_prime_eos,no_prime_eos,,a mother forgets a nurse .,a nurse is forgotten by a mother .,a,mother,a,nurse,forget,forgets,forgotten,"[""VERB=forget"", ""PATIENT=nurse"", ""AGENT=mother""]","Event roles: VERB=forget; PATIENT=nurse; AGENT=mother
Sentence: the",Sentence: the,first_noun,-3.924908399581909,-4.135036468505859,-0.2101280689239502,active,0.0
1028,role_labeled,filler,filler,The tourist wandered through the plaza .,a mother forgets a nurse .,a nurse is forgotten by a mother .,a,mother,a,nurse,forget,forgets,forgotten,"[""VERB=forget"", ""PATIENT=nurse"", ""AGENT=mother""]","Prime sentence: The tourist wandered through the plaza .
Event roles: VERB=forget; PATIENT=nurse; AGENT=mother
Sentence: the",Sentence: the,first_noun,-4.21888542175293,-4.683189392089844,-0.46430397033691406,active,0.0
1029,role_labeled,active,active,an employer teaches a father .,a sheriff teaches a singer .,a singer is taught by a sheriff .,a,sheriff,a,singer,teach,teaches,taught,"[""AGENT=sheriff"", ""PATIENT=singer"", ""VERB=teach""]","Prime sentence: an employer teaches a father .
Event roles: AGENT=sheriff; PATIENT=singer; VERB=teach
Sentence: the",Sentence: the,first_noun,-3.7211415767669678,-6.2783308029174805,-2.5571892261505127,active,0.0
1029,role_labeled,passive,passive,a father is taught by an employer .,a sheriff teaches a singer .,a singer is taught by a sheriff .,a,sheriff,a,singer,teach,teaches,taught,"[""AGENT=sheriff"", ""PATIENT=singer"", ""VERB=teach""]","Prime sentence: a father is taught by an employer .
Event roles: AGENT=sheriff; PATIENT=singer; VERB=teach
Sentence: the",Sentence: the,first_noun,-4.082342147827148,-6.6272478103637695,-2.544905662536621,active,0.0
1029,role_labeled,no_prime_eos,no_prime_eos,,a sheriff teaches a singer .,a singer is taught by a sheriff .,a,sheriff,a,singer,teach,teaches,taught,"[""AGENT=sheriff"", ""PATIENT=singer"", ""VERB=teach""]","Event roles: AGENT=sheriff; PATIENT=singer; VERB=teach
Sentence: the",Sentence: the,first_noun,-5.585680961608887,-5.507225036621094,0.07845592498779297,passive,1.0
1029,role_labeled,filler,filler,The blanket dried on the line .,a sheriff teaches a singer .,a singer is taught by a sheriff .,a,sheriff,a,singer,teach,teaches,taught,"[""AGENT=sheriff"", ""PATIENT=singer"", ""VERB=teach""]","Prime sentence: The blanket dried on the line .
Event roles: AGENT=sheriff; PATIENT=singer; VERB=teach
Sentence: the",Sentence: the,first_noun,-5.5276055335998535,-6.582704544067383,-1.0550990104675293,active,0.0
1030,role_labeled,active,active,an actress embraces an adult .,a leader embraces a man .,a man is embraced by a leader .,a,leader,a,man,embrac,embraces,embraced,"[""AGENT=leader"", ""VERB=embrac"", ""PATIENT=man""]","Prime sentence: an actress embraces an adult .
Event roles: AGENT=leader; VERB=embrac; PATIENT=man
Sentence: the",Sentence: the,first_noun,-6.156752109527588,-4.7056965827941895,1.4510555267333984,passive,1.0
1030,role_labeled,passive,passive,an adult is embraced by an actress .,a leader embraces a man .,a man is embraced by a leader .,a,leader,a,man,embrac,embraces,embraced,"[""AGENT=leader"", ""VERB=embrac"", ""PATIENT=man""]","Prime sentence: an adult is embraced by an actress .
Event roles: AGENT=leader; VERB=embrac; PATIENT=man
Sentence: the",Sentence: the,first_noun,-6.540569305419922,-4.443227291107178,2.097342014312744,passive,1.0
1030,role_labeled,no_prime_eos,no_prime_eos,,a leader embraces a man .,a man is embraced by a leader .,a,leader,a,man,embrac,embraces,embraced,"[""AGENT=leader"", ""VERB=embrac"", ""PATIENT=man""]","Event roles: AGENT=leader; VERB=embrac; PATIENT=man
Sentence: the",Sentence: the,first_noun,-3.620821952819824,-4.626121520996094,-1.0052995681762695,active,0.0
1030,role_labeled,filler,filler,The sculpture stood in the hallway .,a leader embraces a man .,a man is embraced by a leader .,a,leader,a,man,embrac,embraces,embraced,"[""AGENT=leader"", ""VERB=embrac"", ""PATIENT=man""]","Prime sentence: The sculpture stood in the hallway .
Event roles: AGENT=leader; VERB=embrac; PATIENT=man
Sentence: the",Sentence: the,first_noun,-7.268946170806885,-4.123340129852295,3.14560604095459,passive,1.0
1031,role_labeled,active,active,a parent punches a partner .,a brother punches a buddy .,a buddy is punched by a brother .,a,brother,a,buddy,punch,punches,punched,"[""VERB=punch"", ""AGENT=brother"", ""PATIENT=buddy""]","Prime sentence: a parent punches a partner .
Event roles: VERB=punch; AGENT=brother; PATIENT=buddy
Sentence: the",Sentence: the,first_noun,-5.038147926330566,-8.648272514343262,-3.6101245880126953,active,0.0
1031,role_labeled,passive,passive,a partner is punched by a parent .,a brother punches a buddy .,a buddy is punched by a brother .,a,brother,a,buddy,punch,punches,punched,"[""VERB=punch"", ""AGENT=brother"", ""PATIENT=buddy""]","Prime sentence: a partner is punched by a parent .
Event roles: VERB=punch; AGENT=brother; PATIENT=buddy
Sentence: the",Sentence: the,first_noun,-4.246696472167969,-7.929893493652344,-3.683197021484375,active,0.0
1031,role_labeled,no_prime_eos,no_prime_eos,,a brother punches a buddy .,a buddy is punched by a brother .,a,brother,a,buddy,punch,punches,punched,"[""VERB=punch"", ""AGENT=brother"", ""PATIENT=buddy""]","Event roles: VERB=punch; AGENT=brother; PATIENT=buddy
Sentence: the",Sentence: the,first_noun,-5.162886142730713,-8.293338775634766,-3.1304526329040527,active,0.0
1031,role_labeled,filler,filler,The captain waited beside the harbor .,a brother punches a buddy .,a buddy is punched by a brother .,a,brother,a,buddy,punch,punches,punched,"[""VERB=punch"", ""AGENT=brother"", ""PATIENT=buddy""]","Prime sentence: The captain waited beside the harbor .
Event roles: VERB=punch; AGENT=brother; PATIENT=buddy
Sentence: the",Sentence: the,first_noun,-6.34222936630249,-9.420648574829102,-3.0784192085266113,active,0.0
1032,role_labeled,active,active,a father hurts a friend .,a singer hurts a soldier .,a soldier is hurt by a singer .,a,singer,a,soldier,hurt,hurts,hurt,"[""AGENT=singer"", ""VERB=hurt"", ""PATIENT=soldier""]","Prime sentence: a father hurts a friend .
Event roles: AGENT=singer; VERB=hurt; PATIENT=soldier
Sentence: the",Sentence: the,first_noun,-5.246382713317871,-3.4312193393707275,1.8151633739471436,passive,1.0
1032,role_labeled,passive,passive,a friend is hurt by a father .,a singer hurts a soldier .,a soldier is hurt by a singer .,a,singer,a,soldier,hurt,hurts,hurt,"[""AGENT=singer"", ""VERB=hurt"", ""PATIENT=soldier""]","Prime sentence: a friend is hurt by a father .
Event roles: AGENT=singer; VERB=hurt; PATIENT=soldier
Sentence: the",Sentence: the,first_noun,-4.595903396606445,-3.2870171070098877,1.3088862895965576,passive,1.0
1032,role_labeled,no_prime_eos,no_prime_eos,,a singer hurts a soldier .,a soldier is hurt by a singer .,a,singer,a,soldier,hurt,hurts,hurt,"[""AGENT=singer"", ""VERB=hurt"", ""PATIENT=soldier""]","Event roles: AGENT=singer; VERB=hurt; PATIENT=soldier
Sentence: the",Sentence: the,first_noun,-4.144894123077393,-4.021964073181152,0.12293004989624023,passive,1.0
1032,role_labeled,filler,filler,The garden brightened after rain .,a singer hurts a soldier .,a soldier is hurt by a singer .,a,singer,a,soldier,hurt,hurts,hurt,"[""AGENT=singer"", ""VERB=hurt"", ""PATIENT=soldier""]","Prime sentence: The garden brightened after rain .
Event roles: AGENT=singer; VERB=hurt; PATIENT=soldier
Sentence: the",Sentence: the,first_noun,-7.992851257324219,-5.569146633148193,2.4237046241760254,passive,1.0
1033,role_labeled,active,active,a minister kills a mother .,an aunt kills an author .,an author is killed by an aunt .,an,aunt,an,author,kill,kills,killed,"[""PATIENT=author"", ""VERB=kill"", ""AGENT=aunt""]","Prime sentence: a minister kills a mother .
Event roles: PATIENT=author; VERB=kill; AGENT=aunt
Sentence: the",Sentence: the,first_noun,-5.750130653381348,-5.301178932189941,0.44895172119140625,passive,1.0
1033,role_labeled,passive,passive,a mother is killed by a minister .,an aunt kills an author .,an author is killed by an aunt .,an,aunt,an,author,kill,kills,killed,"[""PATIENT=author"", ""VERB=kill"", ""AGENT=aunt""]","Prime sentence: a mother is killed by a minister .
Event roles: PATIENT=author; VERB=kill; AGENT=aunt
Sentence: the",Sentence: the,first_noun,-5.886600494384766,-4.933215141296387,0.9533853530883789,passive,1.0
1033,role_labeled,no_prime_eos,no_prime_eos,,an aunt kills an author .,an author is killed by an aunt .,an,aunt,an,author,kill,kills,killed,"[""PATIENT=author"", ""VERB=kill"", ""AGENT=aunt""]","Event roles: PATIENT=author; VERB=kill; AGENT=aunt
Sentence: the",Sentence: the,first_noun,-8.415383338928223,-4.33717155456543,4.078211784362793,passive,1.0
1033,role_labeled,filler,filler,The tourist wandered through the plaza .,an aunt kills an author .,an author is killed by an aunt .,an,aunt,an,author,kill,kills,killed,"[""PATIENT=author"", ""VERB=kill"", ""AGENT=aunt""]","Prime sentence: The tourist wandered through the plaza .
Event roles: PATIENT=author; VERB=kill; AGENT=aunt
Sentence: the",Sentence: the,first_noun,-5.893756866455078,-6.73509407043457,-0.8413372039794922,active,0.0
1034,role_labeled,active,active,a winner bothers a woman .,a husband bothers a kid .,a kid is bothered by a husband .,a,husband,a,kid,bother,bothers,bothered,"[""VERB=bother"", ""PATIENT=kid"", ""AGENT=husband""]","Prime sentence: a winner bothers a woman .
Event roles: VERB=bother; PATIENT=kid; AGENT=husband
Sentence: the",Sentence: the,first_noun,-4.4060211181640625,-6.010445594787598,-1.6044244766235352,active,0.0
1034,role_labeled,passive,passive,a woman is bothered by a winner .,a husband bothers a kid .,a kid is bothered by a husband .,a,husband,a,kid,bother,bothers,bothered,"[""VERB=bother"", ""PATIENT=kid"", ""AGENT=husband""]","Prime sentence: a woman is bothered by a winner .
Event roles: VERB=bother; PATIENT=kid; AGENT=husband
Sentence: the",Sentence: the,first_noun,-4.474102020263672,-6.413923263549805,-1.9398212432861328,active,0.0
1034,role_labeled,no_prime_eos,no_prime_eos,,a husband bothers a kid .,a kid is bothered by a husband .,a,husband,a,kid,bother,bothers,bothered,"[""VERB=bother"", ""PATIENT=kid"", ""AGENT=husband""]","Event roles: VERB=bother; PATIENT=kid; AGENT=husband
Sentence: the",Sentence: the,first_noun,-4.038673400878906,-6.704104423522949,-2.665431022644043,active,0.0
1034,role_labeled,filler,filler,The signal flickered across the screen .,a husband bothers a kid .,a kid is bothered by a husband .,a,husband,a,kid,bother,bothers,bothered,"[""VERB=bother"", ""PATIENT=kid"", ""AGENT=husband""]","Prime sentence: The signal flickered across the screen .
Event roles: VERB=bother; PATIENT=kid; AGENT=husband
Sentence: the",Sentence: the,first_noun,-5.510231971740723,-6.215317726135254,-0.7050857543945312,active,0.0
1035,role_labeled,active,active,a girl raises a guest .,a son raises a student .,a student is raised by a son .,a,son,a,student,rais,raises,raised,"[""VERB=rais"", ""AGENT=son"", ""PATIENT=student""]","Prime sentence: a girl raises a guest .
Event roles: VERB=rais; AGENT=son; PATIENT=student
Sentence: the",Sentence: the,first_noun,-5.622607707977295,-4.205916404724121,1.4166913032531738,passive,1.0
1035,role_labeled,passive,passive,a guest is raised by a girl .,a son raises a student .,a student is raised by a son .,a,son,a,student,rais,raises,raised,"[""VERB=rais"", ""AGENT=son"", ""PATIENT=student""]","Prime sentence: a guest is raised by a girl .
Event roles: VERB=rais; AGENT=son; PATIENT=student
Sentence: the",Sentence: the,first_noun,-5.160735130310059,-4.21856689453125,0.9421682357788086,passive,1.0
1035,role_labeled,no_prime_eos,no_prime_eos,,a son raises a student .,a student is raised by a son .,a,son,a,student,rais,raises,raised,"[""VERB=rais"", ""AGENT=son"", ""PATIENT=student""]","Event roles: VERB=rais; AGENT=son; PATIENT=student
Sentence: the",Sentence: the,first_noun,-5.933297157287598,-3.661693572998047,2.271603584289551,passive,1.0
1035,role_labeled,filler,filler,The garden brightened after rain .,a son raises a student .,a student is raised by a son .,a,son,a,student,rais,raises,raised,"[""VERB=rais"", ""AGENT=son"", ""PATIENT=student""]","Prime sentence: The garden brightened after rain .
Event roles: VERB=rais; AGENT=son; PATIENT=student
Sentence: the",Sentence: the,first_noun,-6.215109825134277,-5.608606338500977,0.6065034866333008,passive,1.0
1036,role_labeled,active,active,a prince bothers a princess .,a child bothers a colonel .,a colonel is bothered by a child .,a,child,a,colonel,bother,bothers,bothered,"[""PATIENT=colonel"", ""VERB=bother"", ""AGENT=child""]","Prime sentence: a prince bothers a princess .
Event roles: PATIENT=colonel; VERB=bother; AGENT=child
Sentence: the",Sentence: the,first_noun,-4.624579429626465,-5.018847465515137,-0.3942680358886719,active,0.0
1036,role_labeled,passive,passive,a princess is bothered by a prince .,a child bothers a colonel .,a colonel is bothered by a child .,a,child,a,colonel,bother,bothers,bothered,"[""PATIENT=colonel"", ""VERB=bother"", ""AGENT=child""]","Prime sentence: a princess is bothered by a prince .
Event roles: PATIENT=colonel; VERB=bother; AGENT=child
Sentence: the",Sentence: the,first_noun,-4.61362886428833,-5.476600646972656,-0.8629717826843262,active,0.0
1036,role_labeled,no_prime_eos,no_prime_eos,,a child bothers a colonel .,a colonel is bothered by a child .,a,child,a,colonel,bother,bothers,bothered,"[""PATIENT=colonel"", ""VERB=bother"", ""AGENT=child""]","Event roles: PATIENT=colonel; VERB=bother; AGENT=child
Sentence: the",Sentence: the,first_noun,-3.888756275177002,-4.714046478271484,-0.8252902030944824,active,0.0
1036,role_labeled,filler,filler,The notebook stayed on the shelf .,a child bothers a colonel .,a colonel is bothered by a child .,a,child,a,colonel,bother,bothers,bothered,"[""PATIENT=colonel"", ""VERB=bother"", ""AGENT=child""]","Prime sentence: The notebook stayed on the shelf .
Event roles: PATIENT=colonel; VERB=bother; AGENT=child
Sentence: the",Sentence: the,first_noun,-4.26357364654541,-5.052557468414307,-0.7889838218688965,active,0.0
1037,role_labeled,active,active,a teacher hurts an uncle .,a guest hurts a guy .,a guy is hurt by a guest .,a,guest,a,guy,hurt,hurts,hurt,"[""AGENT=guest"", ""PATIENT=guy"", ""VERB=hurt""]","Prime sentence: a teacher hurts an uncle .
Event roles: AGENT=guest; PATIENT=guy; VERB=hurt
Sentence: the",Sentence: the,first_noun,-6.118265151977539,-3.859184503555298,2.259080648422241,passive,1.0
1037,role_labeled,passive,passive,an uncle is hurt by a teacher .,a guest hurts a guy .,a guy is hurt by a guest .,a,guest,a,guy,hurt,hurts,hurt,"[""AGENT=guest"", ""PATIENT=guy"", ""VERB=hurt""]","Prime sentence: an uncle is hurt by a teacher .
Event roles: AGENT=guest; PATIENT=guy; VERB=hurt
Sentence: the",Sentence: the,first_noun,-5.706988334655762,-3.8495070934295654,1.8574812412261963,passive,1.0
1037,role_labeled,no_prime_eos,no_prime_eos,,a guest hurts a guy .,a guy is hurt by a guest .,a,guest,a,guy,hurt,hurts,hurt,"[""AGENT=guest"", ""PATIENT=guy"", ""VERB=hurt""]","Event roles: AGENT=guest; PATIENT=guy; VERB=hurt
Sentence: the",Sentence: the,first_noun,-4.785335540771484,-3.4402456283569336,1.3450899124145508,passive,1.0
1037,role_labeled,filler,filler,The jacket hung behind the chair .,a guest hurts a guy .,a guy is hurt by a guest .,a,guest,a,guy,hurt,hurts,hurt,"[""AGENT=guest"", ""PATIENT=guy"", ""VERB=hurt""]","Prime sentence: The jacket hung behind the chair .
Event roles: AGENT=guest; PATIENT=guy; VERB=hurt
Sentence: the",Sentence: the,first_noun,-6.069740295410156,-4.0803542137146,1.9893860816955566,passive,1.0
1038,role_labeled,active,active,a cousin punches a daughter .,a professor punches a reader .,a reader is punched by a professor .,a,professor,a,reader,punch,punches,punched,"[""PATIENT=reader"", ""AGENT=professor"", ""VERB=punch""]","Prime sentence: a cousin punches a daughter .
Event roles: PATIENT=reader; AGENT=professor; VERB=punch
Sentence: the",Sentence: the,first_noun,-3.8584811687469482,-6.085101127624512,-2.2266199588775635,active,0.0
1038,role_labeled,passive,passive,a daughter is punched by a cousin .,a professor punches a reader .,a reader is punched by a professor .,a,professor,a,reader,punch,punches,punched,"[""PATIENT=reader"", ""AGENT=professor"", ""VERB=punch""]","Prime sentence: a daughter is punched by a cousin .
Event roles: PATIENT=reader; AGENT=professor; VERB=punch
Sentence: the",Sentence: the,first_noun,-3.766887664794922,-5.414836883544922,-1.64794921875,active,0.0
1038,role_labeled,no_prime_eos,no_prime_eos,,a professor punches a reader .,a reader is punched by a professor .,a,professor,a,reader,punch,punches,punched,"[""PATIENT=reader"", ""AGENT=professor"", ""VERB=punch""]","Event roles: PATIENT=reader; AGENT=professor; VERB=punch
Sentence: the",Sentence: the,first_noun,-4.001963138580322,-5.742377281188965,-1.7404141426086426,active,0.0
1038,role_labeled,filler,filler,The violin echoed in the theater .,a professor punches a reader .,a reader is punched by a professor .,a,professor,a,reader,punch,punches,punched,"[""PATIENT=reader"", ""AGENT=professor"", ""VERB=punch""]","Prime sentence: The violin echoed in the theater .
Event roles: PATIENT=reader; AGENT=professor; VERB=punch
Sentence: the",Sentence: the,first_noun,-4.382555961608887,-7.010488033294678,-2.627932071685791,active,0.0
1039,role_labeled,active,active,a secretary protects a sheriff .,a doctor protects an employee .,an employee is protected by a doctor .,a,doctor,an,employee,protect,protects,protected,"[""PATIENT=employee"", ""VERB=protect"", ""AGENT=doctor""]","Prime sentence: a secretary protects a sheriff .
Event roles: PATIENT=employee; VERB=protect; AGENT=doctor
Sentence: the",Sentence: the,first_noun,-2.870983123779297,-4.954507350921631,-2.083524227142334,active,0.0
1039,role_labeled,passive,passive,a sheriff is protected by a secretary .,a doctor protects an employee .,an employee is protected by a doctor .,a,doctor,an,employee,protect,protects,protected,"[""PATIENT=employee"", ""VERB=protect"", ""AGENT=doctor""]","Prime sentence: a sheriff is protected by a secretary .
Event roles: PATIENT=employee; VERB=protect; AGENT=doctor
Sentence: the",Sentence: the,first_noun,-2.887474775314331,-4.446199417114258,-1.5587246417999268,active,0.0
1039,role_labeled,no_prime_eos,no_prime_eos,,a doctor protects an employee .,an employee is protected by a doctor .,a,doctor,an,employee,protect,protects,protected,"[""PATIENT=employee"", ""VERB=protect"", ""AGENT=doctor""]","Event roles: PATIENT=employee; VERB=protect; AGENT=doctor
Sentence: the",Sentence: the,first_noun,-3.026862382888794,-4.543672561645508,-1.5168101787567139,active,0.0
1039,role_labeled,filler,filler,The kettle whistled in the kitchen .,a doctor protects an employee .,an employee is protected by a doctor .,a,doctor,an,employee,protect,protects,protected,"[""PATIENT=employee"", ""VERB=protect"", ""AGENT=doctor""]","Prime sentence: The kettle whistled in the kitchen .
Event roles: PATIENT=employee; VERB=protect; AGENT=doctor
Sentence: the",Sentence: the,first_noun,-3.75177001953125,-7.504458427429199,-3.752688407897949,active,0.0
1040,role_labeled,active,active,a pilot joins a president .,a captain joins a champion .,a champion is joined by a captain .,a,captain,a,champion,join,joins,joined,"[""VERB=join"", ""AGENT=captain"", ""PATIENT=champion""]","Prime sentence: a pilot joins a president .
Event roles: VERB=join; AGENT=captain; PATIENT=champion
Sentence: the",Sentence: the,first_noun,-4.012434959411621,-7.06266975402832,-3.050234794616699,active,0.0
1040,role_labeled,passive,passive,a president is joined by a pilot .,a captain joins a champion .,a champion is joined by a captain .,a,captain,a,champion,join,joins,joined,"[""VERB=join"", ""AGENT=captain"", ""PATIENT=champion""]","Prime sentence: a president is joined by a pilot .
Event roles: VERB=join; AGENT=captain; PATIENT=champion
Sentence: the",Sentence: the,first_noun,-4.0697455406188965,-7.197360038757324,-3.1276144981384277,active,0.0
1040,role_labeled,no_prime_eos,no_prime_eos,,a captain joins a champion .,a champion is joined by a captain .,a,captain,a,champion,join,joins,joined,"[""VERB=join"", ""AGENT=captain"", ""PATIENT=champion""]","Event roles: VERB=join; AGENT=captain; PATIENT=champion
Sentence: the",Sentence: the,first_noun,-2.9686782360076904,-5.416449546813965,-2.4477713108062744,active,0.0
1040,role_labeled,filler,filler,The kettle whistled in the kitchen .,a captain joins a champion .,a champion is joined by a captain .,a,captain,a,champion,join,joins,joined,"[""VERB=join"", ""AGENT=captain"", ""PATIENT=champion""]","Prime sentence: The kettle whistled in the kitchen .
Event roles: VERB=join; AGENT=captain; PATIENT=champion
Sentence: the",Sentence: the,first_noun,-5.637796878814697,-7.874725818634033,-2.236928939819336,active,0.0
1041,role_labeled,active,active,a child beats a colonel .,a priest beats a prince .,a prince is beaten by a priest .,a,priest,a,prince,beat,beats,beaten,"[""VERB=beat"", ""PATIENT=prince"", ""AGENT=priest""]","Prime sentence: a child beats a colonel .
Event roles: VERB=beat; PATIENT=prince; AGENT=priest
Sentence: the",Sentence: the,first_noun,-4.062413215637207,-4.486933708190918,-0.42452049255371094,active,0.0
1041,role_labeled,passive,passive,a colonel is beaten by a child .,a priest beats a prince .,a prince is beaten by a priest .,a,priest,a,prince,beat,beats,beaten,"[""VERB=beat"", ""PATIENT=prince"", ""AGENT=priest""]","Prime sentence: a colonel is beaten by a child .
Event roles: VERB=beat; PATIENT=prince; AGENT=priest
Sentence: the",Sentence: the,first_noun,-3.5827019214630127,-4.238773345947266,-0.6560714244842529,active,0.0
1041,role_labeled,no_prime_eos,no_prime_eos,,a priest beats a prince .,a prince is beaten by a priest .,a,priest,a,prince,beat,beats,beaten,"[""VERB=beat"", ""PATIENT=prince"", ""AGENT=priest""]","Event roles: VERB=beat; PATIENT=prince; AGENT=priest
Sentence: the",Sentence: the,first_noun,-4.309962272644043,-4.536657333374023,-0.22669506072998047,active,0.0
1041,role_labeled,filler,filler,The package arrived before noon .,a priest beats a prince .,a prince is beaten by a priest .,a,priest,a,prince,beat,beats,beaten,"[""VERB=beat"", ""PATIENT=prince"", ""AGENT=priest""]","Prime sentence: The package arrived before noon .
Event roles: VERB=beat; PATIENT=prince; AGENT=priest
Sentence: the",Sentence: the,first_noun,-4.343735218048096,-4.697251796722412,-0.3535165786743164,active,0.0
1042,role_labeled,active,active,a daughter selects a doctor .,a reader selects a scientist .,a scientist is selected by a reader .,a,reader,a,scientist,select,selects,selected,"[""VERB=select"", ""AGENT=reader"", ""PATIENT=scientist""]","Prime sentence: a daughter selects a doctor .
Event roles: VERB=select; AGENT=reader; PATIENT=scientist
Sentence: the",Sentence: the,first_noun,-4.999953269958496,-3.714614152908325,1.285339117050171,passive,1.0
1042,role_labeled,passive,passive,a doctor is selected by a daughter .,a reader selects a scientist .,a scientist is selected by a reader .,a,reader,a,scientist,select,selects,selected,"[""VERB=select"", ""AGENT=reader"", ""PATIENT=scientist""]","Prime sentence: a doctor is selected by a daughter .
Event roles: VERB=select; AGENT=reader; PATIENT=scientist
Sentence: the",Sentence: the,first_noun,-5.3473052978515625,-3.5045714378356934,1.8427338600158691,passive,1.0
1042,role_labeled,no_prime_eos,no_prime_eos,,a reader selects a scientist .,a scientist is selected by a reader .,a,reader,a,scientist,select,selects,selected,"[""VERB=select"", ""AGENT=reader"", ""PATIENT=scientist""]","Event roles: VERB=select; AGENT=reader; PATIENT=scientist
Sentence: the",Sentence: the,first_noun,-4.651698112487793,-5.424864768981934,-0.7731666564941406,active,0.0
1042,role_labeled,filler,filler,The witness paused near the doorway .,a reader selects a scientist .,a scientist is selected by a reader .,a,reader,a,scientist,select,selects,selected,"[""VERB=select"", ""AGENT=reader"", ""PATIENT=scientist""]","Prime sentence: The witness paused near the doorway .
Event roles: VERB=select; AGENT=reader; PATIENT=scientist
Sentence: the",Sentence: the,first_noun,-5.396566390991211,-2.9789273738861084,2.4176390171051025,passive,1.0
1043,role_labeled,active,active,an actor follows an actress .,a lawyer follows a leader .,a leader is followed by a lawyer .,a,lawyer,a,leader,follow,follows,followed,"[""AGENT=lawyer"", ""PATIENT=leader"", ""VERB=follow""]","Prime sentence: an actor follows an actress .
Event roles: AGENT=lawyer; PATIENT=leader; VERB=follow
Sentence: the",Sentence: the,first_noun,-4.600499629974365,-5.712109565734863,-1.111609935760498,active,0.0
1043,role_labeled,passive,passive,an actress is followed by an actor .,a lawyer follows a leader .,a leader is followed by a lawyer .,a,lawyer,a,leader,follow,follows,followed,"[""AGENT=lawyer"", ""PATIENT=leader"", ""VERB=follow""]","Prime sentence: an actress is followed by an actor .
Event roles: AGENT=lawyer; PATIENT=leader; VERB=follow
Sentence: the",Sentence: the,first_noun,-4.396759510040283,-5.736103534698486,-1.3393440246582031,active,0.0
1043,role_labeled,no_prime_eos,no_prime_eos,,a lawyer follows a leader .,a leader is followed by a lawyer .,a,lawyer,a,leader,follow,follows,followed,"[""AGENT=lawyer"", ""PATIENT=leader"", ""VERB=follow""]","Event roles: AGENT=lawyer; PATIENT=leader; VERB=follow
Sentence: the",Sentence: the,first_noun,-4.587166786193848,-4.626528739929199,-0.03936195373535156,active,0.0
1043,role_labeled,filler,filler,The tourist wandered through the plaza .,a lawyer follows a leader .,a leader is followed by a lawyer .,a,lawyer,a,leader,follow,follows,followed,"[""AGENT=lawyer"", ""PATIENT=leader"", ""VERB=follow""]","Prime sentence: The tourist wandered through the plaza .
Event roles: AGENT=lawyer; PATIENT=leader; VERB=follow
Sentence: the",Sentence: the,first_noun,-3.9987025260925293,-5.643516540527344,-1.6448140144348145,active,0.0
1044,role_labeled,active,active,a parent helps a partner .,a brother helps a buddy .,a buddy is helped by a brother .,a,brother,a,buddy,help,helps,helped,"[""PATIENT=buddy"", ""AGENT=brother"", ""VERB=help""]","Prime sentence: a parent helps a partner .
Event roles: PATIENT=buddy; AGENT=brother; VERB=help
Sentence: the",Sentence: the,first_noun,-4.947795867919922,-7.390589714050293,-2.442793846130371,active,0.0
1044,role_labeled,passive,passive,a partner is helped by a parent .,a brother helps a buddy .,a buddy is helped by a brother .,a,brother,a,buddy,help,helps,helped,"[""PATIENT=buddy"", ""AGENT=brother"", ""VERB=help""]","Prime sentence: a partner is helped by a parent .
Event roles: PATIENT=buddy; AGENT=brother; VERB=help
Sentence: the",Sentence: the,first_noun,-5.058838844299316,-7.198620796203613,-2.139781951904297,active,0.0
1044,role_labeled,no_prime_eos,no_prime_eos,,a brother helps a buddy .,a buddy is helped by a brother .,a,brother,a,buddy,help,helps,helped,"[""PATIENT=buddy"", ""AGENT=brother"", ""VERB=help""]","Event roles: PATIENT=buddy; AGENT=brother; VERB=help
Sentence: the",Sentence: the,first_noun,-4.9292778968811035,-7.203903675079346,-2.274625778198242,active,0.0
1044,role_labeled,filler,filler,The lantern glowed near sunset .,a brother helps a buddy .,a buddy is helped by a brother .,a,brother,a,buddy,help,helps,helped,"[""PATIENT=buddy"", ""AGENT=brother"", ""VERB=help""]","Prime sentence: The lantern glowed near sunset .
Event roles: PATIENT=buddy; AGENT=brother; VERB=help
Sentence: the",Sentence: the,first_noun,-7.8978142738342285,-10.180082321166992,-2.2822680473327637,active,0.0
1045,role_labeled,active,active,a parent kisses a partner .,a brother kisses a buddy .,a buddy is kissed by a brother .,a,brother,a,buddy,kiss,kisses,kissed,"[""PATIENT=buddy"", ""VERB=kiss"", ""AGENT=brother""]","Prime sentence: a parent kisses a partner .
Event roles: PATIENT=buddy; VERB=kiss; AGENT=brother
Sentence: the",Sentence: the,first_noun,-5.450498104095459,-8.26041030883789,-2.8099122047424316,active,0.0
1045,role_labeled,passive,passive,a partner is kissed by a parent .,a brother kisses a buddy .,a buddy is kissed by a brother .,a,brother,a,buddy,kiss,kisses,kissed,"[""PATIENT=buddy"", ""VERB=kiss"", ""AGENT=brother""]","Prime sentence: a partner is kissed by a parent .
Event roles: PATIENT=buddy; VERB=kiss; AGENT=brother
Sentence: the",Sentence: the,first_noun,-5.072266578674316,-7.688988208770752,-2.6167216300964355,active,0.0
1045,role_labeled,no_prime_eos,no_prime_eos,,a brother kisses a buddy .,a buddy is kissed by a brother .,a,brother,a,buddy,kiss,kisses,kissed,"[""PATIENT=buddy"", ""VERB=kiss"", ""AGENT=brother""]","Event roles: PATIENT=buddy; VERB=kiss; AGENT=brother
Sentence: the",Sentence: the,first_noun,-5.229174613952637,-7.625815391540527,-2.3966407775878906,active,0.0
1045,role_labeled,filler,filler,The baker laughed during breakfast .,a brother kisses a buddy .,a buddy is kissed by a brother .,a,brother,a,buddy,kiss,kisses,kissed,"[""PATIENT=buddy"", ""VERB=kiss"", ""AGENT=brother""]","Prime sentence: The baker laughed during breakfast .
Event roles: PATIENT=buddy; VERB=kiss; AGENT=brother
Sentence: the",Sentence: the,first_noun,-6.028855323791504,-8.378137588500977,-2.3492822647094727,active,0.0
1046,role_labeled,active,active,an aunt asks an author .,a mayor asks a minister .,a minister is asked by a mayor .,a,mayor,a,minister,ask,asks,asked,"[""VERB=ask"", ""AGENT=mayor"", ""PATIENT=minister""]","Prime sentence: an aunt asks an author .
Event roles: VERB=ask; AGENT=mayor; PATIENT=minister
Sentence: the",Sentence: the,first_noun,-2.811741828918457,-4.722395896911621,-1.910654067993164,active,0.0
1046,role_labeled,passive,passive,an author is asked by an aunt .,a mayor asks a minister .,a minister is asked by a mayor .,a,mayor,a,minister,ask,asks,asked,"[""VERB=ask"", ""AGENT=mayor"", ""PATIENT=minister""]","Prime sentence: an author is asked by an aunt .
Event roles: VERB=ask; AGENT=mayor; PATIENT=minister
Sentence: the",Sentence: the,first_noun,-2.947246551513672,-4.851702690124512,-1.9044561386108398,active,0.0
1046,role_labeled,no_prime_eos,no_prime_eos,,a mayor asks a minister .,a minister is asked by a mayor .,a,mayor,a,minister,ask,asks,asked,"[""VERB=ask"", ""AGENT=mayor"", ""PATIENT=minister""]","Event roles: VERB=ask; AGENT=mayor; PATIENT=minister
Sentence: the",Sentence: the,first_noun,-2.6544792652130127,-4.76628303527832,-2.1118037700653076,active,0.0
1046,role_labeled,filler,filler,The kettle whistled in the kitchen .,a mayor asks a minister .,a minister is asked by a mayor .,a,mayor,a,minister,ask,asks,asked,"[""VERB=ask"", ""AGENT=mayor"", ""PATIENT=minister""]","Prime sentence: The kettle whistled in the kitchen .
Event roles: VERB=ask; AGENT=mayor; PATIENT=minister
Sentence: the",Sentence: the,first_noun,-4.295376777648926,-6.2854719161987305,-1.9900951385498047,active,0.0
1047,role_labeled,active,active,a student destroys a teacher .,a girl destroys a guest .,a guest is destroyed by a girl .,a,girl,a,guest,destroy,destroys,destroyed,"[""PATIENT=guest"", ""AGENT=girl"", ""VERB=destroy""]","Prime sentence: a student destroys a teacher .
Event roles: PATIENT=guest; AGENT=girl; VERB=destroy
Sentence: the",Sentence: the,first_noun,-2.3143868446350098,-5.775692462921143,-3.461305618286133,active,0.0
1047,role_labeled,passive,passive,a teacher is destroyed by a student .,a girl destroys a guest .,a guest is destroyed by a girl .,a,girl,a,guest,destroy,destroys,destroyed,"[""PATIENT=guest"", ""AGENT=girl"", ""VERB=destroy""]","Prime sentence: a teacher is destroyed by a student .
Event roles: PATIENT=guest; AGENT=girl; VERB=destroy
Sentence: the",Sentence: the,first_noun,-2.520659923553467,-5.967726707458496,-3.4470667839050293,active,0.0
1047,role_labeled,no_prime_eos,no_prime_eos,,a girl destroys a guest .,a guest is destroyed by a girl .,a,girl,a,guest,destroy,destroys,destroyed,"[""PATIENT=guest"", ""AGENT=girl"", ""VERB=destroy""]","Event roles: PATIENT=guest; AGENT=girl; VERB=destroy
Sentence: the",Sentence: the,first_noun,-2.238781690597534,-5.914299488067627,-3.6755177974700928,active,0.0
1047,role_labeled,filler,filler,The window rattled during the storm .,a girl destroys a guest .,a guest is destroyed by a girl .,a,girl,a,guest,destroy,destroys,destroyed,"[""PATIENT=guest"", ""AGENT=girl"", ""VERB=destroy""]","Prime sentence: The window rattled during the storm .
Event roles: PATIENT=guest; AGENT=girl; VERB=destroy
Sentence: the",Sentence: the,first_noun,-3.820984363555908,-7.178096771240234,-3.357112407684326,active,0.0
1048,role_labeled,active,active,a princess follows a professor .,a colonel follows a cop .,a cop is followed by a colonel .,a,colonel,a,cop,follow,follows,followed,"[""VERB=follow"", ""AGENT=colonel"", ""PATIENT=cop""]","Prime sentence: a princess follows a professor .
Event roles: VERB=follow; AGENT=colonel; PATIENT=cop
Sentence: the",Sentence: the,first_noun,-5.275739669799805,-6.494817733764648,-1.2190780639648438,active,0.0
1048,role_labeled,passive,passive,a professor is followed by a princess .,a colonel follows a cop .,a cop is followed by a colonel .,a,colonel,a,cop,follow,follows,followed,"[""VERB=follow"", ""AGENT=colonel"", ""PATIENT=cop""]","Prime sentence: a professor is followed by a princess .
Event roles: VERB=follow; AGENT=colonel; PATIENT=cop
Sentence: the",Sentence: the,first_noun,-4.473984241485596,-5.679049491882324,-1.2050652503967285,active,0.0
1048,role_labeled,no_prime_eos,no_prime_eos,,a colonel follows a cop .,a cop is followed by a colonel .,a,colonel,a,cop,follow,follows,followed,"[""VERB=follow"", ""AGENT=colonel"", ""PATIENT=cop""]","Event roles: VERB=follow; AGENT=colonel; PATIENT=cop
Sentence: the",Sentence: the,first_noun,-4.692391395568848,-5.834802627563477,-1.142411231994629,active,0.0
1048,role_labeled,filler,filler,The window rattled during the storm .,a colonel follows a cop .,a cop is followed by a colonel .,a,colonel,a,cop,follow,follows,followed,"[""VERB=follow"", ""AGENT=colonel"", ""PATIENT=cop""]","Prime sentence: The window rattled during the storm .
Event roles: VERB=follow; AGENT=colonel; PATIENT=cop
Sentence: the",Sentence: the,first_noun,-6.511206150054932,-6.620677947998047,-0.10947179794311523,active,0.0
1049,role_labeled,active,active,a man beats a manager .,an actress beats an adult .,an adult is beaten by an actress .,an,actress,an,adult,beat,beats,beaten,"[""VERB=beat"", ""PATIENT=adult"", ""AGENT=actress""]","Prime sentence: a man beats a manager .
Event roles: VERB=beat; PATIENT=adult; AGENT=actress
Sentence: the",Sentence: the,first_noun,-7.127555847167969,-6.958580017089844,0.168975830078125,passive,1.0
1049,role_labeled,passive,passive,a manager is beaten by a man .,an actress beats an adult .,an adult is beaten by an actress .,an,actress,an,adult,beat,beats,beaten,"[""VERB=beat"", ""PATIENT=adult"", ""AGENT=actress""]","Prime sentence: a manager is beaten by a man .
Event roles: VERB=beat; PATIENT=adult; AGENT=actress
Sentence: the",Sentence: the,first_noun,-7.257335662841797,-6.848498344421387,0.40883731842041016,passive,1.0
1049,role_labeled,no_prime_eos,no_prime_eos,,an actress beats an adult .,an adult is beaten by an actress .,an,actress,an,adult,beat,beats,beaten,"[""VERB=beat"", ""PATIENT=adult"", ""AGENT=actress""]","Event roles: VERB=beat; PATIENT=adult; AGENT=actress
Sentence: the",Sentence: the,first_noun,-6.857842445373535,-5.9274821281433105,0.9303603172302246,passive,1.0
1049,role_labeled,filler,filler,The market opened after sunrise .,an actress beats an adult .,an adult is beaten by an actress .,an,actress,an,adult,beat,beats,beaten,"[""VERB=beat"", ""PATIENT=adult"", ""AGENT=actress""]","Prime sentence: The market opened after sunrise .
Event roles: VERB=beat; PATIENT=adult; AGENT=actress
Sentence: the",Sentence: the,first_noun,-8.31700325012207,-7.782129764556885,0.5348734855651855,passive,1.0
1050,role_labeled,active,active,a soldier destroys a son .,a father destroys a friend .,a friend is destroyed by a father .,a,father,a,friend,destroy,destroys,destroyed,"[""PATIENT=friend"", ""VERB=destroy"", ""AGENT=father""]","Prime sentence: a soldier destroys a son .
Event roles: PATIENT=friend; VERB=destroy; AGENT=father
Sentence: the",Sentence: the,first_noun,-2.660747766494751,-5.157588005065918,-2.496840238571167,active,0.0
1050,role_labeled,passive,passive,a son is destroyed by a soldier .,a father destroys a friend .,a friend is destroyed by a father .,a,father,a,friend,destroy,destroys,destroyed,"[""PATIENT=friend"", ""VERB=destroy"", ""AGENT=father""]","Prime sentence: a son is destroyed by a soldier .
Event roles: PATIENT=friend; VERB=destroy; AGENT=father
Sentence: the",Sentence: the,first_noun,-2.902517795562744,-5.508500099182129,-2.6059823036193848,active,0.0
1050,role_labeled,no_prime_eos,no_prime_eos,,a father destroys a friend .,a friend is destroyed by a father .,a,father,a,friend,destroy,destroys,destroyed,"[""PATIENT=friend"", ""VERB=destroy"", ""AGENT=father""]","Event roles: PATIENT=friend; VERB=destroy; AGENT=father
Sentence: the",Sentence: the,first_noun,-3.964123010635376,-5.359917640686035,-1.3957946300506592,active,0.0
1050,role_labeled,filler,filler,The witness paused near the doorway .,a father destroys a friend .,a friend is destroyed by a father .,a,father,a,friend,destroy,destroys,destroyed,"[""PATIENT=friend"", ""VERB=destroy"", ""AGENT=father""]","Prime sentence: The witness paused near the doorway .
Event roles: PATIENT=friend; VERB=destroy; AGENT=father
Sentence: the",Sentence: the,first_noun,-4.221277713775635,-6.343808174133301,-2.122530460357666,active,0.0
1051,role_labeled,active,active,an employer chases a father .,a sheriff chases a singer .,a singer is chased by a sheriff .,a,sheriff,a,singer,chas,chases,chased,"[""AGENT=sheriff"", ""VERB=chas"", ""PATIENT=singer""]","Prime sentence: an employer chases a father .
Event roles: AGENT=sheriff; VERB=chas; PATIENT=singer
Sentence: the",Sentence: the,first_noun,-3.0024006366729736,-6.001328468322754,-2.9989278316497803,active,0.0
1051,role_labeled,passive,passive,a father is chased by an employer .,a sheriff chases a singer .,a singer is chased by a sheriff .,a,sheriff,a,singer,chas,chases,chased,"[""AGENT=sheriff"", ""VERB=chas"", ""PATIENT=singer""]","Prime sentence: a father is chased by an employer .
Event roles: AGENT=sheriff; VERB=chas; PATIENT=singer
Sentence: the",Sentence: the,first_noun,-3.7741827964782715,-6.31029748916626,-2.5361146926879883,active,0.0
1051,role_labeled,no_prime_eos,no_prime_eos,,a sheriff chases a singer .,a singer is chased by a sheriff .,a,sheriff,a,singer,chas,chases,chased,"[""AGENT=sheriff"", ""VERB=chas"", ""PATIENT=singer""]","Event roles: AGENT=sheriff; VERB=chas; PATIENT=singer
Sentence: the",Sentence: the,first_noun,-5.040643692016602,-6.2257771492004395,-1.185133457183838,active,0.0
1051,role_labeled,filler,filler,The traveler rested beside the river .,a sheriff chases a singer .,a singer is chased by a sheriff .,a,sheriff,a,singer,chas,chases,chased,"[""AGENT=sheriff"", ""VERB=chas"", ""PATIENT=singer""]","Prime sentence: The traveler rested beside the river .
Event roles: AGENT=sheriff; VERB=chas; PATIENT=singer
Sentence: the",Sentence: the,first_noun,-4.720946311950684,-5.388871669769287,-0.6679253578186035,active,0.0
1052,role_labeled,active,active,a man selects a manager .,an actress selects an adult .,an adult is selected by an actress .,an,actress,an,adult,select,selects,selected,"[""PATIENT=adult"", ""VERB=select"", ""AGENT=actress""]","Prime sentence: a man selects a manager .
Event roles: PATIENT=adult; VERB=select; AGENT=actress
Sentence: the",Sentence: the,first_noun,-6.662498474121094,-5.96806001663208,0.6944384574890137,passive,1.0
1052,role_labeled,passive,passive,a manager is selected by a man .,an actress selects an adult .,an adult is selected by an actress .,an,actress,an,adult,select,selects,selected,"[""PATIENT=adult"", ""VERB=select"", ""AGENT=actress""]","Prime sentence: a manager is selected by a man .
Event roles: PATIENT=adult; VERB=select; AGENT=actress
Sentence: the",Sentence: the,first_noun,-7.36840295791626,-6.240966796875,1.1274361610412598,passive,1.0
1052,role_labeled,no_prime_eos,no_prime_eos,,an actress selects an adult .,an adult is selected by an actress .,an,actress,an,adult,select,selects,selected,"[""PATIENT=adult"", ""VERB=select"", ""AGENT=actress""]","Event roles: PATIENT=adult; VERB=select; AGENT=actress
Sentence: the",Sentence: the,first_noun,-6.2967529296875,-5.712457656860352,0.5842952728271484,passive,1.0
1052,role_labeled,filler,filler,The pillow rested on the sofa .,an actress selects an adult .,an adult is selected by an actress .,an,actress,an,adult,select,selects,selected,"[""PATIENT=adult"", ""VERB=select"", ""AGENT=actress""]","Prime sentence: The pillow rested on the sofa .
Event roles: PATIENT=adult; VERB=select; AGENT=actress
Sentence: the",Sentence: the,first_noun,-7.860691070556641,-7.241381645202637,0.6193094253540039,passive,1.0
1053,role_labeled,active,active,a secretary raises a sheriff .,a doctor raises an employee .,an employee is raised by a doctor .,a,doctor,an,employee,rais,raises,raised,"[""AGENT=doctor"", ""VERB=rais"", ""PATIENT=employee""]","Prime sentence: a secretary raises a sheriff .
Event roles: AGENT=doctor; VERB=rais; PATIENT=employee
Sentence: the",Sentence: the,first_noun,-2.8164591789245605,-5.603878974914551,-2.7874197959899902,active,0.0
1053,role_labeled,passive,passive,a sheriff is raised by a secretary .,a doctor raises an employee .,an employee is raised by a doctor .,a,doctor,an,employee,rais,raises,raised,"[""AGENT=doctor"", ""VERB=rais"", ""PATIENT=employee""]","Prime sentence: a sheriff is raised by a secretary .
Event roles: AGENT=doctor; VERB=rais; PATIENT=employee
Sentence: the",Sentence: the,first_noun,-3.0557239055633545,-5.869906425476074,-2.8141825199127197,active,0.0
1053,role_labeled,no_prime_eos,no_prime_eos,,a doctor raises an employee .,an employee is raised by a doctor .,a,doctor,an,employee,rais,raises,raised,"[""AGENT=doctor"", ""VERB=rais"", ""PATIENT=employee""]","Event roles: AGENT=doctor; VERB=rais; PATIENT=employee
Sentence: the",Sentence: the,first_noun,-2.5038585662841797,-5.450329780578613,-2.9464712142944336,active,0.0
1053,role_labeled,filler,filler,The radio crackled in the attic .,a doctor raises an employee .,an employee is raised by a doctor .,a,doctor,an,employee,rais,raises,raised,"[""AGENT=doctor"", ""VERB=rais"", ""PATIENT=employee""]","Prime sentence: The radio crackled in the attic .
Event roles: AGENT=doctor; VERB=rais; PATIENT=employee
Sentence: the",Sentence: the,first_noun,-3.551086187362671,-7.285887241363525,-3.7348010540008545,active,0.0
1054,role_labeled,active,active,a bishop washes a boy .,a mother washes a nurse .,a nurse is washed by a mother .,a,mother,a,nurse,wash,washes,washed,"[""PATIENT=nurse"", ""VERB=wash"", ""AGENT=mother""]","Prime sentence: a bishop washes a boy .
Event roles: PATIENT=nurse; VERB=wash; AGENT=mother
Sentence: the",Sentence: the,first_noun,-3.595329999923706,-3.6871705055236816,-0.09184050559997559,active,0.0
1054,role_labeled,passive,passive,a boy is washed by a bishop .,a mother washes a nurse .,a nurse is washed by a mother .,a,mother,a,nurse,wash,washes,washed,"[""PATIENT=nurse"", ""VERB=wash"", ""AGENT=mother""]","Prime sentence: a boy is washed by a bishop .
Event roles: PATIENT=nurse; VERB=wash; AGENT=mother
Sentence: the",Sentence: the,first_noun,-3.9804000854492188,-4.077203750610352,-0.09680366516113281,active,0.0
1054,role_labeled,no_prime_eos,no_prime_eos,,a mother washes a nurse .,a nurse is washed by a mother .,a,mother,a,nurse,wash,washes,washed,"[""PATIENT=nurse"", ""VERB=wash"", ""AGENT=mother""]","Event roles: PATIENT=nurse; VERB=wash; AGENT=mother
Sentence: the",Sentence: the,first_noun,-3.729794502258301,-3.441649913787842,0.288144588470459,passive,1.0
1054,role_labeled,filler,filler,The sculpture stood in the hallway .,a mother washes a nurse .,a nurse is washed by a mother .,a,mother,a,nurse,wash,washes,washed,"[""PATIENT=nurse"", ""VERB=wash"", ""AGENT=mother""]","Prime sentence: The sculpture stood in the hallway .
Event roles: PATIENT=nurse; VERB=wash; AGENT=mother
Sentence: the",Sentence: the,first_noun,-4.243846893310547,-3.509232759475708,0.7346141338348389,passive,1.0
1055,role_labeled,active,active,a child helps a colonel .,a priest helps a prince .,a prince is helped by a priest .,a,priest,a,prince,help,helps,helped,"[""VERB=help"", ""PATIENT=prince"", ""AGENT=priest""]","Prime sentence: a child helps a colonel .
Event roles: VERB=help; PATIENT=prince; AGENT=priest
Sentence: the",Sentence: the,first_noun,-4.0794830322265625,-4.282293796539307,-0.20281076431274414,active,0.0
1055,role_labeled,passive,passive,a colonel is helped by a child .,a priest helps a prince .,a prince is helped by a priest .,a,priest,a,prince,help,helps,helped,"[""VERB=help"", ""PATIENT=prince"", ""AGENT=priest""]","Prime sentence: a colonel is helped by a child .
Event roles: VERB=help; PATIENT=prince; AGENT=priest
Sentence: the",Sentence: the,first_noun,-3.644559144973755,-4.092196464538574,-0.44763731956481934,active,0.0
1055,role_labeled,no_prime_eos,no_prime_eos,,a priest helps a prince .,a prince is helped by a priest .,a,priest,a,prince,help,helps,helped,"[""VERB=help"", ""PATIENT=prince"", ""AGENT=priest""]","Event roles: VERB=help; PATIENT=prince; AGENT=priest
Sentence: the",Sentence: the,first_noun,-4.073908805847168,-4.322239398956299,-0.24833059310913086,active,0.0
1055,role_labeled,filler,filler,The singer smiled after rehearsal .,a priest helps a prince .,a prince is helped by a priest .,a,priest,a,prince,help,helps,helped,"[""VERB=help"", ""PATIENT=prince"", ""AGENT=priest""]","Prime sentence: The singer smiled after rehearsal .
Event roles: VERB=help; PATIENT=prince; AGENT=priest
Sentence: the",Sentence: the,first_noun,-3.906423330307007,-4.475356101989746,-0.5689327716827393,active,0.0
1056,role_labeled,active,active,a boy kills a brother .,a nurse kills an opponent .,an opponent is killed by a nurse .,a,nurse,an,opponent,kill,kills,killed,"[""VERB=kill"", ""AGENT=nurse"", ""PATIENT=opponent""]","Prime sentence: a boy kills a brother .
Event roles: VERB=kill; AGENT=nurse; PATIENT=opponent
Sentence: the",Sentence: the,first_noun,-4.4999494552612305,-7.693429470062256,-3.1934800148010254,active,0.0
1056,role_labeled,passive,passive,a brother is killed by a boy .,a nurse kills an opponent .,an opponent is killed by a nurse .,a,nurse,an,opponent,kill,kills,killed,"[""VERB=kill"", ""AGENT=nurse"", ""PATIENT=opponent""]","Prime sentence: a brother is killed by a boy .
Event roles: VERB=kill; AGENT=nurse; PATIENT=opponent
Sentence: the",Sentence: the,first_noun,-4.015052795410156,-7.012312889099121,-2.997260093688965,active,0.0
1056,role_labeled,no_prime_eos,no_prime_eos,,a nurse kills an opponent .,an opponent is killed by a nurse .,a,nurse,an,opponent,kill,kills,killed,"[""VERB=kill"", ""AGENT=nurse"", ""PATIENT=opponent""]","Event roles: VERB=kill; AGENT=nurse; PATIENT=opponent
Sentence: the",Sentence: the,first_noun,-4.441707134246826,-5.511724948883057,-1.0700178146362305,active,0.0
1056,role_labeled,filler,filler,The signal flickered across the screen .,a nurse kills an opponent .,an opponent is killed by a nurse .,a,nurse,an,opponent,kill,kills,killed,"[""VERB=kill"", ""AGENT=nurse"", ""PATIENT=opponent""]","Prime sentence: The signal flickered across the screen .
Event roles: VERB=kill; AGENT=nurse; PATIENT=opponent
Sentence: the",Sentence: the,first_noun,-3.3069558143615723,-6.328174114227295,-3.0212182998657227,active,0.0
1057,role_labeled,active,active,a princess washes a professor .,a colonel washes a cop .,a cop is washed by a colonel .,a,colonel,a,cop,wash,washes,washed,"[""VERB=wash"", ""AGENT=colonel"", ""PATIENT=cop""]","Prime sentence: a princess washes a professor .
Event roles: VERB=wash; AGENT=colonel; PATIENT=cop
Sentence: the",Sentence: the,first_noun,-4.51285982131958,-5.625552177429199,-1.1126923561096191,active,0.0
1057,role_labeled,passive,passive,a professor is washed by a princess .,a colonel washes a cop .,a cop is washed by a colonel .,a,colonel,a,cop,wash,washes,washed,"[""VERB=wash"", ""AGENT=colonel"", ""PATIENT=cop""]","Prime sentence: a professor is washed by a princess .
Event roles: VERB=wash; AGENT=colonel; PATIENT=cop
Sentence: the",Sentence: the,first_noun,-4.701534748077393,-5.483730792999268,-0.782196044921875,active,0.0
1057,role_labeled,no_prime_eos,no_prime_eos,,a colonel washes a cop .,a cop is washed by a colonel .,a,colonel,a,cop,wash,washes,washed,"[""VERB=wash"", ""AGENT=colonel"", ""PATIENT=cop""]","Event roles: VERB=wash; AGENT=colonel; PATIENT=cop
Sentence: the",Sentence: the,first_noun,-5.134143352508545,-5.790788173675537,-0.6566448211669922,active,0.0
1057,role_labeled,filler,filler,The traveler rested beside the river .,a colonel washes a cop .,a cop is washed by a colonel .,a,colonel,a,cop,wash,washes,washed,"[""VERB=wash"", ""AGENT=colonel"", ""PATIENT=cop""]","Prime sentence: The traveler rested beside the river .
Event roles: VERB=wash; AGENT=colonel; PATIENT=cop
Sentence: the",Sentence: the,first_noun,-5.527295112609863,-6.512468338012695,-0.985173225402832,active,0.0
1058,role_labeled,active,active,a father joins a friend .,a singer joins a soldier .,a soldier is joined by a singer .,a,singer,a,soldier,join,joins,joined,"[""AGENT=singer"", ""VERB=join"", ""PATIENT=soldier""]","Prime sentence: a father joins a friend .
Event roles: AGENT=singer; VERB=join; PATIENT=soldier
Sentence: the",Sentence: the,first_noun,-5.181890487670898,-3.7459070682525635,1.435983419418335,passive,1.0
1058,role_labeled,passive,passive,a friend is joined by a father .,a singer joins a soldier .,a soldier is joined by a singer .,a,singer,a,soldier,join,joins,joined,"[""AGENT=singer"", ""VERB=join"", ""PATIENT=soldier""]","Prime sentence: a friend is joined by a father .
Event roles: AGENT=singer; VERB=join; PATIENT=soldier
Sentence: the",Sentence: the,first_noun,-4.980185508728027,-3.6736042499542236,1.3065812587738037,passive,1.0
1058,role_labeled,no_prime_eos,no_prime_eos,,a singer joins a soldier .,a soldier is joined by a singer .,a,singer,a,soldier,join,joins,joined,"[""AGENT=singer"", ""VERB=join"", ""PATIENT=soldier""]","Event roles: AGENT=singer; VERB=join; PATIENT=soldier
Sentence: the",Sentence: the,first_noun,-4.14129114151001,-4.447763919830322,-0.3064727783203125,active,0.0
1058,role_labeled,filler,filler,The violin echoed in the theater .,a singer joins a soldier .,a soldier is joined by a singer .,a,singer,a,soldier,join,joins,joined,"[""AGENT=singer"", ""VERB=join"", ""PATIENT=soldier""]","Prime sentence: The violin echoed in the theater .
Event roles: AGENT=singer; VERB=join; PATIENT=soldier
Sentence: the",Sentence: the,first_noun,-6.007296562194824,-4.30783748626709,1.6994590759277344,passive,1.0
1059,role_labeled,active,active,a professor selects a reader .,a cop selects a cousin .,a cousin is selected by a cop .,a,cop,a,cousin,select,selects,selected,"[""PATIENT=cousin"", ""AGENT=cop"", ""VERB=select""]","Prime sentence: a professor selects a reader .
Event roles: PATIENT=cousin; AGENT=cop; VERB=select
Sentence: the",Sentence: the,first_noun,-4.764665603637695,-6.721963882446289,-1.9572982788085938,active,0.0
1059,role_labeled,passive,passive,a reader is selected by a professor .,a cop selects a cousin .,a cousin is selected by a cop .,a,cop,a,cousin,select,selects,selected,"[""PATIENT=cousin"", ""AGENT=cop"", ""VERB=select""]","Prime sentence: a reader is selected by a professor .
Event roles: PATIENT=cousin; AGENT=cop; VERB=select
Sentence: the",Sentence: the,first_noun,-5.273018836975098,-8.339459419250488,-3.0664405822753906,active,0.0
1059,role_labeled,no_prime_eos,no_prime_eos,,a cop selects a cousin .,a cousin is selected by a cop .,a,cop,a,cousin,select,selects,selected,"[""PATIENT=cousin"", ""AGENT=cop"", ""VERB=select""]","Event roles: PATIENT=cousin; AGENT=cop; VERB=select
Sentence: the",Sentence: the,first_noun,-5.261173725128174,-8.411487579345703,-3.1503138542175293,active,0.0
1059,role_labeled,filler,filler,The window rattled during the storm .,a cop selects a cousin .,a cousin is selected by a cop .,a,cop,a,cousin,select,selects,selected,"[""PATIENT=cousin"", ""AGENT=cop"", ""VERB=select""]","Prime sentence: The window rattled during the storm .
Event roles: PATIENT=cousin; AGENT=cop; VERB=select
Sentence: the",Sentence: the,first_noun,-6.729615211486816,-9.04731559753418,-2.3177003860473633,active,0.0
1060,role_labeled,active,active,a leader forgets a man .,an actor forgets an actress .,an actress is forgotten by an actor .,an,actor,an,actress,forget,forgets,forgotten,"[""VERB=forget"", ""AGENT=actor"", ""PATIENT=actress""]","Prime sentence: a leader forgets a man .
Event roles: VERB=forget; AGENT=actor; PATIENT=actress
Sentence: the",Sentence: the,first_noun,-5.652952194213867,-7.44056510925293,-1.7876129150390625,active,0.0
1060,role_labeled,passive,passive,a man is forgotten by a leader .,an actor forgets an actress .,an actress is forgotten by an actor .,an,actor,an,actress,forget,forgets,forgotten,"[""VERB=forget"", ""AGENT=actor"", ""PATIENT=actress""]","Prime sentence: a man is forgotten by a leader .
Event roles: VERB=forget; AGENT=actor; PATIENT=actress
Sentence: the",Sentence: the,first_noun,-6.209766387939453,-7.957291603088379,-1.7475252151489258,active,0.0
1060,role_labeled,no_prime_eos,no_prime_eos,,an actor forgets an actress .,an actress is forgotten by an actor .,an,actor,an,actress,forget,forgets,forgotten,"[""VERB=forget"", ""AGENT=actor"", ""PATIENT=actress""]","Event roles: VERB=forget; AGENT=actor; PATIENT=actress
Sentence: the",Sentence: the,first_noun,-4.247647762298584,-6.334300994873047,-2.086653232574463,active,0.0
1060,role_labeled,filler,filler,The lantern glowed near sunset .,an actor forgets an actress .,an actress is forgotten by an actor .,an,actor,an,actress,forget,forgets,forgotten,"[""VERB=forget"", ""AGENT=actor"", ""PATIENT=actress""]","Prime sentence: The lantern glowed near sunset .
Event roles: VERB=forget; AGENT=actor; PATIENT=actress
Sentence: the",Sentence: the,first_noun,-7.863848686218262,-8.53506088256836,-0.6712121963500977,active,0.0
1061,role_labeled,active,active,an opponent destroys a parent .,a boy destroys a brother .,a brother is destroyed by a boy .,a,boy,a,brother,destroy,destroys,destroyed,"[""VERB=destroy"", ""PATIENT=brother"", ""AGENT=boy""]","Prime sentence: an opponent destroys a parent .
Event roles: VERB=destroy; PATIENT=brother; AGENT=boy
Sentence: the",Sentence: the,first_noun,-3.0541839599609375,-3.9991259574890137,-0.9449419975280762,active,0.0
1061,role_labeled,passive,passive,a parent is destroyed by an opponent .,a boy destroys a brother .,a brother is destroyed by a boy .,a,boy,a,brother,destroy,destroys,destroyed,"[""VERB=destroy"", ""PATIENT=brother"", ""AGENT=boy""]","Prime sentence: a parent is destroyed by an opponent .
Event roles: VERB=destroy; PATIENT=brother; AGENT=boy
Sentence: the",Sentence: the,first_noun,-3.772665500640869,-5.537309646606445,-1.7646441459655762,active,0.0
1061,role_labeled,no_prime_eos,no_prime_eos,,a boy destroys a brother .,a brother is destroyed by a boy .,a,boy,a,brother,destroy,destroys,destroyed,"[""VERB=destroy"", ""PATIENT=brother"", ""AGENT=boy""]","Event roles: VERB=destroy; PATIENT=brother; AGENT=boy
Sentence: the",Sentence: the,first_noun,-3.7032885551452637,-5.557605743408203,-1.8543171882629395,active,0.0
1061,role_labeled,filler,filler,The radio crackled in the attic .,a boy destroys a brother .,a brother is destroyed by a boy .,a,boy,a,brother,destroy,destroys,destroyed,"[""VERB=destroy"", ""PATIENT=brother"", ""AGENT=boy""]","Prime sentence: The radio crackled in the attic .
Event roles: VERB=destroy; PATIENT=brother; AGENT=boy
Sentence: the",Sentence: the,first_noun,-3.835642099380493,-6.879127025604248,-3.043484926223755,active,0.0
1062,role_labeled,active,active,a nurse forgets an opponent .,a bishop forgets a boy .,a boy is forgotten by a bishop .,a,bishop,a,boy,forget,forgets,forgotten,"[""VERB=forget"", ""PATIENT=boy"", ""AGENT=bishop""]","Prime sentence: a nurse forgets an opponent .
Event roles: VERB=forget; PATIENT=boy; AGENT=bishop
Sentence: the",Sentence: the,first_noun,-3.159696578979492,-4.1335649490356445,-0.9738683700561523,active,0.0
1062,role_labeled,passive,passive,an opponent is forgotten by a nurse .,a bishop forgets a boy .,a boy is forgotten by a bishop .,a,bishop,a,boy,forget,forgets,forgotten,"[""VERB=forget"", ""PATIENT=boy"", ""AGENT=bishop""]","Prime sentence: an opponent is forgotten by a nurse .
Event roles: VERB=forget; PATIENT=boy; AGENT=bishop
Sentence: the",Sentence: the,first_noun,-3.32588267326355,-4.0300092697143555,-0.7041265964508057,active,0.0
1062,role_labeled,no_prime_eos,no_prime_eos,,a bishop forgets a boy .,a boy is forgotten by a bishop .,a,bishop,a,boy,forget,forgets,forgotten,"[""VERB=forget"", ""PATIENT=boy"", ""AGENT=bishop""]","Event roles: VERB=forget; PATIENT=boy; AGENT=bishop
Sentence: the",Sentence: the,first_noun,-3.8046905994415283,-4.907607078552246,-1.1029164791107178,active,0.0
1062,role_labeled,filler,filler,The blanket dried on the line .,a bishop forgets a boy .,a boy is forgotten by a bishop .,a,bishop,a,boy,forget,forgets,forgotten,"[""VERB=forget"", ""PATIENT=boy"", ""AGENT=bishop""]","Prime sentence: The blanket dried on the line .
Event roles: VERB=forget; PATIENT=boy; AGENT=bishop
Sentence: the",Sentence: the,first_noun,-5.001800537109375,-4.182451248168945,0.8193492889404297,passive,1.0
1063,role_labeled,active,active,a friend strikes a girl .,a soldier strikes a son .,a son is struck by a soldier .,a,soldier,a,son,strik,strikes,struck,"[""PATIENT=son"", ""AGENT=soldier"", ""VERB=strik""]","Prime sentence: a friend strikes a girl .
Event roles: PATIENT=son; AGENT=soldier; VERB=strik
Sentence: the",Sentence: the,first_noun,-3.0574088096618652,-4.583225250244141,-1.5258164405822754,active,0.0
1063,role_labeled,passive,passive,a girl is struck by a friend .,a soldier strikes a son .,a son is struck by a soldier .,a,soldier,a,son,strik,strikes,struck,"[""PATIENT=son"", ""AGENT=soldier"", ""VERB=strik""]","Prime sentence: a girl is struck by a friend .
Event roles: PATIENT=son; AGENT=soldier; VERB=strik
Sentence: the",Sentence: the,first_noun,-2.8899505138397217,-4.743563652038574,-1.8536131381988525,active,0.0
1063,role_labeled,no_prime_eos,no_prime_eos,,a soldier strikes a son .,a son is struck by a soldier .,a,soldier,a,son,strik,strikes,struck,"[""PATIENT=son"", ""AGENT=soldier"", ""VERB=strik""]","Event roles: PATIENT=son; AGENT=soldier; VERB=strik
Sentence: the",Sentence: the,first_noun,-3.377242088317871,-4.454436302185059,-1.0771942138671875,active,0.0
1063,role_labeled,filler,filler,The baker laughed during breakfast .,a soldier strikes a son .,a son is struck by a soldier .,a,soldier,a,son,strik,strikes,struck,"[""PATIENT=son"", ""AGENT=soldier"", ""VERB=strik""]","Prime sentence: The baker laughed during breakfast .
Event roles: PATIENT=son; AGENT=soldier; VERB=strik
Sentence: the",Sentence: the,first_noun,-3.3917174339294434,-5.466652870178223,-2.0749354362487793,active,0.0
1064,role_labeled,active,active,a guy raises a hero .,a teacher raises an uncle .,an uncle is raised by a teacher .,a,teacher,an,uncle,rais,raises,raised,"[""AGENT=teacher"", ""PATIENT=uncle"", ""VERB=rais""]","Prime sentence: a guy raises a hero .
Event roles: AGENT=teacher; PATIENT=uncle; VERB=rais
Sentence: the",Sentence: the,first_noun,-3.8271684646606445,-6.909177780151367,-3.0820093154907227,active,0.0
1064,role_labeled,passive,passive,a hero is raised by a guy .,a teacher raises an uncle .,an uncle is raised by a teacher .,a,teacher,an,uncle,rais,raises,raised,"[""AGENT=teacher"", ""PATIENT=uncle"", ""VERB=rais""]","Prime sentence: a hero is raised by a guy .
Event roles: AGENT=teacher; PATIENT=uncle; VERB=rais
Sentence: the",Sentence: the,first_noun,-4.3216142654418945,-7.052970886230469,-2.731356620788574,active,0.0
1064,role_labeled,no_prime_eos,no_prime_eos,,a teacher raises an uncle .,an uncle is raised by a teacher .,a,teacher,an,uncle,rais,raises,raised,"[""AGENT=teacher"", ""PATIENT=uncle"", ""VERB=rais""]","Event roles: AGENT=teacher; PATIENT=uncle; VERB=rais
Sentence: the",Sentence: the,first_noun,-3.4208836555480957,-7.446933269500732,-4.026049613952637,active,0.0
1064,role_labeled,filler,filler,The notebook stayed on the shelf .,a teacher raises an uncle .,an uncle is raised by a teacher .,a,teacher,an,uncle,rais,raises,raised,"[""AGENT=teacher"", ""PATIENT=uncle"", ""VERB=rais""]","Prime sentence: The notebook stayed on the shelf .
Event roles: AGENT=teacher; PATIENT=uncle; VERB=rais
Sentence: the",Sentence: the,first_noun,-3.7544617652893066,-6.396170139312744,-2.6417083740234375,active,0.0
1065,role_labeled,active,active,a nurse drags an opponent .,a bishop drags a boy .,a boy is dragged by a bishop .,a,bishop,a,boy,drag,drags,dragged,"[""AGENT=bishop"", ""PATIENT=boy"", ""VERB=drag""]","Prime sentence: a nurse drags an opponent .
Event roles: AGENT=bishop; PATIENT=boy; VERB=drag
Sentence: the",Sentence: the,first_noun,-2.7916080951690674,-3.2631866931915283,-0.47157859802246094,active,0.0
1065,role_labeled,passive,passive,an opponent is dragged by a nurse .,a bishop drags a boy .,a boy is dragged by a bishop .,a,bishop,a,boy,drag,drags,dragged,"[""AGENT=bishop"", ""PATIENT=boy"", ""VERB=drag""]","Prime sentence: an opponent is dragged by a nurse .
Event roles: AGENT=bishop; PATIENT=boy; VERB=drag
Sentence: the",Sentence: the,first_noun,-3.0983026027679443,-2.6857879161834717,0.41251468658447266,passive,1.0
1065,role_labeled,no_prime_eos,no_prime_eos,,a bishop drags a boy .,a boy is dragged by a bishop .,a,bishop,a,boy,drag,drags,dragged,"[""AGENT=bishop"", ""PATIENT=boy"", ""VERB=drag""]","Event roles: AGENT=bishop; PATIENT=boy; VERB=drag
Sentence: the",Sentence: the,first_noun,-3.93485689163208,-3.5475311279296875,0.3873257637023926,passive,1.0
1065,role_labeled,filler,filler,The kettle whistled in the kitchen .,a bishop drags a boy .,a boy is dragged by a bishop .,a,bishop,a,boy,drag,drags,dragged,"[""AGENT=bishop"", ""PATIENT=boy"", ""VERB=drag""]","Prime sentence: The kettle whistled in the kitchen .
Event roles: AGENT=bishop; PATIENT=boy; VERB=drag
Sentence: the",Sentence: the,first_noun,-5.39050817489624,-3.941697120666504,1.4488110542297363,passive,1.0
1066,role_labeled,active,active,a man surprises a manager .,an actress surprises an adult .,an adult is surprised by an actress .,an,actress,an,adult,surpris,surprises,surprised,"[""PATIENT=adult"", ""AGENT=actress"", ""VERB=surpris""]","Prime sentence: a man surprises a manager .
Event roles: PATIENT=adult; AGENT=actress; VERB=surpris
Sentence: the",Sentence: the,first_noun,-6.961692810058594,-7.225319862365723,-0.2636270523071289,active,0.0
1066,role_labeled,passive,passive,a manager is surprised by a man .,an actress surprises an adult .,an adult is surprised by an actress .,an,actress,an,adult,surpris,surprises,surprised,"[""PATIENT=adult"", ""AGENT=actress"", ""VERB=surpris""]","Prime sentence: a manager is surprised by a man .
Event roles: PATIENT=adult; AGENT=actress; VERB=surpris
Sentence: the",Sentence: the,first_noun,-6.855781555175781,-6.843994140625,0.01178741455078125,passive,1.0
1066,role_labeled,no_prime_eos,no_prime_eos,,an actress surprises an adult .,an adult is surprised by an actress .,an,actress,an,adult,surpris,surprises,surprised,"[""PATIENT=adult"", ""AGENT=actress"", ""VERB=surpris""]","Event roles: PATIENT=adult; AGENT=actress; VERB=surpris
Sentence: the",Sentence: the,first_noun,-6.41411018371582,-6.0447211265563965,0.36938905715942383,passive,1.0
1066,role_labeled,filler,filler,The package arrived before noon .,an actress surprises an adult .,an adult is surprised by an actress .,an,actress,an,adult,surpris,surprises,surprised,"[""PATIENT=adult"", ""AGENT=actress"", ""VERB=surpris""]","Prime sentence: The package arrived before noon .
Event roles: PATIENT=adult; AGENT=actress; VERB=surpris
Sentence: the",Sentence: the,first_noun,-7.806060314178467,-7.229483127593994,0.5765771865844727,passive,1.0
1067,role_labeled,active,active,a buddy helps a candidate .,a parent helps a partner .,a partner is helped by a parent .,a,parent,a,partner,help,helps,helped,"[""VERB=help"", ""PATIENT=partner"", ""AGENT=parent""]","Prime sentence: a buddy helps a candidate .
Event roles: VERB=help; PATIENT=partner; AGENT=parent
Sentence: the",Sentence: the,first_noun,-5.754590034484863,-5.56512451171875,0.18946552276611328,passive,1.0
1067,role_labeled,passive,passive,a candidate is helped by a buddy .,a parent helps a partner .,a partner is helped by a parent .,a,parent,a,partner,help,helps,helped,"[""VERB=help"", ""PATIENT=partner"", ""AGENT=parent""]","Prime sentence: a candidate is helped by a buddy .
Event roles: VERB=help; PATIENT=partner; AGENT=parent
Sentence: the",Sentence: the,first_noun,-5.5285797119140625,-5.380959510803223,0.14762020111083984,passive,1.0
1067,role_labeled,no_prime_eos,no_prime_eos,,a parent helps a partner .,a partner is helped by a parent .,a,parent,a,partner,help,helps,helped,"[""VERB=help"", ""PATIENT=partner"", ""AGENT=parent""]","Event roles: VERB=help; PATIENT=partner; AGENT=parent
Sentence: the",Sentence: the,first_noun,-4.998901844024658,-6.51820182800293,-1.5192999839782715,active,0.0
1067,role_labeled,filler,filler,The traveler rested beside the river .,a parent helps a partner .,a partner is helped by a parent .,a,parent,a,partner,help,helps,helped,"[""VERB=help"", ""PATIENT=partner"", ""AGENT=parent""]","Prime sentence: The traveler rested beside the river .
Event roles: VERB=help; PATIENT=partner; AGENT=parent
Sentence: the",Sentence: the,first_noun,-7.318892002105713,-7.943527698516846,-0.6246356964111328,active,0.0
1068,role_labeled,active,active,an opponent surprises a parent .,a boy surprises a brother .,a brother is surprised by a boy .,a,boy,a,brother,surpris,surprises,surprised,"[""AGENT=boy"", ""PATIENT=brother"", ""VERB=surpris""]","Prime sentence: an opponent surprises a parent .
Event roles: AGENT=boy; PATIENT=brother; VERB=surpris
Sentence: the",Sentence: the,first_noun,-2.8742735385894775,-5.777968406677246,-2.9036948680877686,active,0.0
1068,role_labeled,passive,passive,a parent is surprised by an opponent .,a boy surprises a brother .,a brother is surprised by a boy .,a,boy,a,brother,surpris,surprises,surprised,"[""AGENT=boy"", ""PATIENT=brother"", ""VERB=surpris""]","Prime sentence: a parent is surprised by an opponent .
Event roles: AGENT=boy; PATIENT=brother; VERB=surpris
Sentence: the",Sentence: the,first_noun,-2.999917984008789,-6.061514854431152,-3.0615968704223633,active,0.0
1068,role_labeled,no_prime_eos,no_prime_eos,,a boy surprises a brother .,a brother is surprised by a boy .,a,boy,a,brother,surpris,surprises,surprised,"[""AGENT=boy"", ""PATIENT=brother"", ""VERB=surpris""]","Event roles: AGENT=boy; PATIENT=brother; VERB=surpris
Sentence: the",Sentence: the,first_noun,-3.113637924194336,-6.033495903015137,-2.919857978820801,active,0.0
1068,role_labeled,filler,filler,The market opened after sunrise .,a boy surprises a brother .,a brother is surprised by a boy .,a,boy,a,brother,surpris,surprises,surprised,"[""AGENT=boy"", ""PATIENT=brother"", ""VERB=surpris""]","Prime sentence: The market opened after sunrise .
Event roles: AGENT=boy; PATIENT=brother; VERB=surpris
Sentence: the",Sentence: the,first_noun,-4.58905029296875,-7.929591178894043,-3.340540885925293,active,0.0
1069,role_labeled,active,active,a teacher forgets an uncle .,a guest forgets a guy .,a guy is forgotten by a guest .,a,guest,a,guy,forget,forgets,forgotten,"[""VERB=forget"", ""AGENT=guest"", ""PATIENT=guy""]","Prime sentence: a teacher forgets an uncle .
Event roles: VERB=forget; AGENT=guest; PATIENT=guy
Sentence: the",Sentence: the,first_noun,-6.133085250854492,-4.653148651123047,1.4799365997314453,passive,1.0
1069,role_labeled,passive,passive,an uncle is forgotten by a teacher .,a guest forgets a guy .,a guy is forgotten by a guest .,a,guest,a,guy,forget,forgets,forgotten,"[""VERB=forget"", ""AGENT=guest"", ""PATIENT=guy""]","Prime sentence: an uncle is forgotten by a teacher .
Event roles: VERB=forget; AGENT=guest; PATIENT=guy
Sentence: the",Sentence: the,first_noun,-5.850560188293457,-4.859029293060303,0.9915308952331543,passive,1.0
1069,role_labeled,no_prime_eos,no_prime_eos,,a guest forgets a guy .,a guy is forgotten by a guest .,a,guest,a,guy,forget,forgets,forgotten,"[""VERB=forget"", ""AGENT=guest"", ""PATIENT=guy""]","Event roles: VERB=forget; AGENT=guest; PATIENT=guy
Sentence: the",Sentence: the,first_noun,-5.2361907958984375,-4.827694416046143,0.4084963798522949,passive,1.0
1069,role_labeled,filler,filler,The painter waited near the doorway .,a guest forgets a guy .,a guy is forgotten by a guest .,a,guest,a,guy,forget,forgets,forgotten,"[""VERB=forget"", ""AGENT=guest"", ""PATIENT=guy""]","Prime sentence: The painter waited near the doorway .
Event roles: VERB=forget; AGENT=guest; PATIENT=guy
Sentence: the",Sentence: the,first_noun,-5.127753734588623,-4.3090105056762695,0.8187432289123535,passive,1.0
1070,role_labeled,active,active,an employee drags an employer .,a secretary drags a sheriff .,a sheriff is dragged by a secretary .,a,secretary,a,sheriff,drag,drags,dragged,"[""AGENT=secretary"", ""PATIENT=sheriff"", ""VERB=drag""]","Prime sentence: an employee drags an employer .
Event roles: AGENT=secretary; PATIENT=sheriff; VERB=drag
Sentence: the",Sentence: the,first_noun,-4.9283447265625,-3.9553210735321045,0.9730236530303955,passive,1.0
1070,role_labeled,passive,passive,an employer is dragged by an employee .,a secretary drags a sheriff .,a sheriff is dragged by a secretary .,a,secretary,a,sheriff,drag,drags,dragged,"[""AGENT=secretary"", ""PATIENT=sheriff"", ""VERB=drag""]","Prime sentence: an employer is dragged by an employee .
Event roles: AGENT=secretary; PATIENT=sheriff; VERB=drag
Sentence: the",Sentence: the,first_noun,-5.066499710083008,-4.167305946350098,0.8991937637329102,passive,1.0
1070,role_labeled,no_prime_eos,no_prime_eos,,a secretary drags a sheriff .,a sheriff is dragged by a secretary .,a,secretary,a,sheriff,drag,drags,dragged,"[""AGENT=secretary"", ""PATIENT=sheriff"", ""VERB=drag""]","Event roles: AGENT=secretary; PATIENT=sheriff; VERB=drag
Sentence: the",Sentence: the,first_noun,-4.81495475769043,-5.3701066970825195,-0.5551519393920898,active,0.0
1070,role_labeled,filler,filler,The painter waited near the doorway .,a secretary drags a sheriff .,a sheriff is dragged by a secretary .,a,secretary,a,sheriff,drag,drags,dragged,"[""AGENT=secretary"", ""PATIENT=sheriff"", ""VERB=drag""]","Prime sentence: The painter waited near the doorway .
Event roles: AGENT=secretary; PATIENT=sheriff; VERB=drag
Sentence: the",Sentence: the,first_noun,-5.6313982009887695,-4.569755554199219,1.0616426467895508,passive,1.0
1071,role_labeled,active,active,an employer protects a father .,a sheriff protects a singer .,a singer is protected by a sheriff .,a,sheriff,a,singer,protect,protects,protected,"[""PATIENT=singer"", ""AGENT=sheriff"", ""VERB=protect""]","Prime sentence: an employer protects a father .
Event roles: PATIENT=singer; AGENT=sheriff; VERB=protect
Sentence: the",Sentence: the,first_noun,-3.997772693634033,-5.665959358215332,-1.6681866645812988,active,0.0
1071,role_labeled,passive,passive,a father is protected by an employer .,a sheriff protects a singer .,a singer is protected by a sheriff .,a,sheriff,a,singer,protect,protects,protected,"[""PATIENT=singer"", ""AGENT=sheriff"", ""VERB=protect""]","Prime sentence: a father is protected by an employer .
Event roles: PATIENT=singer; AGENT=sheriff; VERB=protect
Sentence: the",Sentence: the,first_noun,-4.071829795837402,-5.857975959777832,-1.7861461639404297,active,0.0
1071,role_labeled,no_prime_eos,no_prime_eos,,a sheriff protects a singer .,a singer is protected by a sheriff .,a,sheriff,a,singer,protect,protects,protected,"[""PATIENT=singer"", ""AGENT=sheriff"", ""VERB=protect""]","Event roles: PATIENT=singer; AGENT=sheriff; VERB=protect
Sentence: the",Sentence: the,first_noun,-6.14511775970459,-5.21901798248291,0.9260997772216797,passive,1.0
1071,role_labeled,filler,filler,The signal flickered across the screen .,a sheriff protects a singer .,a singer is protected by a sheriff .,a,sheriff,a,singer,protect,protects,protected,"[""PATIENT=singer"", ""AGENT=sheriff"", ""VERB=protect""]","Prime sentence: The signal flickered across the screen .
Event roles: PATIENT=singer; AGENT=sheriff; VERB=protect
Sentence: the",Sentence: the,first_noun,-4.27451753616333,-6.128809452056885,-1.8542919158935547,active,0.0
1072,role_labeled,active,active,an employer hurts a father .,a sheriff hurts a singer .,a singer is hurt by a sheriff .,a,sheriff,a,singer,hurt,hurts,hurt,"[""VERB=hurt"", ""AGENT=sheriff"", ""PATIENT=singer""]","Prime sentence: an employer hurts a father .
Event roles: VERB=hurt; AGENT=sheriff; PATIENT=singer
Sentence: the",Sentence: the,first_noun,-3.696413278579712,-6.294960975646973,-2.5985476970672607,active,0.0
1072,role_labeled,passive,passive,a father is hurt by an employer .,a sheriff hurts a singer .,a singer is hurt by a sheriff .,a,sheriff,a,singer,hurt,hurts,hurt,"[""VERB=hurt"", ""AGENT=sheriff"", ""PATIENT=singer""]","Prime sentence: a father is hurt by an employer .
Event roles: VERB=hurt; AGENT=sheriff; PATIENT=singer
Sentence: the",Sentence: the,first_noun,-4.503662109375,-6.252192974090576,-1.7485308647155762,active,0.0
1072,role_labeled,no_prime_eos,no_prime_eos,,a sheriff hurts a singer .,a singer is hurt by a sheriff .,a,sheriff,a,singer,hurt,hurts,hurt,"[""VERB=hurt"", ""AGENT=sheriff"", ""PATIENT=singer""]","Event roles: VERB=hurt; AGENT=sheriff; PATIENT=singer
Sentence: the",Sentence: the,first_noun,-4.91898775100708,-5.286266803741455,-0.367279052734375,active,0.0
1072,role_labeled,filler,filler,The tourist wandered through the plaza .,a sheriff hurts a singer .,a singer is hurt by a sheriff .,a,sheriff,a,singer,hurt,hurts,hurt,"[""VERB=hurt"", ""AGENT=sheriff"", ""PATIENT=singer""]","Prime sentence: The tourist wandered through the plaza .
Event roles: VERB=hurt; AGENT=sheriff; PATIENT=singer
Sentence: the",Sentence: the,first_noun,-4.7148966789245605,-4.424846649169922,0.29005002975463867,passive,1.0
1073,role_labeled,active,active,a colonel strikes a cop .,a prince strikes a princess .,a princess is struck by a prince .,a,prince,a,princess,strik,strikes,struck,"[""VERB=strik"", ""AGENT=prince"", ""PATIENT=princess""]","Prime sentence: a colonel strikes a cop .
Event roles: VERB=strik; AGENT=prince; PATIENT=princess
Sentence: the",Sentence: the,first_noun,-3.559316635131836,-4.313872337341309,-0.7545557022094727,active,0.0
1073,role_labeled,passive,passive,a cop is struck by a colonel .,a prince strikes a princess .,a princess is struck by a prince .,a,prince,a,princess,strik,strikes,struck,"[""VERB=strik"", ""AGENT=prince"", ""PATIENT=princess""]","Prime sentence: a cop is struck by a colonel .
Event roles: VERB=strik; AGENT=prince; PATIENT=princess
Sentence: the",Sentence: the,first_noun,-4.261837005615234,-4.829496383666992,-0.5676593780517578,active,0.0
1073,role_labeled,no_prime_eos,no_prime_eos,,a prince strikes a princess .,a princess is struck by a prince .,a,prince,a,princess,strik,strikes,struck,"[""VERB=strik"", ""AGENT=prince"", ""PATIENT=princess""]","Event roles: VERB=strik; AGENT=prince; PATIENT=princess
Sentence: the",Sentence: the,first_noun,-3.5522947311401367,-3.9320640563964844,-0.37976932525634766,active,0.0
1073,role_labeled,filler,filler,The signal flickered across the screen .,a prince strikes a princess .,a princess is struck by a prince .,a,prince,a,princess,strik,strikes,struck,"[""VERB=strik"", ""AGENT=prince"", ""PATIENT=princess""]","Prime sentence: The signal flickered across the screen .
Event roles: VERB=strik; AGENT=prince; PATIENT=princess
Sentence: the",Sentence: the,first_noun,-3.5244874954223633,-3.9134650230407715,-0.3889775276184082,active,0.0
1074,role_labeled,active,active,a father carries a friend .,a singer carries a soldier .,a soldier is carried by a singer .,a,singer,a,soldier,carry,carries,carried,"[""AGENT=singer"", ""VERB=carry"", ""PATIENT=soldier""]","Prime sentence: a father carries a friend .
Event roles: AGENT=singer; VERB=carry; PATIENT=soldier
Sentence: the",Sentence: the,first_noun,-5.692838191986084,-3.440364360809326,2.252473831176758,passive,1.0
1074,role_labeled,passive,passive,a friend is carried by a father .,a singer carries a soldier .,a soldier is carried by a singer .,a,singer,a,soldier,carry,carries,carried,"[""AGENT=singer"", ""VERB=carry"", ""PATIENT=soldier""]","Prime sentence: a friend is carried by a father .
Event roles: AGENT=singer; VERB=carry; PATIENT=soldier
Sentence: the",Sentence: the,first_noun,-5.879158020019531,-3.3582394123077393,2.520918607711792,passive,1.0
1074,role_labeled,no_prime_eos,no_prime_eos,,a singer carries a soldier .,a soldier is carried by a singer .,a,singer,a,soldier,carry,carries,carried,"[""AGENT=singer"", ""VERB=carry"", ""PATIENT=soldier""]","Event roles: AGENT=singer; VERB=carry; PATIENT=soldier
Sentence: the",Sentence: the,first_noun,-4.101644992828369,-4.208613872528076,-0.10696887969970703,active,0.0
1074,role_labeled,filler,filler,The radio crackled in the attic .,a singer carries a soldier .,a soldier is carried by a singer .,a,singer,a,soldier,carry,carries,carried,"[""AGENT=singer"", ""VERB=carry"", ""PATIENT=soldier""]","Prime sentence: The radio crackled in the attic .
Event roles: AGENT=singer; VERB=carry; PATIENT=soldier
Sentence: the",Sentence: the,first_noun,-6.309013366699219,-4.591531753540039,1.7174816131591797,passive,1.0
1075,role_labeled,active,active,a man hurries a manager .,an actress hurries an adult .,an adult is hurried by an actress .,an,actress,an,adult,hurry,hurries,hurried,"[""PATIENT=adult"", ""VERB=hurry"", ""AGENT=actress""]","Prime sentence: a man hurries a manager .
Event roles: PATIENT=adult; VERB=hurry; AGENT=actress
Sentence: the",Sentence: the,first_noun,-6.80000114440918,-7.127471923828125,-0.3274707794189453,active,0.0
1075,role_labeled,passive,passive,a manager is hurried by a man .,an actress hurries an adult .,an adult is hurried by an actress .,an,actress,an,adult,hurry,hurries,hurried,"[""PATIENT=adult"", ""VERB=hurry"", ""AGENT=actress""]","Prime sentence: a manager is hurried by a man .
Event roles: PATIENT=adult; VERB=hurry; AGENT=actress
Sentence: the",Sentence: the,first_noun,-7.144704341888428,-6.965980529785156,0.17872381210327148,passive,1.0
1075,role_labeled,no_prime_eos,no_prime_eos,,an actress hurries an adult .,an adult is hurried by an actress .,an,actress,an,adult,hurry,hurries,hurried,"[""PATIENT=adult"", ""VERB=hurry"", ""AGENT=actress""]","Event roles: PATIENT=adult; VERB=hurry; AGENT=actress
Sentence: the",Sentence: the,first_noun,-6.291716575622559,-6.168487548828125,0.1232290267944336,passive,1.0
1075,role_labeled,filler,filler,The lantern glowed near sunset .,an actress hurries an adult .,an adult is hurried by an actress .,an,actress,an,adult,hurry,hurries,hurried,"[""PATIENT=adult"", ""VERB=hurry"", ""AGENT=actress""]","Prime sentence: The lantern glowed near sunset .
Event roles: PATIENT=adult; VERB=hurry; AGENT=actress
Sentence: the",Sentence: the,first_noun,-8.495238304138184,-7.593770980834961,0.9014673233032227,passive,1.0
1076,role_labeled,active,active,a professor raises a reader .,a cop raises a cousin .,a cousin is raised by a cop .,a,cop,a,cousin,rais,raises,raised,"[""PATIENT=cousin"", ""VERB=rais"", ""AGENT=cop""]","Prime sentence: a professor raises a reader .
Event roles: PATIENT=cousin; VERB=rais; AGENT=cop
Sentence: the",Sentence: the,first_noun,-4.721818923950195,-7.403861999511719,-2.6820430755615234,active,0.0
1076,role_labeled,passive,passive,a reader is raised by a professor .,a cop raises a cousin .,a cousin is raised by a cop .,a,cop,a,cousin,rais,raises,raised,"[""PATIENT=cousin"", ""VERB=rais"", ""AGENT=cop""]","Prime sentence: a reader is raised by a professor .
Event roles: PATIENT=cousin; VERB=rais; AGENT=cop
Sentence: the",Sentence: the,first_noun,-5.729968070983887,-8.436643600463867,-2.7066755294799805,active,0.0
1076,role_labeled,no_prime_eos,no_prime_eos,,a cop raises a cousin .,a cousin is raised by a cop .,a,cop,a,cousin,rais,raises,raised,"[""PATIENT=cousin"", ""VERB=rais"", ""AGENT=cop""]","Event roles: PATIENT=cousin; VERB=rais; AGENT=cop
Sentence: the",Sentence: the,first_noun,-5.641426086425781,-8.074477195739746,-2.433051109313965,active,0.0
1076,role_labeled,filler,filler,The baker laughed during breakfast .,a cop raises a cousin .,a cousin is raised by a cop .,a,cop,a,cousin,rais,raises,raised,"[""PATIENT=cousin"", ""VERB=rais"", ""AGENT=cop""]","Prime sentence: The baker laughed during breakfast .
Event roles: PATIENT=cousin; VERB=rais; AGENT=cop
Sentence: the",Sentence: the,first_noun,-4.696896553039551,-7.180692672729492,-2.4837961196899414,active,0.0
1077,role_labeled,active,active,a writer catches an actor .,a lady catches a lawyer .,a lawyer is caught by a lady .,a,lady,a,lawyer,catch,catches,caught,"[""AGENT=lady"", ""PATIENT=lawyer"", ""VERB=catch""]","Prime sentence: a writer catches an actor .
Event roles: AGENT=lady; PATIENT=lawyer; VERB=catch
Sentence: the",Sentence: the,first_noun,-4.932127952575684,-4.842233180999756,0.08989477157592773,passive,1.0
1077,role_labeled,passive,passive,an actor is caught by a writer .,a lady catches a lawyer .,a lawyer is caught by a lady .,a,lady,a,lawyer,catch,catches,caught,"[""AGENT=lady"", ""PATIENT=lawyer"", ""VERB=catch""]","Prime sentence: an actor is caught by a writer .
Event roles: AGENT=lady; PATIENT=lawyer; VERB=catch
Sentence: the",Sentence: the,first_noun,-5.616410255432129,-4.837017059326172,0.779393196105957,passive,1.0
1077,role_labeled,no_prime_eos,no_prime_eos,,a lady catches a lawyer .,a lawyer is caught by a lady .,a,lady,a,lawyer,catch,catches,caught,"[""AGENT=lady"", ""PATIENT=lawyer"", ""VERB=catch""]","Event roles: AGENT=lady; PATIENT=lawyer; VERB=catch
Sentence: the",Sentence: the,first_noun,-4.752170085906982,-5.298982620239258,-0.5468125343322754,active,0.0
1077,role_labeled,filler,filler,The blanket dried on the line .,a lady catches a lawyer .,a lawyer is caught by a lady .,a,lady,a,lawyer,catch,catches,caught,"[""AGENT=lady"", ""PATIENT=lawyer"", ""VERB=catch""]","Prime sentence: The blanket dried on the line .
Event roles: AGENT=lady; PATIENT=lawyer; VERB=catch
Sentence: the",Sentence: the,first_noun,-5.3093366622924805,-5.057855606079102,0.2514810562133789,passive,1.0
1078,role_labeled,active,active,a nurse bothers an opponent .,a bishop bothers a boy .,a boy is bothered by a bishop .,a,bishop,a,boy,bother,bothers,bothered,"[""VERB=bother"", ""PATIENT=boy"", ""AGENT=bishop""]","Prime sentence: a nurse bothers an opponent .
Event roles: VERB=bother; PATIENT=boy; AGENT=bishop
Sentence: the",Sentence: the,first_noun,-3.140066623687744,-4.101372241973877,-0.9613056182861328,active,0.0
1078,role_labeled,passive,passive,an opponent is bothered by a nurse .,a bishop bothers a boy .,a boy is bothered by a bishop .,a,bishop,a,boy,bother,bothers,bothered,"[""VERB=bother"", ""PATIENT=boy"", ""AGENT=bishop""]","Prime sentence: an opponent is bothered by a nurse .
Event roles: VERB=bother; PATIENT=boy; AGENT=bishop
Sentence: the",Sentence: the,first_noun,-3.025106430053711,-4.4174652099609375,-1.3923587799072266,active,0.0
1078,role_labeled,no_prime_eos,no_prime_eos,,a bishop bothers a boy .,a boy is bothered by a bishop .,a,bishop,a,boy,bother,bothers,bothered,"[""VERB=bother"", ""PATIENT=boy"", ""AGENT=bishop""]","Event roles: VERB=bother; PATIENT=boy; AGENT=bishop
Sentence: the",Sentence: the,first_noun,-3.981921434402466,-4.875059127807617,-0.8931376934051514,active,0.0
1078,role_labeled,filler,filler,The engine cooled before dawn .,a bishop bothers a boy .,a boy is bothered by a bishop .,a,bishop,a,boy,bother,bothers,bothered,"[""VERB=bother"", ""PATIENT=boy"", ""AGENT=bishop""]","Prime sentence: The engine cooled before dawn .
Event roles: VERB=bother; PATIENT=boy; AGENT=bishop
Sentence: the",Sentence: the,first_noun,-5.014917373657227,-4.783105850219727,0.2318115234375,passive,1.0
1079,role_labeled,active,active,a lawyer surprises a leader .,a writer surprises an actor .,an actor is surprised by a writer .,a,writer,an,actor,surpris,surprises,surprised,"[""PATIENT=actor"", ""AGENT=writer"", ""VERB=surpris""]","Prime sentence: a lawyer surprises a leader .
Event roles: PATIENT=actor; AGENT=writer; VERB=surpris
Sentence: the",Sentence: the,first_noun,-5.677371978759766,-4.306006908416748,1.3713650703430176,passive,1.0
1079,role_labeled,passive,passive,a leader is surprised by a lawyer .,a writer surprises an actor .,an actor is surprised by a writer .,a,writer,an,actor,surpris,surprises,surprised,"[""PATIENT=actor"", ""AGENT=writer"", ""VERB=surpris""]","Prime sentence: a leader is surprised by a lawyer .
Event roles: PATIENT=actor; AGENT=writer; VERB=surpris
Sentence: the",Sentence: the,first_noun,-6.137637138366699,-4.623576641082764,1.5140604972839355,passive,1.0
1079,role_labeled,no_prime_eos,no_prime_eos,,a writer surprises an actor .,an actor is surprised by a writer .,a,writer,an,actor,surpris,surprises,surprised,"[""PATIENT=actor"", ""AGENT=writer"", ""VERB=surpris""]","Event roles: PATIENT=actor; AGENT=writer; VERB=surpris
Sentence: the",Sentence: the,first_noun,-5.750298023223877,-4.859538555145264,0.8907594680786133,passive,1.0
1079,role_labeled,filler,filler,The sculpture stood in the hallway .,a writer surprises an actor .,an actor is surprised by a writer .,a,writer,an,actor,surpris,surprises,surprised,"[""PATIENT=actor"", ""AGENT=writer"", ""VERB=surpris""]","Prime sentence: The sculpture stood in the hallway .
Event roles: PATIENT=actor; AGENT=writer; VERB=surpris
Sentence: the",Sentence: the,first_noun,-7.393716812133789,-5.466436862945557,1.9272799491882324,passive,1.0
1080,role_labeled,active,active,a doctor chases an employee .,a scientist chases a secretary .,a secretary is chased by a scientist .,a,scientist,a,secretary,chas,chases,chased,"[""VERB=chas"", ""PATIENT=secretary"", ""AGENT=scientist""]","Prime sentence: a doctor chases an employee .
Event roles: VERB=chas; PATIENT=secretary; AGENT=scientist
Sentence: the",Sentence: the,first_noun,-4.232100486755371,-5.966401100158691,-1.7343006134033203,active,0.0
1080,role_labeled,passive,passive,an employee is chased by a doctor .,a scientist chases a secretary .,a secretary is chased by a scientist .,a,scientist,a,secretary,chas,chases,chased,"[""VERB=chas"", ""PATIENT=secretary"", ""AGENT=scientist""]","Prime sentence: an employee is chased by a doctor .
Event roles: VERB=chas; PATIENT=secretary; AGENT=scientist
Sentence: the",Sentence: the,first_noun,-4.039196014404297,-5.939800262451172,-1.900604248046875,active,0.0
1080,role_labeled,no_prime_eos,no_prime_eos,,a scientist chases a secretary .,a secretary is chased by a scientist .,a,scientist,a,secretary,chas,chases,chased,"[""VERB=chas"", ""PATIENT=secretary"", ""AGENT=scientist""]","Event roles: VERB=chas; PATIENT=secretary; AGENT=scientist
Sentence: the",Sentence: the,first_noun,-4.8693718910217285,-7.134489059448242,-2.2651171684265137,active,0.0
1080,role_labeled,filler,filler,The planet shimmered above the valley .,a scientist chases a secretary .,a secretary is chased by a scientist .,a,scientist,a,secretary,chas,chases,chased,"[""VERB=chas"", ""PATIENT=secretary"", ""AGENT=scientist""]","Prime sentence: The planet shimmered above the valley .
Event roles: VERB=chas; PATIENT=secretary; AGENT=scientist
Sentence: the",Sentence: the,first_noun,-5.9874701499938965,-8.719532012939453,-2.7320618629455566,active,0.0
1081,role_labeled,active,active,a wife forgets a winner .,a hero forgets a husband .,a husband is forgotten by a hero .,a,hero,a,husband,forget,forgets,forgotten,"[""PATIENT=husband"", ""VERB=forget"", ""AGENT=hero""]","Prime sentence: a wife forgets a winner .
Event roles: PATIENT=husband; VERB=forget; AGENT=hero
Sentence: the",Sentence: the,first_noun,-4.890622138977051,-3.242604970932007,1.648017168045044,passive,1.0
1081,role_labeled,passive,passive,a winner is forgotten by a wife .,a hero forgets a husband .,a husband is forgotten by a hero .,a,hero,a,husband,forget,forgets,forgotten,"[""PATIENT=husband"", ""VERB=forget"", ""AGENT=hero""]","Prime sentence: a winner is forgotten by a wife .
Event roles: PATIENT=husband; VERB=forget; AGENT=hero
Sentence: the",Sentence: the,first_noun,-4.823906898498535,-3.6071388721466064,1.2167680263519287,passive,1.0
1081,role_labeled,no_prime_eos,no_prime_eos,,a hero forgets a husband .,a husband is forgotten by a hero .,a,hero,a,husband,forget,forgets,forgotten,"[""PATIENT=husband"", ""VERB=forget"", ""AGENT=hero""]","Event roles: PATIENT=husband; VERB=forget; AGENT=hero
Sentence: the",Sentence: the,first_noun,-3.7556967735290527,-3.888288974761963,-0.13259220123291016,active,0.0
1081,role_labeled,filler,filler,The notebook stayed on the shelf .,a hero forgets a husband .,a husband is forgotten by a hero .,a,hero,a,husband,forget,forgets,forgotten,"[""PATIENT=husband"", ""VERB=forget"", ""AGENT=hero""]","Prime sentence: The notebook stayed on the shelf .
Event roles: PATIENT=husband; VERB=forget; AGENT=hero
Sentence: the",Sentence: the,first_noun,-6.746331214904785,-4.4335527420043945,2.3127784729003906,passive,1.0
1082,role_labeled,active,active,a champion helps a chief .,a pilot helps a president .,a president is helped by a pilot .,a,pilot,a,president,help,helps,helped,"[""VERB=help"", ""AGENT=pilot"", ""PATIENT=president""]","Prime sentence: a champion helps a chief .
Event roles: VERB=help; AGENT=pilot; PATIENT=president
Sentence: the",Sentence: the,first_noun,-5.242976188659668,-3.824671745300293,1.418304443359375,passive,1.0
1082,role_labeled,passive,passive,a chief is helped by a champion .,a pilot helps a president .,a president is helped by a pilot .,a,pilot,a,president,help,helps,helped,"[""VERB=help"", ""AGENT=pilot"", ""PATIENT=president""]","Prime sentence: a chief is helped by a champion .
Event roles: VERB=help; AGENT=pilot; PATIENT=president
Sentence: the",Sentence: the,first_noun,-4.859180450439453,-3.784965991973877,1.0742144584655762,passive,1.0
1082,role_labeled,no_prime_eos,no_prime_eos,,a pilot helps a president .,a president is helped by a pilot .,a,pilot,a,president,help,helps,helped,"[""VERB=help"", ""AGENT=pilot"", ""PATIENT=president""]","Event roles: VERB=help; AGENT=pilot; PATIENT=president
Sentence: the",Sentence: the,first_noun,-3.0324795246124268,-3.884232759475708,-0.8517532348632812,active,0.0
1082,role_labeled,filler,filler,The radio crackled in the attic .,a pilot helps a president .,a president is helped by a pilot .,a,pilot,a,president,help,helps,helped,"[""VERB=help"", ""AGENT=pilot"", ""PATIENT=president""]","Prime sentence: The radio crackled in the attic .
Event roles: VERB=help; AGENT=pilot; PATIENT=president
Sentence: the",Sentence: the,first_noun,-4.229944705963135,-4.595752239227295,-0.36580753326416016,active,0.0
1083,role_labeled,active,active,a priest catches a prince .,a chief catches a child .,a child is caught by a chief .,a,chief,a,child,catch,catches,caught,"[""AGENT=chief"", ""PATIENT=child"", ""VERB=catch""]","Prime sentence: a priest catches a prince .
Event roles: AGENT=chief; PATIENT=child; VERB=catch
Sentence: the",Sentence: the,first_noun,-4.158702373504639,-4.154806137084961,0.0038962364196777344,passive,1.0
1083,role_labeled,passive,passive,a prince is caught by a priest .,a chief catches a child .,a child is caught by a chief .,a,chief,a,child,catch,catches,caught,"[""AGENT=chief"", ""PATIENT=child"", ""VERB=catch""]","Prime sentence: a prince is caught by a priest .
Event roles: AGENT=chief; PATIENT=child; VERB=catch
Sentence: the",Sentence: the,first_noun,-4.217942237854004,-3.927443742752075,0.2904984951019287,passive,1.0
1083,role_labeled,no_prime_eos,no_prime_eos,,a chief catches a child .,a child is caught by a chief .,a,chief,a,child,catch,catches,caught,"[""AGENT=chief"", ""PATIENT=child"", ""VERB=catch""]","Event roles: AGENT=chief; PATIENT=child; VERB=catch
Sentence: the",Sentence: the,first_noun,-3.530034065246582,-3.127232551574707,0.402801513671875,passive,1.0
1083,role_labeled,filler,filler,The notebook stayed on the shelf .,a chief catches a child .,a child is caught by a chief .,a,chief,a,child,catch,catches,caught,"[""AGENT=chief"", ""PATIENT=child"", ""VERB=catch""]","Prime sentence: The notebook stayed on the shelf .
Event roles: AGENT=chief; PATIENT=child; VERB=catch
Sentence: the",Sentence: the,first_noun,-6.371537685394287,-4.0596818923950195,2.3118557929992676,passive,1.0
1084,role_labeled,active,active,a lady selects a lawyer .,a worker selects a writer .,a writer is selected by a worker .,a,worker,a,writer,select,selects,selected,"[""AGENT=worker"", ""VERB=select"", ""PATIENT=writer""]","Prime sentence: a lady selects a lawyer .
Event roles: AGENT=worker; VERB=select; PATIENT=writer
Sentence: the",Sentence: the,first_noun,-3.6498212814331055,-6.0136494636535645,-2.363828182220459,active,0.0
1084,role_labeled,passive,passive,a lawyer is selected by a lady .,a worker selects a writer .,a writer is selected by a worker .,a,worker,a,writer,select,selects,selected,"[""AGENT=worker"", ""VERB=select"", ""PATIENT=writer""]","Prime sentence: a lawyer is selected by a lady .
Event roles: AGENT=worker; VERB=select; PATIENT=writer
Sentence: the",Sentence: the,first_noun,-3.8552465438842773,-5.601470470428467,-1.7462239265441895,active,0.0
1084,role_labeled,no_prime_eos,no_prime_eos,,a worker selects a writer .,a writer is selected by a worker .,a,worker,a,writer,select,selects,selected,"[""AGENT=worker"", ""VERB=select"", ""PATIENT=writer""]","Event roles: AGENT=worker; VERB=select; PATIENT=writer
Sentence: the",Sentence: the,first_noun,-3.742839813232422,-5.710483551025391,-1.9676437377929688,active,0.0
1084,role_labeled,filler,filler,The package arrived before noon .,a worker selects a writer .,a writer is selected by a worker .,a,worker,a,writer,select,selects,selected,"[""AGENT=worker"", ""VERB=select"", ""PATIENT=writer""]","Prime sentence: The package arrived before noon .
Event roles: AGENT=worker; VERB=select; PATIENT=writer
Sentence: the",Sentence: the,first_noun,-5.238471984863281,-7.504070281982422,-2.2655982971191406,active,0.0
1085,role_labeled,active,active,a president joins a priest .,a champion joins a chief .,a chief is joined by a champion .,a,champion,a,chief,join,joins,joined,"[""AGENT=champion"", ""PATIENT=chief"", ""VERB=join""]","Prime sentence: a president joins a priest .
Event roles: AGENT=champion; PATIENT=chief; VERB=join
Sentence: the",Sentence: the,first_noun,-6.399781227111816,-5.146206855773926,1.2535743713378906,passive,1.0
1085,role_labeled,passive,passive,a priest is joined by a president .,a champion joins a chief .,a chief is joined by a champion .,a,champion,a,chief,join,joins,joined,"[""AGENT=champion"", ""PATIENT=chief"", ""VERB=join""]","Prime sentence: a priest is joined by a president .
Event roles: AGENT=champion; PATIENT=chief; VERB=join
Sentence: the",Sentence: the,first_noun,-5.286584854125977,-4.823891639709473,0.4626932144165039,passive,1.0
1085,role_labeled,no_prime_eos,no_prime_eos,,a champion joins a chief .,a chief is joined by a champion .,a,champion,a,chief,join,joins,joined,"[""AGENT=champion"", ""PATIENT=chief"", ""VERB=join""]","Event roles: AGENT=champion; PATIENT=chief; VERB=join
Sentence: the",Sentence: the,first_noun,-4.2143449783325195,-4.48325252532959,-0.2689075469970703,active,0.0
1085,role_labeled,filler,filler,The garden brightened after rain .,a champion joins a chief .,a chief is joined by a champion .,a,champion,a,chief,join,joins,joined,"[""AGENT=champion"", ""PATIENT=chief"", ""VERB=join""]","Prime sentence: The garden brightened after rain .
Event roles: AGENT=champion; PATIENT=chief; VERB=join
Sentence: the",Sentence: the,first_noun,-7.955987930297852,-6.770015716552734,1.1859722137451172,passive,1.0
1086,role_labeled,active,active,an actor beats an actress .,a lawyer beats a leader .,a leader is beaten by a lawyer .,a,lawyer,a,leader,beat,beats,beaten,"[""AGENT=lawyer"", ""VERB=beat"", ""PATIENT=leader""]","Prime sentence: an actor beats an actress .
Event roles: AGENT=lawyer; VERB=beat; PATIENT=leader
Sentence: the",Sentence: the,first_noun,-4.202554702758789,-6.4752912521362305,-2.2727365493774414,active,0.0
1086,role_labeled,passive,passive,an actress is beaten by an actor .,a lawyer beats a leader .,a leader is beaten by a lawyer .,a,lawyer,a,leader,beat,beats,beaten,"[""AGENT=lawyer"", ""VERB=beat"", ""PATIENT=leader""]","Prime sentence: an actress is beaten by an actor .
Event roles: AGENT=lawyer; VERB=beat; PATIENT=leader
Sentence: the",Sentence: the,first_noun,-4.005759239196777,-6.25566291809082,-2.249903678894043,active,0.0
1086,role_labeled,no_prime_eos,no_prime_eos,,a lawyer beats a leader .,a leader is beaten by a lawyer .,a,lawyer,a,leader,beat,beats,beaten,"[""AGENT=lawyer"", ""VERB=beat"", ""PATIENT=leader""]","Event roles: AGENT=lawyer; VERB=beat; PATIENT=leader
Sentence: the",Sentence: the,first_noun,-4.501424312591553,-5.260650634765625,-0.7592263221740723,active,0.0
1086,role_labeled,filler,filler,The violin echoed in the theater .,a lawyer beats a leader .,a leader is beaten by a lawyer .,a,lawyer,a,leader,beat,beats,beaten,"[""AGENT=lawyer"", ""VERB=beat"", ""PATIENT=leader""]","Prime sentence: The violin echoed in the theater .
Event roles: AGENT=lawyer; VERB=beat; PATIENT=leader
Sentence: the",Sentence: the,first_noun,-4.975467681884766,-7.437322616577148,-2.461854934692383,active,0.0
1087,role_labeled,active,active,a doctor hurries an employee .,a scientist hurries a secretary .,a secretary is hurried by a scientist .,a,scientist,a,secretary,hurry,hurries,hurried,"[""VERB=hurry"", ""PATIENT=secretary"", ""AGENT=scientist""]","Prime sentence: a doctor hurries an employee .
Event roles: VERB=hurry; PATIENT=secretary; AGENT=scientist
Sentence: the",Sentence: the,first_noun,-4.002377986907959,-5.403395175933838,-1.401017189025879,active,0.0
1087,role_labeled,passive,passive,an employee is hurried by a doctor .,a scientist hurries a secretary .,a secretary is hurried by a scientist .,a,scientist,a,secretary,hurry,hurries,hurried,"[""VERB=hurry"", ""PATIENT=secretary"", ""AGENT=scientist""]","Prime sentence: an employee is hurried by a doctor .
Event roles: VERB=hurry; PATIENT=secretary; AGENT=scientist
Sentence: the",Sentence: the,first_noun,-4.372409820556641,-5.798627853393555,-1.426218032836914,active,0.0
1087,role_labeled,no_prime_eos,no_prime_eos,,a scientist hurries a secretary .,a secretary is hurried by a scientist .,a,scientist,a,secretary,hurry,hurries,hurried,"[""VERB=hurry"", ""PATIENT=secretary"", ""AGENT=scientist""]","Event roles: VERB=hurry; PATIENT=secretary; AGENT=scientist
Sentence: the",Sentence: the,first_noun,-4.751738548278809,-6.553696632385254,-1.8019580841064453,active,0.0
1087,role_labeled,filler,filler,The planet shimmered above the valley .,a scientist hurries a secretary .,a secretary is hurried by a scientist .,a,scientist,a,secretary,hurry,hurries,hurried,"[""VERB=hurry"", ""PATIENT=secretary"", ""AGENT=scientist""]","Prime sentence: The planet shimmered above the valley .
Event roles: VERB=hurry; PATIENT=secretary; AGENT=scientist
Sentence: the",Sentence: the,first_noun,-6.017292022705078,-8.647052764892578,-2.6297607421875,active,0.0
1088,role_labeled,active,active,a princess judges a professor .,a colonel judges a cop .,a cop is judged by a colonel .,a,colonel,a,cop,judg,judges,judged,"[""VERB=judg"", ""AGENT=colonel"", ""PATIENT=cop""]","Prime sentence: a princess judges a professor .
Event roles: VERB=judg; AGENT=colonel; PATIENT=cop
Sentence: the",Sentence: the,first_noun,-4.931243896484375,-5.841853141784668,-0.910609245300293,active,0.0
1088,role_labeled,passive,passive,a professor is judged by a princess .,a colonel judges a cop .,a cop is judged by a colonel .,a,colonel,a,cop,judg,judges,judged,"[""VERB=judg"", ""AGENT=colonel"", ""PATIENT=cop""]","Prime sentence: a professor is judged by a princess .
Event roles: VERB=judg; AGENT=colonel; PATIENT=cop
Sentence: the",Sentence: the,first_noun,-4.451024055480957,-5.782991409301758,-1.3319673538208008,active,0.0
1088,role_labeled,no_prime_eos,no_prime_eos,,a colonel judges a cop .,a cop is judged by a colonel .,a,colonel,a,cop,judg,judges,judged,"[""VERB=judg"", ""AGENT=colonel"", ""PATIENT=cop""]","Event roles: VERB=judg; AGENT=colonel; PATIENT=cop
Sentence: the",Sentence: the,first_noun,-5.169378757476807,-5.83465576171875,-0.6652770042419434,active,0.0
1088,role_labeled,filler,filler,The painter waited near the doorway .,a colonel judges a cop .,a cop is judged by a colonel .,a,colonel,a,cop,judg,judges,judged,"[""VERB=judg"", ""AGENT=colonel"", ""PATIENT=cop""]","Prime sentence: The painter waited near the doorway .
Event roles: VERB=judg; AGENT=colonel; PATIENT=cop
Sentence: the",Sentence: the,first_noun,-4.5689191818237305,-4.913225173950195,-0.34430599212646484,active,0.0
1089,role_labeled,active,active,a son forgives a student .,a friend forgives a girl .,a girl is forgiven by a friend .,a,friend,a,girl,forgiv,forgives,forgiven,"[""VERB=forgiv"", ""PATIENT=girl"", ""AGENT=friend""]","Prime sentence: a son forgives a student .
Event roles: VERB=forgiv; PATIENT=girl; AGENT=friend
Sentence: the",Sentence: the,first_noun,-5.212279796600342,-3.113072395324707,2.0992074012756348,passive,1.0
1089,role_labeled,passive,passive,a student is forgiven by a son .,a friend forgives a girl .,a girl is forgiven by a friend .,a,friend,a,girl,forgiv,forgives,forgiven,"[""VERB=forgiv"", ""PATIENT=girl"", ""AGENT=friend""]","Prime sentence: a student is forgiven by a son .
Event roles: VERB=forgiv; PATIENT=girl; AGENT=friend
Sentence: the",Sentence: the,first_noun,-5.190622329711914,-2.8955743312835693,2.2950479984283447,passive,1.0
1089,role_labeled,no_prime_eos,no_prime_eos,,a friend forgives a girl .,a girl is forgiven by a friend .,a,friend,a,girl,forgiv,forgives,forgiven,"[""VERB=forgiv"", ""PATIENT=girl"", ""AGENT=friend""]","Event roles: VERB=forgiv; PATIENT=girl; AGENT=friend
Sentence: the",Sentence: the,first_noun,-5.805591583251953,-3.1071674823760986,2.6984241008758545,passive,1.0
1089,role_labeled,filler,filler,The window rattled during the storm .,a friend forgives a girl .,a girl is forgiven by a friend .,a,friend,a,girl,forgiv,forgives,forgiven,"[""VERB=forgiv"", ""PATIENT=girl"", ""AGENT=friend""]","Prime sentence: The window rattled during the storm .
Event roles: VERB=forgiv; PATIENT=girl; AGENT=friend
Sentence: the",Sentence: the,first_noun,-7.333034515380859,-3.9653823375701904,3.367652177810669,passive,1.0
1090,role_labeled,active,active,a colonel asks a cop .,a prince asks a princess .,a princess is asked by a prince .,a,prince,a,princess,ask,asks,asked,"[""PATIENT=princess"", ""AGENT=prince"", ""VERB=ask""]","Prime sentence: a colonel asks a cop .
Event roles: PATIENT=princess; AGENT=prince; VERB=ask
Sentence: the",Sentence: the,first_noun,-3.318249225616455,-4.192660808563232,-0.8744115829467773,active,0.0
1090,role_labeled,passive,passive,a cop is asked by a colonel .,a prince asks a princess .,a princess is asked by a prince .,a,prince,a,princess,ask,asks,asked,"[""PATIENT=princess"", ""AGENT=prince"", ""VERB=ask""]","Prime sentence: a cop is asked by a colonel .
Event roles: PATIENT=princess; AGENT=prince; VERB=ask
Sentence: the",Sentence: the,first_noun,-3.767451286315918,-4.3777313232421875,-0.6102800369262695,active,0.0
1090,role_labeled,no_prime_eos,no_prime_eos,,a prince asks a princess .,a princess is asked by a prince .,a,prince,a,princess,ask,asks,asked,"[""PATIENT=princess"", ""AGENT=prince"", ""VERB=ask""]","Event roles: PATIENT=princess; AGENT=prince; VERB=ask
Sentence: the",Sentence: the,first_noun,-3.134589195251465,-3.330801010131836,-0.1962118148803711,active,0.0
1090,role_labeled,filler,filler,The jacket hung behind the chair .,a prince asks a princess .,a princess is asked by a prince .,a,prince,a,princess,ask,asks,asked,"[""PATIENT=princess"", ""AGENT=prince"", ""VERB=ask""]","Prime sentence: The jacket hung behind the chair .
Event roles: PATIENT=princess; AGENT=prince; VERB=ask
Sentence: the",Sentence: the,first_noun,-4.240873336791992,-5.017684459686279,-0.7768111228942871,active,0.0
1091,role_labeled,active,active,a candidate hurries a captain .,a partner hurries a physician .,a physician is hurried by a partner .,a,partner,a,physician,hurry,hurries,hurried,"[""PATIENT=physician"", ""VERB=hurry"", ""AGENT=partner""]","Prime sentence: a candidate hurries a captain .
Event roles: PATIENT=physician; VERB=hurry; AGENT=partner
Sentence: the",Sentence: the,first_noun,-7.149163246154785,-4.786155700683594,2.3630075454711914,passive,1.0
1091,role_labeled,passive,passive,a captain is hurried by a candidate .,a partner hurries a physician .,a physician is hurried by a partner .,a,partner,a,physician,hurry,hurries,hurried,"[""PATIENT=physician"", ""VERB=hurry"", ""AGENT=partner""]","Prime sentence: a captain is hurried by a candidate .
Event roles: PATIENT=physician; VERB=hurry; AGENT=partner
Sentence: the",Sentence: the,first_noun,-7.304835319519043,-5.119777679443359,2.1850576400756836,passive,1.0
1091,role_labeled,no_prime_eos,no_prime_eos,,a partner hurries a physician .,a physician is hurried by a partner .,a,partner,a,physician,hurry,hurries,hurried,"[""PATIENT=physician"", ""VERB=hurry"", ""AGENT=partner""]","Event roles: PATIENT=physician; VERB=hurry; AGENT=partner
Sentence: the",Sentence: the,first_noun,-6.87929630279541,-3.9209229946136475,2.9583733081817627,passive,1.0
1091,role_labeled,filler,filler,The traveler rested beside the river .,a partner hurries a physician .,a physician is hurried by a partner .,a,partner,a,physician,hurry,hurries,hurried,"[""PATIENT=physician"", ""VERB=hurry"", ""AGENT=partner""]","Prime sentence: The traveler rested beside the river .
Event roles: PATIENT=physician; VERB=hurry; AGENT=partner
Sentence: the",Sentence: the,first_noun,-8.265992164611816,-4.2592315673828125,4.006760597229004,passive,1.0
1092,role_labeled,active,active,a kid catches a king .,a winner catches a woman .,a woman is caught by a winner .,a,winner,a,woman,catch,catches,caught,"[""PATIENT=woman"", ""VERB=catch"", ""AGENT=winner""]","Prime sentence: a kid catches a king .
Event roles: PATIENT=woman; VERB=catch; AGENT=winner
Sentence: the",Sentence: the,first_noun,-5.907416343688965,-3.8085525035858154,2.0988638401031494,passive,1.0
1092,role_labeled,passive,passive,a king is caught by a kid .,a winner catches a woman .,a woman is caught by a winner .,a,winner,a,woman,catch,catches,caught,"[""PATIENT=woman"", ""VERB=catch"", ""AGENT=winner""]","Prime sentence: a king is caught by a kid .
Event roles: PATIENT=woman; VERB=catch; AGENT=winner
Sentence: the",Sentence: the,first_noun,-6.609582901000977,-4.346384048461914,2.2631988525390625,passive,1.0
1092,role_labeled,no_prime_eos,no_prime_eos,,a winner catches a woman .,a woman is caught by a winner .,a,winner,a,woman,catch,catches,caught,"[""PATIENT=woman"", ""VERB=catch"", ""AGENT=winner""]","Event roles: PATIENT=woman; VERB=catch; AGENT=winner
Sentence: the",Sentence: the,first_noun,-4.246898651123047,-2.7170910835266113,1.5298075675964355,passive,1.0
1092,role_labeled,filler,filler,The window rattled during the storm .,a winner catches a woman .,a woman is caught by a winner .,a,winner,a,woman,catch,catches,caught,"[""PATIENT=woman"", ""VERB=catch"", ""AGENT=winner""]","Prime sentence: The window rattled during the storm .
Event roles: PATIENT=woman; VERB=catch; AGENT=winner
Sentence: the",Sentence: the,first_noun,-8.54111385345459,-4.229629993438721,4.311483860015869,passive,1.0
1093,role_labeled,active,active,an employer hurries a father .,a sheriff hurries a singer .,a singer is hurried by a sheriff .,a,sheriff,a,singer,hurry,hurries,hurried,"[""AGENT=sheriff"", ""PATIENT=singer"", ""VERB=hurry""]","Prime sentence: an employer hurries a father .
Event roles: AGENT=sheriff; PATIENT=singer; VERB=hurry
Sentence: the",Sentence: the,first_noun,-3.7191243171691895,-6.171343803405762,-2.4522194862365723,active,0.0
1093,role_labeled,passive,passive,a father is hurried by an employer .,a sheriff hurries a singer .,a singer is hurried by a sheriff .,a,sheriff,a,singer,hurry,hurries,hurried,"[""AGENT=sheriff"", ""PATIENT=singer"", ""VERB=hurry""]","Prime sentence: a father is hurried by an employer .
Event roles: AGENT=sheriff; PATIENT=singer; VERB=hurry
Sentence: the",Sentence: the,first_noun,-4.560624122619629,-6.666589736938477,-2.1059656143188477,active,0.0
1093,role_labeled,no_prime_eos,no_prime_eos,,a sheriff hurries a singer .,a singer is hurried by a sheriff .,a,sheriff,a,singer,hurry,hurries,hurried,"[""AGENT=sheriff"", ""PATIENT=singer"", ""VERB=hurry""]","Event roles: AGENT=sheriff; PATIENT=singer; VERB=hurry
Sentence: the",Sentence: the,first_noun,-5.599411964416504,-5.338704586029053,0.26070737838745117,passive,1.0
1093,role_labeled,filler,filler,The kettle whistled in the kitchen .,a sheriff hurries a singer .,a singer is hurried by a sheriff .,a,sheriff,a,singer,hurry,hurries,hurried,"[""AGENT=sheriff"", ""PATIENT=singer"", ""VERB=hurry""]","Prime sentence: The kettle whistled in the kitchen .
Event roles: AGENT=sheriff; PATIENT=singer; VERB=hurry
Sentence: the",Sentence: the,first_noun,-4.896181106567383,-7.550027847290039,-2.6538467407226562,active,0.0
1094,role_labeled,active,active,an author asks a bishop .,a minister asks a mother .,a mother is asked by a minister .,a,minister,a,mother,ask,asks,asked,"[""PATIENT=mother"", ""VERB=ask"", ""AGENT=minister""]","Prime sentence: an author asks a bishop .
Event roles: PATIENT=mother; VERB=ask; AGENT=minister
Sentence: the",Sentence: the,first_noun,-4.703794002532959,-3.9758710861206055,0.7279229164123535,passive,1.0
1094,role_labeled,passive,passive,a bishop is asked by an author .,a minister asks a mother .,a mother is asked by a minister .,a,minister,a,mother,ask,asks,asked,"[""PATIENT=mother"", ""VERB=ask"", ""AGENT=minister""]","Prime sentence: a bishop is asked by an author .
Event roles: PATIENT=mother; VERB=ask; AGENT=minister
Sentence: the",Sentence: the,first_noun,-4.75063419342041,-4.214328765869141,0.5363054275512695,passive,1.0
1094,role_labeled,no_prime_eos,no_prime_eos,,a minister asks a mother .,a mother is asked by a minister .,a,minister,a,mother,ask,asks,asked,"[""PATIENT=mother"", ""VERB=ask"", ""AGENT=minister""]","Event roles: PATIENT=mother; VERB=ask; AGENT=minister
Sentence: the",Sentence: the,first_noun,-4.416173458099365,-3.6841177940368652,0.7320556640625,passive,1.0
1094,role_labeled,filler,filler,The notebook stayed on the shelf .,a minister asks a mother .,a mother is asked by a minister .,a,minister,a,mother,ask,asks,asked,"[""PATIENT=mother"", ""VERB=ask"", ""AGENT=minister""]","Prime sentence: The notebook stayed on the shelf .
Event roles: PATIENT=mother; VERB=ask; AGENT=minister
Sentence: the",Sentence: the,first_noun,-5.64572811126709,-4.088850021362305,1.5568780899047852,passive,1.0
1095,role_labeled,active,active,a student comforts a teacher .,a girl comforts a guest .,a guest is comforted by a girl .,a,girl,a,guest,comfort,comforts,comforted,"[""VERB=comfort"", ""AGENT=girl"", ""PATIENT=guest""]","Prime sentence: a student comforts a teacher .
Event roles: VERB=comfort; AGENT=girl; PATIENT=guest
Sentence: the",Sentence: the,first_noun,-2.8540847301483154,-6.611685752868652,-3.757601022720337,active,0.0
1095,role_labeled,passive,passive,a teacher is comforted by a student .,a girl comforts a guest .,a guest is comforted by a girl .,a,girl,a,guest,comfort,comforts,comforted,"[""VERB=comfort"", ""AGENT=girl"", ""PATIENT=guest""]","Prime sentence: a teacher is comforted by a student .
Event roles: VERB=comfort; AGENT=girl; PATIENT=guest
Sentence: the",Sentence: the,first_noun,-2.9738056659698486,-6.3086371421813965,-3.334831476211548,active,0.0
1095,role_labeled,no_prime_eos,no_prime_eos,,a girl comforts a guest .,a guest is comforted by a girl .,a,girl,a,guest,comfort,comforts,comforted,"[""VERB=comfort"", ""AGENT=girl"", ""PATIENT=guest""]","Event roles: VERB=comfort; AGENT=girl; PATIENT=guest
Sentence: the",Sentence: the,first_noun,-2.7826218605041504,-4.896201133728027,-2.113579273223877,active,0.0
1095,role_labeled,filler,filler,The teacher listened during assembly .,a girl comforts a guest .,a guest is comforted by a girl .,a,girl,a,guest,comfort,comforts,comforted,"[""VERB=comfort"", ""AGENT=girl"", ""PATIENT=guest""]","Prime sentence: The teacher listened during assembly .
Event roles: VERB=comfort; AGENT=girl; PATIENT=guest
Sentence: the",Sentence: the,first_noun,-2.404562473297119,-5.320340156555176,-2.9157776832580566,active,0.0
1096,role_labeled,active,active,a friend discovers a girl .,a soldier discovers a son .,a son is discovered by a soldier .,a,soldier,a,son,discover,discovers,discovered,"[""AGENT=soldier"", ""VERB=discover"", ""PATIENT=son""]","Prime sentence: a friend discovers a girl .
Event roles: AGENT=soldier; VERB=discover; PATIENT=son
Sentence: the",Sentence: the,first_noun,-3.3042688369750977,-5.197806358337402,-1.8935375213623047,active,0.0
1096,role_labeled,passive,passive,a girl is discovered by a friend .,a soldier discovers a son .,a son is discovered by a soldier .,a,soldier,a,son,discover,discovers,discovered,"[""AGENT=soldier"", ""VERB=discover"", ""PATIENT=son""]","Prime sentence: a girl is discovered by a friend .
Event roles: AGENT=soldier; VERB=discover; PATIENT=son
Sentence: the",Sentence: the,first_noun,-3.155493974685669,-5.162742614746094,-2.007248640060425,active,0.0
1096,role_labeled,no_prime_eos,no_prime_eos,,a soldier discovers a son .,a son is discovered by a soldier .,a,soldier,a,son,discover,discovers,discovered,"[""AGENT=soldier"", ""VERB=discover"", ""PATIENT=son""]","Event roles: AGENT=soldier; VERB=discover; PATIENT=son
Sentence: the",Sentence: the,first_noun,-3.363144636154175,-4.789928436279297,-1.426783800125122,active,0.0
1096,role_labeled,filler,filler,The traveler rested beside the river .,a soldier discovers a son .,a son is discovered by a soldier .,a,soldier,a,son,discover,discovers,discovered,"[""AGENT=soldier"", ""VERB=discover"", ""PATIENT=son""]","Prime sentence: The traveler rested beside the river .
Event roles: AGENT=soldier; VERB=discover; PATIENT=son
Sentence: the",Sentence: the,first_noun,-3.6002793312072754,-6.302337169647217,-2.7020578384399414,active,0.0
1097,role_labeled,active,active,a priest follows a prince .,a chief follows a child .,a child is followed by a chief .,a,chief,a,child,follow,follows,followed,"[""PATIENT=child"", ""AGENT=chief"", ""VERB=follow""]","Prime sentence: a priest follows a prince .
Event roles: PATIENT=child; AGENT=chief; VERB=follow
Sentence: the",Sentence: the,first_noun,-4.701476097106934,-3.940000295639038,0.7614758014678955,passive,1.0
1097,role_labeled,passive,passive,a prince is followed by a priest .,a chief follows a child .,a child is followed by a chief .,a,chief,a,child,follow,follows,followed,"[""PATIENT=child"", ""AGENT=chief"", ""VERB=follow""]","Prime sentence: a prince is followed by a priest .
Event roles: PATIENT=child; AGENT=chief; VERB=follow
Sentence: the",Sentence: the,first_noun,-4.778806686401367,-3.8607847690582275,0.9180219173431396,passive,1.0
1097,role_labeled,no_prime_eos,no_prime_eos,,a chief follows a child .,a child is followed by a chief .,a,chief,a,child,follow,follows,followed,"[""PATIENT=child"", ""AGENT=chief"", ""VERB=follow""]","Event roles: PATIENT=child; AGENT=chief; VERB=follow
Sentence: the",Sentence: the,first_noun,-3.784001111984253,-3.4373624324798584,0.34663867950439453,passive,1.0
1097,role_labeled,filler,filler,The garden brightened after rain .,a chief follows a child .,a child is followed by a chief .,a,chief,a,child,follow,follows,followed,"[""PATIENT=child"", ""AGENT=chief"", ""VERB=follow""]","Prime sentence: The garden brightened after rain .
Event roles: PATIENT=child; AGENT=chief; VERB=follow
Sentence: the",Sentence: the,first_noun,-7.030800819396973,-4.423430442810059,2.607370376586914,passive,1.0
1098,role_labeled,active,active,an opponent bothers a parent .,a boy bothers a brother .,a brother is bothered by a boy .,a,boy,a,brother,bother,bothers,bothered,"[""VERB=bother"", ""AGENT=boy"", ""PATIENT=brother""]","Prime sentence: an opponent bothers a parent .
Event roles: VERB=bother; AGENT=boy; PATIENT=brother
Sentence: the",Sentence: the,first_noun,-3.2044167518615723,-5.873084545135498,-2.668667793273926,active,0.0
1098,role_labeled,passive,passive,a parent is bothered by an opponent .,a boy bothers a brother .,a brother is bothered by a boy .,a,boy,a,brother,bother,bothers,bothered,"[""VERB=bother"", ""AGENT=boy"", ""PATIENT=brother""]","Prime sentence: a parent is bothered by an opponent .
Event roles: VERB=bother; AGENT=boy; PATIENT=brother
Sentence: the",Sentence: the,first_noun,-3.561594247817993,-6.281830787658691,-2.7202365398406982,active,0.0
1098,role_labeled,no_prime_eos,no_prime_eos,,a boy bothers a brother .,a brother is bothered by a boy .,a,boy,a,brother,bother,bothers,bothered,"[""VERB=bother"", ""AGENT=boy"", ""PATIENT=brother""]","Event roles: VERB=bother; AGENT=boy; PATIENT=brother
Sentence: the",Sentence: the,first_noun,-3.7310075759887695,-6.215974807739258,-2.4849672317504883,active,0.0
1098,role_labeled,filler,filler,The baker laughed during breakfast .,a boy bothers a brother .,a brother is bothered by a boy .,a,boy,a,brother,bother,bothers,bothered,"[""VERB=bother"", ""AGENT=boy"", ""PATIENT=brother""]","Prime sentence: The baker laughed during breakfast .
Event roles: VERB=bother; AGENT=boy; PATIENT=brother
Sentence: the",Sentence: the,first_noun,-2.8774471282958984,-6.780860424041748,-3.9034132957458496,active,0.0
1099,role_labeled,active,active,a nurse surprises an opponent .,a bishop surprises a boy .,a boy is surprised by a bishop .,a,bishop,a,boy,surpris,surprises,surprised,"[""AGENT=bishop"", ""VERB=surpris"", ""PATIENT=boy""]","Prime sentence: a nurse surprises an opponent .
Event roles: AGENT=bishop; VERB=surpris; PATIENT=boy
Sentence: the",Sentence: the,first_noun,-3.0498545169830322,-3.738454580307007,-0.6886000633239746,active,0.0
1099,role_labeled,passive,passive,an opponent is surprised by a nurse .,a bishop surprises a boy .,a boy is surprised by a bishop .,a,bishop,a,boy,surpris,surprises,surprised,"[""AGENT=bishop"", ""VERB=surpris"", ""PATIENT=boy""]","Prime sentence: an opponent is surprised by a nurse .
Event roles: AGENT=bishop; VERB=surpris; PATIENT=boy
Sentence: the",Sentence: the,first_noun,-3.6285898685455322,-3.371548652648926,0.25704121589660645,passive,1.0
1099,role_labeled,no_prime_eos,no_prime_eos,,a bishop surprises a boy .,a boy is surprised by a bishop .,a,bishop,a,boy,surpris,surprises,surprised,"[""AGENT=bishop"", ""VERB=surpris"", ""PATIENT=boy""]","Event roles: AGENT=bishop; VERB=surpris; PATIENT=boy
Sentence: the",Sentence: the,first_noun,-3.691819667816162,-4.352231025695801,-0.6604113578796387,active,0.0
1099,role_labeled,filler,filler,The market opened after sunrise .,a bishop surprises a boy .,a boy is surprised by a bishop .,a,bishop,a,boy,surpris,surprises,surprised,"[""AGENT=bishop"", ""VERB=surpris"", ""PATIENT=boy""]","Prime sentence: The market opened after sunrise .
Event roles: AGENT=bishop; VERB=surpris; PATIENT=boy
Sentence: the",Sentence: the,first_noun,-5.2344255447387695,-4.771909713745117,0.46251583099365234,passive,1.0
1100,role_labeled,active,active,a cousin teaches a daughter .,a professor teaches a reader .,a reader is taught by a professor .,a,professor,a,reader,teach,teaches,taught,"[""PATIENT=reader"", ""AGENT=professor"", ""VERB=teach""]","Prime sentence: a cousin teaches a daughter .
Event roles: PATIENT=reader; AGENT=professor; VERB=teach
Sentence: the",Sentence: the,first_noun,-3.7023637294769287,-6.292014122009277,-2.5896503925323486,active,0.0
1100,role_labeled,passive,passive,a daughter is taught by a cousin .,a professor teaches a reader .,a reader is taught by a professor .,a,professor,a,reader,teach,teaches,taught,"[""PATIENT=reader"", ""AGENT=professor"", ""VERB=teach""]","Prime sentence: a daughter is taught by a cousin .
Event roles: PATIENT=reader; AGENT=professor; VERB=teach
Sentence: the",Sentence: the,first_noun,-4.111011981964111,-6.163395881652832,-2.0523838996887207,active,0.0
1100,role_labeled,no_prime_eos,no_prime_eos,,a professor teaches a reader .,a reader is taught by a professor .,a,professor,a,reader,teach,teaches,taught,"[""PATIENT=reader"", ""AGENT=professor"", ""VERB=teach""]","Event roles: PATIENT=reader; AGENT=professor; VERB=teach
Sentence: the",Sentence: the,first_noun,-3.728991985321045,-5.432887554168701,-1.7038955688476562,active,0.0
1100,role_labeled,filler,filler,The painter waited near the doorway .,a professor teaches a reader .,a reader is taught by a professor .,a,professor,a,reader,teach,teaches,taught,"[""PATIENT=reader"", ""AGENT=professor"", ""VERB=teach""]","Prime sentence: The painter waited near the doorway .
Event roles: PATIENT=reader; AGENT=professor; VERB=teach
Sentence: the",Sentence: the,first_noun,-3.5637998580932617,-6.067601203918457,-2.5038013458251953,active,0.0
1101,role_labeled,active,active,a buddy hurries a candidate .,a parent hurries a partner .,a partner is hurried by a parent .,a,parent,a,partner,hurry,hurries,hurried,"[""VERB=hurry"", ""AGENT=parent"", ""PATIENT=partner""]","Prime sentence: a buddy hurries a candidate .
Event roles: VERB=hurry; AGENT=parent; PATIENT=partner
Sentence: the",Sentence: the,first_noun,-5.337793827056885,-6.05168342590332,-0.7138895988464355,active,0.0
1101,role_labeled,passive,passive,a candidate is hurried by a buddy .,a parent hurries a partner .,a partner is hurried by a parent .,a,parent,a,partner,hurry,hurries,hurried,"[""VERB=hurry"", ""AGENT=parent"", ""PATIENT=partner""]","Prime sentence: a candidate is hurried by a buddy .
Event roles: VERB=hurry; AGENT=parent; PATIENT=partner
Sentence: the",Sentence: the,first_noun,-5.21091365814209,-6.0001325607299805,-0.7892189025878906,active,0.0
1101,role_labeled,no_prime_eos,no_prime_eos,,a parent hurries a partner .,a partner is hurried by a parent .,a,parent,a,partner,hurry,hurries,hurried,"[""VERB=hurry"", ""AGENT=parent"", ""PATIENT=partner""]","Event roles: VERB=hurry; AGENT=parent; PATIENT=partner
Sentence: the",Sentence: the,first_noun,-5.172010898590088,-7.090540885925293,-1.918529987335205,active,0.0
1101,role_labeled,filler,filler,The garden brightened after rain .,a parent hurries a partner .,a partner is hurried by a parent .,a,parent,a,partner,hurry,hurries,hurried,"[""VERB=hurry"", ""AGENT=parent"", ""PATIENT=partner""]","Prime sentence: The garden brightened after rain .
Event roles: VERB=hurry; AGENT=parent; PATIENT=partner
Sentence: the",Sentence: the,first_noun,-7.253355979919434,-8.454994201660156,-1.2016382217407227,active,0.0
1102,role_labeled,active,active,a wife comforts a winner .,a hero comforts a husband .,a husband is comforted by a hero .,a,hero,a,husband,comfort,comforts,comforted,"[""PATIENT=husband"", ""VERB=comfort"", ""AGENT=hero""]","Prime sentence: a wife comforts a winner .
Event roles: PATIENT=husband; VERB=comfort; AGENT=hero
Sentence: the",Sentence: the,first_noun,-4.8061299324035645,-3.4213552474975586,1.3847746849060059,passive,1.0
1102,role_labeled,passive,passive,a winner is comforted by a wife .,a hero comforts a husband .,a husband is comforted by a hero .,a,hero,a,husband,comfort,comforts,comforted,"[""PATIENT=husband"", ""VERB=comfort"", ""AGENT=hero""]","Prime sentence: a winner is comforted by a wife .
Event roles: PATIENT=husband; VERB=comfort; AGENT=hero
Sentence: the",Sentence: the,first_noun,-5.25518798828125,-4.261857509613037,0.9933304786682129,passive,1.0
1102,role_labeled,no_prime_eos,no_prime_eos,,a hero comforts a husband .,a husband is comforted by a hero .,a,hero,a,husband,comfort,comforts,comforted,"[""PATIENT=husband"", ""VERB=comfort"", ""AGENT=hero""]","Event roles: PATIENT=husband; VERB=comfort; AGENT=hero
Sentence: the",Sentence: the,first_noun,-3.898433208465576,-4.003882884979248,-0.10544967651367188,active,0.0
1102,role_labeled,filler,filler,The captain waited beside the harbor .,a hero comforts a husband .,a husband is comforted by a hero .,a,hero,a,husband,comfort,comforts,comforted,"[""PATIENT=husband"", ""VERB=comfort"", ""AGENT=hero""]","Prime sentence: The captain waited beside the harbor .
Event roles: PATIENT=husband; VERB=comfort; AGENT=hero
Sentence: the",Sentence: the,first_noun,-5.547365665435791,-4.847639083862305,0.6997265815734863,passive,1.0
1103,role_labeled,active,active,a champion chases a chief .,a pilot chases a president .,a president is chased by a pilot .,a,pilot,a,president,chas,chases,chased,"[""PATIENT=president"", ""AGENT=pilot"", ""VERB=chas""]","Prime sentence: a champion chases a chief .
Event roles: PATIENT=president; AGENT=pilot; VERB=chas
Sentence: the",Sentence: the,first_noun,-4.590937614440918,-3.6182138919830322,0.9727237224578857,passive,1.0
1103,role_labeled,passive,passive,a chief is chased by a champion .,a pilot chases a president .,a president is chased by a pilot .,a,pilot,a,president,chas,chases,chased,"[""PATIENT=president"", ""AGENT=pilot"", ""VERB=chas""]","Prime sentence: a chief is chased by a champion .
Event roles: PATIENT=president; AGENT=pilot; VERB=chas
Sentence: the",Sentence: the,first_noun,-4.297648906707764,-3.721341609954834,0.5763072967529297,passive,1.0
1103,role_labeled,no_prime_eos,no_prime_eos,,a pilot chases a president .,a president is chased by a pilot .,a,pilot,a,president,chas,chases,chased,"[""PATIENT=president"", ""AGENT=pilot"", ""VERB=chas""]","Event roles: PATIENT=president; AGENT=pilot; VERB=chas
Sentence: the",Sentence: the,first_noun,-3.013951063156128,-3.6632747650146484,-0.6493237018585205,active,0.0
1103,role_labeled,filler,filler,The kettle whistled in the kitchen .,a pilot chases a president .,a president is chased by a pilot .,a,pilot,a,president,chas,chases,chased,"[""PATIENT=president"", ""AGENT=pilot"", ""VERB=chas""]","Prime sentence: The kettle whistled in the kitchen .
Event roles: PATIENT=president; AGENT=pilot; VERB=chas
Sentence: the",Sentence: the,first_noun,-5.231372833251953,-4.853612899780273,0.3777599334716797,passive,1.0
1104,role_labeled,active,active,an attorney carries an aunt .,a manager carries a mayor .,a mayor is carried by a manager .,a,manager,a,mayor,carry,carries,carried,"[""VERB=carry"", ""PATIENT=mayor"", ""AGENT=manager""]","Prime sentence: an attorney carries an aunt .
Event roles: VERB=carry; PATIENT=mayor; AGENT=manager
Sentence: the",Sentence: the,first_noun,-6.072232723236084,-2.673793315887451,3.398439407348633,passive,1.0
1104,role_labeled,passive,passive,an aunt is carried by an attorney .,a manager carries a mayor .,a mayor is carried by a manager .,a,manager,a,mayor,carry,carries,carried,"[""VERB=carry"", ""PATIENT=mayor"", ""AGENT=manager""]","Prime sentence: an aunt is carried by an attorney .
Event roles: VERB=carry; PATIENT=mayor; AGENT=manager
Sentence: the",Sentence: the,first_noun,-5.946597099304199,-2.3719310760498047,3.5746660232543945,passive,1.0
1104,role_labeled,no_prime_eos,no_prime_eos,,a manager carries a mayor .,a mayor is carried by a manager .,a,manager,a,mayor,carry,carries,carried,"[""VERB=carry"", ""PATIENT=mayor"", ""AGENT=manager""]","Event roles: VERB=carry; PATIENT=mayor; AGENT=manager
Sentence: the",Sentence: the,first_noun,-5.781907081604004,-2.7412118911743164,3.0406951904296875,passive,1.0
1104,role_labeled,filler,filler,The teacher listened during assembly .,a manager carries a mayor .,a mayor is carried by a manager .,a,manager,a,mayor,carry,carries,carried,"[""VERB=carry"", ""PATIENT=mayor"", ""AGENT=manager""]","Prime sentence: The teacher listened during assembly .
Event roles: VERB=carry; PATIENT=mayor; AGENT=manager
Sentence: the",Sentence: the,first_noun,-5.636202812194824,-2.209772825241089,3.4264299869537354,passive,1.0
1105,role_labeled,active,active,a buddy discovers a candidate .,a parent discovers a partner .,a partner is discovered by a parent .,a,parent,a,partner,discover,discovers,discovered,"[""VERB=discover"", ""PATIENT=partner"", ""AGENT=parent""]","Prime sentence: a buddy discovers a candidate .
Event roles: VERB=discover; PATIENT=partner; AGENT=parent
Sentence: the",Sentence: the,first_noun,-5.017268180847168,-4.731954574584961,0.28531360626220703,passive,1.0
1105,role_labeled,passive,passive,a candidate is discovered by a buddy .,a parent discovers a partner .,a partner is discovered by a parent .,a,parent,a,partner,discover,discovers,discovered,"[""VERB=discover"", ""PATIENT=partner"", ""AGENT=parent""]","Prime sentence: a candidate is discovered by a buddy .
Event roles: VERB=discover; PATIENT=partner; AGENT=parent
Sentence: the",Sentence: the,first_noun,-4.831206321716309,-4.501292705535889,0.3299136161804199,passive,1.0
1105,role_labeled,no_prime_eos,no_prime_eos,,a parent discovers a partner .,a partner is discovered by a parent .,a,parent,a,partner,discover,discovers,discovered,"[""VERB=discover"", ""PATIENT=partner"", ""AGENT=parent""]","Event roles: VERB=discover; PATIENT=partner; AGENT=parent
Sentence: the",Sentence: the,first_noun,-4.53586483001709,-6.042531967163086,-1.506667137145996,active,0.0
1105,role_labeled,filler,filler,The planet shimmered above the valley .,a parent discovers a partner .,a partner is discovered by a parent .,a,parent,a,partner,discover,discovers,discovered,"[""VERB=discover"", ""PATIENT=partner"", ""AGENT=parent""]","Prime sentence: The planet shimmered above the valley .
Event roles: VERB=discover; PATIENT=partner; AGENT=parent
Sentence: the",Sentence: the,first_noun,-7.206937313079834,-8.911499977111816,-1.7045626640319824,active,0.0
1106,role_labeled,active,active,a chief asks a child .,a president asks a priest .,a priest is asked by a president .,a,president,a,priest,ask,asks,asked,"[""AGENT=president"", ""PATIENT=priest"", ""VERB=ask""]","Prime sentence: a chief asks a child .
Event roles: AGENT=president; PATIENT=priest; VERB=ask
Sentence: the",Sentence: the,first_noun,-3.35658860206604,-3.621215581893921,-0.26462697982788086,active,0.0
1106,role_labeled,passive,passive,a child is asked by a chief .,a president asks a priest .,a priest is asked by a president .,a,president,a,priest,ask,asks,asked,"[""AGENT=president"", ""PATIENT=priest"", ""VERB=ask""]","Prime sentence: a child is asked by a chief .
Event roles: AGENT=president; PATIENT=priest; VERB=ask
Sentence: the",Sentence: the,first_noun,-3.366361618041992,-2.995429515838623,0.37093210220336914,passive,1.0
1106,role_labeled,no_prime_eos,no_prime_eos,,a president asks a priest .,a priest is asked by a president .,a,president,a,priest,ask,asks,asked,"[""AGENT=president"", ""PATIENT=priest"", ""VERB=ask""]","Event roles: AGENT=president; PATIENT=priest; VERB=ask
Sentence: the",Sentence: the,first_noun,-3.6566710472106934,-3.941781997680664,-0.2851109504699707,active,0.0
1106,role_labeled,filler,filler,The painter waited near the doorway .,a president asks a priest .,a priest is asked by a president .,a,president,a,priest,ask,asks,asked,"[""AGENT=president"", ""PATIENT=priest"", ""VERB=ask""]","Prime sentence: The painter waited near the doorway .
Event roles: AGENT=president; PATIENT=priest; VERB=ask
Sentence: the",Sentence: the,first_noun,-3.796933174133301,-2.718197822570801,1.0787353515625,passive,1.0
1107,role_labeled,active,active,an employee bothers an employer .,a secretary bothers a sheriff .,a sheriff is bothered by a secretary .,a,secretary,a,sheriff,bother,bothers,bothered,"[""VERB=bother"", ""PATIENT=sheriff"", ""AGENT=secretary""]","Prime sentence: an employee bothers an employer .
Event roles: VERB=bother; PATIENT=sheriff; AGENT=secretary
Sentence: the",Sentence: the,first_noun,-5.402891635894775,-4.183855056762695,1.21903657913208,passive,1.0
1107,role_labeled,passive,passive,an employer is bothered by an employee .,a secretary bothers a sheriff .,a sheriff is bothered by a secretary .,a,secretary,a,sheriff,bother,bothers,bothered,"[""VERB=bother"", ""PATIENT=sheriff"", ""AGENT=secretary""]","Prime sentence: an employer is bothered by an employee .
Event roles: VERB=bother; PATIENT=sheriff; AGENT=secretary
Sentence: the",Sentence: the,first_noun,-6.058900833129883,-4.652650833129883,1.40625,passive,1.0
1107,role_labeled,no_prime_eos,no_prime_eos,,a secretary bothers a sheriff .,a sheriff is bothered by a secretary .,a,secretary,a,sheriff,bother,bothers,bothered,"[""VERB=bother"", ""PATIENT=sheriff"", ""AGENT=secretary""]","Event roles: VERB=bother; PATIENT=sheriff; AGENT=secretary
Sentence: the",Sentence: the,first_noun,-5.759335517883301,-6.956294536590576,-1.1969590187072754,active,0.0
1107,role_labeled,filler,filler,The pillow rested on the sofa .,a secretary bothers a sheriff .,a sheriff is bothered by a secretary .,a,secretary,a,sheriff,bother,bothers,bothered,"[""VERB=bother"", ""PATIENT=sheriff"", ""AGENT=secretary""]","Prime sentence: The pillow rested on the sofa .
Event roles: VERB=bother; PATIENT=sheriff; AGENT=secretary
Sentence: the",Sentence: the,first_noun,-7.435786247253418,-6.1727800369262695,1.2630062103271484,passive,1.0
1108,role_labeled,active,active,a student asks a teacher .,a girl asks a guest .,a guest is asked by a girl .,a,girl,a,guest,ask,asks,asked,"[""AGENT=girl"", ""PATIENT=guest"", ""VERB=ask""]","Prime sentence: a student asks a teacher .
Event roles: AGENT=girl; PATIENT=guest; VERB=ask
Sentence: the",Sentence: the,first_noun,-1.949770212173462,-5.849120616912842,-3.89935040473938,active,0.0
1108,role_labeled,passive,passive,a teacher is asked by a student .,a girl asks a guest .,a guest is asked by a girl .,a,girl,a,guest,ask,asks,asked,"[""AGENT=girl"", ""PATIENT=guest"", ""VERB=ask""]","Prime sentence: a teacher is asked by a student .
Event roles: AGENT=girl; PATIENT=guest; VERB=ask
Sentence: the",Sentence: the,first_noun,-2.0261757373809814,-5.676983833312988,-3.650808095932007,active,0.0
1108,role_labeled,no_prime_eos,no_prime_eos,,a girl asks a guest .,a guest is asked by a girl .,a,girl,a,guest,ask,asks,asked,"[""AGENT=girl"", ""PATIENT=guest"", ""VERB=ask""]","Event roles: AGENT=girl; PATIENT=guest; VERB=ask
Sentence: the",Sentence: the,first_noun,-2.275019407272339,-4.659465789794922,-2.384446382522583,active,0.0
1108,role_labeled,filler,filler,The baker laughed during breakfast .,a girl asks a guest .,a guest is asked by a girl .,a,girl,a,guest,ask,asks,asked,"[""AGENT=girl"", ""PATIENT=guest"", ""VERB=ask""]","Prime sentence: The baker laughed during breakfast .
Event roles: AGENT=girl; PATIENT=guest; VERB=ask
Sentence: the",Sentence: the,first_noun,-3.1423959732055664,-5.297739028930664,-2.1553430557250977,active,0.0
1109,role_labeled,active,active,a leader chases a man .,an actor chases an actress .,an actress is chased by an actor .,an,actor,an,actress,chas,chases,chased,"[""VERB=chas"", ""PATIENT=actress"", ""AGENT=actor""]","Prime sentence: a leader chases a man .
Event roles: VERB=chas; PATIENT=actress; AGENT=actor
Sentence: the",Sentence: the,first_noun,-5.3327436447143555,-6.928652763366699,-1.5959091186523438,active,0.0
1109,role_labeled,passive,passive,a man is chased by a leader .,an actor chases an actress .,an actress is chased by an actor .,an,actor,an,actress,chas,chases,chased,"[""VERB=chas"", ""PATIENT=actress"", ""AGENT=actor""]","Prime sentence: a man is chased by a leader .
Event roles: VERB=chas; PATIENT=actress; AGENT=actor
Sentence: the",Sentence: the,first_noun,-5.159721374511719,-7.123319149017334,-1.9635977745056152,active,0.0
1109,role_labeled,no_prime_eos,no_prime_eos,,an actor chases an actress .,an actress is chased by an actor .,an,actor,an,actress,chas,chases,chased,"[""VERB=chas"", ""PATIENT=actress"", ""AGENT=actor""]","Event roles: VERB=chas; PATIENT=actress; AGENT=actor
Sentence: the",Sentence: the,first_noun,-4.82027006149292,-6.5755791664123535,-1.7553091049194336,active,0.0
1109,role_labeled,filler,filler,The captain waited beside the harbor .,an actor chases an actress .,an actress is chased by an actor .,an,actor,an,actress,chas,chases,chased,"[""VERB=chas"", ""PATIENT=actress"", ""AGENT=actor""]","Prime sentence: The captain waited beside the harbor .
Event roles: VERB=chas; PATIENT=actress; AGENT=actor
Sentence: the",Sentence: the,first_noun,-6.788061618804932,-7.074769973754883,-0.28670835494995117,active,0.0
1110,role_labeled,active,active,a teacher raises an uncle .,a guest raises a guy .,a guy is raised by a guest .,a,guest,a,guy,rais,raises,raised,"[""PATIENT=guy"", ""VERB=rais"", ""AGENT=guest""]","Prime sentence: a teacher raises an uncle .
Event roles: PATIENT=guy; VERB=rais; AGENT=guest
Sentence: the",Sentence: the,first_noun,-5.666385650634766,-4.315866470336914,1.3505191802978516,passive,1.0
1110,role_labeled,passive,passive,an uncle is raised by a teacher .,a guest raises a guy .,a guy is raised by a guest .,a,guest,a,guy,rais,raises,raised,"[""PATIENT=guy"", ""VERB=rais"", ""AGENT=guest""]","Prime sentence: an uncle is raised by a teacher .
Event roles: PATIENT=guy; VERB=rais; AGENT=guest
Sentence: the",Sentence: the,first_noun,-5.7178168296813965,-4.433610439300537,1.2842063903808594,passive,1.0
1110,role_labeled,no_prime_eos,no_prime_eos,,a guest raises a guy .,a guy is raised by a guest .,a,guest,a,guy,rais,raises,raised,"[""PATIENT=guy"", ""VERB=rais"", ""AGENT=guest""]","Event roles: PATIENT=guy; VERB=rais; AGENT=guest
Sentence: the",Sentence: the,first_noun,-4.637094497680664,-4.379069805145264,0.2580246925354004,passive,1.0
1110,role_labeled,filler,filler,The tourist wandered through the plaza .,a guest raises a guy .,a guy is raised by a guest .,a,guest,a,guy,rais,raises,raised,"[""PATIENT=guy"", ""VERB=rais"", ""AGENT=guest""]","Prime sentence: The tourist wandered through the plaza .
Event roles: PATIENT=guy; VERB=rais; AGENT=guest
Sentence: the",Sentence: the,first_noun,-4.459391117095947,-3.675151824951172,0.7842392921447754,passive,1.0
1111,role_labeled,active,active,a mother asks a nurse .,an author asks a bishop .,a bishop is asked by an author .,an,author,a,bishop,ask,asks,asked,"[""VERB=ask"", ""AGENT=author"", ""PATIENT=bishop""]","Prime sentence: a mother asks a nurse .
Event roles: VERB=ask; AGENT=author; PATIENT=bishop
Sentence: the",Sentence: the,first_noun,-6.451994895935059,-3.5658371448516846,2.886157751083374,passive,1.0
1111,role_labeled,passive,passive,a nurse is asked by a mother .,an author asks a bishop .,a bishop is asked by an author .,an,author,a,bishop,ask,asks,asked,"[""VERB=ask"", ""AGENT=author"", ""PATIENT=bishop""]","Prime sentence: a nurse is asked by a mother .
Event roles: VERB=ask; AGENT=author; PATIENT=bishop
Sentence: the",Sentence: the,first_noun,-6.14555025100708,-3.3321170806884766,2.8134331703186035,passive,1.0
1111,role_labeled,no_prime_eos,no_prime_eos,,an author asks a bishop .,a bishop is asked by an author .,an,author,a,bishop,ask,asks,asked,"[""VERB=ask"", ""AGENT=author"", ""PATIENT=bishop""]","Event roles: VERB=ask; AGENT=author; PATIENT=bishop
Sentence: the",Sentence: the,first_noun,-4.76557731628418,-3.7269773483276367,1.038599967956543,passive,1.0
1111,role_labeled,filler,filler,The singer smiled after rehearsal .,an author asks a bishop .,a bishop is asked by an author .,an,author,a,bishop,ask,asks,asked,"[""VERB=ask"", ""AGENT=author"", ""PATIENT=bishop""]","Prime sentence: The singer smiled after rehearsal .
Event roles: VERB=ask; AGENT=author; PATIENT=bishop
Sentence: the",Sentence: the,first_noun,-5.055600166320801,-4.33560037612915,0.7199997901916504,passive,1.0
1112,role_labeled,active,active,a winner judges a woman .,a husband judges a kid .,a kid is judged by a husband .,a,husband,a,kid,judg,judges,judged,"[""PATIENT=kid"", ""AGENT=husband"", ""VERB=judg""]","Prime sentence: a winner judges a woman .
Event roles: PATIENT=kid; AGENT=husband; VERB=judg
Sentence: the",Sentence: the,first_noun,-4.0198259353637695,-5.557921409606934,-1.538095474243164,active,0.0
1112,role_labeled,passive,passive,a woman is judged by a winner .,a husband judges a kid .,a kid is judged by a husband .,a,husband,a,kid,judg,judges,judged,"[""PATIENT=kid"", ""AGENT=husband"", ""VERB=judg""]","Prime sentence: a woman is judged by a winner .
Event roles: PATIENT=kid; AGENT=husband; VERB=judg
Sentence: the",Sentence: the,first_noun,-3.6622657775878906,-6.164593696594238,-2.5023279190063477,active,0.0
1112,role_labeled,no_prime_eos,no_prime_eos,,a husband judges a kid .,a kid is judged by a husband .,a,husband,a,kid,judg,judges,judged,"[""PATIENT=kid"", ""AGENT=husband"", ""VERB=judg""]","Event roles: PATIENT=kid; AGENT=husband; VERB=judg
Sentence: the",Sentence: the,first_noun,-3.802616834640503,-6.327136039733887,-2.524519205093384,active,0.0
1112,role_labeled,filler,filler,The baker laughed during breakfast .,a husband judges a kid .,a kid is judged by a husband .,a,husband,a,kid,judg,judges,judged,"[""PATIENT=kid"", ""AGENT=husband"", ""VERB=judg""]","Prime sentence: The baker laughed during breakfast .
Event roles: PATIENT=kid; AGENT=husband; VERB=judg
Sentence: the",Sentence: the,first_noun,-4.082648277282715,-5.135550498962402,-1.0529022216796875,active,0.0
1113,role_labeled,active,active,a teacher asks an uncle .,a guest asks a guy .,a guy is asked by a guest .,a,guest,a,guy,ask,asks,asked,"[""PATIENT=guy"", ""VERB=ask"", ""AGENT=guest""]","Prime sentence: a teacher asks an uncle .
Event roles: PATIENT=guy; VERB=ask; AGENT=guest
Sentence: the",Sentence: the,first_noun,-5.4525532722473145,-4.2785844802856445,1.17396879196167,passive,1.0
1113,role_labeled,passive,passive,an uncle is asked by a teacher .,a guest asks a guy .,a guy is asked by a guest .,a,guest,a,guy,ask,asks,asked,"[""PATIENT=guy"", ""VERB=ask"", ""AGENT=guest""]","Prime sentence: an uncle is asked by a teacher .
Event roles: PATIENT=guy; VERB=ask; AGENT=guest
Sentence: the",Sentence: the,first_noun,-5.68776798248291,-4.396459579467773,1.2913084030151367,passive,1.0
1113,role_labeled,no_prime_eos,no_prime_eos,,a guest asks a guy .,a guy is asked by a guest .,a,guest,a,guy,ask,asks,asked,"[""PATIENT=guy"", ""VERB=ask"", ""AGENT=guest""]","Event roles: PATIENT=guy; VERB=ask; AGENT=guest
Sentence: the",Sentence: the,first_noun,-4.585433006286621,-4.371555328369141,0.21387767791748047,passive,1.0
1113,role_labeled,filler,filler,The singer smiled after rehearsal .,a guest asks a guy .,a guy is asked by a guest .,a,guest,a,guy,ask,asks,asked,"[""PATIENT=guy"", ""VERB=ask"", ""AGENT=guest""]","Prime sentence: The singer smiled after rehearsal .
Event roles: PATIENT=guy; VERB=ask; AGENT=guest
Sentence: the",Sentence: the,first_noun,-5.40269660949707,-4.143712997436523,1.2589836120605469,passive,1.0
1114,role_labeled,active,active,a friend surprises a girl .,a soldier surprises a son .,a son is surprised by a soldier .,a,soldier,a,son,surpris,surprises,surprised,"[""AGENT=soldier"", ""PATIENT=son"", ""VERB=surpris""]","Prime sentence: a friend surprises a girl .
Event roles: AGENT=soldier; PATIENT=son; VERB=surpris
Sentence: the",Sentence: the,first_noun,-3.931335926055908,-5.435729026794434,-1.5043931007385254,active,0.0
1114,role_labeled,passive,passive,a girl is surprised by a friend .,a soldier surprises a son .,a son is surprised by a soldier .,a,soldier,a,son,surpris,surprises,surprised,"[""AGENT=soldier"", ""PATIENT=son"", ""VERB=surpris""]","Prime sentence: a girl is surprised by a friend .
Event roles: AGENT=soldier; PATIENT=son; VERB=surpris
Sentence: the",Sentence: the,first_noun,-3.5909271240234375,-5.622686386108398,-2.031759262084961,active,0.0
1114,role_labeled,no_prime_eos,no_prime_eos,,a soldier surprises a son .,a son is surprised by a soldier .,a,soldier,a,son,surpris,surprises,surprised,"[""AGENT=soldier"", ""PATIENT=son"", ""VERB=surpris""]","Event roles: AGENT=soldier; PATIENT=son; VERB=surpris
Sentence: the",Sentence: the,first_noun,-3.6838016510009766,-4.17864990234375,-0.49484825134277344,active,0.0
1114,role_labeled,filler,filler,The kettle whistled in the kitchen .,a soldier surprises a son .,a son is surprised by a soldier .,a,soldier,a,son,surpris,surprises,surprised,"[""AGENT=soldier"", ""PATIENT=son"", ""VERB=surpris""]","Prime sentence: The kettle whistled in the kitchen .
Event roles: AGENT=soldier; PATIENT=son; VERB=surpris
Sentence: the",Sentence: the,first_noun,-5.351123332977295,-6.193026542663574,-0.8419032096862793,active,0.0
1115,role_labeled,active,active,a mayor hurts a minister .,an attorney hurts an aunt .,an aunt is hurt by an attorney .,an,attorney,an,aunt,hurt,hurts,hurt,"[""VERB=hurt"", ""AGENT=attorney"", ""PATIENT=aunt""]","Prime sentence: a mayor hurts a minister .
Event roles: VERB=hurt; AGENT=attorney; PATIENT=aunt
Sentence: the",Sentence: the,first_noun,-6.566746234893799,-8.10710620880127,-1.5403599739074707,active,0.0
1115,role_labeled,passive,passive,a minister is hurt by a mayor .,an attorney hurts an aunt .,an aunt is hurt by an attorney .,an,attorney,an,aunt,hurt,hurts,hurt,"[""VERB=hurt"", ""AGENT=attorney"", ""PATIENT=aunt""]","Prime sentence: a minister is hurt by a mayor .
Event roles: VERB=hurt; AGENT=attorney; PATIENT=aunt
Sentence: the",Sentence: the,first_noun,-5.889265537261963,-7.7875518798828125,-1.8982863426208496,active,0.0
1115,role_labeled,no_prime_eos,no_prime_eos,,an attorney hurts an aunt .,an aunt is hurt by an attorney .,an,attorney,an,aunt,hurt,hurts,hurt,"[""VERB=hurt"", ""AGENT=attorney"", ""PATIENT=aunt""]","Event roles: VERB=hurt; AGENT=attorney; PATIENT=aunt
Sentence: the",Sentence: the,first_noun,-5.804998397827148,-8.727670669555664,-2.9226722717285156,active,0.0
1115,role_labeled,filler,filler,The teacher listened during assembly .,an attorney hurts an aunt .,an aunt is hurt by an attorney .,an,attorney,an,aunt,hurt,hurts,hurt,"[""VERB=hurt"", ""AGENT=attorney"", ""PATIENT=aunt""]","Prime sentence: The teacher listened during assembly .
Event roles: VERB=hurt; AGENT=attorney; PATIENT=aunt
Sentence: the",Sentence: the,first_noun,-5.672298431396484,-4.628911972045898,1.043386459350586,passive,1.0
1116,role_labeled,active,active,a nurse hurries an opponent .,a bishop hurries a boy .,a boy is hurried by a bishop .,a,bishop,a,boy,hurry,hurries,hurried,"[""PATIENT=boy"", ""VERB=hurry"", ""AGENT=bishop""]","Prime sentence: a nurse hurries an opponent .
Event roles: PATIENT=boy; VERB=hurry; AGENT=bishop
Sentence: the",Sentence: the,first_noun,-3.0247631072998047,-3.15529465675354,-0.13053154945373535,active,0.0
1116,role_labeled,passive,passive,an opponent is hurried by a nurse .,a bishop hurries a boy .,a boy is hurried by a bishop .,a,bishop,a,boy,hurry,hurries,hurried,"[""PATIENT=boy"", ""VERB=hurry"", ""AGENT=bishop""]","Prime sentence: an opponent is hurried by a nurse .
Event roles: PATIENT=boy; VERB=hurry; AGENT=bishop
Sentence: the",Sentence: the,first_noun,-3.4196536540985107,-3.560382127761841,-0.14072847366333008,active,0.0
1116,role_labeled,no_prime_eos,no_prime_eos,,a bishop hurries a boy .,a boy is hurried by a bishop .,a,bishop,a,boy,hurry,hurries,hurried,"[""PATIENT=boy"", ""VERB=hurry"", ""AGENT=bishop""]","Event roles: PATIENT=boy; VERB=hurry; AGENT=bishop
Sentence: the",Sentence: the,first_noun,-4.041600704193115,-2.8840866088867188,1.1575140953063965,passive,1.0
1116,role_labeled,filler,filler,The baker laughed during breakfast .,a bishop hurries a boy .,a boy is hurried by a bishop .,a,bishop,a,boy,hurry,hurries,hurried,"[""PATIENT=boy"", ""VERB=hurry"", ""AGENT=bishop""]","Prime sentence: The baker laughed during breakfast .
Event roles: PATIENT=boy; VERB=hurry; AGENT=bishop
Sentence: the",Sentence: the,first_noun,-2.7765495777130127,-2.8072988986968994,-0.03074932098388672,active,0.0
1117,role_labeled,active,active,a pilot beats a president .,a captain beats a champion .,a champion is beaten by a captain .,a,captain,a,champion,beat,beats,beaten,"[""VERB=beat"", ""AGENT=captain"", ""PATIENT=champion""]","Prime sentence: a pilot beats a president .
Event roles: VERB=beat; AGENT=captain; PATIENT=champion
Sentence: the",Sentence: the,first_noun,-4.163452625274658,-7.131550312042236,-2.968097686767578,active,0.0
1117,role_labeled,passive,passive,a president is beaten by a pilot .,a captain beats a champion .,a champion is beaten by a captain .,a,captain,a,champion,beat,beats,beaten,"[""VERB=beat"", ""AGENT=captain"", ""PATIENT=champion""]","Prime sentence: a president is beaten by a pilot .
Event roles: VERB=beat; AGENT=captain; PATIENT=champion
Sentence: the",Sentence: the,first_noun,-4.014030456542969,-7.534050941467285,-3.5200204849243164,active,0.0
1117,role_labeled,no_prime_eos,no_prime_eos,,a captain beats a champion .,a champion is beaten by a captain .,a,captain,a,champion,beat,beats,beaten,"[""VERB=beat"", ""AGENT=captain"", ""PATIENT=champion""]","Event roles: VERB=beat; AGENT=captain; PATIENT=champion
Sentence: the",Sentence: the,first_noun,-3.2112014293670654,-5.274202346801758,-2.0630009174346924,active,0.0
1117,role_labeled,filler,filler,The kettle whistled in the kitchen .,a captain beats a champion .,a champion is beaten by a captain .,a,captain,a,champion,beat,beats,beaten,"[""VERB=beat"", ""AGENT=captain"", ""PATIENT=champion""]","Prime sentence: The kettle whistled in the kitchen .
Event roles: VERB=beat; AGENT=captain; PATIENT=champion
Sentence: the",Sentence: the,first_noun,-5.239287853240967,-7.952667236328125,-2.713379383087158,active,0.0
1118,role_labeled,active,active,a pilot kills a president .,a captain kills a champion .,a champion is killed by a captain .,a,captain,a,champion,kill,kills,killed,"[""AGENT=captain"", ""PATIENT=champion"", ""VERB=kill""]","Prime sentence: a pilot kills a president .
Event roles: AGENT=captain; PATIENT=champion; VERB=kill
Sentence: the",Sentence: the,first_noun,-3.362790107727051,-7.360727310180664,-3.9979372024536133,active,0.0
1118,role_labeled,passive,passive,a president is killed by a pilot .,a captain kills a champion .,a champion is killed by a captain .,a,captain,a,champion,kill,kills,killed,"[""AGENT=captain"", ""PATIENT=champion"", ""VERB=kill""]","Prime sentence: a president is killed by a pilot .
Event roles: AGENT=captain; PATIENT=champion; VERB=kill
Sentence: the",Sentence: the,first_noun,-3.73819899559021,-8.009383201599121,-4.271184206008911,active,0.0
1118,role_labeled,no_prime_eos,no_prime_eos,,a captain kills a champion .,a champion is killed by a captain .,a,captain,a,champion,kill,kills,killed,"[""AGENT=captain"", ""PATIENT=champion"", ""VERB=kill""]","Event roles: AGENT=captain; PATIENT=champion; VERB=kill
Sentence: the",Sentence: the,first_noun,-3.0298867225646973,-5.209973335266113,-2.180086612701416,active,0.0
1118,role_labeled,filler,filler,The garden brightened after rain .,a captain kills a champion .,a champion is killed by a captain .,a,captain,a,champion,kill,kills,killed,"[""AGENT=captain"", ""PATIENT=champion"", ""VERB=kill""]","Prime sentence: The garden brightened after rain .
Event roles: AGENT=captain; PATIENT=champion; VERB=kill
Sentence: the",Sentence: the,first_noun,-5.583165168762207,-7.746945381164551,-2.1637802124023438,active,0.0
1119,role_labeled,active,active,a captain joins a champion .,a physician joins a pilot .,a pilot is joined by a physician .,a,physician,a,pilot,join,joins,joined,"[""AGENT=physician"", ""VERB=join"", ""PATIENT=pilot""]","Prime sentence: a captain joins a champion .
Event roles: AGENT=physician; VERB=join; PATIENT=pilot
Sentence: the",Sentence: the,first_noun,-5.022890090942383,-3.5911996364593506,1.4316904544830322,passive,1.0
1119,role_labeled,passive,passive,a champion is joined by a captain .,a physician joins a pilot .,a pilot is joined by a physician .,a,physician,a,pilot,join,joins,joined,"[""AGENT=physician"", ""VERB=join"", ""PATIENT=pilot""]","Prime sentence: a champion is joined by a captain .
Event roles: AGENT=physician; VERB=join; PATIENT=pilot
Sentence: the",Sentence: the,first_noun,-4.9232378005981445,-3.696549654006958,1.2266881465911865,passive,1.0
1119,role_labeled,no_prime_eos,no_prime_eos,,a physician joins a pilot .,a pilot is joined by a physician .,a,physician,a,pilot,join,joins,joined,"[""AGENT=physician"", ""VERB=join"", ""PATIENT=pilot""]","Event roles: AGENT=physician; VERB=join; PATIENT=pilot
Sentence: the",Sentence: the,first_noun,-3.914536237716675,-2.8958747386932373,1.0186614990234375,passive,1.0
1119,role_labeled,filler,filler,The teacher listened during assembly .,a physician joins a pilot .,a pilot is joined by a physician .,a,physician,a,pilot,join,joins,joined,"[""AGENT=physician"", ""VERB=join"", ""PATIENT=pilot""]","Prime sentence: The teacher listened during assembly .
Event roles: AGENT=physician; VERB=join; PATIENT=pilot
Sentence: the",Sentence: the,first_noun,-4.157954216003418,-2.9850564002990723,1.1728978157043457,passive,1.0
1120,role_labeled,active,active,a minister carries a mother .,an aunt carries an author .,an author is carried by an aunt .,an,aunt,an,author,carry,carries,carried,"[""VERB=carry"", ""PATIENT=author"", ""AGENT=aunt""]","Prime sentence: a minister carries a mother .
Event roles: VERB=carry; PATIENT=author; AGENT=aunt
Sentence: the",Sentence: the,first_noun,-6.762460708618164,-6.792163848876953,-0.029703140258789062,active,0.0
1120,role_labeled,passive,passive,a mother is carried by a minister .,an aunt carries an author .,an author is carried by an aunt .,an,aunt,an,author,carry,carries,carried,"[""VERB=carry"", ""PATIENT=author"", ""AGENT=aunt""]","Prime sentence: a mother is carried by a minister .
Event roles: VERB=carry; PATIENT=author; AGENT=aunt
Sentence: the",Sentence: the,first_noun,-7.225605010986328,-6.558479309082031,0.6671257019042969,passive,1.0
1120,role_labeled,no_prime_eos,no_prime_eos,,an aunt carries an author .,an author is carried by an aunt .,an,aunt,an,author,carry,carries,carried,"[""VERB=carry"", ""PATIENT=author"", ""AGENT=aunt""]","Event roles: VERB=carry; PATIENT=author; AGENT=aunt
Sentence: the",Sentence: the,first_noun,-8.128093719482422,-4.839271545410156,3.2888221740722656,passive,1.0
1120,role_labeled,filler,filler,The planet shimmered above the valley .,an aunt carries an author .,an author is carried by an aunt .,an,aunt,an,author,carry,carries,carried,"[""VERB=carry"", ""PATIENT=author"", ""AGENT=aunt""]","Prime sentence: The planet shimmered above the valley .
Event roles: VERB=carry; PATIENT=author; AGENT=aunt
Sentence: the",Sentence: the,first_noun,-10.072590827941895,-9.021084785461426,1.0515060424804688,passive,1.0
1121,role_labeled,active,active,a champion understands a chief .,a pilot understands a president .,a president is understood by a pilot .,a,pilot,a,president,understand,understands,understood,"[""VERB=understand"", ""AGENT=pilot"", ""PATIENT=president""]","Prime sentence: a champion understands a chief .
Event roles: VERB=understand; AGENT=pilot; PATIENT=president
Sentence: the",Sentence: the,first_noun,-6.04570198059082,-3.977644205093384,2.0680577754974365,passive,1.0
1121,role_labeled,passive,passive,a chief is understood by a champion .,a pilot understands a president .,a president is understood by a pilot .,a,pilot,a,president,understand,understands,understood,"[""VERB=understand"", ""AGENT=pilot"", ""PATIENT=president""]","Prime sentence: a chief is understood by a champion .
Event roles: VERB=understand; AGENT=pilot; PATIENT=president
Sentence: the",Sentence: the,first_noun,-5.915858745574951,-4.087097644805908,1.828761100769043,passive,1.0
1121,role_labeled,no_prime_eos,no_prime_eos,,a pilot understands a president .,a president is understood by a pilot .,a,pilot,a,president,understand,understands,understood,"[""VERB=understand"", ""AGENT=pilot"", ""PATIENT=president""]","Event roles: VERB=understand; AGENT=pilot; PATIENT=president
Sentence: the",Sentence: the,first_noun,-3.299929618835449,-4.116526126861572,-0.816596508026123,active,0.0
1121,role_labeled,filler,filler,The lantern glowed near sunset .,a pilot understands a president .,a president is understood by a pilot .,a,pilot,a,president,understand,understands,understood,"[""VERB=understand"", ""AGENT=pilot"", ""PATIENT=president""]","Prime sentence: The lantern glowed near sunset .
Event roles: VERB=understand; AGENT=pilot; PATIENT=president
Sentence: the",Sentence: the,first_noun,-5.141364574432373,-5.198027610778809,-0.05666303634643555,active,0.0
1122,role_labeled,active,active,a soldier follows a son .,a father follows a friend .,a friend is followed by a father .,a,father,a,friend,follow,follows,followed,"[""AGENT=father"", ""VERB=follow"", ""PATIENT=friend""]","Prime sentence: a soldier follows a son .
Event roles: AGENT=father; VERB=follow; PATIENT=friend
Sentence: the",Sentence: the,first_noun,-2.387803792953491,-5.717226028442383,-3.3294222354888916,active,0.0
1122,role_labeled,passive,passive,a son is followed by a soldier .,a father follows a friend .,a friend is followed by a father .,a,father,a,friend,follow,follows,followed,"[""AGENT=father"", ""VERB=follow"", ""PATIENT=friend""]","Prime sentence: a son is followed by a soldier .
Event roles: AGENT=father; VERB=follow; PATIENT=friend
Sentence: the",Sentence: the,first_noun,-2.622075080871582,-5.801799774169922,-3.17972469329834,active,0.0
1122,role_labeled,no_prime_eos,no_prime_eos,,a father follows a friend .,a friend is followed by a father .,a,father,a,friend,follow,follows,followed,"[""AGENT=father"", ""VERB=follow"", ""PATIENT=friend""]","Event roles: AGENT=father; VERB=follow; PATIENT=friend
Sentence: the",Sentence: the,first_noun,-2.7163493633270264,-6.046473979949951,-3.330124616622925,active,0.0
1122,role_labeled,filler,filler,The captain waited beside the harbor .,a father follows a friend .,a friend is followed by a father .,a,father,a,friend,follow,follows,followed,"[""AGENT=father"", ""VERB=follow"", ""PATIENT=friend""]","Prime sentence: The captain waited beside the harbor .
Event roles: AGENT=father; VERB=follow; PATIENT=friend
Sentence: the",Sentence: the,first_noun,-4.15865421295166,-6.775554180145264,-2.6168999671936035,active,0.0
1123,role_labeled,active,active,a friend comforts a girl .,a soldier comforts a son .,a son is comforted by a soldier .,a,soldier,a,son,comfort,comforts,comforted,"[""AGENT=soldier"", ""PATIENT=son"", ""VERB=comfort""]","Prime sentence: a friend comforts a girl .
Event roles: AGENT=soldier; PATIENT=son; VERB=comfort
Sentence: the",Sentence: the,first_noun,-3.4486894607543945,-5.601296901702881,-2.1526074409484863,active,0.0
1123,role_labeled,passive,passive,a girl is comforted by a friend .,a soldier comforts a son .,a son is comforted by a soldier .,a,soldier,a,son,comfort,comforts,comforted,"[""AGENT=soldier"", ""PATIENT=son"", ""VERB=comfort""]","Prime sentence: a girl is comforted by a friend .
Event roles: AGENT=soldier; PATIENT=son; VERB=comfort
Sentence: the",Sentence: the,first_noun,-3.3006606101989746,-5.912135601043701,-2.6114749908447266,active,0.0
1123,role_labeled,no_prime_eos,no_prime_eos,,a soldier comforts a son .,a son is comforted by a soldier .,a,soldier,a,son,comfort,comforts,comforted,"[""AGENT=soldier"", ""PATIENT=son"", ""VERB=comfort""]","Event roles: AGENT=soldier; PATIENT=son; VERB=comfort
Sentence: the",Sentence: the,first_noun,-3.2372140884399414,-4.720330715179443,-1.483116626739502,active,0.0
1123,role_labeled,filler,filler,The lantern glowed near sunset .,a soldier comforts a son .,a son is comforted by a soldier .,a,soldier,a,son,comfort,comforts,comforted,"[""AGENT=soldier"", ""PATIENT=son"", ""VERB=comfort""]","Prime sentence: The lantern glowed near sunset .
Event roles: AGENT=soldier; PATIENT=son; VERB=comfort
Sentence: the",Sentence: the,first_noun,-4.19187068939209,-6.673651695251465,-2.481781005859375,active,0.0
1124,role_labeled,active,active,a champion forgives a chief .,a pilot forgives a president .,a president is forgiven by a pilot .,a,pilot,a,president,forgiv,forgives,forgiven,"[""VERB=forgiv"", ""AGENT=pilot"", ""PATIENT=president""]","Prime sentence: a champion forgives a chief .
Event roles: VERB=forgiv; AGENT=pilot; PATIENT=president
Sentence: the",Sentence: the,first_noun,-5.720322608947754,-4.115444183349609,1.6048784255981445,passive,1.0
1124,role_labeled,passive,passive,a chief is forgiven by a champion .,a pilot forgives a president .,a president is forgiven by a pilot .,a,pilot,a,president,forgiv,forgives,forgiven,"[""VERB=forgiv"", ""AGENT=pilot"", ""PATIENT=president""]","Prime sentence: a chief is forgiven by a champion .
Event roles: VERB=forgiv; AGENT=pilot; PATIENT=president
Sentence: the",Sentence: the,first_noun,-5.353779315948486,-4.184981346130371,1.1687979698181152,passive,1.0
1124,role_labeled,no_prime_eos,no_prime_eos,,a pilot forgives a president .,a president is forgiven by a pilot .,a,pilot,a,president,forgiv,forgives,forgiven,"[""VERB=forgiv"", ""AGENT=pilot"", ""PATIENT=president""]","Event roles: VERB=forgiv; AGENT=pilot; PATIENT=president
Sentence: the",Sentence: the,first_noun,-3.386328935623169,-4.039381980895996,-0.6530530452728271,active,0.0
1124,role_labeled,filler,filler,The tourist wandered through the plaza .,a pilot forgives a president .,a president is forgiven by a pilot .,a,pilot,a,president,forgiv,forgives,forgiven,"[""VERB=forgiv"", ""AGENT=pilot"", ""PATIENT=president""]","Prime sentence: The tourist wandered through the plaza .
Event roles: VERB=forgiv; AGENT=pilot; PATIENT=president
Sentence: the",Sentence: the,first_noun,-4.963292598724365,-3.5475966930389404,1.4156959056854248,passive,1.0
1125,role_labeled,active,active,a winner strikes a woman .,a husband strikes a kid .,a kid is struck by a husband .,a,husband,a,kid,strik,strikes,struck,"[""VERB=strik"", ""AGENT=husband"", ""PATIENT=kid""]","Prime sentence: a winner strikes a woman .
Event roles: VERB=strik; AGENT=husband; PATIENT=kid
Sentence: the",Sentence: the,first_noun,-3.4979443550109863,-6.1768717765808105,-2.678927421569824,active,0.0
1125,role_labeled,passive,passive,a woman is struck by a winner .,a husband strikes a kid .,a kid is struck by a husband .,a,husband,a,kid,strik,strikes,struck,"[""VERB=strik"", ""AGENT=husband"", ""PATIENT=kid""]","Prime sentence: a woman is struck by a winner .
Event roles: VERB=strik; AGENT=husband; PATIENT=kid
Sentence: the",Sentence: the,first_noun,-3.550133228302002,-5.981642723083496,-2.431509494781494,active,0.0
1125,role_labeled,no_prime_eos,no_prime_eos,,a husband strikes a kid .,a kid is struck by a husband .,a,husband,a,kid,strik,strikes,struck,"[""VERB=strik"", ""AGENT=husband"", ""PATIENT=kid""]","Event roles: VERB=strik; AGENT=husband; PATIENT=kid
Sentence: the",Sentence: the,first_noun,-3.826683282852173,-5.865655899047852,-2.0389726161956787,active,0.0
1125,role_labeled,filler,filler,The radio crackled in the attic .,a husband strikes a kid .,a kid is struck by a husband .,a,husband,a,kid,strik,strikes,struck,"[""VERB=strik"", ""AGENT=husband"", ""PATIENT=kid""]","Prime sentence: The radio crackled in the attic .
Event roles: VERB=strik; AGENT=husband; PATIENT=kid
Sentence: the",Sentence: the,first_noun,-5.393621444702148,-5.924292087554932,-0.5306706428527832,active,0.0
1126,role_labeled,active,active,a guest embraces a guy .,a student embraces a teacher .,a teacher is embraced by a student .,a,student,a,teacher,embrac,embraces,embraced,"[""PATIENT=teacher"", ""AGENT=student"", ""VERB=embrac""]","Prime sentence: a guest embraces a guy .
Event roles: PATIENT=teacher; AGENT=student; VERB=embrac
Sentence: the",Sentence: the,first_noun,-3.7665414810180664,-3.2948052883148193,0.47173619270324707,passive,1.0
1126,role_labeled,passive,passive,a guy is embraced by a guest .,a student embraces a teacher .,a teacher is embraced by a student .,a,student,a,teacher,embrac,embraces,embraced,"[""PATIENT=teacher"", ""AGENT=student"", ""VERB=embrac""]","Prime sentence: a guy is embraced by a guest .
Event roles: PATIENT=teacher; AGENT=student; VERB=embrac
Sentence: the",Sentence: the,first_noun,-3.3523647785186768,-3.0141522884368896,0.3382124900817871,passive,1.0
1126,role_labeled,no_prime_eos,no_prime_eos,,a student embraces a teacher .,a teacher is embraced by a student .,a,student,a,teacher,embrac,embraces,embraced,"[""PATIENT=teacher"", ""AGENT=student"", ""VERB=embrac""]","Event roles: PATIENT=teacher; AGENT=student; VERB=embrac
Sentence: the",Sentence: the,first_noun,-3.0538439750671387,-2.6988320350646973,0.3550119400024414,passive,1.0
1126,role_labeled,filler,filler,The garden brightened after rain .,a student embraces a teacher .,a teacher is embraced by a student .,a,student,a,teacher,embrac,embraces,embraced,"[""PATIENT=teacher"", ""AGENT=student"", ""VERB=embrac""]","Prime sentence: The garden brightened after rain .
Event roles: PATIENT=teacher; AGENT=student; VERB=embrac
Sentence: the",Sentence: the,first_noun,-5.230289459228516,-4.396457672119141,0.833831787109375,passive,1.0
1127,role_labeled,active,active,an employer understands a father .,a sheriff understands a singer .,a singer is understood by a sheriff .,a,sheriff,a,singer,understand,understands,understood,"[""PATIENT=singer"", ""AGENT=sheriff"", ""VERB=understand""]","Prime sentence: an employer understands a father .
Event roles: PATIENT=singer; AGENT=sheriff; VERB=understand
Sentence: the",Sentence: the,first_noun,-4.864500999450684,-6.375561714172363,-1.5110607147216797,active,0.0
1127,role_labeled,passive,passive,a father is understood by an employer .,a sheriff understands a singer .,a singer is understood by a sheriff .,a,sheriff,a,singer,understand,understands,understood,"[""PATIENT=singer"", ""AGENT=sheriff"", ""VERB=understand""]","Prime sentence: a father is understood by an employer .
Event roles: PATIENT=singer; AGENT=sheriff; VERB=understand
Sentence: the",Sentence: the,first_noun,-5.107129096984863,-6.399578094482422,-1.2924489974975586,active,0.0
1127,role_labeled,no_prime_eos,no_prime_eos,,a sheriff understands a singer .,a singer is understood by a sheriff .,a,sheriff,a,singer,understand,understands,understood,"[""PATIENT=singer"", ""AGENT=sheriff"", ""VERB=understand""]","Event roles: PATIENT=singer; AGENT=sheriff; VERB=understand
Sentence: the",Sentence: the,first_noun,-6.373282432556152,-5.307432651519775,1.065849781036377,passive,1.0
1127,role_labeled,filler,filler,The kettle whistled in the kitchen .,a sheriff understands a singer .,a singer is understood by a sheriff .,a,sheriff,a,singer,understand,understands,understood,"[""PATIENT=singer"", ""AGENT=sheriff"", ""VERB=understand""]","Prime sentence: The kettle whistled in the kitchen .
Event roles: PATIENT=singer; AGENT=sheriff; VERB=understand
Sentence: the",Sentence: the,first_noun,-5.511158466339111,-7.789997100830078,-2.278838634490967,active,0.0
1128,role_labeled,active,active,an employee surprises an employer .,a secretary surprises a sheriff .,a sheriff is surprised by a secretary .,a,secretary,a,sheriff,surpris,surprises,surprised,"[""VERB=surpris"", ""AGENT=secretary"", ""PATIENT=sheriff""]","Prime sentence: an employee surprises an employer .
Event roles: VERB=surpris; AGENT=secretary; PATIENT=sheriff
Sentence: the",Sentence: the,first_noun,-5.394428253173828,-4.757911205291748,0.6365170478820801,passive,1.0
1128,role_labeled,passive,passive,an employer is surprised by an employee .,a secretary surprises a sheriff .,a sheriff is surprised by a secretary .,a,secretary,a,sheriff,surpris,surprises,surprised,"[""VERB=surpris"", ""AGENT=secretary"", ""PATIENT=sheriff""]","Prime sentence: an employer is surprised by an employee .
Event roles: VERB=surpris; AGENT=secretary; PATIENT=sheriff
Sentence: the",Sentence: the,first_noun,-5.750248908996582,-4.9913129806518555,0.7589359283447266,passive,1.0
1128,role_labeled,no_prime_eos,no_prime_eos,,a secretary surprises a sheriff .,a sheriff is surprised by a secretary .,a,secretary,a,sheriff,surpris,surprises,surprised,"[""VERB=surpris"", ""AGENT=secretary"", ""PATIENT=sheriff""]","Event roles: VERB=surpris; AGENT=secretary; PATIENT=sheriff
Sentence: the",Sentence: the,first_noun,-5.354548454284668,-5.643664360046387,-0.28911590576171875,active,0.0
1128,role_labeled,filler,filler,The radio crackled in the attic .,a secretary surprises a sheriff .,a sheriff is surprised by a secretary .,a,secretary,a,sheriff,surpris,surprises,surprised,"[""VERB=surpris"", ""AGENT=secretary"", ""PATIENT=sheriff""]","Prime sentence: The radio crackled in the attic .
Event roles: VERB=surpris; AGENT=secretary; PATIENT=sheriff
Sentence: the",Sentence: the,first_noun,-6.510682106018066,-4.850787162780762,1.6598949432373047,passive,1.0
1129,role_labeled,active,active,a wife grabs a winner .,a hero grabs a husband .,a husband is grabbed by a hero .,a,hero,a,husband,grab,grabs,grabbed,"[""PATIENT=husband"", ""VERB=grab"", ""AGENT=hero""]","Prime sentence: a wife grabs a winner .
Event roles: PATIENT=husband; VERB=grab; AGENT=hero
Sentence: the",Sentence: the,first_noun,-4.011450290679932,-2.558828830718994,1.4526214599609375,passive,1.0
1129,role_labeled,passive,passive,a winner is grabbed by a wife .,a hero grabs a husband .,a husband is grabbed by a hero .,a,hero,a,husband,grab,grabs,grabbed,"[""PATIENT=husband"", ""VERB=grab"", ""AGENT=hero""]","Prime sentence: a winner is grabbed by a wife .
Event roles: PATIENT=husband; VERB=grab; AGENT=hero
Sentence: the",Sentence: the,first_noun,-3.9316532611846924,-2.760104179382324,1.1715490818023682,passive,1.0
1129,role_labeled,no_prime_eos,no_prime_eos,,a hero grabs a husband .,a husband is grabbed by a hero .,a,hero,a,husband,grab,grabs,grabbed,"[""PATIENT=husband"", ""VERB=grab"", ""AGENT=hero""]","Event roles: PATIENT=husband; VERB=grab; AGENT=hero
Sentence: the",Sentence: the,first_noun,-3.2088623046875,-3.7659542560577393,-0.5570919513702393,active,0.0
1129,role_labeled,filler,filler,The baker laughed during breakfast .,a hero grabs a husband .,a husband is grabbed by a hero .,a,hero,a,husband,grab,grabs,grabbed,"[""PATIENT=husband"", ""VERB=grab"", ""AGENT=hero""]","Prime sentence: The baker laughed during breakfast .
Event roles: PATIENT=husband; VERB=grab; AGENT=hero
Sentence: the",Sentence: the,first_noun,-5.730842113494873,-3.975444793701172,1.7553973197937012,passive,1.0
1130,role_labeled,active,active,a lady carries a lawyer .,a worker carries a writer .,a writer is carried by a worker .,a,worker,a,writer,carry,carries,carried,"[""VERB=carry"", ""PATIENT=writer"", ""AGENT=worker""]","Prime sentence: a lady carries a lawyer .
Event roles: VERB=carry; PATIENT=writer; AGENT=worker
Sentence: the",Sentence: the,first_noun,-6.566794395446777,-6.086866855621338,0.47992753982543945,passive,1.0
1130,role_labeled,passive,passive,a lawyer is carried by a lady .,a worker carries a writer .,a writer is carried by a worker .,a,worker,a,writer,carry,carries,carried,"[""VERB=carry"", ""PATIENT=writer"", ""AGENT=worker""]","Prime sentence: a lawyer is carried by a lady .
Event roles: VERB=carry; PATIENT=writer; AGENT=worker
Sentence: the",Sentence: the,first_noun,-6.586349010467529,-5.730802059173584,0.8555469512939453,passive,1.0
1130,role_labeled,no_prime_eos,no_prime_eos,,a worker carries a writer .,a writer is carried by a worker .,a,worker,a,writer,carry,carries,carried,"[""VERB=carry"", ""PATIENT=writer"", ""AGENT=worker""]","Event roles: VERB=carry; PATIENT=writer; AGENT=worker
Sentence: the",Sentence: the,first_noun,-5.610533714294434,-5.176326751708984,0.4342069625854492,passive,1.0
1130,role_labeled,filler,filler,The planet shimmered above the valley .,a worker carries a writer .,a writer is carried by a worker .,a,worker,a,writer,carry,carries,carried,"[""VERB=carry"", ""PATIENT=writer"", ""AGENT=worker""]","Prime sentence: The planet shimmered above the valley .
Event roles: VERB=carry; PATIENT=writer; AGENT=worker
Sentence: the",Sentence: the,first_noun,-7.689515113830566,-8.098064422607422,-0.40854930877685547,active,0.0
1131,role_labeled,active,active,a mayor describes a minister .,an attorney describes an aunt .,an aunt is described by an attorney .,an,attorney,an,aunt,describ,describes,described,"[""VERB=describ"", ""PATIENT=aunt"", ""AGENT=attorney""]","Prime sentence: a mayor describes a minister .
Event roles: VERB=describ; PATIENT=aunt; AGENT=attorney
Sentence: the",Sentence: the,first_noun,-6.542961120605469,-7.833847999572754,-1.2908868789672852,active,0.0
1131,role_labeled,passive,passive,a minister is described by a mayor .,an attorney describes an aunt .,an aunt is described by an attorney .,an,attorney,an,aunt,describ,describes,described,"[""VERB=describ"", ""PATIENT=aunt"", ""AGENT=attorney""]","Prime sentence: a minister is described by a mayor .
Event roles: VERB=describ; PATIENT=aunt; AGENT=attorney
Sentence: the",Sentence: the,first_noun,-6.985174655914307,-8.644845008850098,-1.659670352935791,active,0.0
1131,role_labeled,no_prime_eos,no_prime_eos,,an attorney describes an aunt .,an aunt is described by an attorney .,an,attorney,an,aunt,describ,describes,described,"[""VERB=describ"", ""PATIENT=aunt"", ""AGENT=attorney""]","Event roles: VERB=describ; PATIENT=aunt; AGENT=attorney
Sentence: the",Sentence: the,first_noun,-6.61468505859375,-10.270550727844238,-3.6558656692504883,active,0.0
1131,role_labeled,filler,filler,The sculpture stood in the hallway .,an attorney describes an aunt .,an aunt is described by an attorney .,an,attorney,an,aunt,describ,describes,described,"[""VERB=describ"", ""PATIENT=aunt"", ""AGENT=attorney""]","Prime sentence: The sculpture stood in the hallway .
Event roles: VERB=describ; PATIENT=aunt; AGENT=attorney
Sentence: the",Sentence: the,first_noun,-6.5911054611206055,-7.355711936950684,-0.7646064758300781,active,0.0
1132,role_labeled,active,active,a mayor drags a minister .,an attorney drags an aunt .,an aunt is dragged by an attorney .,an,attorney,an,aunt,drag,drags,dragged,"[""VERB=drag"", ""PATIENT=aunt"", ""AGENT=attorney""]","Prime sentence: a mayor drags a minister .
Event roles: VERB=drag; PATIENT=aunt; AGENT=attorney
Sentence: the",Sentence: the,first_noun,-6.742081642150879,-7.620558738708496,-0.8784770965576172,active,0.0
1132,role_labeled,passive,passive,a minister is dragged by a mayor .,an attorney drags an aunt .,an aunt is dragged by an attorney .,an,attorney,an,aunt,drag,drags,dragged,"[""VERB=drag"", ""PATIENT=aunt"", ""AGENT=attorney""]","Prime sentence: a minister is dragged by a mayor .
Event roles: VERB=drag; PATIENT=aunt; AGENT=attorney
Sentence: the",Sentence: the,first_noun,-6.551301956176758,-8.132465362548828,-1.5811634063720703,active,0.0
1132,role_labeled,no_prime_eos,no_prime_eos,,an attorney drags an aunt .,an aunt is dragged by an attorney .,an,attorney,an,aunt,drag,drags,dragged,"[""VERB=drag"", ""PATIENT=aunt"", ""AGENT=attorney""]","Event roles: VERB=drag; PATIENT=aunt; AGENT=attorney
Sentence: the",Sentence: the,first_noun,-6.445382118225098,-10.027649879455566,-3.5822677612304688,active,0.0
1132,role_labeled,filler,filler,The garden brightened after rain .,an attorney drags an aunt .,an aunt is dragged by an attorney .,an,attorney,an,aunt,drag,drags,dragged,"[""VERB=drag"", ""PATIENT=aunt"", ""AGENT=attorney""]","Prime sentence: The garden brightened after rain .
Event roles: VERB=drag; PATIENT=aunt; AGENT=attorney
Sentence: the",Sentence: the,first_noun,-8.968973159790039,-7.705105781555176,1.2638673782348633,passive,1.0
1133,role_labeled,active,active,a reader forgives a scientist .,a cousin forgives a daughter .,a daughter is forgiven by a cousin .,a,cousin,a,daughter,forgiv,forgives,forgiven,"[""PATIENT=daughter"", ""AGENT=cousin"", ""VERB=forgiv""]","Prime sentence: a reader forgives a scientist .
Event roles: PATIENT=daughter; AGENT=cousin; VERB=forgiv
Sentence: the",Sentence: the,first_noun,-8.457330703735352,-5.152695655822754,3.3046350479125977,passive,1.0
1133,role_labeled,passive,passive,a scientist is forgiven by a reader .,a cousin forgives a daughter .,a daughter is forgiven by a cousin .,a,cousin,a,daughter,forgiv,forgives,forgiven,"[""PATIENT=daughter"", ""AGENT=cousin"", ""VERB=forgiv""]","Prime sentence: a scientist is forgiven by a reader .
Event roles: PATIENT=daughter; AGENT=cousin; VERB=forgiv
Sentence: the",Sentence: the,first_noun,-8.222309112548828,-5.013495445251465,3.2088136672973633,passive,1.0
1133,role_labeled,no_prime_eos,no_prime_eos,,a cousin forgives a daughter .,a daughter is forgiven by a cousin .,a,cousin,a,daughter,forgiv,forgives,forgiven,"[""PATIENT=daughter"", ""AGENT=cousin"", ""VERB=forgiv""]","Event roles: PATIENT=daughter; AGENT=cousin; VERB=forgiv
Sentence: the",Sentence: the,first_noun,-7.627108573913574,-3.9099631309509277,3.7171454429626465,passive,1.0
1133,role_labeled,filler,filler,The teacher listened during assembly .,a cousin forgives a daughter .,a daughter is forgiven by a cousin .,a,cousin,a,daughter,forgiv,forgives,forgiven,"[""PATIENT=daughter"", ""AGENT=cousin"", ""VERB=forgiv""]","Prime sentence: The teacher listened during assembly .
Event roles: PATIENT=daughter; AGENT=cousin; VERB=forgiv
Sentence: the",Sentence: the,first_noun,-6.659507751464844,-4.568730354309082,2.0907773971557617,passive,1.0
1134,role_labeled,active,active,a mother discovers a nurse .,an author discovers a bishop .,a bishop is discovered by an author .,an,author,a,bishop,discover,discovers,discovered,"[""PATIENT=bishop"", ""AGENT=author"", ""VERB=discover""]","Prime sentence: a mother discovers a nurse .
Event roles: PATIENT=bishop; AGENT=author; VERB=discover
Sentence: the",Sentence: the,first_noun,-5.0479736328125,-3.7287356853485107,1.3192379474639893,passive,1.0
1134,role_labeled,passive,passive,a nurse is discovered by a mother .,an author discovers a bishop .,a bishop is discovered by an author .,an,author,a,bishop,discover,discovers,discovered,"[""PATIENT=bishop"", ""AGENT=author"", ""VERB=discover""]","Prime sentence: a nurse is discovered by a mother .
Event roles: PATIENT=bishop; AGENT=author; VERB=discover
Sentence: the",Sentence: the,first_noun,-4.571455001831055,-3.607217788696289,0.9642372131347656,passive,1.0
1134,role_labeled,no_prime_eos,no_prime_eos,,an author discovers a bishop .,a bishop is discovered by an author .,an,author,a,bishop,discover,discovers,discovered,"[""PATIENT=bishop"", ""AGENT=author"", ""VERB=discover""]","Event roles: PATIENT=bishop; AGENT=author; VERB=discover
Sentence: the",Sentence: the,first_noun,-4.296305179595947,-4.213240623474121,0.08306455612182617,passive,1.0
1134,role_labeled,filler,filler,The witness paused near the doorway .,an author discovers a bishop .,a bishop is discovered by an author .,an,author,a,bishop,discover,discovers,discovered,"[""PATIENT=bishop"", ""AGENT=author"", ""VERB=discover""]","Prime sentence: The witness paused near the doorway .
Event roles: PATIENT=bishop; AGENT=author; VERB=discover
Sentence: the",Sentence: the,first_noun,-6.5632429122924805,-4.126482963562012,2.4367599487304688,passive,1.0
1135,role_labeled,active,active,a hero punches a husband .,an uncle punches a wife .,a wife is punched by an uncle .,an,uncle,a,wife,punch,punches,punched,"[""PATIENT=wife"", ""AGENT=uncle"", ""VERB=punch""]","Prime sentence: a hero punches a husband .
Event roles: PATIENT=wife; AGENT=uncle; VERB=punch
Sentence: the",Sentence: the,first_noun,-6.216307640075684,-3.0804765224456787,3.135831117630005,passive,1.0
1135,role_labeled,passive,passive,a husband is punched by a hero .,an uncle punches a wife .,a wife is punched by an uncle .,an,uncle,a,wife,punch,punches,punched,"[""PATIENT=wife"", ""AGENT=uncle"", ""VERB=punch""]","Prime sentence: a husband is punched by a hero .
Event roles: PATIENT=wife; AGENT=uncle; VERB=punch
Sentence: the",Sentence: the,first_noun,-6.098901271820068,-3.131072998046875,2.9678282737731934,passive,1.0
1135,role_labeled,no_prime_eos,no_prime_eos,,an uncle punches a wife .,a wife is punched by an uncle .,an,uncle,a,wife,punch,punches,punched,"[""PATIENT=wife"", ""AGENT=uncle"", ""VERB=punch""]","Event roles: PATIENT=wife; AGENT=uncle; VERB=punch
Sentence: the",Sentence: the,first_noun,-7.116190433502197,-3.7957046031951904,3.320485830307007,passive,1.0
1135,role_labeled,filler,filler,The painter waited near the doorway .,an uncle punches a wife .,a wife is punched by an uncle .,an,uncle,a,wife,punch,punches,punched,"[""PATIENT=wife"", ""AGENT=uncle"", ""VERB=punch""]","Prime sentence: The painter waited near the doorway .
Event roles: PATIENT=wife; AGENT=uncle; VERB=punch
Sentence: the",Sentence: the,first_noun,-5.599044322967529,-3.7318949699401855,1.8671493530273438,passive,1.0
1136,role_labeled,active,active,a cop embraces a cousin .,a princess embraces a professor .,a professor is embraced by a princess .,a,princess,a,professor,embrac,embraces,embraced,"[""AGENT=princess"", ""PATIENT=professor"", ""VERB=embrac""]","Prime sentence: a cop embraces a cousin .
Event roles: AGENT=princess; PATIENT=professor; VERB=embrac
Sentence: the",Sentence: the,first_noun,-5.831057548522949,-4.854860782623291,0.9761967658996582,passive,1.0
1136,role_labeled,passive,passive,a cousin is embraced by a cop .,a princess embraces a professor .,a professor is embraced by a princess .,a,princess,a,professor,embrac,embraces,embraced,"[""AGENT=princess"", ""PATIENT=professor"", ""VERB=embrac""]","Prime sentence: a cousin is embraced by a cop .
Event roles: AGENT=princess; PATIENT=professor; VERB=embrac
Sentence: the",Sentence: the,first_noun,-6.128239631652832,-4.933277130126953,1.194962501525879,passive,1.0
1136,role_labeled,no_prime_eos,no_prime_eos,,a princess embraces a professor .,a professor is embraced by a princess .,a,princess,a,professor,embrac,embraces,embraced,"[""AGENT=princess"", ""PATIENT=professor"", ""VERB=embrac""]","Event roles: AGENT=princess; PATIENT=professor; VERB=embrac
Sentence: the",Sentence: the,first_noun,-4.692713737487793,-4.902361869812012,-0.20964813232421875,active,0.0
1136,role_labeled,filler,filler,The garden brightened after rain .,a princess embraces a professor .,a professor is embraced by a princess .,a,princess,a,professor,embrac,embraces,embraced,"[""AGENT=princess"", ""PATIENT=professor"", ""VERB=embrac""]","Prime sentence: The garden brightened after rain .
Event roles: AGENT=princess; PATIENT=professor; VERB=embrac
Sentence: the",Sentence: the,first_noun,-5.750201225280762,-6.270192623138428,-0.519991397857666,active,0.0
1137,role_labeled,active,active,a physician discovers a pilot .,a candidate discovers a captain .,a captain is discovered by a candidate .,a,candidate,a,captain,discover,discovers,discovered,"[""VERB=discover"", ""AGENT=candidate"", ""PATIENT=captain""]","Prime sentence: a physician discovers a pilot .
Event roles: VERB=discover; AGENT=candidate; PATIENT=captain
Sentence: the",Sentence: the,first_noun,-5.0733137130737305,-3.248371124267578,1.8249425888061523,passive,1.0
1137,role_labeled,passive,passive,a pilot is discovered by a physician .,a candidate discovers a captain .,a captain is discovered by a candidate .,a,candidate,a,captain,discover,discovers,discovered,"[""VERB=discover"", ""AGENT=candidate"", ""PATIENT=captain""]","Prime sentence: a pilot is discovered by a physician .
Event roles: VERB=discover; AGENT=candidate; PATIENT=captain
Sentence: the",Sentence: the,first_noun,-4.877254009246826,-2.9941186904907227,1.8831353187561035,passive,1.0
1137,role_labeled,no_prime_eos,no_prime_eos,,a candidate discovers a captain .,a captain is discovered by a candidate .,a,candidate,a,captain,discover,discovers,discovered,"[""VERB=discover"", ""AGENT=candidate"", ""PATIENT=captain""]","Event roles: VERB=discover; AGENT=candidate; PATIENT=captain
Sentence: the",Sentence: the,first_noun,-4.298739433288574,-3.361790418624878,0.9369490146636963,passive,1.0
1137,role_labeled,filler,filler,The baker laughed during breakfast .,a candidate discovers a captain .,a captain is discovered by a candidate .,a,candidate,a,captain,discover,discovers,discovered,"[""VERB=discover"", ""AGENT=candidate"", ""PATIENT=captain""]","Prime sentence: The baker laughed during breakfast .
Event roles: VERB=discover; AGENT=candidate; PATIENT=captain
Sentence: the",Sentence: the,first_noun,-5.039228439331055,-3.765852212905884,1.273376226425171,passive,1.0
1138,role_labeled,active,active,a minister judges a mother .,an aunt judges an author .,an author is judged by an aunt .,an,aunt,an,author,judg,judges,judged,"[""VERB=judg"", ""AGENT=aunt"", ""PATIENT=author""]","Prime sentence: a minister judges a mother .
Event roles: VERB=judg; AGENT=aunt; PATIENT=author
Sentence: the",Sentence: the,first_noun,-5.604123115539551,-5.429322242736816,0.17480087280273438,passive,1.0
1138,role_labeled,passive,passive,a mother is judged by a minister .,an aunt judges an author .,an author is judged by an aunt .,an,aunt,an,author,judg,judges,judged,"[""VERB=judg"", ""AGENT=aunt"", ""PATIENT=author""]","Prime sentence: a mother is judged by a minister .
Event roles: VERB=judg; AGENT=aunt; PATIENT=author
Sentence: the",Sentence: the,first_noun,-6.5851874351501465,-6.078578948974609,0.5066084861755371,passive,1.0
1138,role_labeled,no_prime_eos,no_prime_eos,,an aunt judges an author .,an author is judged by an aunt .,an,aunt,an,author,judg,judges,judged,"[""VERB=judg"", ""AGENT=aunt"", ""PATIENT=author""]","Event roles: VERB=judg; AGENT=aunt; PATIENT=author
Sentence: the",Sentence: the,first_noun,-9.094093322753906,-4.382251262664795,4.711842060089111,passive,1.0
1138,role_labeled,filler,filler,The garden brightened after rain .,an aunt judges an author .,an author is judged by an aunt .,an,aunt,an,author,judg,judges,judged,"[""VERB=judg"", ""AGENT=aunt"", ""PATIENT=author""]","Prime sentence: The garden brightened after rain .
Event roles: VERB=judg; AGENT=aunt; PATIENT=author
Sentence: the",Sentence: the,first_noun,-7.880990982055664,-7.799587726593018,0.08140325546264648,passive,1.0
1139,role_labeled,active,active,a wife hurts a winner .,a hero hurts a husband .,a husband is hurt by a hero .,a,hero,a,husband,hurt,hurts,hurt,"[""AGENT=hero"", ""VERB=hurt"", ""PATIENT=husband""]","Prime sentence: a wife hurts a winner .
Event roles: AGENT=hero; VERB=hurt; PATIENT=husband
Sentence: the",Sentence: the,first_noun,-4.855720520019531,-3.47619366645813,1.3795268535614014,passive,1.0
1139,role_labeled,passive,passive,a winner is hurt by a wife .,a hero hurts a husband .,a husband is hurt by a hero .,a,hero,a,husband,hurt,hurts,hurt,"[""AGENT=hero"", ""VERB=hurt"", ""PATIENT=husband""]","Prime sentence: a winner is hurt by a wife .
Event roles: AGENT=hero; VERB=hurt; PATIENT=husband
Sentence: the",Sentence: the,first_noun,-4.307680130004883,-3.875458240509033,0.4322218894958496,passive,1.0
1139,role_labeled,no_prime_eos,no_prime_eos,,a hero hurts a husband .,a husband is hurt by a hero .,a,hero,a,husband,hurt,hurts,hurt,"[""AGENT=hero"", ""VERB=hurt"", ""PATIENT=husband""]","Event roles: AGENT=hero; VERB=hurt; PATIENT=husband
Sentence: the",Sentence: the,first_noun,-2.8351213932037354,-5.1815185546875,-2.3463971614837646,active,0.0
1139,role_labeled,filler,filler,The singer smiled after rehearsal .,a hero hurts a husband .,a husband is hurt by a hero .,a,hero,a,husband,hurt,hurts,hurt,"[""AGENT=hero"", ""VERB=hurt"", ""PATIENT=husband""]","Prime sentence: The singer smiled after rehearsal .
Event roles: AGENT=hero; VERB=hurt; PATIENT=husband
Sentence: the",Sentence: the,first_noun,-5.279042720794678,-5.06475830078125,0.21428442001342773,passive,1.0
1140,role_labeled,active,active,a mayor surprises a minister .,an attorney surprises an aunt .,an aunt is surprised by an attorney .,an,attorney,an,aunt,surpris,surprises,surprised,"[""AGENT=attorney"", ""PATIENT=aunt"", ""VERB=surpris""]","Prime sentence: a mayor surprises a minister .
Event roles: AGENT=attorney; PATIENT=aunt; VERB=surpris
Sentence: the",Sentence: the,first_noun,-5.677847862243652,-7.770912170410156,-2.093064308166504,active,0.0
1140,role_labeled,passive,passive,a minister is surprised by a mayor .,an attorney surprises an aunt .,an aunt is surprised by an attorney .,an,attorney,an,aunt,surpris,surprises,surprised,"[""AGENT=attorney"", ""PATIENT=aunt"", ""VERB=surpris""]","Prime sentence: a minister is surprised by a mayor .
Event roles: AGENT=attorney; PATIENT=aunt; VERB=surpris
Sentence: the",Sentence: the,first_noun,-4.993450164794922,-7.646335601806641,-2.6528854370117188,active,0.0
1140,role_labeled,no_prime_eos,no_prime_eos,,an attorney surprises an aunt .,an aunt is surprised by an attorney .,an,attorney,an,aunt,surpris,surprises,surprised,"[""AGENT=attorney"", ""PATIENT=aunt"", ""VERB=surpris""]","Event roles: AGENT=attorney; PATIENT=aunt; VERB=surpris
Sentence: the",Sentence: the,first_noun,-5.5878400802612305,-8.694015502929688,-3.106175422668457,active,0.0
1140,role_labeled,filler,filler,The package arrived before noon .,an attorney surprises an aunt .,an aunt is surprised by an attorney .,an,attorney,an,aunt,surpris,surprises,surprised,"[""AGENT=attorney"", ""PATIENT=aunt"", ""VERB=surpris""]","Prime sentence: The package arrived before noon .
Event roles: AGENT=attorney; PATIENT=aunt; VERB=surpris
Sentence: the",Sentence: the,first_noun,-5.907983303070068,-6.47433614730835,-0.5663528442382812,active,0.0
1141,role_labeled,active,active,a girl bothers a guest .,a son bothers a student .,a student is bothered by a son .,a,son,a,student,bother,bothers,bothered,"[""AGENT=son"", ""PATIENT=student"", ""VERB=bother""]","Prime sentence: a girl bothers a guest .
Event roles: AGENT=son; PATIENT=student; VERB=bother
Sentence: the",Sentence: the,first_noun,-5.493489742279053,-4.357932090759277,1.1355576515197754,passive,1.0
1141,role_labeled,passive,passive,a guest is bothered by a girl .,a son bothers a student .,a student is bothered by a son .,a,son,a,student,bother,bothers,bothered,"[""AGENT=son"", ""PATIENT=student"", ""VERB=bother""]","Prime sentence: a guest is bothered by a girl .
Event roles: AGENT=son; PATIENT=student; VERB=bother
Sentence: the",Sentence: the,first_noun,-5.209794998168945,-4.178625106811523,1.0311698913574219,passive,1.0
1141,role_labeled,no_prime_eos,no_prime_eos,,a son bothers a student .,a student is bothered by a son .,a,son,a,student,bother,bothers,bothered,"[""AGENT=son"", ""PATIENT=student"", ""VERB=bother""]","Event roles: AGENT=son; PATIENT=student; VERB=bother
Sentence: the",Sentence: the,first_noun,-4.85652494430542,-3.235921859741211,1.620603084564209,passive,1.0
1141,role_labeled,filler,filler,The package arrived before noon .,a son bothers a student .,a student is bothered by a son .,a,son,a,student,bother,bothers,bothered,"[""AGENT=son"", ""PATIENT=student"", ""VERB=bother""]","Prime sentence: The package arrived before noon .
Event roles: AGENT=son; PATIENT=student; VERB=bother
Sentence: the",Sentence: the,first_noun,-5.443624496459961,-4.209471225738525,1.2341532707214355,passive,1.0
1142,role_labeled,active,active,a bishop describes a boy .,a mother describes a nurse .,a nurse is described by a mother .,a,mother,a,nurse,describ,describes,described,"[""PATIENT=nurse"", ""AGENT=mother"", ""VERB=describ""]","Prime sentence: a bishop describes a boy .
Event roles: PATIENT=nurse; AGENT=mother; VERB=describ
Sentence: the",Sentence: the,first_noun,-3.857362747192383,-3.8222317695617676,0.035130977630615234,passive,1.0
1142,role_labeled,passive,passive,a boy is described by a bishop .,a mother describes a nurse .,a nurse is described by a mother .,a,mother,a,nurse,describ,describes,described,"[""PATIENT=nurse"", ""AGENT=mother"", ""VERB=describ""]","Prime sentence: a boy is described by a bishop .
Event roles: PATIENT=nurse; AGENT=mother; VERB=describ
Sentence: the",Sentence: the,first_noun,-3.6244068145751953,-3.890089511871338,-0.2656826972961426,active,0.0
1142,role_labeled,no_prime_eos,no_prime_eos,,a mother describes a nurse .,a nurse is described by a mother .,a,mother,a,nurse,describ,describes,described,"[""PATIENT=nurse"", ""AGENT=mother"", ""VERB=describ""]","Event roles: PATIENT=nurse; AGENT=mother; VERB=describ
Sentence: the",Sentence: the,first_noun,-3.5498955249786377,-3.6905181407928467,-0.14062261581420898,active,0.0
1142,role_labeled,filler,filler,The market opened after sunrise .,a mother describes a nurse .,a nurse is described by a mother .,a,mother,a,nurse,describ,describes,described,"[""PATIENT=nurse"", ""AGENT=mother"", ""VERB=describ""]","Prime sentence: The market opened after sunrise .
Event roles: PATIENT=nurse; AGENT=mother; VERB=describ
Sentence: the",Sentence: the,first_noun,-4.99440860748291,-5.037212371826172,-0.04280376434326172,active,0.0
1143,role_labeled,active,active,a writer hurts an actor .,a lady hurts a lawyer .,a lawyer is hurt by a lady .,a,lady,a,lawyer,hurt,hurts,hurt,"[""PATIENT=lawyer"", ""AGENT=lady"", ""VERB=hurt""]","Prime sentence: a writer hurts an actor .
Event roles: PATIENT=lawyer; AGENT=lady; VERB=hurt
Sentence: the",Sentence: the,first_noun,-5.894412040710449,-3.9957027435302734,1.8987092971801758,passive,1.0
1143,role_labeled,passive,passive,an actor is hurt by a writer .,a lady hurts a lawyer .,a lawyer is hurt by a lady .,a,lady,a,lawyer,hurt,hurts,hurt,"[""PATIENT=lawyer"", ""AGENT=lady"", ""VERB=hurt""]","Prime sentence: an actor is hurt by a writer .
Event roles: PATIENT=lawyer; AGENT=lady; VERB=hurt
Sentence: the",Sentence: the,first_noun,-6.200177192687988,-3.8740861415863037,2.3260910511016846,passive,1.0
1143,role_labeled,no_prime_eos,no_prime_eos,,a lady hurts a lawyer .,a lawyer is hurt by a lady .,a,lady,a,lawyer,hurt,hurts,hurt,"[""PATIENT=lawyer"", ""AGENT=lady"", ""VERB=hurt""]","Event roles: PATIENT=lawyer; AGENT=lady; VERB=hurt
Sentence: the",Sentence: the,first_noun,-5.447072982788086,-4.596254825592041,0.8508181571960449,passive,1.0
1143,role_labeled,filler,filler,The garden brightened after rain .,a lady hurts a lawyer .,a lawyer is hurt by a lady .,a,lady,a,lawyer,hurt,hurts,hurt,"[""PATIENT=lawyer"", ""AGENT=lady"", ""VERB=hurt""]","Prime sentence: The garden brightened after rain .
Event roles: PATIENT=lawyer; AGENT=lady; VERB=hurt
Sentence: the",Sentence: the,first_noun,-4.95072078704834,-5.971312999725342,-1.020592212677002,active,0.0
1144,role_labeled,active,active,a colonel forgives a cop .,a prince forgives a princess .,a princess is forgiven by a prince .,a,prince,a,princess,forgiv,forgives,forgiven,"[""VERB=forgiv"", ""PATIENT=princess"", ""AGENT=prince""]","Prime sentence: a colonel forgives a cop .
Event roles: VERB=forgiv; PATIENT=princess; AGENT=prince
Sentence: the",Sentence: the,first_noun,-4.33221960067749,-4.862152576446533,-0.529932975769043,active,0.0
1144,role_labeled,passive,passive,a cop is forgiven by a colonel .,a prince forgives a princess .,a princess is forgiven by a prince .,a,prince,a,princess,forgiv,forgives,forgiven,"[""VERB=forgiv"", ""PATIENT=princess"", ""AGENT=prince""]","Prime sentence: a cop is forgiven by a colonel .
Event roles: VERB=forgiv; PATIENT=princess; AGENT=prince
Sentence: the",Sentence: the,first_noun,-4.876623153686523,-5.147193908691406,-0.2705707550048828,active,0.0
1144,role_labeled,no_prime_eos,no_prime_eos,,a prince forgives a princess .,a princess is forgiven by a prince .,a,prince,a,princess,forgiv,forgives,forgiven,"[""VERB=forgiv"", ""PATIENT=princess"", ""AGENT=prince""]","Event roles: VERB=forgiv; PATIENT=princess; AGENT=prince
Sentence: the",Sentence: the,first_noun,-3.998455762863159,-4.195809364318848,-0.19735360145568848,active,0.0
1144,role_labeled,filler,filler,The baker laughed during breakfast .,a prince forgives a princess .,a princess is forgiven by a prince .,a,prince,a,princess,forgiv,forgives,forgiven,"[""VERB=forgiv"", ""PATIENT=princess"", ""AGENT=prince""]","Prime sentence: The baker laughed during breakfast .
Event roles: VERB=forgiv; PATIENT=princess; AGENT=prince
Sentence: the",Sentence: the,first_noun,-4.236027717590332,-4.935346603393555,-0.6993188858032227,active,0.0
1145,role_labeled,active,active,a hero carries a husband .,an uncle carries a wife .,a wife is carried by an uncle .,an,uncle,a,wife,carry,carries,carried,"[""PATIENT=wife"", ""AGENT=uncle"", ""VERB=carry""]","Prime sentence: a hero carries a husband .
Event roles: PATIENT=wife; AGENT=uncle; VERB=carry
Sentence: the",Sentence: the,first_noun,-6.730745315551758,-3.7548983097076416,2.975847005844116,passive,1.0
1145,role_labeled,passive,passive,a husband is carried by a hero .,an uncle carries a wife .,a wife is carried by an uncle .,an,uncle,a,wife,carry,carries,carried,"[""PATIENT=wife"", ""AGENT=uncle"", ""VERB=carry""]","Prime sentence: a husband is carried by a hero .
Event roles: PATIENT=wife; AGENT=uncle; VERB=carry
Sentence: the",Sentence: the,first_noun,-6.835025787353516,-3.7095816135406494,3.125444173812866,passive,1.0
1145,role_labeled,no_prime_eos,no_prime_eos,,an uncle carries a wife .,a wife is carried by an uncle .,an,uncle,a,wife,carry,carries,carried,"[""PATIENT=wife"", ""AGENT=uncle"", ""VERB=carry""]","Event roles: PATIENT=wife; AGENT=uncle; VERB=carry
Sentence: the",Sentence: the,first_noun,-6.798244476318359,-3.702435255050659,3.0958092212677,passive,1.0
1145,role_labeled,filler,filler,The witness paused near the doorway .,an uncle carries a wife .,a wife is carried by an uncle .,an,uncle,a,wife,carry,carries,carried,"[""PATIENT=wife"", ""AGENT=uncle"", ""VERB=carry""]","Prime sentence: The witness paused near the doorway .
Event roles: PATIENT=wife; AGENT=uncle; VERB=carry
Sentence: the",Sentence: the,first_noun,-5.107303619384766,-3.49958872795105,1.6077148914337158,passive,1.0
1146,role_labeled,active,active,a champion kills a chief .,a pilot kills a president .,a president is killed by a pilot .,a,pilot,a,president,kill,kills,killed,"[""PATIENT=president"", ""AGENT=pilot"", ""VERB=kill""]","Prime sentence: a champion kills a chief .
Event roles: PATIENT=president; AGENT=pilot; VERB=kill
Sentence: the",Sentence: the,first_noun,-3.4937450885772705,-3.0995595455169678,0.39418554306030273,passive,1.0
1146,role_labeled,passive,passive,a chief is killed by a champion .,a pilot kills a president .,a president is killed by a pilot .,a,pilot,a,president,kill,kills,killed,"[""PATIENT=president"", ""AGENT=pilot"", ""VERB=kill""]","Prime sentence: a chief is killed by a champion .
Event roles: PATIENT=president; AGENT=pilot; VERB=kill
Sentence: the",Sentence: the,first_noun,-3.3008148670196533,-2.712691068649292,0.5881237983703613,passive,1.0
1146,role_labeled,no_prime_eos,no_prime_eos,,a pilot kills a president .,a president is killed by a pilot .,a,pilot,a,president,kill,kills,killed,"[""PATIENT=president"", ""AGENT=pilot"", ""VERB=kill""]","Event roles: PATIENT=president; AGENT=pilot; VERB=kill
Sentence: the",Sentence: the,first_noun,-2.4704010486602783,-3.803006887435913,-1.3326058387756348,active,0.0
1146,role_labeled,filler,filler,The signal flickered across the screen .,a pilot kills a president .,a president is killed by a pilot .,a,pilot,a,president,kill,kills,killed,"[""PATIENT=president"", ""AGENT=pilot"", ""VERB=kill""]","Prime sentence: The signal flickered across the screen .
Event roles: PATIENT=president; AGENT=pilot; VERB=kill
Sentence: the",Sentence: the,first_noun,-2.704298973083496,-5.133646488189697,-2.429347515106201,active,0.0
1147,role_labeled,active,active,a lady hurts a lawyer .,a worker hurts a writer .,a writer is hurt by a worker .,a,worker,a,writer,hurt,hurts,hurt,"[""PATIENT=writer"", ""AGENT=worker"", ""VERB=hurt""]","Prime sentence: a lady hurts a lawyer .
Event roles: PATIENT=writer; AGENT=worker; VERB=hurt
Sentence: the",Sentence: the,first_noun,-6.076738357543945,-5.885828971862793,0.19090938568115234,passive,1.0
1147,role_labeled,passive,passive,a lawyer is hurt by a lady .,a worker hurts a writer .,a writer is hurt by a worker .,a,worker,a,writer,hurt,hurts,hurt,"[""PATIENT=writer"", ""AGENT=worker"", ""VERB=hurt""]","Prime sentence: a lawyer is hurt by a lady .
Event roles: PATIENT=writer; AGENT=worker; VERB=hurt
Sentence: the",Sentence: the,first_noun,-5.663010597229004,-4.9499101638793945,0.7131004333496094,passive,1.0
1147,role_labeled,no_prime_eos,no_prime_eos,,a worker hurts a writer .,a writer is hurt by a worker .,a,worker,a,writer,hurt,hurts,hurt,"[""PATIENT=writer"", ""AGENT=worker"", ""VERB=hurt""]","Event roles: PATIENT=writer; AGENT=worker; VERB=hurt
Sentence: the",Sentence: the,first_noun,-5.119208812713623,-5.6790666580200195,-0.5598578453063965,active,0.0
1147,role_labeled,filler,filler,The notebook stayed on the shelf .,a worker hurts a writer .,a writer is hurt by a worker .,a,worker,a,writer,hurt,hurts,hurt,"[""PATIENT=writer"", ""AGENT=worker"", ""VERB=hurt""]","Prime sentence: The notebook stayed on the shelf .
Event roles: PATIENT=writer; AGENT=worker; VERB=hurt
Sentence: the",Sentence: the,first_noun,-5.958139896392822,-5.811096668243408,0.14704322814941406,passive,1.0
1148,role_labeled,active,active,a writer protects an actor .,a lady protects a lawyer .,a lawyer is protected by a lady .,a,lady,a,lawyer,protect,protects,protected,"[""PATIENT=lawyer"", ""AGENT=lady"", ""VERB=protect""]","Prime sentence: a writer protects an actor .
Event roles: PATIENT=lawyer; AGENT=lady; VERB=protect
Sentence: the",Sentence: the,first_noun,-6.292315483093262,-4.329335689544678,1.962979793548584,passive,1.0
1148,role_labeled,passive,passive,an actor is protected by a writer .,a lady protects a lawyer .,a lawyer is protected by a lady .,a,lady,a,lawyer,protect,protects,protected,"[""PATIENT=lawyer"", ""AGENT=lady"", ""VERB=protect""]","Prime sentence: an actor is protected by a writer .
Event roles: PATIENT=lawyer; AGENT=lady; VERB=protect
Sentence: the",Sentence: the,first_noun,-6.463929176330566,-4.380155563354492,2.083773612976074,passive,1.0
1148,role_labeled,no_prime_eos,no_prime_eos,,a lady protects a lawyer .,a lawyer is protected by a lady .,a,lady,a,lawyer,protect,protects,protected,"[""PATIENT=lawyer"", ""AGENT=lady"", ""VERB=protect""]","Event roles: PATIENT=lawyer; AGENT=lady; VERB=protect
Sentence: the",Sentence: the,first_noun,-5.514041900634766,-4.935798645019531,0.5782432556152344,passive,1.0
1148,role_labeled,filler,filler,The market opened after sunrise .,a lady protects a lawyer .,a lawyer is protected by a lady .,a,lady,a,lawyer,protect,protects,protected,"[""PATIENT=lawyer"", ""AGENT=lady"", ""VERB=protect""]","Prime sentence: The market opened after sunrise .
Event roles: PATIENT=lawyer; AGENT=lady; VERB=protect
Sentence: the",Sentence: the,first_noun,-6.182945251464844,-6.129404067993164,0.05354118347167969,passive,1.0
1149,role_labeled,active,active,an adult kisses an attorney .,a man kisses a manager .,a manager is kissed by a man .,a,man,a,manager,kiss,kisses,kissed,"[""PATIENT=manager"", ""AGENT=man"", ""VERB=kiss""]","Prime sentence: an adult kisses an attorney .
Event roles: PATIENT=manager; AGENT=man; VERB=kiss
Sentence: the",Sentence: the,first_noun,-4.100096702575684,-3.646432399749756,0.45366430282592773,passive,1.0
1149,role_labeled,passive,passive,an attorney is kissed by an adult .,a man kisses a manager .,a manager is kissed by a man .,a,man,a,manager,kiss,kisses,kissed,"[""PATIENT=manager"", ""AGENT=man"", ""VERB=kiss""]","Prime sentence: an attorney is kissed by an adult .
Event roles: PATIENT=manager; AGENT=man; VERB=kiss
Sentence: the",Sentence: the,first_noun,-4.327719688415527,-3.953526496887207,0.3741931915283203,passive,1.0
1149,role_labeled,no_prime_eos,no_prime_eos,,a man kisses a manager .,a manager is kissed by a man .,a,man,a,manager,kiss,kisses,kissed,"[""PATIENT=manager"", ""AGENT=man"", ""VERB=kiss""]","Event roles: PATIENT=manager; AGENT=man; VERB=kiss
Sentence: the",Sentence: the,first_noun,-4.330827713012695,-4.681659698486328,-0.3508319854736328,active,0.0
1149,role_labeled,filler,filler,The kettle whistled in the kitchen .,a man kisses a manager .,a manager is kissed by a man .,a,man,a,manager,kiss,kisses,kissed,"[""PATIENT=manager"", ""AGENT=man"", ""VERB=kiss""]","Prime sentence: The kettle whistled in the kitchen .
Event roles: PATIENT=manager; AGENT=man; VERB=kiss
Sentence: the",Sentence: the,first_noun,-4.596820831298828,-5.764230251312256,-1.1674094200134277,active,0.0
1150,role_labeled,active,active,a chief comforts a child .,a president comforts a priest .,a priest is comforted by a president .,a,president,a,priest,comfort,comforts,comforted,"[""VERB=comfort"", ""PATIENT=priest"", ""AGENT=president""]","Prime sentence: a chief comforts a child .
Event roles: VERB=comfort; PATIENT=priest; AGENT=president
Sentence: the",Sentence: the,first_noun,-3.946781873703003,-4.510920524597168,-0.564138650894165,active,0.0
1150,role_labeled,passive,passive,a child is comforted by a chief .,a president comforts a priest .,a priest is comforted by a president .,a,president,a,priest,comfort,comforts,comforted,"[""VERB=comfort"", ""PATIENT=priest"", ""AGENT=president""]","Prime sentence: a child is comforted by a chief .
Event roles: VERB=comfort; PATIENT=priest; AGENT=president
Sentence: the",Sentence: the,first_noun,-4.12691068649292,-4.629360198974609,-0.5024495124816895,active,0.0
1150,role_labeled,no_prime_eos,no_prime_eos,,a president comforts a priest .,a priest is comforted by a president .,a,president,a,priest,comfort,comforts,comforted,"[""VERB=comfort"", ""PATIENT=priest"", ""AGENT=president""]","Event roles: VERB=comfort; PATIENT=priest; AGENT=president
Sentence: the",Sentence: the,first_noun,-4.421790599822998,-4.352889060974121,0.06890153884887695,passive,1.0
1150,role_labeled,filler,filler,The captain waited beside the harbor .,a president comforts a priest .,a priest is comforted by a president .,a,president,a,priest,comfort,comforts,comforted,"[""VERB=comfort"", ""PATIENT=priest"", ""AGENT=president""]","Prime sentence: The captain waited beside the harbor .
Event roles: VERB=comfort; PATIENT=priest; AGENT=president
Sentence: the",Sentence: the,first_noun,-4.47104549407959,-5.234726905822754,-0.7636814117431641,active,0.0
1151,role_labeled,active,active,a mayor bothers a minister .,an attorney bothers an aunt .,an aunt is bothered by an attorney .,an,attorney,an,aunt,bother,bothers,bothered,"[""VERB=bother"", ""PATIENT=aunt"", ""AGENT=attorney""]","Prime sentence: a mayor bothers a minister .
Event roles: VERB=bother; PATIENT=aunt; AGENT=attorney
Sentence: the",Sentence: the,first_noun,-7.030064582824707,-8.136032104492188,-1.1059675216674805,active,0.0
1151,role_labeled,passive,passive,a minister is bothered by a mayor .,an attorney bothers an aunt .,an aunt is bothered by an attorney .,an,attorney,an,aunt,bother,bothers,bothered,"[""VERB=bother"", ""PATIENT=aunt"", ""AGENT=attorney""]","Prime sentence: a minister is bothered by a mayor .
Event roles: VERB=bother; PATIENT=aunt; AGENT=attorney
Sentence: the",Sentence: the,first_noun,-6.991282939910889,-8.49535846710205,-1.504075527191162,active,0.0
1151,role_labeled,no_prime_eos,no_prime_eos,,an attorney bothers an aunt .,an aunt is bothered by an attorney .,an,attorney,an,aunt,bother,bothers,bothered,"[""VERB=bother"", ""PATIENT=aunt"", ""AGENT=attorney""]","Event roles: VERB=bother; PATIENT=aunt; AGENT=attorney
Sentence: the",Sentence: the,first_noun,-6.836730003356934,-10.258468627929688,-3.421738624572754,active,0.0
1151,role_labeled,filler,filler,The garden brightened after rain .,an attorney bothers an aunt .,an aunt is bothered by an attorney .,an,attorney,an,aunt,bother,bothers,bothered,"[""VERB=bother"", ""PATIENT=aunt"", ""AGENT=attorney""]","Prime sentence: The garden brightened after rain .
Event roles: VERB=bother; PATIENT=aunt; AGENT=attorney
Sentence: the",Sentence: the,first_noun,-9.237683296203613,-7.974464416503906,1.263218879699707,passive,1.0
1152,role_labeled,active,active,a woman catches a worker .,a kid catches a king .,a king is caught by a kid .,a,kid,a,king,catch,catches,caught,"[""PATIENT=king"", ""VERB=catch"", ""AGENT=kid""]","Prime sentence: a woman catches a worker .
Event roles: PATIENT=king; VERB=catch; AGENT=kid
Sentence: the",Sentence: the,first_noun,-5.04514217376709,-1.9445536136627197,3.10058856010437,passive,1.0
1152,role_labeled,passive,passive,a worker is caught by a woman .,a kid catches a king .,a king is caught by a kid .,a,kid,a,king,catch,catches,caught,"[""PATIENT=king"", ""VERB=catch"", ""AGENT=kid""]","Prime sentence: a worker is caught by a woman .
Event roles: PATIENT=king; VERB=catch; AGENT=kid
Sentence: the",Sentence: the,first_noun,-4.902516841888428,-1.51771879196167,3.384798049926758,passive,1.0
1152,role_labeled,no_prime_eos,no_prime_eos,,a kid catches a king .,a king is caught by a kid .,a,kid,a,king,catch,catches,caught,"[""PATIENT=king"", ""VERB=catch"", ""AGENT=kid""]","Event roles: PATIENT=king; VERB=catch; AGENT=kid
Sentence: the",Sentence: the,first_noun,-5.725419998168945,-3.1079397201538086,2.6174802780151367,passive,1.0
1152,role_labeled,filler,filler,The violin echoed in the theater .,a kid catches a king .,a king is caught by a kid .,a,kid,a,king,catch,catches,caught,"[""PATIENT=king"", ""VERB=catch"", ""AGENT=kid""]","Prime sentence: The violin echoed in the theater .
Event roles: PATIENT=king; VERB=catch; AGENT=kid
Sentence: the",Sentence: the,first_noun,-5.872808456420898,-3.3823482990264893,2.490460157394409,passive,1.0
1153,role_labeled,active,active,a woman helps a worker .,a kid helps a king .,a king is helped by a kid .,a,kid,a,king,help,helps,helped,"[""AGENT=kid"", ""VERB=help"", ""PATIENT=king""]","Prime sentence: a woman helps a worker .
Event roles: AGENT=kid; VERB=help; PATIENT=king
Sentence: the",Sentence: the,first_noun,-4.999948501586914,-3.3845813274383545,1.6153671741485596,passive,1.0
1153,role_labeled,passive,passive,a worker is helped by a woman .,a kid helps a king .,a king is helped by a kid .,a,kid,a,king,help,helps,helped,"[""AGENT=kid"", ""VERB=help"", ""PATIENT=king""]","Prime sentence: a worker is helped by a woman .
Event roles: AGENT=kid; VERB=help; PATIENT=king
Sentence: the",Sentence: the,first_noun,-4.988473892211914,-3.1886322498321533,1.7998416423797607,passive,1.0
1153,role_labeled,no_prime_eos,no_prime_eos,,a kid helps a king .,a king is helped by a kid .,a,kid,a,king,help,helps,helped,"[""AGENT=kid"", ""VERB=help"", ""PATIENT=king""]","Event roles: AGENT=kid; VERB=help; PATIENT=king
Sentence: the",Sentence: the,first_noun,-5.34421968460083,-3.7391977310180664,1.6050219535827637,passive,1.0
1153,role_labeled,filler,filler,The blanket dried on the line .,a kid helps a king .,a king is helped by a kid .,a,kid,a,king,help,helps,helped,"[""AGENT=kid"", ""VERB=help"", ""PATIENT=king""]","Prime sentence: The blanket dried on the line .
Event roles: AGENT=kid; VERB=help; PATIENT=king
Sentence: the",Sentence: the,first_noun,-4.992183685302734,-5.240928649902344,-0.24874496459960938,active,0.0
1154,role_labeled,active,active,a lady asks a lawyer .,a worker asks a writer .,a writer is asked by a worker .,a,worker,a,writer,ask,asks,asked,"[""PATIENT=writer"", ""AGENT=worker"", ""VERB=ask""]","Prime sentence: a lady asks a lawyer .
Event roles: PATIENT=writer; AGENT=worker; VERB=ask
Sentence: the",Sentence: the,first_noun,-5.482790946960449,-5.525396823883057,-0.04260587692260742,active,0.0
1154,role_labeled,passive,passive,a lawyer is asked by a lady .,a worker asks a writer .,a writer is asked by a worker .,a,worker,a,writer,ask,asks,asked,"[""PATIENT=writer"", ""AGENT=worker"", ""VERB=ask""]","Prime sentence: a lawyer is asked by a lady .
Event roles: PATIENT=writer; AGENT=worker; VERB=ask
Sentence: the",Sentence: the,first_noun,-5.016231536865234,-4.409454345703125,0.6067771911621094,passive,1.0
1154,role_labeled,no_prime_eos,no_prime_eos,,a worker asks a writer .,a writer is asked by a worker .,a,worker,a,writer,ask,asks,asked,"[""PATIENT=writer"", ""AGENT=worker"", ""VERB=ask""]","Event roles: PATIENT=writer; AGENT=worker; VERB=ask
Sentence: the",Sentence: the,first_noun,-5.077605724334717,-5.649558067321777,-0.5719523429870605,active,0.0
1154,role_labeled,filler,filler,The traveler rested beside the river .,a worker asks a writer .,a writer is asked by a worker .,a,worker,a,writer,ask,asks,asked,"[""PATIENT=writer"", ""AGENT=worker"", ""VERB=ask""]","Prime sentence: The traveler rested beside the river .
Event roles: PATIENT=writer; AGENT=worker; VERB=ask
Sentence: the",Sentence: the,first_noun,-6.6819682121276855,-6.512209892272949,0.16975831985473633,passive,1.0
1155,role_labeled,active,active,a nurse hurts an opponent .,a bishop hurts a boy .,a boy is hurt by a bishop .,a,bishop,a,boy,hurt,hurts,hurt,"[""PATIENT=boy"", ""VERB=hurt"", ""AGENT=bishop""]","Prime sentence: a nurse hurts an opponent .
Event roles: PATIENT=boy; VERB=hurt; AGENT=bishop
Sentence: the",Sentence: the,first_noun,-2.787796974182129,-3.2472777366638184,-0.45948076248168945,active,0.0
1155,role_labeled,passive,passive,an opponent is hurt by a nurse .,a bishop hurts a boy .,a boy is hurt by a bishop .,a,bishop,a,boy,hurt,hurts,hurt,"[""PATIENT=boy"", ""VERB=hurt"", ""AGENT=bishop""]","Prime sentence: an opponent is hurt by a nurse .
Event roles: PATIENT=boy; VERB=hurt; AGENT=bishop
Sentence: the",Sentence: the,first_noun,-2.534846305847168,-3.138105869293213,-0.6032595634460449,active,0.0
1155,role_labeled,no_prime_eos,no_prime_eos,,a bishop hurts a boy .,a boy is hurt by a bishop .,a,bishop,a,boy,hurt,hurts,hurt,"[""PATIENT=boy"", ""VERB=hurt"", ""AGENT=bishop""]","Event roles: PATIENT=boy; VERB=hurt; AGENT=bishop
Sentence: the",Sentence: the,first_noun,-3.4750442504882812,-2.555756092071533,0.919288158416748,passive,1.0
1155,role_labeled,filler,filler,The engine cooled before dawn .,a bishop hurts a boy .,a boy is hurt by a bishop .,a,bishop,a,boy,hurt,hurts,hurt,"[""PATIENT=boy"", ""VERB=hurt"", ""AGENT=bishop""]","Prime sentence: The engine cooled before dawn .
Event roles: PATIENT=boy; VERB=hurt; AGENT=bishop
Sentence: the",Sentence: the,first_noun,-4.3251752853393555,-3.72603702545166,0.5991382598876953,passive,1.0
1156,role_labeled,active,active,a lawyer grabs a leader .,a writer grabs an actor .,an actor is grabbed by a writer .,a,writer,an,actor,grab,grabs,grabbed,"[""VERB=grab"", ""PATIENT=actor"", ""AGENT=writer""]","Prime sentence: a lawyer grabs a leader .
Event roles: VERB=grab; PATIENT=actor; AGENT=writer
Sentence: the",Sentence: the,first_noun,-5.279074192047119,-3.830080986022949,1.44899320602417,passive,1.0
1156,role_labeled,passive,passive,a leader is grabbed by a lawyer .,a writer grabs an actor .,an actor is grabbed by a writer .,a,writer,an,actor,grab,grabs,grabbed,"[""VERB=grab"", ""PATIENT=actor"", ""AGENT=writer""]","Prime sentence: a leader is grabbed by a lawyer .
Event roles: VERB=grab; PATIENT=actor; AGENT=writer
Sentence: the",Sentence: the,first_noun,-6.144170761108398,-4.317450046539307,1.8267207145690918,passive,1.0
1156,role_labeled,no_prime_eos,no_prime_eos,,a writer grabs an actor .,an actor is grabbed by a writer .,a,writer,an,actor,grab,grabs,grabbed,"[""VERB=grab"", ""PATIENT=actor"", ""AGENT=writer""]","Event roles: VERB=grab; PATIENT=actor; AGENT=writer
Sentence: the",Sentence: the,first_noun,-5.378932952880859,-4.638129234313965,0.7408037185668945,passive,1.0
1156,role_labeled,filler,filler,The captain waited beside the harbor .,a writer grabs an actor .,an actor is grabbed by a writer .,a,writer,an,actor,grab,grabs,grabbed,"[""VERB=grab"", ""PATIENT=actor"", ""AGENT=writer""]","Prime sentence: The captain waited beside the harbor .
Event roles: VERB=grab; PATIENT=actor; AGENT=writer
Sentence: the",Sentence: the,first_noun,-8.71416187286377,-7.3356828689575195,1.37847900390625,passive,1.0
1157,role_labeled,active,active,a leader surprises a man .,an actor surprises an actress .,an actress is surprised by an actor .,an,actor,an,actress,surpris,surprises,surprised,"[""AGENT=actor"", ""PATIENT=actress"", ""VERB=surpris""]","Prime sentence: a leader surprises a man .
Event roles: AGENT=actor; PATIENT=actress; VERB=surpris
Sentence: the",Sentence: the,first_noun,-4.882362365722656,-7.0889997482299805,-2.206637382507324,active,0.0
1157,role_labeled,passive,passive,a man is surprised by a leader .,an actor surprises an actress .,an actress is surprised by an actor .,an,actor,an,actress,surpris,surprises,surprised,"[""AGENT=actor"", ""PATIENT=actress"", ""VERB=surpris""]","Prime sentence: a man is surprised by a leader .
Event roles: AGENT=actor; PATIENT=actress; VERB=surpris
Sentence: the",Sentence: the,first_noun,-4.743134021759033,-7.0938720703125,-2.350738048553467,active,0.0
1157,role_labeled,no_prime_eos,no_prime_eos,,an actor surprises an actress .,an actress is surprised by an actor .,an,actor,an,actress,surpris,surprises,surprised,"[""AGENT=actor"", ""PATIENT=actress"", ""VERB=surpris""]","Event roles: AGENT=actor; PATIENT=actress; VERB=surpris
Sentence: the",Sentence: the,first_noun,-4.2413530349731445,-6.607572555541992,-2.3662195205688477,active,0.0
1157,role_labeled,filler,filler,The garden brightened after rain .,an actor surprises an actress .,an actress is surprised by an actor .,an,actor,an,actress,surpris,surprises,surprised,"[""AGENT=actor"", ""PATIENT=actress"", ""VERB=surpris""]","Prime sentence: The garden brightened after rain .
Event roles: AGENT=actor; PATIENT=actress; VERB=surpris
Sentence: the",Sentence: the,first_noun,-8.222269058227539,-8.871149063110352,-0.6488800048828125,active,0.0
1158,role_labeled,active,active,a cousin hurries a daughter .,a professor hurries a reader .,a reader is hurried by a professor .,a,professor,a,reader,hurry,hurries,hurried,"[""AGENT=professor"", ""VERB=hurry"", ""PATIENT=reader""]","Prime sentence: a cousin hurries a daughter .
Event roles: AGENT=professor; VERB=hurry; PATIENT=reader
Sentence: the",Sentence: the,first_noun,-3.543513059616089,-6.702686309814453,-3.1591732501983643,active,0.0
1158,role_labeled,passive,passive,a daughter is hurried by a cousin .,a professor hurries a reader .,a reader is hurried by a professor .,a,professor,a,reader,hurry,hurries,hurried,"[""AGENT=professor"", ""VERB=hurry"", ""PATIENT=reader""]","Prime sentence: a daughter is hurried by a cousin .
Event roles: AGENT=professor; VERB=hurry; PATIENT=reader
Sentence: the",Sentence: the,first_noun,-3.6239778995513916,-6.674825668334961,-3.0508477687835693,active,0.0
1158,role_labeled,no_prime_eos,no_prime_eos,,a professor hurries a reader .,a reader is hurried by a professor .,a,professor,a,reader,hurry,hurries,hurried,"[""AGENT=professor"", ""VERB=hurry"", ""PATIENT=reader""]","Event roles: AGENT=professor; VERB=hurry; PATIENT=reader
Sentence: the",Sentence: the,first_noun,-3.259028911590576,-5.38792610168457,-2.128897190093994,active,0.0
1158,role_labeled,filler,filler,The baker laughed during breakfast .,a professor hurries a reader .,a reader is hurried by a professor .,a,professor,a,reader,hurry,hurries,hurried,"[""AGENT=professor"", ""VERB=hurry"", ""PATIENT=reader""]","Prime sentence: The baker laughed during breakfast .
Event roles: AGENT=professor; VERB=hurry; PATIENT=reader
Sentence: the",Sentence: the,first_noun,-3.1800129413604736,-6.335321426391602,-3.155308485031128,active,0.0
1159,role_labeled,active,active,a manager grabs a mayor .,an adult grabs an attorney .,an attorney is grabbed by an adult .,an,adult,an,attorney,grab,grabs,grabbed,"[""VERB=grab"", ""PATIENT=attorney"", ""AGENT=adult""]","Prime sentence: a manager grabs a mayor .
Event roles: VERB=grab; PATIENT=attorney; AGENT=adult
Sentence: the",Sentence: the,first_noun,-5.18192195892334,-5.879006862640381,-0.697084903717041,active,0.0
1159,role_labeled,passive,passive,a mayor is grabbed by a manager .,an adult grabs an attorney .,an attorney is grabbed by an adult .,an,adult,an,attorney,grab,grabs,grabbed,"[""VERB=grab"", ""PATIENT=attorney"", ""AGENT=adult""]","Prime sentence: a mayor is grabbed by a manager .
Event roles: VERB=grab; PATIENT=attorney; AGENT=adult
Sentence: the",Sentence: the,first_noun,-5.7635698318481445,-5.95845890045166,-0.19488906860351562,active,0.0
1159,role_labeled,no_prime_eos,no_prime_eos,,an adult grabs an attorney .,an attorney is grabbed by an adult .,an,adult,an,attorney,grab,grabs,grabbed,"[""VERB=grab"", ""PATIENT=attorney"", ""AGENT=adult""]","Event roles: VERB=grab; PATIENT=attorney; AGENT=adult
Sentence: the",Sentence: the,first_noun,-4.933518409729004,-6.562660217285156,-1.6291418075561523,active,0.0
1159,role_labeled,filler,filler,The tourist wandered through the plaza .,an adult grabs an attorney .,an attorney is grabbed by an adult .,an,adult,an,attorney,grab,grabs,grabbed,"[""VERB=grab"", ""PATIENT=attorney"", ""AGENT=adult""]","Prime sentence: The tourist wandered through the plaza .
Event roles: VERB=grab; PATIENT=attorney; AGENT=adult
Sentence: the",Sentence: the,first_noun,-4.976194858551025,-5.92008113861084,-0.9438862800598145,active,0.0
1160,role_labeled,active,active,an uncle asks a wife .,a guy asks a hero .,a hero is asked by a guy .,a,guy,a,hero,ask,asks,asked,"[""VERB=ask"", ""PATIENT=hero"", ""AGENT=guy""]","Prime sentence: an uncle asks a wife .
Event roles: VERB=ask; PATIENT=hero; AGENT=guy
Sentence: the",Sentence: the,first_noun,-4.297725200653076,-4.866084098815918,-0.5683588981628418,active,0.0
1160,role_labeled,passive,passive,a wife is asked by an uncle .,a guy asks a hero .,a hero is asked by a guy .,a,guy,a,hero,ask,asks,asked,"[""VERB=ask"", ""PATIENT=hero"", ""AGENT=guy""]","Prime sentence: a wife is asked by an uncle .
Event roles: VERB=ask; PATIENT=hero; AGENT=guy
Sentence: the",Sentence: the,first_noun,-4.7058868408203125,-5.179116249084473,-0.47322940826416016,active,0.0
1160,role_labeled,no_prime_eos,no_prime_eos,,a guy asks a hero .,a hero is asked by a guy .,a,guy,a,hero,ask,asks,asked,"[""VERB=ask"", ""PATIENT=hero"", ""AGENT=guy""]","Event roles: VERB=ask; PATIENT=hero; AGENT=guy
Sentence: the",Sentence: the,first_noun,-4.802118301391602,-3.981736660003662,0.8203816413879395,passive,1.0
1160,role_labeled,filler,filler,The painter waited near the doorway .,a guy asks a hero .,a hero is asked by a guy .,a,guy,a,hero,ask,asks,asked,"[""VERB=ask"", ""PATIENT=hero"", ""AGENT=guy""]","Prime sentence: The painter waited near the doorway .
Event roles: VERB=ask; PATIENT=hero; AGENT=guy
Sentence: the",Sentence: the,first_noun,-4.3744611740112305,-5.597196102142334,-1.2227349281311035,active,0.0
1161,role_labeled,active,active,an attorney forgets an aunt .,a manager forgets a mayor .,a mayor is forgotten by a manager .,a,manager,a,mayor,forget,forgets,forgotten,"[""VERB=forget"", ""AGENT=manager"", ""PATIENT=mayor""]","Prime sentence: an attorney forgets an aunt .
Event roles: VERB=forget; AGENT=manager; PATIENT=mayor
Sentence: the",Sentence: the,first_noun,-5.132631301879883,-3.074187994003296,2.058443307876587,passive,1.0
1161,role_labeled,passive,passive,an aunt is forgotten by an attorney .,a manager forgets a mayor .,a mayor is forgotten by a manager .,a,manager,a,mayor,forget,forgets,forgotten,"[""VERB=forget"", ""AGENT=manager"", ""PATIENT=mayor""]","Prime sentence: an aunt is forgotten by an attorney .
Event roles: VERB=forget; AGENT=manager; PATIENT=mayor
Sentence: the",Sentence: the,first_noun,-5.23306131362915,-3.2548131942749023,1.978248119354248,passive,1.0
1161,role_labeled,no_prime_eos,no_prime_eos,,a manager forgets a mayor .,a mayor is forgotten by a manager .,a,manager,a,mayor,forget,forgets,forgotten,"[""VERB=forget"", ""AGENT=manager"", ""PATIENT=mayor""]","Event roles: VERB=forget; AGENT=manager; PATIENT=mayor
Sentence: the",Sentence: the,first_noun,-5.3491621017456055,-2.949737787246704,2.3994243144989014,passive,1.0
1161,role_labeled,filler,filler,The lantern glowed near sunset .,a manager forgets a mayor .,a mayor is forgotten by a manager .,a,manager,a,mayor,forget,forgets,forgotten,"[""VERB=forget"", ""AGENT=manager"", ""PATIENT=mayor""]","Prime sentence: The lantern glowed near sunset .
Event roles: VERB=forget; AGENT=manager; PATIENT=mayor
Sentence: the",Sentence: the,first_noun,-7.167880058288574,-4.640016078948975,2.5278639793395996,passive,1.0
1162,role_labeled,active,active,a husband embraces a kid .,a wife embraces a winner .,a winner is embraced by a wife .,a,wife,a,winner,embrac,embraces,embraced,"[""PATIENT=winner"", ""VERB=embrac"", ""AGENT=wife""]","Prime sentence: a husband embraces a kid .
Event roles: PATIENT=winner; VERB=embrac; AGENT=wife
Sentence: the",Sentence: the,first_noun,-3.5680480003356934,-7.408461093902588,-3.8404130935668945,active,0.0
1162,role_labeled,passive,passive,a kid is embraced by a husband .,a wife embraces a winner .,a winner is embraced by a wife .,a,wife,a,winner,embrac,embraces,embraced,"[""PATIENT=winner"", ""VERB=embrac"", ""AGENT=wife""]","Prime sentence: a kid is embraced by a husband .
Event roles: PATIENT=winner; VERB=embrac; AGENT=wife
Sentence: the",Sentence: the,first_noun,-3.5536348819732666,-7.073883056640625,-3.5202481746673584,active,0.0
1162,role_labeled,no_prime_eos,no_prime_eos,,a wife embraces a winner .,a winner is embraced by a wife .,a,wife,a,winner,embrac,embraces,embraced,"[""PATIENT=winner"", ""VERB=embrac"", ""AGENT=wife""]","Event roles: PATIENT=winner; VERB=embrac; AGENT=wife
Sentence: the",Sentence: the,first_noun,-3.870109796524048,-4.565047264099121,-0.6949374675750732,active,0.0
1162,role_labeled,filler,filler,The blanket dried on the line .,a wife embraces a winner .,a winner is embraced by a wife .,a,wife,a,winner,embrac,embraces,embraced,"[""PATIENT=winner"", ""VERB=embrac"", ""AGENT=wife""]","Prime sentence: The blanket dried on the line .
Event roles: PATIENT=winner; VERB=embrac; AGENT=wife
Sentence: the",Sentence: the,first_noun,-5.144523620605469,-7.327395439147949,-2.1828718185424805,active,0.0
1163,role_labeled,active,active,an author destroys a bishop .,a minister destroys a mother .,a mother is destroyed by a minister .,a,minister,a,mother,destroy,destroys,destroyed,"[""AGENT=minister"", ""PATIENT=mother"", ""VERB=destroy""]","Prime sentence: an author destroys a bishop .
Event roles: AGENT=minister; PATIENT=mother; VERB=destroy
Sentence: the",Sentence: the,first_noun,-4.443416595458984,-5.046412467956543,-0.6029958724975586,active,0.0
1163,role_labeled,passive,passive,a bishop is destroyed by an author .,a minister destroys a mother .,a mother is destroyed by a minister .,a,minister,a,mother,destroy,destroys,destroyed,"[""AGENT=minister"", ""PATIENT=mother"", ""VERB=destroy""]","Prime sentence: a bishop is destroyed by an author .
Event roles: AGENT=minister; PATIENT=mother; VERB=destroy
Sentence: the",Sentence: the,first_noun,-4.450619220733643,-5.0686469078063965,-0.6180276870727539,active,0.0
1163,role_labeled,no_prime_eos,no_prime_eos,,a minister destroys a mother .,a mother is destroyed by a minister .,a,minister,a,mother,destroy,destroys,destroyed,"[""AGENT=minister"", ""PATIENT=mother"", ""VERB=destroy""]","Event roles: AGENT=minister; PATIENT=mother; VERB=destroy
Sentence: the",Sentence: the,first_noun,-4.441757678985596,-4.279588222503662,0.1621694564819336,passive,1.0
1163,role_labeled,filler,filler,The pillow rested on the sofa .,a minister destroys a mother .,a mother is destroyed by a minister .,a,minister,a,mother,destroy,destroys,destroyed,"[""AGENT=minister"", ""PATIENT=mother"", ""VERB=destroy""]","Prime sentence: The pillow rested on the sofa .
Event roles: AGENT=minister; PATIENT=mother; VERB=destroy
Sentence: the",Sentence: the,first_noun,-7.2978997230529785,-5.418184757232666,1.8797149658203125,passive,1.0
1164,role_labeled,active,active,a princess describes a professor .,a colonel describes a cop .,a cop is described by a colonel .,a,colonel,a,cop,describ,describes,described,"[""VERB=describ"", ""PATIENT=cop"", ""AGENT=colonel""]","Prime sentence: a princess describes a professor .
Event roles: VERB=describ; PATIENT=cop; AGENT=colonel
Sentence: the",Sentence: the,first_noun,-5.671258926391602,-6.623289108276367,-0.9520301818847656,active,0.0
1164,role_labeled,passive,passive,a professor is described by a princess .,a colonel describes a cop .,a cop is described by a colonel .,a,colonel,a,cop,describ,describes,described,"[""VERB=describ"", ""PATIENT=cop"", ""AGENT=colonel""]","Prime sentence: a professor is described by a princess .
Event roles: VERB=describ; PATIENT=cop; AGENT=colonel
Sentence: the",Sentence: the,first_noun,-5.384861946105957,-6.615981578826904,-1.2311196327209473,active,0.0
1164,role_labeled,no_prime_eos,no_prime_eos,,a colonel describes a cop .,a cop is described by a colonel .,a,colonel,a,cop,describ,describes,described,"[""VERB=describ"", ""PATIENT=cop"", ""AGENT=colonel""]","Event roles: VERB=describ; PATIENT=cop; AGENT=colonel
Sentence: the",Sentence: the,first_noun,-5.564793586730957,-6.399846076965332,-0.835052490234375,active,0.0
1164,role_labeled,filler,filler,The sculpture stood in the hallway .,a colonel describes a cop .,a cop is described by a colonel .,a,colonel,a,cop,describ,describes,described,"[""VERB=describ"", ""PATIENT=cop"", ""AGENT=colonel""]","Prime sentence: The sculpture stood in the hallway .
Event roles: VERB=describ; PATIENT=cop; AGENT=colonel
Sentence: the",Sentence: the,first_noun,-5.8313093185424805,-7.2596893310546875,-1.428380012512207,active,0.0
1165,role_labeled,active,active,an employee selects an employer .,a secretary selects a sheriff .,a sheriff is selected by a secretary .,a,secretary,a,sheriff,select,selects,selected,"[""PATIENT=sheriff"", ""AGENT=secretary"", ""VERB=select""]","Prime sentence: an employee selects an employer .
Event roles: PATIENT=sheriff; AGENT=secretary; VERB=select
Sentence: the",Sentence: the,first_noun,-3.9539635181427,-3.140709161758423,0.8132543563842773,passive,1.0
1165,role_labeled,passive,passive,an employer is selected by an employee .,a secretary selects a sheriff .,a sheriff is selected by a secretary .,a,secretary,a,sheriff,select,selects,selected,"[""PATIENT=sheriff"", ""AGENT=secretary"", ""VERB=select""]","Prime sentence: an employer is selected by an employee .
Event roles: PATIENT=sheriff; AGENT=secretary; VERB=select
Sentence: the",Sentence: the,first_noun,-4.874577522277832,-3.473095655441284,1.4014818668365479,passive,1.0
1165,role_labeled,no_prime_eos,no_prime_eos,,a secretary selects a sheriff .,a sheriff is selected by a secretary .,a,secretary,a,sheriff,select,selects,selected,"[""PATIENT=sheriff"", ""AGENT=secretary"", ""VERB=select""]","Event roles: PATIENT=sheriff; AGENT=secretary; VERB=select
Sentence: the",Sentence: the,first_noun,-5.140908241271973,-6.668818473815918,-1.5279102325439453,active,0.0
1165,role_labeled,filler,filler,The captain waited beside the harbor .,a secretary selects a sheriff .,a sheriff is selected by a secretary .,a,secretary,a,sheriff,select,selects,selected,"[""PATIENT=sheriff"", ""AGENT=secretary"", ""VERB=select""]","Prime sentence: The captain waited beside the harbor .
Event roles: PATIENT=sheriff; AGENT=secretary; VERB=select
Sentence: the",Sentence: the,first_noun,-6.132569789886475,-5.144595146179199,0.9879746437072754,passive,1.0
1166,role_labeled,active,active,a partner punches a physician .,a buddy punches a candidate .,a candidate is punched by a buddy .,a,buddy,a,candidate,punch,punches,punched,"[""PATIENT=candidate"", ""AGENT=buddy"", ""VERB=punch""]","Prime sentence: a partner punches a physician .
Event roles: PATIENT=candidate; AGENT=buddy; VERB=punch
Sentence: the",Sentence: the,first_noun,-7.6677985191345215,-4.273528099060059,3.394270420074463,passive,1.0
1166,role_labeled,passive,passive,a physician is punched by a partner .,a buddy punches a candidate .,a candidate is punched by a buddy .,a,buddy,a,candidate,punch,punches,punched,"[""PATIENT=candidate"", ""AGENT=buddy"", ""VERB=punch""]","Prime sentence: a physician is punched by a partner .
Event roles: PATIENT=candidate; AGENT=buddy; VERB=punch
Sentence: the",Sentence: the,first_noun,-8.875344276428223,-4.330355644226074,4.544988632202148,passive,1.0
1166,role_labeled,no_prime_eos,no_prime_eos,,a buddy punches a candidate .,a candidate is punched by a buddy .,a,buddy,a,candidate,punch,punches,punched,"[""PATIENT=candidate"", ""AGENT=buddy"", ""VERB=punch""]","Event roles: PATIENT=candidate; AGENT=buddy; VERB=punch
Sentence: the",Sentence: the,first_noun,-7.553441524505615,-4.736969947814941,2.816471576690674,passive,1.0
1166,role_labeled,filler,filler,The baker laughed during breakfast .,a buddy punches a candidate .,a candidate is punched by a buddy .,a,buddy,a,candidate,punch,punches,punched,"[""PATIENT=candidate"", ""AGENT=buddy"", ""VERB=punch""]","Prime sentence: The baker laughed during breakfast .
Event roles: PATIENT=candidate; AGENT=buddy; VERB=punch
Sentence: the",Sentence: the,first_noun,-8.991868019104004,-4.806013584136963,4.185854434967041,passive,1.0
1167,role_labeled,active,active,a buddy forgives a candidate .,a parent forgives a partner .,a partner is forgiven by a parent .,a,parent,a,partner,forgiv,forgives,forgiven,"[""PATIENT=partner"", ""AGENT=parent"", ""VERB=forgiv""]","Prime sentence: a buddy forgives a candidate .
Event roles: PATIENT=partner; AGENT=parent; VERB=forgiv
Sentence: the",Sentence: the,first_noun,-5.841470718383789,-5.686252593994141,0.15521812438964844,passive,1.0
1167,role_labeled,passive,passive,a candidate is forgiven by a buddy .,a parent forgives a partner .,a partner is forgiven by a parent .,a,parent,a,partner,forgiv,forgives,forgiven,"[""PATIENT=partner"", ""AGENT=parent"", ""VERB=forgiv""]","Prime sentence: a candidate is forgiven by a buddy .
Event roles: PATIENT=partner; AGENT=parent; VERB=forgiv
Sentence: the",Sentence: the,first_noun,-5.570433139801025,-5.190908908843994,0.37952423095703125,passive,1.0
1167,role_labeled,no_prime_eos,no_prime_eos,,a parent forgives a partner .,a partner is forgiven by a parent .,a,parent,a,partner,forgiv,forgives,forgiven,"[""PATIENT=partner"", ""AGENT=parent"", ""VERB=forgiv""]","Event roles: PATIENT=partner; AGENT=parent; VERB=forgiv
Sentence: the",Sentence: the,first_noun,-5.0948944091796875,-6.278772354125977,-1.183877944946289,active,0.0
1167,role_labeled,filler,filler,The notebook stayed on the shelf .,a parent forgives a partner .,a partner is forgiven by a parent .,a,parent,a,partner,forgiv,forgives,forgiven,"[""PATIENT=partner"", ""AGENT=parent"", ""VERB=forgiv""]","Prime sentence: The notebook stayed on the shelf .
Event roles: PATIENT=partner; AGENT=parent; VERB=forgiv
Sentence: the",Sentence: the,first_noun,-6.425144672393799,-6.743039131164551,-0.31789445877075195,active,0.0
1168,role_labeled,active,active,a hero forgets a husband .,an uncle forgets a wife .,a wife is forgotten by an uncle .,an,uncle,a,wife,forget,forgets,forgotten,"[""PATIENT=wife"", ""AGENT=uncle"", ""VERB=forget""]","Prime sentence: a hero forgets a husband .
Event roles: PATIENT=wife; AGENT=uncle; VERB=forget
Sentence: the",Sentence: the,first_noun,-6.450712203979492,-3.8988561630249023,2.55185604095459,passive,1.0
1168,role_labeled,passive,passive,a husband is forgotten by a hero .,an uncle forgets a wife .,a wife is forgotten by an uncle .,an,uncle,a,wife,forget,forgets,forgotten,"[""PATIENT=wife"", ""AGENT=uncle"", ""VERB=forget""]","Prime sentence: a husband is forgotten by a hero .
Event roles: PATIENT=wife; AGENT=uncle; VERB=forget
Sentence: the",Sentence: the,first_noun,-6.566627502441406,-3.59920597076416,2.967421531677246,passive,1.0
1168,role_labeled,no_prime_eos,no_prime_eos,,an uncle forgets a wife .,a wife is forgotten by an uncle .,an,uncle,a,wife,forget,forgets,forgotten,"[""PATIENT=wife"", ""AGENT=uncle"", ""VERB=forget""]","Event roles: PATIENT=wife; AGENT=uncle; VERB=forget
Sentence: the",Sentence: the,first_noun,-6.541799545288086,-3.797905445098877,2.743894100189209,passive,1.0
1168,role_labeled,filler,filler,The engine cooled before dawn .,an uncle forgets a wife .,a wife is forgotten by an uncle .,an,uncle,a,wife,forget,forgets,forgotten,"[""PATIENT=wife"", ""AGENT=uncle"", ""VERB=forget""]","Prime sentence: The engine cooled before dawn .
Event roles: PATIENT=wife; AGENT=uncle; VERB=forget
Sentence: the",Sentence: the,first_noun,-7.508011817932129,-4.847431182861328,2.660580635070801,passive,1.0
1169,role_labeled,active,active,an author selects a bishop .,a minister selects a mother .,a mother is selected by a minister .,a,minister,a,mother,select,selects,selected,"[""VERB=select"", ""AGENT=minister"", ""PATIENT=mother""]","Prime sentence: an author selects a bishop .
Event roles: VERB=select; AGENT=minister; PATIENT=mother
Sentence: the",Sentence: the,first_noun,-3.62100887298584,-4.304635047912598,-0.6836261749267578,active,0.0
1169,role_labeled,passive,passive,a bishop is selected by an author .,a minister selects a mother .,a mother is selected by a minister .,a,minister,a,mother,select,selects,selected,"[""VERB=select"", ""AGENT=minister"", ""PATIENT=mother""]","Prime sentence: a bishop is selected by an author .
Event roles: VERB=select; AGENT=minister; PATIENT=mother
Sentence: the",Sentence: the,first_noun,-4.3701171875,-4.747860908508301,-0.3777437210083008,active,0.0
1169,role_labeled,no_prime_eos,no_prime_eos,,a minister selects a mother .,a mother is selected by a minister .,a,minister,a,mother,select,selects,selected,"[""VERB=select"", ""AGENT=minister"", ""PATIENT=mother""]","Event roles: VERB=select; AGENT=minister; PATIENT=mother
Sentence: the",Sentence: the,first_noun,-4.507627964019775,-4.235158443450928,0.27246952056884766,passive,1.0
1169,role_labeled,filler,filler,The pillow rested on the sofa .,a minister selects a mother .,a mother is selected by a minister .,a,minister,a,mother,select,selects,selected,"[""VERB=select"", ""AGENT=minister"", ""PATIENT=mother""]","Prime sentence: The pillow rested on the sofa .
Event roles: VERB=select; AGENT=minister; PATIENT=mother
Sentence: the",Sentence: the,first_noun,-6.819696426391602,-5.31329345703125,1.5064029693603516,passive,1.0
1170,role_labeled,active,active,an employer drags a father .,a sheriff drags a singer .,a singer is dragged by a sheriff .,a,sheriff,a,singer,drag,drags,dragged,"[""VERB=drag"", ""PATIENT=singer"", ""AGENT=sheriff""]","Prime sentence: an employer drags a father .
Event roles: VERB=drag; PATIENT=singer; AGENT=sheriff
Sentence: the",Sentence: the,first_noun,-4.059313774108887,-6.088157653808594,-2.028843879699707,active,0.0
1170,role_labeled,passive,passive,a father is dragged by an employer .,a sheriff drags a singer .,a singer is dragged by a sheriff .,a,sheriff,a,singer,drag,drags,dragged,"[""VERB=drag"", ""PATIENT=singer"", ""AGENT=sheriff""]","Prime sentence: a father is dragged by an employer .
Event roles: VERB=drag; PATIENT=singer; AGENT=sheriff
Sentence: the",Sentence: the,first_noun,-4.590787887573242,-6.305681228637695,-1.7148933410644531,active,0.0
1170,role_labeled,no_prime_eos,no_prime_eos,,a sheriff drags a singer .,a singer is dragged by a sheriff .,a,sheriff,a,singer,drag,drags,dragged,"[""VERB=drag"", ""PATIENT=singer"", ""AGENT=sheriff""]","Event roles: VERB=drag; PATIENT=singer; AGENT=sheriff
Sentence: the",Sentence: the,first_noun,-6.429878234863281,-5.899527549743652,0.5303506851196289,passive,1.0
1170,role_labeled,filler,filler,The pillow rested on the sofa .,a sheriff drags a singer .,a singer is dragged by a sheriff .,a,sheriff,a,singer,drag,drags,dragged,"[""VERB=drag"", ""PATIENT=singer"", ""AGENT=sheriff""]","Prime sentence: The pillow rested on the sofa .
Event roles: VERB=drag; PATIENT=singer; AGENT=sheriff
Sentence: the",Sentence: the,first_noun,-6.832818508148193,-7.470309734344482,-0.6374912261962891,active,0.0
1171,role_labeled,active,active,an attorney judges an aunt .,a manager judges a mayor .,a mayor is judged by a manager .,a,manager,a,mayor,judg,judges,judged,"[""PATIENT=mayor"", ""AGENT=manager"", ""VERB=judg""]","Prime sentence: an attorney judges an aunt .
Event roles: PATIENT=mayor; AGENT=manager; VERB=judg
Sentence: the",Sentence: the,first_noun,-5.7006025314331055,-2.6040024757385254,3.09660005569458,passive,1.0
1171,role_labeled,passive,passive,an aunt is judged by an attorney .,a manager judges a mayor .,a mayor is judged by a manager .,a,manager,a,mayor,judg,judges,judged,"[""PATIENT=mayor"", ""AGENT=manager"", ""VERB=judg""]","Prime sentence: an aunt is judged by an attorney .
Event roles: PATIENT=mayor; AGENT=manager; VERB=judg
Sentence: the",Sentence: the,first_noun,-5.587436676025391,-2.603065013885498,2.9843716621398926,passive,1.0
1171,role_labeled,no_prime_eos,no_prime_eos,,a manager judges a mayor .,a mayor is judged by a manager .,a,manager,a,mayor,judg,judges,judged,"[""PATIENT=mayor"", ""AGENT=manager"", ""VERB=judg""]","Event roles: PATIENT=mayor; AGENT=manager; VERB=judg
Sentence: the",Sentence: the,first_noun,-5.407452583312988,-3.4359536170959473,1.971498966217041,passive,1.0
1171,role_labeled,filler,filler,The window rattled during the storm .,a manager judges a mayor .,a mayor is judged by a manager .,a,manager,a,mayor,judg,judges,judged,"[""PATIENT=mayor"", ""AGENT=manager"", ""VERB=judg""]","Prime sentence: The window rattled during the storm .
Event roles: PATIENT=mayor; AGENT=manager; VERB=judg
Sentence: the",Sentence: the,first_noun,-6.368607997894287,-4.947305202484131,1.4213027954101562,passive,1.0
1172,role_labeled,active,active,a professor grabs a reader .,a cop grabs a cousin .,a cousin is grabbed by a cop .,a,cop,a,cousin,grab,grabs,grabbed,"[""AGENT=cop"", ""VERB=grab"", ""PATIENT=cousin""]","Prime sentence: a professor grabs a reader .
Event roles: AGENT=cop; VERB=grab; PATIENT=cousin
Sentence: the",Sentence: the,first_noun,-3.540897846221924,-8.442371368408203,-4.901473522186279,active,0.0
1172,role_labeled,passive,passive,a reader is grabbed by a professor .,a cop grabs a cousin .,a cousin is grabbed by a cop .,a,cop,a,cousin,grab,grabs,grabbed,"[""AGENT=cop"", ""VERB=grab"", ""PATIENT=cousin""]","Prime sentence: a reader is grabbed by a professor .
Event roles: AGENT=cop; VERB=grab; PATIENT=cousin
Sentence: the",Sentence: the,first_noun,-4.262734413146973,-8.904435157775879,-4.641700744628906,active,0.0
1172,role_labeled,no_prime_eos,no_prime_eos,,a cop grabs a cousin .,a cousin is grabbed by a cop .,a,cop,a,cousin,grab,grabs,grabbed,"[""AGENT=cop"", ""VERB=grab"", ""PATIENT=cousin""]","Event roles: AGENT=cop; VERB=grab; PATIENT=cousin
Sentence: the",Sentence: the,first_noun,-4.693835258483887,-9.032693862915039,-4.338858604431152,active,0.0
1172,role_labeled,filler,filler,The market opened after sunrise .,a cop grabs a cousin .,a cousin is grabbed by a cop .,a,cop,a,cousin,grab,grabs,grabbed,"[""AGENT=cop"", ""VERB=grab"", ""PATIENT=cousin""]","Prime sentence: The market opened after sunrise .
Event roles: AGENT=cop; VERB=grab; PATIENT=cousin
Sentence: the",Sentence: the,first_noun,-6.636520862579346,-10.169724464416504,-3.533203601837158,active,0.0
1173,role_labeled,active,active,a child asks a colonel .,a priest asks a prince .,a prince is asked by a priest .,a,priest,a,prince,ask,asks,asked,"[""AGENT=priest"", ""PATIENT=prince"", ""VERB=ask""]","Prime sentence: a child asks a colonel .
Event roles: AGENT=priest; PATIENT=prince; VERB=ask
Sentence: the",Sentence: the,first_noun,-3.8065667152404785,-4.3978400230407715,-0.591273307800293,active,0.0
1173,role_labeled,passive,passive,a colonel is asked by a child .,a priest asks a prince .,a prince is asked by a priest .,a,priest,a,prince,ask,asks,asked,"[""AGENT=priest"", ""PATIENT=prince"", ""VERB=ask""]","Prime sentence: a colonel is asked by a child .
Event roles: AGENT=priest; PATIENT=prince; VERB=ask
Sentence: the",Sentence: the,first_noun,-3.1780285835266113,-4.091754913330078,-0.9137263298034668,active,0.0
1173,role_labeled,no_prime_eos,no_prime_eos,,a priest asks a prince .,a prince is asked by a priest .,a,priest,a,prince,ask,asks,asked,"[""AGENT=priest"", ""PATIENT=prince"", ""VERB=ask""]","Event roles: AGENT=priest; PATIENT=prince; VERB=ask
Sentence: the",Sentence: the,first_noun,-3.632612705230713,-3.7846579551696777,-0.15204524993896484,active,0.0
1173,role_labeled,filler,filler,The pillow rested on the sofa .,a priest asks a prince .,a prince is asked by a priest .,a,priest,a,prince,ask,asks,asked,"[""AGENT=priest"", ""PATIENT=prince"", ""VERB=ask""]","Prime sentence: The pillow rested on the sofa .
Event roles: AGENT=priest; PATIENT=prince; VERB=ask
Sentence: the",Sentence: the,first_noun,-5.136233329772949,-5.254506587982178,-0.11827325820922852,active,0.0
1174,role_labeled,active,active,a friend hurts a girl .,a soldier hurts a son .,a son is hurt by a soldier .,a,soldier,a,son,hurt,hurts,hurt,"[""AGENT=soldier"", ""VERB=hurt"", ""PATIENT=son""]","Prime sentence: a friend hurts a girl .
Event roles: AGENT=soldier; VERB=hurt; PATIENT=son
Sentence: the",Sentence: the,first_noun,-3.46667742729187,-5.050909042358398,-1.5842316150665283,active,0.0
1174,role_labeled,passive,passive,a girl is hurt by a friend .,a soldier hurts a son .,a son is hurt by a soldier .,a,soldier,a,son,hurt,hurts,hurt,"[""AGENT=soldier"", ""VERB=hurt"", ""PATIENT=son""]","Prime sentence: a girl is hurt by a friend .
Event roles: AGENT=soldier; VERB=hurt; PATIENT=son
Sentence: the",Sentence: the,first_noun,-3.2477173805236816,-5.423886299133301,-2.176168918609619,active,0.0
1174,role_labeled,no_prime_eos,no_prime_eos,,a soldier hurts a son .,a son is hurt by a soldier .,a,soldier,a,son,hurt,hurts,hurt,"[""AGENT=soldier"", ""VERB=hurt"", ""PATIENT=son""]","Event roles: AGENT=soldier; VERB=hurt; PATIENT=son
Sentence: the",Sentence: the,first_noun,-3.0224640369415283,-4.571842193603516,-1.5493781566619873,active,0.0
1174,role_labeled,filler,filler,The sculpture stood in the hallway .,a soldier hurts a son .,a son is hurt by a soldier .,a,soldier,a,son,hurt,hurts,hurt,"[""AGENT=soldier"", ""VERB=hurt"", ""PATIENT=son""]","Prime sentence: The sculpture stood in the hallway .
Event roles: AGENT=soldier; VERB=hurt; PATIENT=son
Sentence: the",Sentence: the,first_noun,-3.3385560512542725,-5.035520553588867,-1.6969645023345947,active,0.0
1175,role_labeled,active,active,a manager raises a mayor .,an adult raises an attorney .,an attorney is raised by an adult .,an,adult,an,attorney,rais,raises,raised,"[""AGENT=adult"", ""VERB=rais"", ""PATIENT=attorney""]","Prime sentence: a manager raises a mayor .
Event roles: AGENT=adult; VERB=rais; PATIENT=attorney
Sentence: the",Sentence: the,first_noun,-5.452617645263672,-5.578368186950684,-0.12575054168701172,active,0.0
1175,role_labeled,passive,passive,a mayor is raised by a manager .,an adult raises an attorney .,an attorney is raised by an adult .,an,adult,an,attorney,rais,raises,raised,"[""AGENT=adult"", ""VERB=rais"", ""PATIENT=attorney""]","Prime sentence: a mayor is raised by a manager .
Event roles: AGENT=adult; VERB=rais; PATIENT=attorney
Sentence: the",Sentence: the,first_noun,-6.154808044433594,-5.924932956695557,0.2298750877380371,passive,1.0
1175,role_labeled,no_prime_eos,no_prime_eos,,an adult raises an attorney .,an attorney is raised by an adult .,an,adult,an,attorney,rais,raises,raised,"[""AGENT=adult"", ""VERB=rais"", ""PATIENT=attorney""]","Event roles: AGENT=adult; VERB=rais; PATIENT=attorney
Sentence: the",Sentence: the,first_noun,-4.391137599945068,-6.321330547332764,-1.9301929473876953,active,0.0
1175,role_labeled,filler,filler,The kettle whistled in the kitchen .,an adult raises an attorney .,an attorney is raised by an adult .,an,adult,an,attorney,rais,raises,raised,"[""AGENT=adult"", ""VERB=rais"", ""PATIENT=attorney""]","Prime sentence: The kettle whistled in the kitchen .
Event roles: AGENT=adult; VERB=rais; PATIENT=attorney
Sentence: the",Sentence: the,first_noun,-8.221002578735352,-6.740006446838379,1.4809961318969727,passive,1.0
1176,role_labeled,active,active,a woman teaches a worker .,a kid teaches a king .,a king is taught by a kid .,a,kid,a,king,teach,teaches,taught,"[""VERB=teach"", ""PATIENT=king"", ""AGENT=kid""]","Prime sentence: a woman teaches a worker .
Event roles: VERB=teach; PATIENT=king; AGENT=kid
Sentence: the",Sentence: the,first_noun,-5.645163059234619,-2.735288143157959,2.90987491607666,passive,1.0
1176,role_labeled,passive,passive,a worker is taught by a woman .,a kid teaches a king .,a king is taught by a kid .,a,kid,a,king,teach,teaches,taught,"[""VERB=teach"", ""PATIENT=king"", ""AGENT=kid""]","Prime sentence: a worker is taught by a woman .
Event roles: VERB=teach; PATIENT=king; AGENT=kid
Sentence: the",Sentence: the,first_noun,-5.425021648406982,-2.3685622215270996,3.056459426879883,passive,1.0
1176,role_labeled,no_prime_eos,no_prime_eos,,a kid teaches a king .,a king is taught by a kid .,a,kid,a,king,teach,teaches,taught,"[""VERB=teach"", ""PATIENT=king"", ""AGENT=kid""]","Event roles: VERB=teach; PATIENT=king; AGENT=kid
Sentence: the",Sentence: the,first_noun,-6.03834342956543,-3.7129909992218018,2.325352430343628,passive,1.0
1176,role_labeled,filler,filler,The window rattled during the storm .,a kid teaches a king .,a king is taught by a kid .,a,kid,a,king,teach,teaches,taught,"[""VERB=teach"", ""PATIENT=king"", ""AGENT=kid""]","Prime sentence: The window rattled during the storm .
Event roles: VERB=teach; PATIENT=king; AGENT=kid
Sentence: the",Sentence: the,first_noun,-5.681167125701904,-4.058274745941162,1.6228923797607422,passive,1.0
1177,role_labeled,active,active,an attorney embraces an aunt .,a manager embraces a mayor .,a mayor is embraced by a manager .,a,manager,a,mayor,embrac,embraces,embraced,"[""AGENT=manager"", ""PATIENT=mayor"", ""VERB=embrac""]","Prime sentence: an attorney embraces an aunt .
Event roles: AGENT=manager; PATIENT=mayor; VERB=embrac
Sentence: the",Sentence: the,first_noun,-5.836128234863281,-3.7992262840270996,2.0369019508361816,passive,1.0
1177,role_labeled,passive,passive,an aunt is embraced by an attorney .,a manager embraces a mayor .,a mayor is embraced by a manager .,a,manager,a,mayor,embrac,embraces,embraced,"[""AGENT=manager"", ""PATIENT=mayor"", ""VERB=embrac""]","Prime sentence: an aunt is embraced by an attorney .
Event roles: AGENT=manager; PATIENT=mayor; VERB=embrac
Sentence: the",Sentence: the,first_noun,-5.644142150878906,-3.08284592628479,2.561296224594116,passive,1.0
1177,role_labeled,no_prime_eos,no_prime_eos,,a manager embraces a mayor .,a mayor is embraced by a manager .,a,manager,a,mayor,embrac,embraces,embraced,"[""AGENT=manager"", ""PATIENT=mayor"", ""VERB=embrac""]","Event roles: AGENT=manager; PATIENT=mayor; VERB=embrac
Sentence: the",Sentence: the,first_noun,-4.811850547790527,-3.256904125213623,1.5549464225769043,passive,1.0
1177,role_labeled,filler,filler,The teacher listened during assembly .,a manager embraces a mayor .,a mayor is embraced by a manager .,a,manager,a,mayor,embrac,embraces,embraced,"[""AGENT=manager"", ""PATIENT=mayor"", ""VERB=embrac""]","Prime sentence: The teacher listened during assembly .
Event roles: AGENT=manager; PATIENT=mayor; VERB=embrac
Sentence: the",Sentence: the,first_noun,-4.380786418914795,-3.064465284347534,1.3163211345672607,passive,1.0
1178,role_labeled,active,active,an actress kills an adult .,a leader kills a man .,a man is killed by a leader .,a,leader,a,man,kill,kills,killed,"[""PATIENT=man"", ""AGENT=leader"", ""VERB=kill""]","Prime sentence: an actress kills an adult .
Event roles: PATIENT=man; AGENT=leader; VERB=kill
Sentence: the",Sentence: the,first_noun,-4.936967849731445,-3.72002911567688,1.2169387340545654,passive,1.0
1178,role_labeled,passive,passive,an adult is killed by an actress .,a leader kills a man .,a man is killed by a leader .,a,leader,a,man,kill,kills,killed,"[""PATIENT=man"", ""AGENT=leader"", ""VERB=kill""]","Prime sentence: an adult is killed by an actress .
Event roles: PATIENT=man; AGENT=leader; VERB=kill
Sentence: the",Sentence: the,first_noun,-4.8727521896362305,-3.3668594360351562,1.5058927536010742,passive,1.0
1178,role_labeled,no_prime_eos,no_prime_eos,,a leader kills a man .,a man is killed by a leader .,a,leader,a,man,kill,kills,killed,"[""PATIENT=man"", ""AGENT=leader"", ""VERB=kill""]","Event roles: PATIENT=man; AGENT=leader; VERB=kill
Sentence: the",Sentence: the,first_noun,-3.2677299976348877,-4.0511932373046875,-0.7834632396697998,active,0.0
1178,role_labeled,filler,filler,The traveler rested beside the river .,a leader kills a man .,a man is killed by a leader .,a,leader,a,man,kill,kills,killed,"[""PATIENT=man"", ""AGENT=leader"", ""VERB=kill""]","Prime sentence: The traveler rested beside the river .
Event roles: PATIENT=man; AGENT=leader; VERB=kill
Sentence: the",Sentence: the,first_noun,-4.743893623352051,-3.9761531352996826,0.7677404880523682,passive,1.0
1179,role_labeled,active,active,a child drags a colonel .,a priest drags a prince .,a prince is dragged by a priest .,a,priest,a,prince,drag,drags,dragged,"[""PATIENT=prince"", ""AGENT=priest"", ""VERB=drag""]","Prime sentence: a child drags a colonel .
Event roles: PATIENT=prince; AGENT=priest; VERB=drag
Sentence: the",Sentence: the,first_noun,-3.4872775077819824,-3.846467971801758,-0.3591904640197754,active,0.0
1179,role_labeled,passive,passive,a colonel is dragged by a child .,a priest drags a prince .,a prince is dragged by a priest .,a,priest,a,prince,drag,drags,dragged,"[""PATIENT=prince"", ""AGENT=priest"", ""VERB=drag""]","Prime sentence: a colonel is dragged by a child .
Event roles: PATIENT=prince; AGENT=priest; VERB=drag
Sentence: the",Sentence: the,first_noun,-2.8450498580932617,-3.7820839881896973,-0.9370341300964355,active,0.0
1179,role_labeled,no_prime_eos,no_prime_eos,,a priest drags a prince .,a prince is dragged by a priest .,a,priest,a,prince,drag,drags,dragged,"[""PATIENT=prince"", ""AGENT=priest"", ""VERB=drag""]","Event roles: PATIENT=prince; AGENT=priest; VERB=drag
Sentence: the",Sentence: the,first_noun,-3.219439744949341,-4.3378801345825195,-1.1184403896331787,active,0.0
1179,role_labeled,filler,filler,The market opened after sunrise .,a priest drags a prince .,a prince is dragged by a priest .,a,priest,a,prince,drag,drags,dragged,"[""PATIENT=prince"", ""AGENT=priest"", ""VERB=drag""]","Prime sentence: The market opened after sunrise .
Event roles: PATIENT=prince; AGENT=priest; VERB=drag
Sentence: the",Sentence: the,first_noun,-5.174607276916504,-5.787921905517578,-0.6133146286010742,active,0.0
1180,role_labeled,active,active,a professor judges a reader .,a cop judges a cousin .,a cousin is judged by a cop .,a,cop,a,cousin,judg,judges,judged,"[""AGENT=cop"", ""VERB=judg"", ""PATIENT=cousin""]","Prime sentence: a professor judges a reader .
Event roles: AGENT=cop; VERB=judg; PATIENT=cousin
Sentence: the",Sentence: the,first_noun,-5.029220104217529,-9.152200698852539,-4.12298059463501,active,0.0
1180,role_labeled,passive,passive,a reader is judged by a professor .,a cop judges a cousin .,a cousin is judged by a cop .,a,cop,a,cousin,judg,judges,judged,"[""AGENT=cop"", ""VERB=judg"", ""PATIENT=cousin""]","Prime sentence: a reader is judged by a professor .
Event roles: AGENT=cop; VERB=judg; PATIENT=cousin
Sentence: the",Sentence: the,first_noun,-5.184182643890381,-9.60213851928711,-4.4179558753967285,active,0.0
1180,role_labeled,no_prime_eos,no_prime_eos,,a cop judges a cousin .,a cousin is judged by a cop .,a,cop,a,cousin,judg,judges,judged,"[""AGENT=cop"", ""VERB=judg"", ""PATIENT=cousin""]","Event roles: AGENT=cop; VERB=judg; PATIENT=cousin
Sentence: the",Sentence: the,first_noun,-5.088285446166992,-9.382678985595703,-4.294393539428711,active,0.0
1180,role_labeled,filler,filler,The singer smiled after rehearsal .,a cop judges a cousin .,a cousin is judged by a cop .,a,cop,a,cousin,judg,judges,judged,"[""AGENT=cop"", ""VERB=judg"", ""PATIENT=cousin""]","Prime sentence: The singer smiled after rehearsal .
Event roles: AGENT=cop; VERB=judg; PATIENT=cousin
Sentence: the",Sentence: the,first_noun,-5.408302307128906,-8.798399925231934,-3.3900976181030273,active,0.0
1181,role_labeled,active,active,a singer washes a soldier .,an employer washes a father .,a father is washed by an employer .,an,employer,a,father,wash,washes,washed,"[""PATIENT=father"", ""VERB=wash"", ""AGENT=employer""]","Prime sentence: a singer washes a soldier .
Event roles: PATIENT=father; VERB=wash; AGENT=employer
Sentence: the",Sentence: the,first_noun,-6.921771049499512,-3.9558818340301514,2.9658892154693604,passive,1.0
1181,role_labeled,passive,passive,a soldier is washed by a singer .,an employer washes a father .,a father is washed by an employer .,an,employer,a,father,wash,washes,washed,"[""PATIENT=father"", ""VERB=wash"", ""AGENT=employer""]","Prime sentence: a soldier is washed by a singer .
Event roles: PATIENT=father; VERB=wash; AGENT=employer
Sentence: the",Sentence: the,first_noun,-7.093136787414551,-4.115654945373535,2.9774818420410156,passive,1.0
1181,role_labeled,no_prime_eos,no_prime_eos,,an employer washes a father .,a father is washed by an employer .,an,employer,a,father,wash,washes,washed,"[""PATIENT=father"", ""VERB=wash"", ""AGENT=employer""]","Event roles: PATIENT=father; VERB=wash; AGENT=employer
Sentence: the",Sentence: the,first_noun,-5.672339916229248,-3.8164587020874023,1.8558812141418457,passive,1.0
1181,role_labeled,filler,filler,The pillow rested on the sofa .,an employer washes a father .,a father is washed by an employer .,an,employer,a,father,wash,washes,washed,"[""PATIENT=father"", ""VERB=wash"", ""AGENT=employer""]","Prime sentence: The pillow rested on the sofa .
Event roles: PATIENT=father; VERB=wash; AGENT=employer
Sentence: the",Sentence: the,first_noun,-8.073249816894531,-5.00639533996582,3.066854476928711,passive,1.0
1182,role_labeled,active,active,a bishop helps a boy .,a mother helps a nurse .,a nurse is helped by a mother .,a,mother,a,nurse,help,helps,helped,"[""PATIENT=nurse"", ""VERB=help"", ""AGENT=mother""]","Prime sentence: a bishop helps a boy .
Event roles: PATIENT=nurse; VERB=help; AGENT=mother
Sentence: the",Sentence: the,first_noun,-3.686669111251831,-3.8614389896392822,-0.17476987838745117,active,0.0
1182,role_labeled,passive,passive,a boy is helped by a bishop .,a mother helps a nurse .,a nurse is helped by a mother .,a,mother,a,nurse,help,helps,helped,"[""PATIENT=nurse"", ""VERB=help"", ""AGENT=mother""]","Prime sentence: a boy is helped by a bishop .
Event roles: PATIENT=nurse; VERB=help; AGENT=mother
Sentence: the",Sentence: the,first_noun,-3.871809959411621,-4.113059043884277,-0.24124908447265625,active,0.0
1182,role_labeled,no_prime_eos,no_prime_eos,,a mother helps a nurse .,a nurse is helped by a mother .,a,mother,a,nurse,help,helps,helped,"[""PATIENT=nurse"", ""VERB=help"", ""AGENT=mother""]","Event roles: PATIENT=nurse; VERB=help; AGENT=mother
Sentence: the",Sentence: the,first_noun,-3.4551265239715576,-3.3142149448394775,0.14091157913208008,passive,1.0
1182,role_labeled,filler,filler,The notebook stayed on the shelf .,a mother helps a nurse .,a nurse is helped by a mother .,a,mother,a,nurse,help,helps,helped,"[""PATIENT=nurse"", ""VERB=help"", ""AGENT=mother""]","Prime sentence: The notebook stayed on the shelf .
Event roles: PATIENT=nurse; VERB=help; AGENT=mother
Sentence: the",Sentence: the,first_noun,-4.225440979003906,-3.1203067302703857,1.1051342487335205,passive,1.0
1183,role_labeled,active,active,a wife washes a winner .,a hero washes a husband .,a husband is washed by a hero .,a,hero,a,husband,wash,washes,washed,"[""AGENT=hero"", ""PATIENT=husband"", ""VERB=wash""]","Prime sentence: a wife washes a winner .
Event roles: AGENT=hero; PATIENT=husband; VERB=wash
Sentence: the",Sentence: the,first_noun,-4.950144290924072,-3.5474867820739746,1.4026575088500977,passive,1.0
1183,role_labeled,passive,passive,a winner is washed by a wife .,a hero washes a husband .,a husband is washed by a hero .,a,hero,a,husband,wash,washes,washed,"[""AGENT=hero"", ""PATIENT=husband"", ""VERB=wash""]","Prime sentence: a winner is washed by a wife .
Event roles: AGENT=hero; PATIENT=husband; VERB=wash
Sentence: the",Sentence: the,first_noun,-4.780614852905273,-3.9687726497650146,0.8118422031402588,passive,1.0
1183,role_labeled,no_prime_eos,no_prime_eos,,a hero washes a husband .,a husband is washed by a hero .,a,hero,a,husband,wash,washes,washed,"[""AGENT=hero"", ""PATIENT=husband"", ""VERB=wash""]","Event roles: AGENT=hero; PATIENT=husband; VERB=wash
Sentence: the",Sentence: the,first_noun,-3.383172035217285,-4.7798357009887695,-1.3966636657714844,active,0.0
1183,role_labeled,filler,filler,The lantern glowed near sunset .,a hero washes a husband .,a husband is washed by a hero .,a,hero,a,husband,wash,washes,washed,"[""AGENT=hero"", ""PATIENT=husband"", ""VERB=wash""]","Prime sentence: The lantern glowed near sunset .
Event roles: AGENT=hero; PATIENT=husband; VERB=wash
Sentence: the",Sentence: the,first_noun,-5.942022323608398,-6.511188507080078,-0.5691661834716797,active,0.0
1184,role_labeled,active,active,a worker joins a writer .,a king joins a lady .,a lady is joined by a king .,a,king,a,lady,join,joins,joined,"[""PATIENT=lady"", ""AGENT=king"", ""VERB=join""]","Prime sentence: a worker joins a writer .
Event roles: PATIENT=lady; AGENT=king; VERB=join
Sentence: the",Sentence: the,first_noun,-3.201172351837158,-4.882782459259033,-1.681610107421875,active,0.0
1184,role_labeled,passive,passive,a writer is joined by a worker .,a king joins a lady .,a lady is joined by a king .,a,king,a,lady,join,joins,joined,"[""PATIENT=lady"", ""AGENT=king"", ""VERB=join""]","Prime sentence: a writer is joined by a worker .
Event roles: PATIENT=lady; AGENT=king; VERB=join
Sentence: the",Sentence: the,first_noun,-3.290306568145752,-5.151577949523926,-1.8612713813781738,active,0.0
1184,role_labeled,no_prime_eos,no_prime_eos,,a king joins a lady .,a lady is joined by a king .,a,king,a,lady,join,joins,joined,"[""PATIENT=lady"", ""AGENT=king"", ""VERB=join""]","Event roles: PATIENT=lady; AGENT=king; VERB=join
Sentence: the",Sentence: the,first_noun,-2.7253785133361816,-4.880361557006836,-2.1549830436706543,active,0.0
1184,role_labeled,filler,filler,The radio crackled in the attic .,a king joins a lady .,a lady is joined by a king .,a,king,a,lady,join,joins,joined,"[""PATIENT=lady"", ""AGENT=king"", ""VERB=join""]","Prime sentence: The radio crackled in the attic .
Event roles: PATIENT=lady; AGENT=king; VERB=join
Sentence: the",Sentence: the,first_noun,-4.502730846405029,-5.452150821685791,-0.9494199752807617,active,0.0
1185,role_labeled,active,active,an aunt judges an author .,a mayor judges a minister .,a minister is judged by a mayor .,a,mayor,a,minister,judg,judges,judged,"[""PATIENT=minister"", ""AGENT=mayor"", ""VERB=judg""]","Prime sentence: an aunt judges an author .
Event roles: PATIENT=minister; AGENT=mayor; VERB=judg
Sentence: the",Sentence: the,first_noun,-3.507845878601074,-4.9803690910339355,-1.4725232124328613,active,0.0
1185,role_labeled,passive,passive,an author is judged by an aunt .,a mayor judges a minister .,a minister is judged by a mayor .,a,mayor,a,minister,judg,judges,judged,"[""PATIENT=minister"", ""AGENT=mayor"", ""VERB=judg""]","Prime sentence: an author is judged by an aunt .
Event roles: PATIENT=minister; AGENT=mayor; VERB=judg
Sentence: the",Sentence: the,first_noun,-3.8842647075653076,-4.817344665527344,-0.9330799579620361,active,0.0
1185,role_labeled,no_prime_eos,no_prime_eos,,a mayor judges a minister .,a minister is judged by a mayor .,a,mayor,a,minister,judg,judges,judged,"[""PATIENT=minister"", ""AGENT=mayor"", ""VERB=judg""]","Event roles: PATIENT=minister; AGENT=mayor; VERB=judg
Sentence: the",Sentence: the,first_noun,-3.720463514328003,-4.833103179931641,-1.1126396656036377,active,0.0
1185,role_labeled,filler,filler,The radio crackled in the attic .,a mayor judges a minister .,a minister is judged by a mayor .,a,mayor,a,minister,judg,judges,judged,"[""PATIENT=minister"", ""AGENT=mayor"", ""VERB=judg""]","Prime sentence: The radio crackled in the attic .
Event roles: PATIENT=minister; AGENT=mayor; VERB=judg
Sentence: the",Sentence: the,first_noun,-4.300522804260254,-6.1749348640441895,-1.8744120597839355,active,0.0
1186,role_labeled,active,active,a partner chases a physician .,a buddy chases a candidate .,a candidate is chased by a buddy .,a,buddy,a,candidate,chas,chases,chased,"[""AGENT=buddy"", ""PATIENT=candidate"", ""VERB=chas""]","Prime sentence: a partner chases a physician .
Event roles: AGENT=buddy; PATIENT=candidate; VERB=chas
Sentence: the",Sentence: the,first_noun,-7.585102081298828,-6.036740303039551,1.5483617782592773,passive,1.0
1186,role_labeled,passive,passive,a physician is chased by a partner .,a buddy chases a candidate .,a candidate is chased by a buddy .,a,buddy,a,candidate,chas,chases,chased,"[""AGENT=buddy"", ""PATIENT=candidate"", ""VERB=chas""]","Prime sentence: a physician is chased by a partner .
Event roles: AGENT=buddy; PATIENT=candidate; VERB=chas
Sentence: the",Sentence: the,first_noun,-8.827021598815918,-6.24592399597168,2.5810976028442383,passive,1.0
1186,role_labeled,no_prime_eos,no_prime_eos,,a buddy chases a candidate .,a candidate is chased by a buddy .,a,buddy,a,candidate,chas,chases,chased,"[""AGENT=buddy"", ""PATIENT=candidate"", ""VERB=chas""]","Event roles: AGENT=buddy; PATIENT=candidate; VERB=chas
Sentence: the",Sentence: the,first_noun,-7.7233195304870605,-4.744208335876465,2.9791111946105957,passive,1.0
1186,role_labeled,filler,filler,The blanket dried on the line .,a buddy chases a candidate .,a candidate is chased by a buddy .,a,buddy,a,candidate,chas,chases,chased,"[""AGENT=buddy"", ""PATIENT=candidate"", ""VERB=chas""]","Prime sentence: The blanket dried on the line .
Event roles: AGENT=buddy; PATIENT=candidate; VERB=chas
Sentence: the",Sentence: the,first_noun,-8.746829986572266,-6.593771457672119,2.1530585289001465,passive,1.0
1187,role_labeled,active,active,a guest comforts a guy .,a student comforts a teacher .,a teacher is comforted by a student .,a,student,a,teacher,comfort,comforts,comforted,"[""VERB=comfort"", ""AGENT=student"", ""PATIENT=teacher""]","Prime sentence: a guest comforts a guy .
Event roles: VERB=comfort; AGENT=student; PATIENT=teacher
Sentence: the",Sentence: the,first_noun,-3.2885513305664062,-3.3510208129882812,-0.062469482421875,active,0.0
1187,role_labeled,passive,passive,a guy is comforted by a guest .,a student comforts a teacher .,a teacher is comforted by a student .,a,student,a,teacher,comfort,comforts,comforted,"[""VERB=comfort"", ""AGENT=student"", ""PATIENT=teacher""]","Prime sentence: a guy is comforted by a guest .
Event roles: VERB=comfort; AGENT=student; PATIENT=teacher
Sentence: the",Sentence: the,first_noun,-3.0960283279418945,-3.3607442378997803,-0.26471590995788574,active,0.0
1187,role_labeled,no_prime_eos,no_prime_eos,,a student comforts a teacher .,a teacher is comforted by a student .,a,student,a,teacher,comfort,comforts,comforted,"[""VERB=comfort"", ""AGENT=student"", ""PATIENT=teacher""]","Event roles: VERB=comfort; AGENT=student; PATIENT=teacher
Sentence: the",Sentence: the,first_noun,-3.3129336833953857,-3.6109139919281006,-0.29798030853271484,active,0.0
1187,role_labeled,filler,filler,The market opened after sunrise .,a student comforts a teacher .,a teacher is comforted by a student .,a,student,a,teacher,comfort,comforts,comforted,"[""VERB=comfort"", ""AGENT=student"", ""PATIENT=teacher""]","Prime sentence: The market opened after sunrise .
Event roles: VERB=comfort; AGENT=student; PATIENT=teacher
Sentence: the",Sentence: the,first_noun,-4.023741722106934,-4.443129539489746,-0.4193878173828125,active,0.0
1188,role_labeled,active,active,a partner drags a physician .,a buddy drags a candidate .,a candidate is dragged by a buddy .,a,buddy,a,candidate,drag,drags,dragged,"[""AGENT=buddy"", ""VERB=drag"", ""PATIENT=candidate""]","Prime sentence: a partner drags a physician .
Event roles: AGENT=buddy; VERB=drag; PATIENT=candidate
Sentence: the",Sentence: the,first_noun,-7.056770324707031,-5.494635581970215,1.5621347427368164,passive,1.0
1188,role_labeled,passive,passive,a physician is dragged by a partner .,a buddy drags a candidate .,a candidate is dragged by a buddy .,a,buddy,a,candidate,drag,drags,dragged,"[""AGENT=buddy"", ""VERB=drag"", ""PATIENT=candidate""]","Prime sentence: a physician is dragged by a partner .
Event roles: AGENT=buddy; VERB=drag; PATIENT=candidate
Sentence: the",Sentence: the,first_noun,-8.478209495544434,-5.415727138519287,3.0624823570251465,passive,1.0
1188,role_labeled,no_prime_eos,no_prime_eos,,a buddy drags a candidate .,a candidate is dragged by a buddy .,a,buddy,a,candidate,drag,drags,dragged,"[""AGENT=buddy"", ""VERB=drag"", ""PATIENT=candidate""]","Event roles: AGENT=buddy; VERB=drag; PATIENT=candidate
Sentence: the",Sentence: the,first_noun,-7.334750652313232,-4.943066596984863,2.391684055328369,passive,1.0
1188,role_labeled,filler,filler,The jacket hung behind the chair .,a buddy drags a candidate .,a candidate is dragged by a buddy .,a,buddy,a,candidate,drag,drags,dragged,"[""AGENT=buddy"", ""VERB=drag"", ""PATIENT=candidate""]","Prime sentence: The jacket hung behind the chair .
Event roles: AGENT=buddy; VERB=drag; PATIENT=candidate
Sentence: the",Sentence: the,first_noun,-9.125267028808594,-6.450594425201416,2.6746726036071777,passive,1.0
1189,role_labeled,active,active,a priest raises a prince .,a chief raises a child .,a child is raised by a chief .,a,chief,a,child,rais,raises,raised,"[""AGENT=chief"", ""VERB=rais"", ""PATIENT=child""]","Prime sentence: a priest raises a prince .
Event roles: AGENT=chief; VERB=rais; PATIENT=child
Sentence: the",Sentence: the,first_noun,-3.9931626319885254,-4.412285804748535,-0.41912317276000977,active,0.0
1189,role_labeled,passive,passive,a prince is raised by a priest .,a chief raises a child .,a child is raised by a chief .,a,chief,a,child,rais,raises,raised,"[""AGENT=chief"", ""VERB=rais"", ""PATIENT=child""]","Prime sentence: a prince is raised by a priest .
Event roles: AGENT=chief; VERB=rais; PATIENT=child
Sentence: the",Sentence: the,first_noun,-4.498893737792969,-4.110132217407227,0.3887615203857422,passive,1.0
1189,role_labeled,no_prime_eos,no_prime_eos,,a chief raises a child .,a child is raised by a chief .,a,chief,a,child,rais,raises,raised,"[""AGENT=chief"", ""VERB=rais"", ""PATIENT=child""]","Event roles: AGENT=chief; VERB=rais; PATIENT=child
Sentence: the",Sentence: the,first_noun,-3.5376837253570557,-3.5491836071014404,-0.011499881744384766,active,0.0
1189,role_labeled,filler,filler,The radio crackled in the attic .,a chief raises a child .,a child is raised by a chief .,a,chief,a,child,rais,raises,raised,"[""AGENT=chief"", ""VERB=rais"", ""PATIENT=child""]","Prime sentence: The radio crackled in the attic .
Event roles: AGENT=chief; VERB=rais; PATIENT=child
Sentence: the",Sentence: the,first_noun,-6.60714864730835,-4.529667854309082,2.0774807929992676,passive,1.0
1190,role_labeled,active,active,a buddy bothers a candidate .,a parent bothers a partner .,a partner is bothered by a parent .,a,parent,a,partner,bother,bothers,bothered,"[""PATIENT=partner"", ""VERB=bother"", ""AGENT=parent""]","Prime sentence: a buddy bothers a candidate .
Event roles: PATIENT=partner; VERB=bother; AGENT=parent
Sentence: the",Sentence: the,first_noun,-5.610954761505127,-5.31909704208374,0.2918577194213867,passive,1.0
1190,role_labeled,passive,passive,a candidate is bothered by a buddy .,a parent bothers a partner .,a partner is bothered by a parent .,a,parent,a,partner,bother,bothers,bothered,"[""PATIENT=partner"", ""VERB=bother"", ""AGENT=parent""]","Prime sentence: a candidate is bothered by a buddy .
Event roles: PATIENT=partner; VERB=bother; AGENT=parent
Sentence: the",Sentence: the,first_noun,-5.3256940841674805,-4.8026123046875,0.5230817794799805,passive,1.0
1190,role_labeled,no_prime_eos,no_prime_eos,,a parent bothers a partner .,a partner is bothered by a parent .,a,parent,a,partner,bother,bothers,bothered,"[""PATIENT=partner"", ""VERB=bother"", ""AGENT=parent""]","Event roles: PATIENT=partner; VERB=bother; AGENT=parent
Sentence: the",Sentence: the,first_noun,-4.695171356201172,-5.714359283447266,-1.0191879272460938,active,0.0
1190,role_labeled,filler,filler,The window rattled during the storm .,a parent bothers a partner .,a partner is bothered by a parent .,a,parent,a,partner,bother,bothers,bothered,"[""PATIENT=partner"", ""VERB=bother"", ""AGENT=parent""]","Prime sentence: The window rattled during the storm .
Event roles: PATIENT=partner; VERB=bother; AGENT=parent
Sentence: the",Sentence: the,first_noun,-7.961716651916504,-8.450551986694336,-0.48883533477783203,active,0.0
1191,role_labeled,active,active,a doctor kills an employee .,a scientist kills a secretary .,a secretary is killed by a scientist .,a,scientist,a,secretary,kill,kills,killed,"[""PATIENT=secretary"", ""VERB=kill"", ""AGENT=scientist""]","Prime sentence: a doctor kills an employee .
Event roles: PATIENT=secretary; VERB=kill; AGENT=scientist
Sentence: the",Sentence: the,first_noun,-3.3595335483551025,-4.26059627532959,-0.9010627269744873,active,0.0
1191,role_labeled,passive,passive,an employee is killed by a doctor .,a scientist kills a secretary .,a secretary is killed by a scientist .,a,scientist,a,secretary,kill,kills,killed,"[""PATIENT=secretary"", ""VERB=kill"", ""AGENT=scientist""]","Prime sentence: an employee is killed by a doctor .
Event roles: PATIENT=secretary; VERB=kill; AGENT=scientist
Sentence: the",Sentence: the,first_noun,-3.327793836593628,-4.6259307861328125,-1.2981369495391846,active,0.0
1191,role_labeled,no_prime_eos,no_prime_eos,,a scientist kills a secretary .,a secretary is killed by a scientist .,a,scientist,a,secretary,kill,kills,killed,"[""PATIENT=secretary"", ""VERB=kill"", ""AGENT=scientist""]","Event roles: PATIENT=secretary; VERB=kill; AGENT=scientist
Sentence: the",Sentence: the,first_noun,-4.116045951843262,-6.146240234375,-2.0301942825317383,active,0.0
1191,role_labeled,filler,filler,The singer smiled after rehearsal .,a scientist kills a secretary .,a secretary is killed by a scientist .,a,scientist,a,secretary,kill,kills,killed,"[""PATIENT=secretary"", ""VERB=kill"", ""AGENT=scientist""]","Prime sentence: The singer smiled after rehearsal .
Event roles: PATIENT=secretary; VERB=kill; AGENT=scientist
Sentence: the",Sentence: the,first_noun,-3.865954875946045,-6.300556659698486,-2.4346017837524414,active,0.0
1192,role_labeled,active,active,a scientist beats a secretary .,a daughter beats a doctor .,a doctor is beaten by a daughter .,a,daughter,a,doctor,beat,beats,beaten,"[""VERB=beat"", ""PATIENT=doctor"", ""AGENT=daughter""]","Prime sentence: a scientist beats a secretary .
Event roles: VERB=beat; PATIENT=doctor; AGENT=daughter
Sentence: the",Sentence: the,first_noun,-5.5023345947265625,-2.7437498569488525,2.75858473777771,passive,1.0
1192,role_labeled,passive,passive,a secretary is beaten by a scientist .,a daughter beats a doctor .,a doctor is beaten by a daughter .,a,daughter,a,doctor,beat,beats,beaten,"[""VERB=beat"", ""PATIENT=doctor"", ""AGENT=daughter""]","Prime sentence: a secretary is beaten by a scientist .
Event roles: VERB=beat; PATIENT=doctor; AGENT=daughter
Sentence: the",Sentence: the,first_noun,-5.60283899307251,-2.658863067626953,2.9439759254455566,passive,1.0
1192,role_labeled,no_prime_eos,no_prime_eos,,a daughter beats a doctor .,a doctor is beaten by a daughter .,a,daughter,a,doctor,beat,beats,beaten,"[""VERB=beat"", ""PATIENT=doctor"", ""AGENT=daughter""]","Event roles: VERB=beat; PATIENT=doctor; AGENT=daughter
Sentence: the",Sentence: the,first_noun,-5.290467262268066,-3.6142332553863525,1.6762340068817139,passive,1.0
1192,role_labeled,filler,filler,The baker laughed during breakfast .,a daughter beats a doctor .,a doctor is beaten by a daughter .,a,daughter,a,doctor,beat,beats,beaten,"[""VERB=beat"", ""PATIENT=doctor"", ""AGENT=daughter""]","Prime sentence: The baker laughed during breakfast .
Event roles: VERB=beat; PATIENT=doctor; AGENT=daughter
Sentence: the",Sentence: the,first_noun,-6.55737829208374,-2.764247417449951,3.793130874633789,passive,1.0
1193,role_labeled,active,active,a boy drags a brother .,a nurse drags an opponent .,an opponent is dragged by a nurse .,a,nurse,an,opponent,drag,drags,dragged,"[""VERB=drag"", ""AGENT=nurse"", ""PATIENT=opponent""]","Prime sentence: a boy drags a brother .
Event roles: VERB=drag; AGENT=nurse; PATIENT=opponent
Sentence: the",Sentence: the,first_noun,-4.200984001159668,-7.34331750869751,-3.142333507537842,active,0.0
1193,role_labeled,passive,passive,a brother is dragged by a boy .,a nurse drags an opponent .,an opponent is dragged by a nurse .,a,nurse,an,opponent,drag,drags,dragged,"[""VERB=drag"", ""AGENT=nurse"", ""PATIENT=opponent""]","Prime sentence: a brother is dragged by a boy .
Event roles: VERB=drag; AGENT=nurse; PATIENT=opponent
Sentence: the",Sentence: the,first_noun,-4.132673263549805,-6.720063209533691,-2.5873899459838867,active,0.0
1193,role_labeled,no_prime_eos,no_prime_eos,,a nurse drags an opponent .,an opponent is dragged by a nurse .,a,nurse,an,opponent,drag,drags,dragged,"[""VERB=drag"", ""AGENT=nurse"", ""PATIENT=opponent""]","Event roles: VERB=drag; AGENT=nurse; PATIENT=opponent
Sentence: the",Sentence: the,first_noun,-4.39390754699707,-5.179228782653809,-0.7853212356567383,active,0.0
1193,role_labeled,filler,filler,The singer smiled after rehearsal .,a nurse drags an opponent .,an opponent is dragged by a nurse .,a,nurse,an,opponent,drag,drags,dragged,"[""VERB=drag"", ""AGENT=nurse"", ""PATIENT=opponent""]","Prime sentence: The singer smiled after rehearsal .
Event roles: VERB=drag; AGENT=nurse; PATIENT=opponent
Sentence: the",Sentence: the,first_noun,-4.073596477508545,-6.593486785888672,-2.519890308380127,active,0.0
1194,role_labeled,active,active,a boy follows a brother .,a nurse follows an opponent .,an opponent is followed by a nurse .,a,nurse,an,opponent,follow,follows,followed,"[""AGENT=nurse"", ""PATIENT=opponent"", ""VERB=follow""]","Prime sentence: a boy follows a brother .
Event roles: AGENT=nurse; PATIENT=opponent; VERB=follow
Sentence: the",Sentence: the,first_noun,-3.5096805095672607,-7.247241020202637,-3.737560510635376,active,0.0
1194,role_labeled,passive,passive,a brother is followed by a boy .,a nurse follows an opponent .,an opponent is followed by a nurse .,a,nurse,an,opponent,follow,follows,followed,"[""AGENT=nurse"", ""PATIENT=opponent"", ""VERB=follow""]","Prime sentence: a brother is followed by a boy .
Event roles: AGENT=nurse; PATIENT=opponent; VERB=follow
Sentence: the",Sentence: the,first_noun,-3.59906268119812,-7.102242469787598,-3.5031797885894775,active,0.0
1194,role_labeled,no_prime_eos,no_prime_eos,,a nurse follows an opponent .,an opponent is followed by a nurse .,a,nurse,an,opponent,follow,follows,followed,"[""AGENT=nurse"", ""PATIENT=opponent"", ""VERB=follow""]","Event roles: AGENT=nurse; PATIENT=opponent; VERB=follow
Sentence: the",Sentence: the,first_noun,-3.3260998725891113,-4.695130825042725,-1.3690309524536133,active,0.0
1194,role_labeled,filler,filler,The notebook stayed on the shelf .,a nurse follows an opponent .,an opponent is followed by a nurse .,a,nurse,an,opponent,follow,follows,followed,"[""AGENT=nurse"", ""PATIENT=opponent"", ""VERB=follow""]","Prime sentence: The notebook stayed on the shelf .
Event roles: AGENT=nurse; PATIENT=opponent; VERB=follow
Sentence: the",Sentence: the,first_noun,-3.385164260864258,-7.304370880126953,-3.9192066192626953,active,0.0
1195,role_labeled,active,active,a teacher teaches an uncle .,a guest teaches a guy .,a guy is taught by a guest .,a,guest,a,guy,teach,teaches,taught,"[""AGENT=guest"", ""PATIENT=guy"", ""VERB=teach""]","Prime sentence: a teacher teaches an uncle .
Event roles: AGENT=guest; PATIENT=guy; VERB=teach
Sentence: the",Sentence: the,first_noun,-5.327447414398193,-4.3044257164001465,1.0230216979980469,passive,1.0
1195,role_labeled,passive,passive,an uncle is taught by a teacher .,a guest teaches a guy .,a guy is taught by a guest .,a,guest,a,guy,teach,teaches,taught,"[""AGENT=guest"", ""PATIENT=guy"", ""VERB=teach""]","Prime sentence: an uncle is taught by a teacher .
Event roles: AGENT=guest; PATIENT=guy; VERB=teach
Sentence: the",Sentence: the,first_noun,-5.292544364929199,-4.556200981140137,0.7363433837890625,passive,1.0
1195,role_labeled,no_prime_eos,no_prime_eos,,a guest teaches a guy .,a guy is taught by a guest .,a,guest,a,guy,teach,teaches,taught,"[""AGENT=guest"", ""PATIENT=guy"", ""VERB=teach""]","Event roles: AGENT=guest; PATIENT=guy; VERB=teach
Sentence: the",Sentence: the,first_noun,-4.321834564208984,-4.347572326660156,-0.025737762451171875,active,0.0
1195,role_labeled,filler,filler,The garden brightened after rain .,a guest teaches a guy .,a guy is taught by a guest .,a,guest,a,guy,teach,teaches,taught,"[""AGENT=guest"", ""PATIENT=guy"", ""VERB=teach""]","Prime sentence: The garden brightened after rain .
Event roles: AGENT=guest; PATIENT=guy; VERB=teach
Sentence: the",Sentence: the,first_noun,-6.401283264160156,-5.977964401245117,0.42331886291503906,passive,1.0
1196,role_labeled,active,active,a professor kills a reader .,a cop kills a cousin .,a cousin is killed by a cop .,a,cop,a,cousin,kill,kills,killed,"[""VERB=kill"", ""AGENT=cop"", ""PATIENT=cousin""]","Prime sentence: a professor kills a reader .
Event roles: VERB=kill; AGENT=cop; PATIENT=cousin
Sentence: the",Sentence: the,first_noun,-4.53582763671875,-8.904123306274414,-4.368295669555664,active,0.0
1196,role_labeled,passive,passive,a reader is killed by a professor .,a cop kills a cousin .,a cousin is killed by a cop .,a,cop,a,cousin,kill,kills,killed,"[""VERB=kill"", ""AGENT=cop"", ""PATIENT=cousin""]","Prime sentence: a reader is killed by a professor .
Event roles: VERB=kill; AGENT=cop; PATIENT=cousin
Sentence: the",Sentence: the,first_noun,-5.419177055358887,-9.253512382507324,-3.8343353271484375,active,0.0
1196,role_labeled,no_prime_eos,no_prime_eos,,a cop kills a cousin .,a cousin is killed by a cop .,a,cop,a,cousin,kill,kills,killed,"[""VERB=kill"", ""AGENT=cop"", ""PATIENT=cousin""]","Event roles: VERB=kill; AGENT=cop; PATIENT=cousin
Sentence: the",Sentence: the,first_noun,-4.961316108703613,-9.119682312011719,-4.1583662033081055,active,0.0
1196,role_labeled,filler,filler,The witness paused near the doorway .,a cop kills a cousin .,a cousin is killed by a cop .,a,cop,a,cousin,kill,kills,killed,"[""VERB=kill"", ""AGENT=cop"", ""PATIENT=cousin""]","Prime sentence: The witness paused near the doorway .
Event roles: VERB=kill; AGENT=cop; PATIENT=cousin
Sentence: the",Sentence: the,first_noun,-4.963764190673828,-7.643842697143555,-2.6800785064697266,active,0.0
1197,role_labeled,active,active,a friend describes a girl .,a soldier describes a son .,a son is described by a soldier .,a,soldier,a,son,describ,describes,described,"[""AGENT=soldier"", ""VERB=describ"", ""PATIENT=son""]","Prime sentence: a friend describes a girl .
Event roles: AGENT=soldier; VERB=describ; PATIENT=son
Sentence: the",Sentence: the,first_noun,-3.853170394897461,-5.4959187507629395,-1.6427483558654785,active,0.0
1197,role_labeled,passive,passive,a girl is described by a friend .,a soldier describes a son .,a son is described by a soldier .,a,soldier,a,son,describ,describes,described,"[""AGENT=soldier"", ""VERB=describ"", ""PATIENT=son""]","Prime sentence: a girl is described by a friend .
Event roles: AGENT=soldier; VERB=describ; PATIENT=son
Sentence: the",Sentence: the,first_noun,-3.221916913986206,-5.245843887329102,-2.0239269733428955,active,0.0
1197,role_labeled,no_prime_eos,no_prime_eos,,a soldier describes a son .,a son is described by a soldier .,a,soldier,a,son,describ,describes,described,"[""AGENT=soldier"", ""VERB=describ"", ""PATIENT=son""]","Event roles: AGENT=soldier; VERB=describ; PATIENT=son
Sentence: the",Sentence: the,first_noun,-3.2699618339538574,-4.570656776428223,-1.3006949424743652,active,0.0
1197,role_labeled,filler,filler,The singer smiled after rehearsal .,a soldier describes a son .,a son is described by a soldier .,a,soldier,a,son,describ,describes,described,"[""AGENT=soldier"", ""VERB=describ"", ""PATIENT=son""]","Prime sentence: The singer smiled after rehearsal .
Event roles: AGENT=soldier; VERB=describ; PATIENT=son
Sentence: the",Sentence: the,first_noun,-3.7286744117736816,-6.007009506225586,-2.2783350944519043,active,0.0
1198,role_labeled,active,active,a kid follows a king .,a winner follows a woman .,a woman is followed by a winner .,a,winner,a,woman,follow,follows,followed,"[""AGENT=winner"", ""PATIENT=woman"", ""VERB=follow""]","Prime sentence: a kid follows a king .
Event roles: AGENT=winner; PATIENT=woman; VERB=follow
Sentence: the",Sentence: the,first_noun,-7.215512275695801,-4.544706344604492,2.6708059310913086,passive,1.0
1198,role_labeled,passive,passive,a king is followed by a kid .,a winner follows a woman .,a woman is followed by a winner .,a,winner,a,woman,follow,follows,followed,"[""AGENT=winner"", ""PATIENT=woman"", ""VERB=follow""]","Prime sentence: a king is followed by a kid .
Event roles: AGENT=winner; PATIENT=woman; VERB=follow
Sentence: the",Sentence: the,first_noun,-7.252743721008301,-4.71151065826416,2.5412330627441406,passive,1.0
1198,role_labeled,no_prime_eos,no_prime_eos,,a winner follows a woman .,a woman is followed by a winner .,a,winner,a,woman,follow,follows,followed,"[""AGENT=winner"", ""PATIENT=woman"", ""VERB=follow""]","Event roles: AGENT=winner; PATIENT=woman; VERB=follow
Sentence: the",Sentence: the,first_noun,-3.556886672973633,-2.973020076751709,0.5838665962219238,passive,1.0
1198,role_labeled,filler,filler,The painter waited near the doorway .,a winner follows a woman .,a woman is followed by a winner .,a,winner,a,woman,follow,follows,followed,"[""AGENT=winner"", ""PATIENT=woman"", ""VERB=follow""]","Prime sentence: The painter waited near the doorway .
Event roles: AGENT=winner; PATIENT=woman; VERB=follow
Sentence: the",Sentence: the,first_noun,-7.870058536529541,-2.8542885780334473,5.015769958496094,passive,1.0
1199,role_labeled,active,active,a partner catches a physician .,a buddy catches a candidate .,a candidate is caught by a buddy .,a,buddy,a,candidate,catch,catches,caught,"[""PATIENT=candidate"", ""VERB=catch"", ""AGENT=buddy""]","Prime sentence: a partner catches a physician .
Event roles: PATIENT=candidate; VERB=catch; AGENT=buddy
Sentence: the",Sentence: the,first_noun,-7.566459655761719,-4.14772891998291,3.4187307357788086,passive,1.0
1199,role_labeled,passive,passive,a physician is caught by a partner .,a buddy catches a candidate .,a candidate is caught by a buddy .,a,buddy,a,candidate,catch,catches,caught,"[""PATIENT=candidate"", ""VERB=catch"", ""AGENT=buddy""]","Prime sentence: a physician is caught by a partner .
Event roles: PATIENT=candidate; VERB=catch; AGENT=buddy
Sentence: the",Sentence: the,first_noun,-8.661979675292969,-4.544744491577148,4.11723518371582,passive,1.0
1199,role_labeled,no_prime_eos,no_prime_eos,,a buddy catches a candidate .,a candidate is caught by a buddy .,a,buddy,a,candidate,catch,catches,caught,"[""PATIENT=candidate"", ""VERB=catch"", ""AGENT=buddy""]","Event roles: PATIENT=candidate; VERB=catch; AGENT=buddy
Sentence: the",Sentence: the,first_noun,-7.623228549957275,-4.134914398193359,3.488314151763916,passive,1.0
1199,role_labeled,filler,filler,The violin echoed in the theater .,a buddy catches a candidate .,a candidate is caught by a buddy .,a,buddy,a,candidate,catch,catches,caught,"[""PATIENT=candidate"", ""VERB=catch"", ""AGENT=buddy""]","Prime sentence: The violin echoed in the theater .
Event roles: PATIENT=candidate; VERB=catch; AGENT=buddy
Sentence: the",Sentence: the,first_noun,-10.818286895751953,-6.167367935180664,4.650918960571289,passive,1.0
1200,role_labeled,active,active,a champion comforts a chief .,a pilot comforts a president .,a president is comforted by a pilot .,a,pilot,a,president,comfort,comforts,comforted,"[""VERB=comfort"", ""AGENT=pilot"", ""PATIENT=president""]","Prime sentence: a champion comforts a chief .
Event roles: VERB=comfort; AGENT=pilot; PATIENT=president
Sentence: the",Sentence: the,first_noun,-5.315112590789795,-3.971477508544922,1.343635082244873,passive,1.0
1200,role_labeled,passive,passive,a chief is comforted by a champion .,a pilot comforts a president .,a president is comforted by a pilot .,a,pilot,a,president,comfort,comforts,comforted,"[""VERB=comfort"", ""AGENT=pilot"", ""PATIENT=president""]","Prime sentence: a chief is comforted by a champion .
Event roles: VERB=comfort; AGENT=pilot; PATIENT=president
Sentence: the",Sentence: the,first_noun,-5.549562454223633,-4.217739105224609,1.3318233489990234,passive,1.0
1200,role_labeled,no_prime_eos,no_prime_eos,,a pilot comforts a president .,a president is comforted by a pilot .,a,pilot,a,president,comfort,comforts,comforted,"[""VERB=comfort"", ""AGENT=pilot"", ""PATIENT=president""]","Event roles: VERB=comfort; AGENT=pilot; PATIENT=president
Sentence: the",Sentence: the,first_noun,-2.8794682025909424,-4.074145317077637,-1.1946771144866943,active,0.0
1200,role_labeled,filler,filler,The teacher listened during assembly .,a pilot comforts a president .,a president is comforted by a pilot .,a,pilot,a,president,comfort,comforts,comforted,"[""VERB=comfort"", ""AGENT=pilot"", ""PATIENT=president""]","Prime sentence: The teacher listened during assembly .
Event roles: VERB=comfort; AGENT=pilot; PATIENT=president
Sentence: the",Sentence: the,first_noun,-3.220531940460205,-3.2467575073242188,-0.026225566864013672,active,0.0
1201,role_labeled,active,active,a colonel washes a cop .,a prince washes a princess .,a princess is washed by a prince .,a,prince,a,princess,wash,washes,washed,"[""AGENT=prince"", ""VERB=wash"", ""PATIENT=princess""]","Prime sentence: a colonel washes a cop .
Event roles: AGENT=prince; VERB=wash; PATIENT=princess
Sentence: the",Sentence: the,first_noun,-3.366577625274658,-3.951624870300293,-0.5850472450256348,active,0.0
1201,role_labeled,passive,passive,a cop is washed by a colonel .,a prince washes a princess .,a princess is washed by a prince .,a,prince,a,princess,wash,washes,washed,"[""AGENT=prince"", ""VERB=wash"", ""PATIENT=princess""]","Prime sentence: a cop is washed by a colonel .
Event roles: AGENT=prince; VERB=wash; PATIENT=princess
Sentence: the",Sentence: the,first_noun,-3.684175729751587,-4.293659210205078,-0.6094834804534912,active,0.0
1201,role_labeled,no_prime_eos,no_prime_eos,,a prince washes a princess .,a princess is washed by a prince .,a,prince,a,princess,wash,washes,washed,"[""AGENT=prince"", ""VERB=wash"", ""PATIENT=princess""]","Event roles: AGENT=prince; VERB=wash; PATIENT=princess
Sentence: the",Sentence: the,first_noun,-3.255383253097534,-3.6065542697906494,-0.35117101669311523,active,0.0
1201,role_labeled,filler,filler,The captain waited beside the harbor .,a prince washes a princess .,a princess is washed by a prince .,a,prince,a,princess,wash,washes,washed,"[""AGENT=prince"", ""VERB=wash"", ""PATIENT=princess""]","Prime sentence: The captain waited beside the harbor .
Event roles: AGENT=prince; VERB=wash; PATIENT=princess
Sentence: the",Sentence: the,first_noun,-3.6515746116638184,-3.51809024810791,0.1334843635559082,passive,1.0
1202,role_labeled,active,active,a leader bothers a man .,an actor bothers an actress .,an actress is bothered by an actor .,an,actor,an,actress,bother,bothers,bothered,"[""PATIENT=actress"", ""VERB=bother"", ""AGENT=actor""]","Prime sentence: a leader bothers a man .
Event roles: PATIENT=actress; VERB=bother; AGENT=actor
Sentence: the",Sentence: the,first_noun,-4.845026969909668,-6.23712158203125,-1.392094612121582,active,0.0
1202,role_labeled,passive,passive,a man is bothered by a leader .,an actor bothers an actress .,an actress is bothered by an actor .,an,actor,an,actress,bother,bothers,bothered,"[""PATIENT=actress"", ""VERB=bother"", ""AGENT=actor""]","Prime sentence: a man is bothered by a leader .
Event roles: PATIENT=actress; VERB=bother; AGENT=actor
Sentence: the",Sentence: the,first_noun,-5.007467269897461,-6.535946369171143,-1.5284790992736816,active,0.0
1202,role_labeled,no_prime_eos,no_prime_eos,,an actor bothers an actress .,an actress is bothered by an actor .,an,actor,an,actress,bother,bothers,bothered,"[""PATIENT=actress"", ""VERB=bother"", ""AGENT=actor""]","Event roles: PATIENT=actress; VERB=bother; AGENT=actor
Sentence: the",Sentence: the,first_noun,-4.194687366485596,-5.626101493835449,-1.4314141273498535,active,0.0
1202,role_labeled,filler,filler,The captain waited beside the harbor .,an actor bothers an actress .,an actress is bothered by an actor .,an,actor,an,actress,bother,bothers,bothered,"[""PATIENT=actress"", ""VERB=bother"", ""AGENT=actor""]","Prime sentence: The captain waited beside the harbor .
Event roles: PATIENT=actress; VERB=bother; AGENT=actor
Sentence: the",Sentence: the,first_noun,-6.936317443847656,-7.134879112243652,-0.1985616683959961,active,0.0
1203,role_labeled,active,active,a champion grabs a chief .,a pilot grabs a president .,a president is grabbed by a pilot .,a,pilot,a,president,grab,grabs,grabbed,"[""VERB=grab"", ""PATIENT=president"", ""AGENT=pilot""]","Prime sentence: a champion grabs a chief .
Event roles: VERB=grab; PATIENT=president; AGENT=pilot
Sentence: the",Sentence: the,first_noun,-4.194000720977783,-3.2448205947875977,0.9491801261901855,passive,1.0
1203,role_labeled,passive,passive,a chief is grabbed by a champion .,a pilot grabs a president .,a president is grabbed by a pilot .,a,pilot,a,president,grab,grabs,grabbed,"[""VERB=grab"", ""PATIENT=president"", ""AGENT=pilot""]","Prime sentence: a chief is grabbed by a champion .
Event roles: VERB=grab; PATIENT=president; AGENT=pilot
Sentence: the",Sentence: the,first_noun,-4.583578109741211,-3.4698052406311035,1.1137728691101074,passive,1.0
1203,role_labeled,no_prime_eos,no_prime_eos,,a pilot grabs a president .,a president is grabbed by a pilot .,a,pilot,a,president,grab,grabs,grabbed,"[""VERB=grab"", ""PATIENT=president"", ""AGENT=pilot""]","Event roles: VERB=grab; PATIENT=president; AGENT=pilot
Sentence: the",Sentence: the,first_noun,-3.17678165435791,-3.8261990547180176,-0.6494174003601074,active,0.0
1203,role_labeled,filler,filler,The witness paused near the doorway .,a pilot grabs a president .,a president is grabbed by a pilot .,a,pilot,a,president,grab,grabs,grabbed,"[""VERB=grab"", ""PATIENT=president"", ""AGENT=pilot""]","Prime sentence: The witness paused near the doorway .
Event roles: VERB=grab; PATIENT=president; AGENT=pilot
Sentence: the",Sentence: the,first_noun,-3.3940234184265137,-4.124512672424316,-0.7304892539978027,active,0.0
1204,role_labeled,active,active,a worker judges a writer .,a king judges a lady .,a lady is judged by a king .,a,king,a,lady,judg,judges,judged,"[""VERB=judg"", ""AGENT=king"", ""PATIENT=lady""]","Prime sentence: a worker judges a writer .
Event roles: VERB=judg; AGENT=king; PATIENT=lady
Sentence: the",Sentence: the,first_noun,-3.028228282928467,-5.835963249206543,-2.807734966278076,active,0.0
1204,role_labeled,passive,passive,a writer is judged by a worker .,a king judges a lady .,a lady is judged by a king .,a,king,a,lady,judg,judges,judged,"[""VERB=judg"", ""AGENT=king"", ""PATIENT=lady""]","Prime sentence: a writer is judged by a worker .
Event roles: VERB=judg; AGENT=king; PATIENT=lady
Sentence: the",Sentence: the,first_noun,-3.3727030754089355,-5.944818496704102,-2.572115421295166,active,0.0
1204,role_labeled,no_prime_eos,no_prime_eos,,a king judges a lady .,a lady is judged by a king .,a,king,a,lady,judg,judges,judged,"[""VERB=judg"", ""AGENT=king"", ""PATIENT=lady""]","Event roles: VERB=judg; AGENT=king; PATIENT=lady
Sentence: the",Sentence: the,first_noun,-3.993320941925049,-6.370279788970947,-2.3769588470458984,active,0.0
1204,role_labeled,filler,filler,The kettle whistled in the kitchen .,a king judges a lady .,a lady is judged by a king .,a,king,a,lady,judg,judges,judged,"[""VERB=judg"", ""AGENT=king"", ""PATIENT=lady""]","Prime sentence: The kettle whistled in the kitchen .
Event roles: VERB=judg; AGENT=king; PATIENT=lady
Sentence: the",Sentence: the,first_noun,-4.534207344055176,-5.396387100219727,-0.8621797561645508,active,0.0
1205,role_labeled,active,active,an actor discovers an actress .,a lawyer discovers a leader .,a leader is discovered by a lawyer .,a,lawyer,a,leader,discover,discovers,discovered,"[""AGENT=lawyer"", ""VERB=discover"", ""PATIENT=leader""]","Prime sentence: an actor discovers an actress .
Event roles: AGENT=lawyer; VERB=discover; PATIENT=leader
Sentence: the",Sentence: the,first_noun,-4.1803507804870605,-5.576578140258789,-1.3962273597717285,active,0.0
1205,role_labeled,passive,passive,an actress is discovered by an actor .,a lawyer discovers a leader .,a leader is discovered by a lawyer .,a,lawyer,a,leader,discover,discovers,discovered,"[""AGENT=lawyer"", ""VERB=discover"", ""PATIENT=leader""]","Prime sentence: an actress is discovered by an actor .
Event roles: AGENT=lawyer; VERB=discover; PATIENT=leader
Sentence: the",Sentence: the,first_noun,-3.9603543281555176,-5.447139739990234,-1.4867854118347168,active,0.0
1205,role_labeled,no_prime_eos,no_prime_eos,,a lawyer discovers a leader .,a leader is discovered by a lawyer .,a,lawyer,a,leader,discover,discovers,discovered,"[""AGENT=lawyer"", ""VERB=discover"", ""PATIENT=leader""]","Event roles: AGENT=lawyer; VERB=discover; PATIENT=leader
Sentence: the",Sentence: the,first_noun,-4.367862224578857,-5.327000617980957,-0.9591383934020996,active,0.0
1205,role_labeled,filler,filler,The jacket hung behind the chair .,a lawyer discovers a leader .,a leader is discovered by a lawyer .,a,lawyer,a,leader,discover,discovers,discovered,"[""AGENT=lawyer"", ""VERB=discover"", ""PATIENT=leader""]","Prime sentence: The jacket hung behind the chair .
Event roles: AGENT=lawyer; VERB=discover; PATIENT=leader
Sentence: the",Sentence: the,first_noun,-4.600366592407227,-6.99393367767334,-2.3935670852661133,active,0.0
1206,role_labeled,active,active,a secretary comforts a sheriff .,a doctor comforts an employee .,an employee is comforted by a doctor .,a,doctor,an,employee,comfort,comforts,comforted,"[""VERB=comfort"", ""PATIENT=employee"", ""AGENT=doctor""]","Prime sentence: a secretary comforts a sheriff .
Event roles: VERB=comfort; PATIENT=employee; AGENT=doctor
Sentence: the",Sentence: the,first_noun,-3.880671977996826,-6.309179782867432,-2.4285078048706055,active,0.0
1206,role_labeled,passive,passive,a sheriff is comforted by a secretary .,a doctor comforts an employee .,an employee is comforted by a doctor .,a,doctor,an,employee,comfort,comforts,comforted,"[""VERB=comfort"", ""PATIENT=employee"", ""AGENT=doctor""]","Prime sentence: a sheriff is comforted by a secretary .
Event roles: VERB=comfort; PATIENT=employee; AGENT=doctor
Sentence: the",Sentence: the,first_noun,-3.9747488498687744,-6.447955131530762,-2.4732062816619873,active,0.0
1206,role_labeled,no_prime_eos,no_prime_eos,,a doctor comforts an employee .,an employee is comforted by a doctor .,a,doctor,an,employee,comfort,comforts,comforted,"[""VERB=comfort"", ""PATIENT=employee"", ""AGENT=doctor""]","Event roles: VERB=comfort; PATIENT=employee; AGENT=doctor
Sentence: the",Sentence: the,first_noun,-3.463669538497925,-5.553452491760254,-2.089782953262329,active,0.0
1206,role_labeled,filler,filler,The package arrived before noon .,a doctor comforts an employee .,an employee is comforted by a doctor .,a,doctor,an,employee,comfort,comforts,comforted,"[""VERB=comfort"", ""PATIENT=employee"", ""AGENT=doctor""]","Prime sentence: The package arrived before noon .
Event roles: VERB=comfort; PATIENT=employee; AGENT=doctor
Sentence: the",Sentence: the,first_noun,-3.7148172855377197,-5.9977827072143555,-2.2829654216766357,active,0.0
1207,role_labeled,active,active,a lady hurries a lawyer .,a worker hurries a writer .,a writer is hurried by a worker .,a,worker,a,writer,hurry,hurries,hurried,"[""VERB=hurry"", ""AGENT=worker"", ""PATIENT=writer""]","Prime sentence: a lady hurries a lawyer .
Event roles: VERB=hurry; AGENT=worker; PATIENT=writer
Sentence: the",Sentence: the,first_noun,-5.826388835906982,-6.197164058685303,-0.3707752227783203,active,0.0
1207,role_labeled,passive,passive,a lawyer is hurried by a lady .,a worker hurries a writer .,a writer is hurried by a worker .,a,worker,a,writer,hurry,hurries,hurried,"[""VERB=hurry"", ""AGENT=worker"", ""PATIENT=writer""]","Prime sentence: a lawyer is hurried by a lady .
Event roles: VERB=hurry; AGENT=worker; PATIENT=writer
Sentence: the",Sentence: the,first_noun,-5.618686199188232,-5.8904218673706055,-0.27173566818237305,active,0.0
1207,role_labeled,no_prime_eos,no_prime_eos,,a worker hurries a writer .,a writer is hurried by a worker .,a,worker,a,writer,hurry,hurries,hurried,"[""VERB=hurry"", ""AGENT=worker"", ""PATIENT=writer""]","Event roles: VERB=hurry; AGENT=worker; PATIENT=writer
Sentence: the",Sentence: the,first_noun,-4.921966075897217,-5.557533264160156,-0.6355671882629395,active,0.0
1207,role_labeled,filler,filler,The notebook stayed on the shelf .,a worker hurries a writer .,a writer is hurried by a worker .,a,worker,a,writer,hurry,hurries,hurried,"[""VERB=hurry"", ""AGENT=worker"", ""PATIENT=writer""]","Prime sentence: The notebook stayed on the shelf .
Event roles: VERB=hurry; AGENT=worker; PATIENT=writer
Sentence: the",Sentence: the,first_noun,-5.538003921508789,-6.5568742752075195,-1.0188703536987305,active,0.0
1208,role_labeled,active,active,an employer kills a father .,a sheriff kills a singer .,a singer is killed by a sheriff .,a,sheriff,a,singer,kill,kills,killed,"[""AGENT=sheriff"", ""PATIENT=singer"", ""VERB=kill""]","Prime sentence: an employer kills a father .
Event roles: AGENT=sheriff; PATIENT=singer; VERB=kill
Sentence: the",Sentence: the,first_noun,-2.677149534225464,-5.187084197998047,-2.509934663772583,active,0.0
1208,role_labeled,passive,passive,a father is killed by an employer .,a sheriff kills a singer .,a singer is killed by a sheriff .,a,sheriff,a,singer,kill,kills,killed,"[""AGENT=sheriff"", ""PATIENT=singer"", ""VERB=kill""]","Prime sentence: a father is killed by an employer .
Event roles: AGENT=sheriff; PATIENT=singer; VERB=kill
Sentence: the",Sentence: the,first_noun,-3.2783734798431396,-4.640033721923828,-1.3616602420806885,active,0.0
1208,role_labeled,no_prime_eos,no_prime_eos,,a sheriff kills a singer .,a singer is killed by a sheriff .,a,sheriff,a,singer,kill,kills,killed,"[""AGENT=sheriff"", ""PATIENT=singer"", ""VERB=kill""]","Event roles: AGENT=sheriff; PATIENT=singer; VERB=kill
Sentence: the",Sentence: the,first_noun,-5.555505752563477,-5.178704738616943,0.3768010139465332,passive,1.0
1208,role_labeled,filler,filler,The blanket dried on the line .,a sheriff kills a singer .,a singer is killed by a sheriff .,a,sheriff,a,singer,kill,kills,killed,"[""AGENT=sheriff"", ""PATIENT=singer"", ""VERB=kill""]","Prime sentence: The blanket dried on the line .
Event roles: AGENT=sheriff; PATIENT=singer; VERB=kill
Sentence: the",Sentence: the,first_noun,-5.554580211639404,-6.3376312255859375,-0.7830510139465332,active,0.0
1209,role_labeled,active,active,a king carries a lady .,a woman carries a worker .,a worker is carried by a woman .,a,woman,a,worker,carry,carries,carried,"[""VERB=carry"", ""PATIENT=worker"", ""AGENT=woman""]","Prime sentence: a king carries a lady .
Event roles: VERB=carry; PATIENT=worker; AGENT=woman
Sentence: the",Sentence: the,first_noun,-3.9006426334381104,-7.0435285568237305,-3.14288592338562,active,0.0
1209,role_labeled,passive,passive,a lady is carried by a king .,a woman carries a worker .,a worker is carried by a woman .,a,woman,a,worker,carry,carries,carried,"[""VERB=carry"", ""PATIENT=worker"", ""AGENT=woman""]","Prime sentence: a lady is carried by a king .
Event roles: VERB=carry; PATIENT=worker; AGENT=woman
Sentence: the",Sentence: the,first_noun,-3.8550453186035156,-6.821528434753418,-2.9664831161499023,active,0.0
1209,role_labeled,no_prime_eos,no_prime_eos,,a woman carries a worker .,a worker is carried by a woman .,a,woman,a,worker,carry,carries,carried,"[""VERB=carry"", ""PATIENT=worker"", ""AGENT=woman""]","Event roles: VERB=carry; PATIENT=worker; AGENT=woman
Sentence: the",Sentence: the,first_noun,-3.199173927307129,-5.536126136779785,-2.3369522094726562,active,0.0
1209,role_labeled,filler,filler,The baker laughed during breakfast .,a woman carries a worker .,a worker is carried by a woman .,a,woman,a,worker,carry,carries,carried,"[""VERB=carry"", ""PATIENT=worker"", ""AGENT=woman""]","Prime sentence: The baker laughed during breakfast .
Event roles: VERB=carry; PATIENT=worker; AGENT=woman
Sentence: the",Sentence: the,first_noun,-3.2274372577667236,-4.90687370300293,-1.679436445236206,active,0.0
1210,role_labeled,active,active,a girl helps a guest .,a son helps a student .,a student is helped by a son .,a,son,a,student,help,helps,helped,"[""PATIENT=student"", ""AGENT=son"", ""VERB=help""]","Prime sentence: a girl helps a guest .
Event roles: PATIENT=student; AGENT=son; VERB=help
Sentence: the",Sentence: the,first_noun,-5.122377395629883,-3.7226476669311523,1.3997297286987305,passive,1.0
1210,role_labeled,passive,passive,a guest is helped by a girl .,a son helps a student .,a student is helped by a son .,a,son,a,student,help,helps,helped,"[""PATIENT=student"", ""AGENT=son"", ""VERB=help""]","Prime sentence: a guest is helped by a girl .
Event roles: PATIENT=student; AGENT=son; VERB=help
Sentence: the",Sentence: the,first_noun,-4.895293235778809,-3.257957696914673,1.6373355388641357,passive,1.0
1210,role_labeled,no_prime_eos,no_prime_eos,,a son helps a student .,a student is helped by a son .,a,son,a,student,help,helps,helped,"[""PATIENT=student"", ""AGENT=son"", ""VERB=help""]","Event roles: PATIENT=student; AGENT=son; VERB=help
Sentence: the",Sentence: the,first_noun,-4.388235092163086,-3.109647035598755,1.278588056564331,passive,1.0
1210,role_labeled,filler,filler,The pillow rested on the sofa .,a son helps a student .,a student is helped by a son .,a,son,a,student,help,helps,helped,"[""PATIENT=student"", ""AGENT=son"", ""VERB=help""]","Prime sentence: The pillow rested on the sofa .
Event roles: PATIENT=student; AGENT=son; VERB=help
Sentence: the",Sentence: the,first_noun,-6.3557586669921875,-5.17462158203125,1.1811370849609375,passive,1.0
1211,role_labeled,active,active,a manager punches a mayor .,an adult punches an attorney .,an attorney is punched by an adult .,an,adult,an,attorney,punch,punches,punched,"[""AGENT=adult"", ""VERB=punch"", ""PATIENT=attorney""]","Prime sentence: a manager punches a mayor .
Event roles: AGENT=adult; VERB=punch; PATIENT=attorney
Sentence: the",Sentence: the,first_noun,-5.727886199951172,-5.5457539558410645,0.18213224411010742,passive,1.0
1211,role_labeled,passive,passive,a mayor is punched by a manager .,an adult punches an attorney .,an attorney is punched by an adult .,an,adult,an,attorney,punch,punches,punched,"[""AGENT=adult"", ""VERB=punch"", ""PATIENT=attorney""]","Prime sentence: a mayor is punched by a manager .
Event roles: AGENT=adult; VERB=punch; PATIENT=attorney
Sentence: the",Sentence: the,first_noun,-5.861640930175781,-5.482275009155273,0.3793659210205078,passive,1.0
1211,role_labeled,no_prime_eos,no_prime_eos,,an adult punches an attorney .,an attorney is punched by an adult .,an,adult,an,attorney,punch,punches,punched,"[""AGENT=adult"", ""VERB=punch"", ""PATIENT=attorney""]","Event roles: AGENT=adult; VERB=punch; PATIENT=attorney
Sentence: the",Sentence: the,first_noun,-4.982490539550781,-6.008831977844238,-1.026341438293457,active,0.0
1211,role_labeled,filler,filler,The blanket dried on the line .,an adult punches an attorney .,an attorney is punched by an adult .,an,adult,an,attorney,punch,punches,punched,"[""AGENT=adult"", ""VERB=punch"", ""PATIENT=attorney""]","Prime sentence: The blanket dried on the line .
Event roles: AGENT=adult; VERB=punch; PATIENT=attorney
Sentence: the",Sentence: the,first_noun,-6.765191078186035,-5.423433780670166,1.3417572975158691,passive,1.0
1212,role_labeled,active,active,a winner comforts a woman .,a husband comforts a kid .,a kid is comforted by a husband .,a,husband,a,kid,comfort,comforts,comforted,"[""VERB=comfort"", ""AGENT=husband"", ""PATIENT=kid""]","Prime sentence: a winner comforts a woman .
Event roles: VERB=comfort; AGENT=husband; PATIENT=kid
Sentence: the",Sentence: the,first_noun,-4.073657035827637,-6.329657077789307,-2.25600004196167,active,0.0
1212,role_labeled,passive,passive,a woman is comforted by a winner .,a husband comforts a kid .,a kid is comforted by a husband .,a,husband,a,kid,comfort,comforts,comforted,"[""VERB=comfort"", ""AGENT=husband"", ""PATIENT=kid""]","Prime sentence: a woman is comforted by a winner .
Event roles: VERB=comfort; AGENT=husband; PATIENT=kid
Sentence: the",Sentence: the,first_noun,-4.079604148864746,-6.6540117263793945,-2.5744075775146484,active,0.0
1212,role_labeled,no_prime_eos,no_prime_eos,,a husband comforts a kid .,a kid is comforted by a husband .,a,husband,a,kid,comfort,comforts,comforted,"[""VERB=comfort"", ""AGENT=husband"", ""PATIENT=kid""]","Event roles: VERB=comfort; AGENT=husband; PATIENT=kid
Sentence: the",Sentence: the,first_noun,-4.073973178863525,-6.296924591064453,-2.2229514122009277,active,0.0
1212,role_labeled,filler,filler,The jacket hung behind the chair .,a husband comforts a kid .,a kid is comforted by a husband .,a,husband,a,kid,comfort,comforts,comforted,"[""VERB=comfort"", ""AGENT=husband"", ""PATIENT=kid""]","Prime sentence: The jacket hung behind the chair .
Event roles: VERB=comfort; AGENT=husband; PATIENT=kid
Sentence: the",Sentence: the,first_noun,-5.017186164855957,-5.746954917907715,-0.7297687530517578,active,0.0
1213,role_labeled,active,active,a teacher helps an uncle .,a guest helps a guy .,a guy is helped by a guest .,a,guest,a,guy,help,helps,helped,"[""AGENT=guest"", ""PATIENT=guy"", ""VERB=help""]","Prime sentence: a teacher helps an uncle .
Event roles: AGENT=guest; PATIENT=guy; VERB=help
Sentence: the",Sentence: the,first_noun,-5.627423286437988,-4.0609025955200195,1.5665206909179688,passive,1.0
1213,role_labeled,passive,passive,an uncle is helped by a teacher .,a guest helps a guy .,a guy is helped by a guest .,a,guest,a,guy,help,helps,helped,"[""AGENT=guest"", ""PATIENT=guy"", ""VERB=help""]","Prime sentence: an uncle is helped by a teacher .
Event roles: AGENT=guest; PATIENT=guy; VERB=help
Sentence: the",Sentence: the,first_noun,-5.652402877807617,-4.218537330627441,1.4338655471801758,passive,1.0
1213,role_labeled,no_prime_eos,no_prime_eos,,a guest helps a guy .,a guy is helped by a guest .,a,guest,a,guy,help,helps,helped,"[""AGENT=guest"", ""PATIENT=guy"", ""VERB=help""]","Event roles: AGENT=guest; PATIENT=guy; VERB=help
Sentence: the",Sentence: the,first_noun,-3.959855079650879,-4.238507270812988,-0.2786521911621094,active,0.0
1213,role_labeled,filler,filler,The teacher listened during assembly .,a guest helps a guy .,a guy is helped by a guest .,a,guest,a,guy,help,helps,helped,"[""AGENT=guest"", ""PATIENT=guy"", ""VERB=help""]","Prime sentence: The teacher listened during assembly .
Event roles: AGENT=guest; PATIENT=guy; VERB=help
Sentence: the",Sentence: the,first_noun,-4.5137739181518555,-3.923506736755371,0.5902671813964844,passive,1.0
1214,role_labeled,active,active,a captain judges a champion .,a physician judges a pilot .,a pilot is judged by a physician .,a,physician,a,pilot,judg,judges,judged,"[""VERB=judg"", ""AGENT=physician"", ""PATIENT=pilot""]","Prime sentence: a captain judges a champion .
Event roles: VERB=judg; AGENT=physician; PATIENT=pilot
Sentence: the",Sentence: the,first_noun,-5.678097724914551,-3.8279449939727783,1.8501527309417725,passive,1.0
1214,role_labeled,passive,passive,a champion is judged by a captain .,a physician judges a pilot .,a pilot is judged by a physician .,a,physician,a,pilot,judg,judges,judged,"[""VERB=judg"", ""AGENT=physician"", ""PATIENT=pilot""]","Prime sentence: a champion is judged by a captain .
Event roles: VERB=judg; AGENT=physician; PATIENT=pilot
Sentence: the",Sentence: the,first_noun,-6.111538887023926,-3.932565212249756,2.17897367477417,passive,1.0
1214,role_labeled,no_prime_eos,no_prime_eos,,a physician judges a pilot .,a pilot is judged by a physician .,a,physician,a,pilot,judg,judges,judged,"[""VERB=judg"", ""AGENT=physician"", ""PATIENT=pilot""]","Event roles: VERB=judg; AGENT=physician; PATIENT=pilot
Sentence: the",Sentence: the,first_noun,-4.528961181640625,-3.1026926040649414,1.4262685775756836,passive,1.0
1214,role_labeled,filler,filler,The singer smiled after rehearsal .,a physician judges a pilot .,a pilot is judged by a physician .,a,physician,a,pilot,judg,judges,judged,"[""VERB=judg"", ""AGENT=physician"", ""PATIENT=pilot""]","Prime sentence: The singer smiled after rehearsal .
Event roles: VERB=judg; AGENT=physician; PATIENT=pilot
Sentence: the",Sentence: the,first_noun,-5.819302558898926,-2.986435651779175,2.832866907119751,passive,1.0
1215,role_labeled,active,active,a professor surprises a reader .,a cop surprises a cousin .,a cousin is surprised by a cop .,a,cop,a,cousin,surpris,surprises,surprised,"[""AGENT=cop"", ""PATIENT=cousin"", ""VERB=surpris""]","Prime sentence: a professor surprises a reader .
Event roles: AGENT=cop; PATIENT=cousin; VERB=surpris
Sentence: the",Sentence: the,first_noun,-5.000866889953613,-8.909932136535645,-3.9090652465820312,active,0.0
1215,role_labeled,passive,passive,a reader is surprised by a professor .,a cop surprises a cousin .,a cousin is surprised by a cop .,a,cop,a,cousin,surpris,surprises,surprised,"[""AGENT=cop"", ""PATIENT=cousin"", ""VERB=surpris""]","Prime sentence: a reader is surprised by a professor .
Event roles: AGENT=cop; PATIENT=cousin; VERB=surpris
Sentence: the",Sentence: the,first_noun,-4.704773426055908,-8.89430046081543,-4.1895270347595215,active,0.0
1215,role_labeled,no_prime_eos,no_prime_eos,,a cop surprises a cousin .,a cousin is surprised by a cop .,a,cop,a,cousin,surpris,surprises,surprised,"[""AGENT=cop"", ""PATIENT=cousin"", ""VERB=surpris""]","Event roles: AGENT=cop; PATIENT=cousin; VERB=surpris
Sentence: the",Sentence: the,first_noun,-5.091579437255859,-8.886634826660156,-3.795055389404297,active,0.0
1215,role_labeled,filler,filler,The market opened after sunrise .,a cop surprises a cousin .,a cousin is surprised by a cop .,a,cop,a,cousin,surpris,surprises,surprised,"[""AGENT=cop"", ""PATIENT=cousin"", ""VERB=surpris""]","Prime sentence: The market opened after sunrise .
Event roles: AGENT=cop; PATIENT=cousin; VERB=surpris
Sentence: the",Sentence: the,first_noun,-7.005939960479736,-10.156330108642578,-3.150390148162842,active,0.0
1216,role_labeled,active,active,a mother judges a nurse .,an author judges a bishop .,a bishop is judged by an author .,an,author,a,bishop,judg,judges,judged,"[""PATIENT=bishop"", ""VERB=judg"", ""AGENT=author""]","Prime sentence: a mother judges a nurse .
Event roles: PATIENT=bishop; VERB=judg; AGENT=author
Sentence: the",Sentence: the,first_noun,-5.925673484802246,-3.9025537967681885,2.0231196880340576,passive,1.0
1216,role_labeled,passive,passive,a nurse is judged by a mother .,an author judges a bishop .,a bishop is judged by an author .,an,author,a,bishop,judg,judges,judged,"[""PATIENT=bishop"", ""VERB=judg"", ""AGENT=author""]","Prime sentence: a nurse is judged by a mother .
Event roles: PATIENT=bishop; VERB=judg; AGENT=author
Sentence: the",Sentence: the,first_noun,-5.582289695739746,-3.416692018508911,2.165597677230835,passive,1.0
1216,role_labeled,no_prime_eos,no_prime_eos,,an author judges a bishop .,a bishop is judged by an author .,an,author,a,bishop,judg,judges,judged,"[""PATIENT=bishop"", ""VERB=judg"", ""AGENT=author""]","Event roles: PATIENT=bishop; VERB=judg; AGENT=author
Sentence: the",Sentence: the,first_noun,-4.940675735473633,-3.846015214920044,1.0946605205535889,passive,1.0
1216,role_labeled,filler,filler,The singer smiled after rehearsal .,an author judges a bishop .,a bishop is judged by an author .,an,author,a,bishop,judg,judges,judged,"[""PATIENT=bishop"", ""VERB=judg"", ""AGENT=author""]","Prime sentence: The singer smiled after rehearsal .
Event roles: PATIENT=bishop; VERB=judg; AGENT=author
Sentence: the",Sentence: the,first_noun,-4.4796037673950195,-4.807748794555664,-0.32814502716064453,active,0.0
1217,role_labeled,active,active,a winner joins a woman .,a husband joins a kid .,a kid is joined by a husband .,a,husband,a,kid,join,joins,joined,"[""AGENT=husband"", ""PATIENT=kid"", ""VERB=join""]","Prime sentence: a winner joins a woman .
Event roles: AGENT=husband; PATIENT=kid; VERB=join
Sentence: the",Sentence: the,first_noun,-3.003000497817993,-5.921557426452637,-2.9185569286346436,active,0.0
1217,role_labeled,passive,passive,a woman is joined by a winner .,a husband joins a kid .,a kid is joined by a husband .,a,husband,a,kid,join,joins,joined,"[""AGENT=husband"", ""PATIENT=kid"", ""VERB=join""]","Prime sentence: a woman is joined by a winner .
Event roles: AGENT=husband; PATIENT=kid; VERB=join
Sentence: the",Sentence: the,first_noun,-3.2034366130828857,-6.175140380859375,-2.9717037677764893,active,0.0
1217,role_labeled,no_prime_eos,no_prime_eos,,a husband joins a kid .,a kid is joined by a husband .,a,husband,a,kid,join,joins,joined,"[""AGENT=husband"", ""PATIENT=kid"", ""VERB=join""]","Event roles: AGENT=husband; PATIENT=kid; VERB=join
Sentence: the",Sentence: the,first_noun,-3.2173757553100586,-5.6592278480529785,-2.44185209274292,active,0.0
1217,role_labeled,filler,filler,The garden brightened after rain .,a husband joins a kid .,a kid is joined by a husband .,a,husband,a,kid,join,joins,joined,"[""AGENT=husband"", ""PATIENT=kid"", ""VERB=join""]","Prime sentence: The garden brightened after rain .
Event roles: AGENT=husband; PATIENT=kid; VERB=join
Sentence: the",Sentence: the,first_noun,-5.571063995361328,-6.391258239746094,-0.8201942443847656,active,0.0
1218,role_labeled,active,active,a hero discovers a husband .,an uncle discovers a wife .,a wife is discovered by an uncle .,an,uncle,a,wife,discover,discovers,discovered,"[""VERB=discover"", ""PATIENT=wife"", ""AGENT=uncle""]","Prime sentence: a hero discovers a husband .
Event roles: VERB=discover; PATIENT=wife; AGENT=uncle
Sentence: the",Sentence: the,first_noun,-6.472944259643555,-3.7471067905426025,2.725837469100952,passive,1.0
1218,role_labeled,passive,passive,a husband is discovered by a hero .,an uncle discovers a wife .,a wife is discovered by an uncle .,an,uncle,a,wife,discover,discovers,discovered,"[""VERB=discover"", ""PATIENT=wife"", ""AGENT=uncle""]","Prime sentence: a husband is discovered by a hero .
Event roles: VERB=discover; PATIENT=wife; AGENT=uncle
Sentence: the",Sentence: the,first_noun,-6.470239639282227,-3.521876096725464,2.9483635425567627,passive,1.0
1218,role_labeled,no_prime_eos,no_prime_eos,,an uncle discovers a wife .,a wife is discovered by an uncle .,an,uncle,a,wife,discover,discovers,discovered,"[""VERB=discover"", ""PATIENT=wife"", ""AGENT=uncle""]","Event roles: VERB=discover; PATIENT=wife; AGENT=uncle
Sentence: the",Sentence: the,first_noun,-7.126274108886719,-3.9185986518859863,3.2076754570007324,passive,1.0
1218,role_labeled,filler,filler,The package arrived before noon .,an uncle discovers a wife .,a wife is discovered by an uncle .,an,uncle,a,wife,discover,discovers,discovered,"[""VERB=discover"", ""PATIENT=wife"", ""AGENT=uncle""]","Prime sentence: The package arrived before noon .
Event roles: VERB=discover; PATIENT=wife; AGENT=uncle
Sentence: the",Sentence: the,first_noun,-6.8742194175720215,-4.053230285644531,2.8209891319274902,passive,1.0
1219,role_labeled,active,active,a friend teaches a girl .,a soldier teaches a son .,a son is taught by a soldier .,a,soldier,a,son,teach,teaches,taught,"[""PATIENT=son"", ""AGENT=soldier"", ""VERB=teach""]","Prime sentence: a friend teaches a girl .
Event roles: PATIENT=son; AGENT=soldier; VERB=teach
Sentence: the",Sentence: the,first_noun,-3.4093053340911865,-4.689269065856934,-1.279963731765747,active,0.0
1219,role_labeled,passive,passive,a girl is taught by a friend .,a soldier teaches a son .,a son is taught by a soldier .,a,soldier,a,son,teach,teaches,taught,"[""PATIENT=son"", ""AGENT=soldier"", ""VERB=teach""]","Prime sentence: a girl is taught by a friend .
Event roles: PATIENT=son; AGENT=soldier; VERB=teach
Sentence: the",Sentence: the,first_noun,-3.4038333892822266,-5.166027069091797,-1.7621936798095703,active,0.0
1219,role_labeled,no_prime_eos,no_prime_eos,,a soldier teaches a son .,a son is taught by a soldier .,a,soldier,a,son,teach,teaches,taught,"[""PATIENT=son"", ""AGENT=soldier"", ""VERB=teach""]","Event roles: PATIENT=son; AGENT=soldier; VERB=teach
Sentence: the",Sentence: the,first_noun,-3.6975290775299072,-4.3861212730407715,-0.6885921955108643,active,0.0
1219,role_labeled,filler,filler,The notebook stayed on the shelf .,a soldier teaches a son .,a son is taught by a soldier .,a,soldier,a,son,teach,teaches,taught,"[""PATIENT=son"", ""AGENT=soldier"", ""VERB=teach""]","Prime sentence: The notebook stayed on the shelf .
Event roles: PATIENT=son; AGENT=soldier; VERB=teach
Sentence: the",Sentence: the,first_noun,-4.459439277648926,-5.644373893737793,-1.1849346160888672,active,0.0
1220,role_labeled,active,active,a doctor understands an employee .,a scientist understands a secretary .,a secretary is understood by a scientist .,a,scientist,a,secretary,understand,understands,understood,"[""PATIENT=secretary"", ""VERB=understand"", ""AGENT=scientist""]","Prime sentence: a doctor understands an employee .
Event roles: PATIENT=secretary; VERB=understand; AGENT=scientist
Sentence: the",Sentence: the,first_noun,-4.42897891998291,-5.318634033203125,-0.8896551132202148,active,0.0
1220,role_labeled,passive,passive,an employee is understood by a doctor .,a scientist understands a secretary .,a secretary is understood by a scientist .,a,scientist,a,secretary,understand,understands,understood,"[""PATIENT=secretary"", ""VERB=understand"", ""AGENT=scientist""]","Prime sentence: an employee is understood by a doctor .
Event roles: PATIENT=secretary; VERB=understand; AGENT=scientist
Sentence: the",Sentence: the,first_noun,-4.266252517700195,-5.116987228393555,-0.8507347106933594,active,0.0
1220,role_labeled,no_prime_eos,no_prime_eos,,a scientist understands a secretary .,a secretary is understood by a scientist .,a,scientist,a,secretary,understand,understands,understood,"[""PATIENT=secretary"", ""VERB=understand"", ""AGENT=scientist""]","Event roles: PATIENT=secretary; VERB=understand; AGENT=scientist
Sentence: the",Sentence: the,first_noun,-4.496315002441406,-6.190626621246338,-1.6943116188049316,active,0.0
1220,role_labeled,filler,filler,The baker laughed during breakfast .,a scientist understands a secretary .,a secretary is understood by a scientist .,a,scientist,a,secretary,understand,understands,understood,"[""PATIENT=secretary"", ""VERB=understand"", ""AGENT=scientist""]","Prime sentence: The baker laughed during breakfast .
Event roles: PATIENT=secretary; VERB=understand; AGENT=scientist
Sentence: the",Sentence: the,first_noun,-4.019986152648926,-5.425811290740967,-1.405825138092041,active,0.0
1221,role_labeled,active,active,a priest protects a prince .,a chief protects a child .,a child is protected by a chief .,a,chief,a,child,protect,protects,protected,"[""PATIENT=child"", ""AGENT=chief"", ""VERB=protect""]","Prime sentence: a priest protects a prince .
Event roles: PATIENT=child; AGENT=chief; VERB=protect
Sentence: the",Sentence: the,first_noun,-4.846118927001953,-3.9059994220733643,0.9401195049285889,passive,1.0
1221,role_labeled,passive,passive,a prince is protected by a priest .,a chief protects a child .,a child is protected by a chief .,a,chief,a,child,protect,protects,protected,"[""PATIENT=child"", ""AGENT=chief"", ""VERB=protect""]","Prime sentence: a prince is protected by a priest .
Event roles: PATIENT=child; AGENT=chief; VERB=protect
Sentence: the",Sentence: the,first_noun,-4.560503959655762,-3.5443124771118164,1.0161914825439453,passive,1.0
1221,role_labeled,no_prime_eos,no_prime_eos,,a chief protects a child .,a child is protected by a chief .,a,chief,a,child,protect,protects,protected,"[""PATIENT=child"", ""AGENT=chief"", ""VERB=protect""]","Event roles: PATIENT=child; AGENT=chief; VERB=protect
Sentence: the",Sentence: the,first_noun,-3.9650590419769287,-3.4525978565216064,0.5124611854553223,passive,1.0
1221,role_labeled,filler,filler,The tourist wandered through the plaza .,a chief protects a child .,a child is protected by a chief .,a,chief,a,child,protect,protects,protected,"[""PATIENT=child"", ""AGENT=chief"", ""VERB=protect""]","Prime sentence: The tourist wandered through the plaza .
Event roles: PATIENT=child; AGENT=chief; VERB=protect
Sentence: the",Sentence: the,first_noun,-5.543540954589844,-3.081112861633301,2.462428092956543,passive,1.0
1222,role_labeled,active,active,an actress washes an adult .,a leader washes a man .,a man is washed by a leader .,a,leader,a,man,wash,washes,washed,"[""AGENT=leader"", ""VERB=wash"", ""PATIENT=man""]","Prime sentence: an actress washes an adult .
Event roles: AGENT=leader; VERB=wash; PATIENT=man
Sentence: the",Sentence: the,first_noun,-5.839832305908203,-4.530220985412598,1.3096113204956055,passive,1.0
1222,role_labeled,passive,passive,an adult is washed by an actress .,a leader washes a man .,a man is washed by a leader .,a,leader,a,man,wash,washes,washed,"[""AGENT=leader"", ""VERB=wash"", ""PATIENT=man""]","Prime sentence: an adult is washed by an actress .
Event roles: AGENT=leader; VERB=wash; PATIENT=man
Sentence: the",Sentence: the,first_noun,-6.3118486404418945,-4.16312313079834,2.1487255096435547,passive,1.0
1222,role_labeled,no_prime_eos,no_prime_eos,,a leader washes a man .,a man is washed by a leader .,a,leader,a,man,wash,washes,washed,"[""AGENT=leader"", ""VERB=wash"", ""PATIENT=man""]","Event roles: AGENT=leader; VERB=wash; PATIENT=man
Sentence: the",Sentence: the,first_noun,-3.643665075302124,-4.591492652893066,-0.9478275775909424,active,0.0
1222,role_labeled,filler,filler,The blanket dried on the line .,a leader washes a man .,a man is washed by a leader .,a,leader,a,man,wash,washes,washed,"[""AGENT=leader"", ""VERB=wash"", ""PATIENT=man""]","Prime sentence: The blanket dried on the line .
Event roles: AGENT=leader; VERB=wash; PATIENT=man
Sentence: the",Sentence: the,first_noun,-7.378479480743408,-4.547994613647461,2.8304848670959473,passive,1.0
1223,role_labeled,active,active,a captain asks a champion .,a physician asks a pilot .,a pilot is asked by a physician .,a,physician,a,pilot,ask,asks,asked,"[""PATIENT=pilot"", ""VERB=ask"", ""AGENT=physician""]","Prime sentence: a captain asks a champion .
Event roles: PATIENT=pilot; VERB=ask; AGENT=physician
Sentence: the",Sentence: the,first_noun,-5.282406806945801,-3.4184322357177734,1.8639745712280273,passive,1.0
1223,role_labeled,passive,passive,a champion is asked by a captain .,a physician asks a pilot .,a pilot is asked by a physician .,a,physician,a,pilot,ask,asks,asked,"[""PATIENT=pilot"", ""VERB=ask"", ""AGENT=physician""]","Prime sentence: a champion is asked by a captain .
Event roles: PATIENT=pilot; VERB=ask; AGENT=physician
Sentence: the",Sentence: the,first_noun,-5.242156028747559,-3.860039234161377,1.3821167945861816,passive,1.0
1223,role_labeled,no_prime_eos,no_prime_eos,,a physician asks a pilot .,a pilot is asked by a physician .,a,physician,a,pilot,ask,asks,asked,"[""PATIENT=pilot"", ""VERB=ask"", ""AGENT=physician""]","Event roles: PATIENT=pilot; VERB=ask; AGENT=physician
Sentence: the",Sentence: the,first_noun,-4.3094682693481445,-3.228330135345459,1.0811381340026855,passive,1.0
1223,role_labeled,filler,filler,The teacher listened during assembly .,a physician asks a pilot .,a pilot is asked by a physician .,a,physician,a,pilot,ask,asks,asked,"[""PATIENT=pilot"", ""VERB=ask"", ""AGENT=physician""]","Prime sentence: The teacher listened during assembly .
Event roles: PATIENT=pilot; VERB=ask; AGENT=physician
Sentence: the",Sentence: the,first_noun,-4.6213698387146,-2.9070968627929688,1.7142729759216309,passive,1.0
1224,role_labeled,active,active,an employer catches a father .,a sheriff catches a singer .,a singer is caught by a sheriff .,a,sheriff,a,singer,catch,catches,caught,"[""VERB=catch"", ""PATIENT=singer"", ""AGENT=sheriff""]","Prime sentence: an employer catches a father .
Event roles: VERB=catch; PATIENT=singer; AGENT=sheriff
Sentence: the",Sentence: the,first_noun,-3.955857992172241,-5.619449615478516,-1.6635916233062744,active,0.0
1224,role_labeled,passive,passive,a father is caught by an employer .,a sheriff catches a singer .,a singer is caught by a sheriff .,a,sheriff,a,singer,catch,catches,caught,"[""VERB=catch"", ""PATIENT=singer"", ""AGENT=sheriff""]","Prime sentence: a father is caught by an employer .
Event roles: VERB=catch; PATIENT=singer; AGENT=sheriff
Sentence: the",Sentence: the,first_noun,-4.129386901855469,-5.66146183013916,-1.5320749282836914,active,0.0
1224,role_labeled,no_prime_eos,no_prime_eos,,a sheriff catches a singer .,a singer is caught by a sheriff .,a,sheriff,a,singer,catch,catches,caught,"[""VERB=catch"", ""PATIENT=singer"", ""AGENT=sheriff""]","Event roles: VERB=catch; PATIENT=singer; AGENT=sheriff
Sentence: the",Sentence: the,first_noun,-6.312671661376953,-5.5428385734558105,0.7698330879211426,passive,1.0
1224,role_labeled,filler,filler,The engine cooled before dawn .,a sheriff catches a singer .,a singer is caught by a sheriff .,a,sheriff,a,singer,catch,catches,caught,"[""VERB=catch"", ""PATIENT=singer"", ""AGENT=sheriff""]","Prime sentence: The engine cooled before dawn .
Event roles: VERB=catch; PATIENT=singer; AGENT=sheriff
Sentence: the",Sentence: the,first_noun,-6.204216003417969,-7.2432379722595215,-1.0390219688415527,active,0.0
1225,role_labeled,active,active,a worker understands a writer .,a king understands a lady .,a lady is understood by a king .,a,king,a,lady,understand,understands,understood,"[""PATIENT=lady"", ""AGENT=king"", ""VERB=understand""]","Prime sentence: a worker understands a writer .
Event roles: PATIENT=lady; AGENT=king; VERB=understand
Sentence: the",Sentence: the,first_noun,-3.3793983459472656,-4.906506538391113,-1.5271081924438477,active,0.0
1225,role_labeled,passive,passive,a writer is understood by a worker .,a king understands a lady .,a lady is understood by a king .,a,king,a,lady,understand,understands,understood,"[""PATIENT=lady"", ""AGENT=king"", ""VERB=understand""]","Prime sentence: a writer is understood by a worker .
Event roles: PATIENT=lady; AGENT=king; VERB=understand
Sentence: the",Sentence: the,first_noun,-3.6759912967681885,-5.192483901977539,-1.5164926052093506,active,0.0
1225,role_labeled,no_prime_eos,no_prime_eos,,a king understands a lady .,a lady is understood by a king .,a,king,a,lady,understand,understands,understood,"[""PATIENT=lady"", ""AGENT=king"", ""VERB=understand""]","Event roles: PATIENT=lady; AGENT=king; VERB=understand
Sentence: the",Sentence: the,first_noun,-2.735208749771118,-4.931632041931152,-2.196423292160034,active,0.0
1225,role_labeled,filler,filler,The blanket dried on the line .,a king understands a lady .,a lady is understood by a king .,a,king,a,lady,understand,understands,understood,"[""PATIENT=lady"", ""AGENT=king"", ""VERB=understand""]","Prime sentence: The blanket dried on the line .
Event roles: PATIENT=lady; AGENT=king; VERB=understand
Sentence: the",Sentence: the,first_noun,-5.178323745727539,-5.461164474487305,-0.2828407287597656,active,0.0
1226,role_labeled,active,active,a writer drags an actor .,a lady drags a lawyer .,a lawyer is dragged by a lady .,a,lady,a,lawyer,drag,drags,dragged,"[""AGENT=lady"", ""PATIENT=lawyer"", ""VERB=drag""]","Prime sentence: a writer drags an actor .
Event roles: AGENT=lady; PATIENT=lawyer; VERB=drag
Sentence: the",Sentence: the,first_noun,-5.282680511474609,-4.808349609375,0.4743309020996094,passive,1.0
1226,role_labeled,passive,passive,an actor is dragged by a writer .,a lady drags a lawyer .,a lawyer is dragged by a lady .,a,lady,a,lawyer,drag,drags,dragged,"[""AGENT=lady"", ""PATIENT=lawyer"", ""VERB=drag""]","Prime sentence: an actor is dragged by a writer .
Event roles: AGENT=lady; PATIENT=lawyer; VERB=drag
Sentence: the",Sentence: the,first_noun,-5.650425910949707,-4.864982604980469,0.7854433059692383,passive,1.0
1226,role_labeled,no_prime_eos,no_prime_eos,,a lady drags a lawyer .,a lawyer is dragged by a lady .,a,lady,a,lawyer,drag,drags,dragged,"[""AGENT=lady"", ""PATIENT=lawyer"", ""VERB=drag""]","Event roles: AGENT=lady; PATIENT=lawyer; VERB=drag
Sentence: the",Sentence: the,first_noun,-5.164053916931152,-5.369193077087402,-0.20513916015625,active,0.0
1226,role_labeled,filler,filler,The traveler rested beside the river .,a lady drags a lawyer .,a lawyer is dragged by a lady .,a,lady,a,lawyer,drag,drags,dragged,"[""AGENT=lady"", ""PATIENT=lawyer"", ""VERB=drag""]","Prime sentence: The traveler rested beside the river .
Event roles: AGENT=lady; PATIENT=lawyer; VERB=drag
Sentence: the",Sentence: the,first_noun,-3.944033145904541,-5.254992961883545,-1.310959815979004,active,0.0
1227,role_labeled,active,active,a sheriff hurts a singer .,an employee hurts an employer .,an employer is hurt by an employee .,an,employee,an,employer,hurt,hurts,hurt,"[""AGENT=employee"", ""PATIENT=employer"", ""VERB=hurt""]","Prime sentence: a sheriff hurts a singer .
Event roles: AGENT=employee; PATIENT=employer; VERB=hurt
Sentence: the",Sentence: the,first_noun,-4.857382297515869,-5.694943904876709,-0.8375616073608398,active,0.0
1227,role_labeled,passive,passive,a singer is hurt by a sheriff .,an employee hurts an employer .,an employer is hurt by an employee .,an,employee,an,employer,hurt,hurts,hurt,"[""AGENT=employee"", ""PATIENT=employer"", ""VERB=hurt""]","Prime sentence: a singer is hurt by a sheriff .
Event roles: AGENT=employee; PATIENT=employer; VERB=hurt
Sentence: the",Sentence: the,first_noun,-4.792545318603516,-5.509875297546387,-0.7173299789428711,active,0.0
1227,role_labeled,no_prime_eos,no_prime_eos,,an employee hurts an employer .,an employer is hurt by an employee .,an,employee,an,employer,hurt,hurts,hurt,"[""AGENT=employee"", ""PATIENT=employer"", ""VERB=hurt""]","Event roles: AGENT=employee; PATIENT=employer; VERB=hurt
Sentence: the",Sentence: the,first_noun,-3.045638084411621,-5.057015419006348,-2.0113773345947266,active,0.0
1227,role_labeled,filler,filler,The engine cooled before dawn .,an employee hurts an employer .,an employer is hurt by an employee .,an,employee,an,employer,hurt,hurts,hurt,"[""AGENT=employee"", ""PATIENT=employer"", ""VERB=hurt""]","Prime sentence: The engine cooled before dawn .
Event roles: AGENT=employee; PATIENT=employer; VERB=hurt
Sentence: the",Sentence: the,first_noun,-5.91185188293457,-7.454686641693115,-1.542834758758545,active,0.0
1228,role_labeled,active,active,an adult drags an attorney .,a man drags a manager .,a manager is dragged by a man .,a,man,a,manager,drag,drags,dragged,"[""AGENT=man"", ""VERB=drag"", ""PATIENT=manager""]","Prime sentence: an adult drags an attorney .
Event roles: AGENT=man; VERB=drag; PATIENT=manager
Sentence: the",Sentence: the,first_noun,-3.2649314403533936,-4.513392448425293,-1.2484610080718994,active,0.0
1228,role_labeled,passive,passive,an attorney is dragged by an adult .,a man drags a manager .,a manager is dragged by a man .,a,man,a,manager,drag,drags,dragged,"[""AGENT=man"", ""VERB=drag"", ""PATIENT=manager""]","Prime sentence: an attorney is dragged by an adult .
Event roles: AGENT=man; VERB=drag; PATIENT=manager
Sentence: the",Sentence: the,first_noun,-3.6293177604675293,-4.478772163391113,-0.849454402923584,active,0.0
1228,role_labeled,no_prime_eos,no_prime_eos,,a man drags a manager .,a manager is dragged by a man .,a,man,a,manager,drag,drags,dragged,"[""AGENT=man"", ""VERB=drag"", ""PATIENT=manager""]","Event roles: AGENT=man; VERB=drag; PATIENT=manager
Sentence: the",Sentence: the,first_noun,-3.2729849815368652,-4.4329423904418945,-1.1599574089050293,active,0.0
1228,role_labeled,filler,filler,The kettle whistled in the kitchen .,a man drags a manager .,a manager is dragged by a man .,a,man,a,manager,drag,drags,dragged,"[""AGENT=man"", ""VERB=drag"", ""PATIENT=manager""]","Prime sentence: The kettle whistled in the kitchen .
Event roles: AGENT=man; VERB=drag; PATIENT=manager
Sentence: the",Sentence: the,first_noun,-4.296192646026611,-5.763371467590332,-1.4671788215637207,active,0.0
1229,role_labeled,active,active,a singer follows a soldier .,an employer follows a father .,a father is followed by an employer .,an,employer,a,father,follow,follows,followed,"[""VERB=follow"", ""AGENT=employer"", ""PATIENT=father""]","Prime sentence: a singer follows a soldier .
Event roles: VERB=follow; AGENT=employer; PATIENT=father
Sentence: the",Sentence: the,first_noun,-7.230467796325684,-4.52099609375,2.7094717025756836,passive,1.0
1229,role_labeled,passive,passive,a soldier is followed by a singer .,an employer follows a father .,a father is followed by an employer .,an,employer,a,father,follow,follows,followed,"[""VERB=follow"", ""AGENT=employer"", ""PATIENT=father""]","Prime sentence: a soldier is followed by a singer .
Event roles: VERB=follow; AGENT=employer; PATIENT=father
Sentence: the",Sentence: the,first_noun,-7.042868614196777,-4.745462417602539,2.2974061965942383,passive,1.0
1229,role_labeled,no_prime_eos,no_prime_eos,,an employer follows a father .,a father is followed by an employer .,an,employer,a,father,follow,follows,followed,"[""VERB=follow"", ""AGENT=employer"", ""PATIENT=father""]","Event roles: VERB=follow; AGENT=employer; PATIENT=father
Sentence: the",Sentence: the,first_noun,-5.32609748840332,-4.712883949279785,0.6132135391235352,passive,1.0
1229,role_labeled,filler,filler,The teacher listened during assembly .,an employer follows a father .,a father is followed by an employer .,an,employer,a,father,follow,follows,followed,"[""VERB=follow"", ""AGENT=employer"", ""PATIENT=father""]","Prime sentence: The teacher listened during assembly .
Event roles: VERB=follow; AGENT=employer; PATIENT=father
Sentence: the",Sentence: the,first_noun,-5.519465446472168,-3.6805419921875,1.838923454284668,passive,1.0
1230,role_labeled,active,active,a child joins a colonel .,a priest joins a prince .,a prince is joined by a priest .,a,priest,a,prince,join,joins,joined,"[""AGENT=priest"", ""VERB=join"", ""PATIENT=prince""]","Prime sentence: a child joins a colonel .
Event roles: AGENT=priest; VERB=join; PATIENT=prince
Sentence: the",Sentence: the,first_noun,-3.6741366386413574,-4.160284042358398,-0.486147403717041,active,0.0
1230,role_labeled,passive,passive,a colonel is joined by a child .,a priest joins a prince .,a prince is joined by a priest .,a,priest,a,prince,join,joins,joined,"[""AGENT=priest"", ""VERB=join"", ""PATIENT=prince""]","Prime sentence: a colonel is joined by a child .
Event roles: AGENT=priest; VERB=join; PATIENT=prince
Sentence: the",Sentence: the,first_noun,-3.0589723587036133,-4.016687393188477,-0.9577150344848633,active,0.0
1230,role_labeled,no_prime_eos,no_prime_eos,,a priest joins a prince .,a prince is joined by a priest .,a,priest,a,prince,join,joins,joined,"[""AGENT=priest"", ""VERB=join"", ""PATIENT=prince""]","Event roles: AGENT=priest; VERB=join; PATIENT=prince
Sentence: the",Sentence: the,first_noun,-3.492239475250244,-3.7612545490264893,-0.2690150737762451,active,0.0
1230,role_labeled,filler,filler,The pillow rested on the sofa .,a priest joins a prince .,a prince is joined by a priest .,a,priest,a,prince,join,joins,joined,"[""AGENT=priest"", ""VERB=join"", ""PATIENT=prince""]","Prime sentence: The pillow rested on the sofa .
Event roles: AGENT=priest; VERB=join; PATIENT=prince
Sentence: the",Sentence: the,first_noun,-5.1383585929870605,-5.394702434539795,-0.2563438415527344,active,0.0
1231,role_labeled,active,active,a king teaches a lady .,a woman teaches a worker .,a worker is taught by a woman .,a,woman,a,worker,teach,teaches,taught,"[""PATIENT=worker"", ""VERB=teach"", ""AGENT=woman""]","Prime sentence: a king teaches a lady .
Event roles: PATIENT=worker; VERB=teach; AGENT=woman
Sentence: the",Sentence: the,first_noun,-3.8333468437194824,-5.747095584869385,-1.9137487411499023,active,0.0
1231,role_labeled,passive,passive,a lady is taught by a king .,a woman teaches a worker .,a worker is taught by a woman .,a,woman,a,worker,teach,teaches,taught,"[""PATIENT=worker"", ""VERB=teach"", ""AGENT=woman""]","Prime sentence: a lady is taught by a king .
Event roles: PATIENT=worker; VERB=teach; AGENT=woman
Sentence: the",Sentence: the,first_noun,-3.687436580657959,-5.599773406982422,-1.912336826324463,active,0.0
1231,role_labeled,no_prime_eos,no_prime_eos,,a woman teaches a worker .,a worker is taught by a woman .,a,woman,a,worker,teach,teaches,taught,"[""PATIENT=worker"", ""VERB=teach"", ""AGENT=woman""]","Event roles: PATIENT=worker; VERB=teach; AGENT=woman
Sentence: the",Sentence: the,first_noun,-3.0448036193847656,-4.928921222686768,-1.884117603302002,active,0.0
1231,role_labeled,filler,filler,The tourist wandered through the plaza .,a woman teaches a worker .,a worker is taught by a woman .,a,woman,a,worker,teach,teaches,taught,"[""PATIENT=worker"", ""VERB=teach"", ""AGENT=woman""]","Prime sentence: The tourist wandered through the plaza .
Event roles: PATIENT=worker; VERB=teach; AGENT=woman
Sentence: the",Sentence: the,first_noun,-2.514960765838623,-4.190443515777588,-1.6754827499389648,active,0.0
1232,role_labeled,active,active,a friend grabs a girl .,a soldier grabs a son .,a son is grabbed by a soldier .,a,soldier,a,son,grab,grabs,grabbed,"[""VERB=grab"", ""AGENT=soldier"", ""PATIENT=son""]","Prime sentence: a friend grabs a girl .
Event roles: VERB=grab; AGENT=soldier; PATIENT=son
Sentence: the",Sentence: the,first_noun,-2.717902421951294,-5.1069488525390625,-2.3890464305877686,active,0.0
1232,role_labeled,passive,passive,a girl is grabbed by a friend .,a soldier grabs a son .,a son is grabbed by a soldier .,a,soldier,a,son,grab,grabs,grabbed,"[""VERB=grab"", ""AGENT=soldier"", ""PATIENT=son""]","Prime sentence: a girl is grabbed by a friend .
Event roles: VERB=grab; AGENT=soldier; PATIENT=son
Sentence: the",Sentence: the,first_noun,-3.024538993835449,-5.469403266906738,-2.444864273071289,active,0.0
1232,role_labeled,no_prime_eos,no_prime_eos,,a soldier grabs a son .,a son is grabbed by a soldier .,a,soldier,a,son,grab,grabs,grabbed,"[""VERB=grab"", ""AGENT=soldier"", ""PATIENT=son""]","Event roles: VERB=grab; AGENT=soldier; PATIENT=son
Sentence: the",Sentence: the,first_noun,-3.854076385498047,-4.5427141189575195,-0.6886377334594727,active,0.0
1232,role_labeled,filler,filler,The witness paused near the doorway .,a soldier grabs a son .,a son is grabbed by a soldier .,a,soldier,a,son,grab,grabs,grabbed,"[""VERB=grab"", ""AGENT=soldier"", ""PATIENT=son""]","Prime sentence: The witness paused near the doorway .
Event roles: VERB=grab; AGENT=soldier; PATIENT=son
Sentence: the",Sentence: the,first_noun,-2.2573680877685547,-5.733323097229004,-3.475955009460449,active,0.0
1233,role_labeled,active,active,an employee kisses an employer .,a secretary kisses a sheriff .,a sheriff is kissed by a secretary .,a,secretary,a,sheriff,kiss,kisses,kissed,"[""VERB=kiss"", ""AGENT=secretary"", ""PATIENT=sheriff""]","Prime sentence: an employee kisses an employer .
Event roles: VERB=kiss; AGENT=secretary; PATIENT=sheriff
Sentence: the",Sentence: the,first_noun,-5.343257904052734,-4.436284065246582,0.9069738388061523,passive,1.0
1233,role_labeled,passive,passive,an employer is kissed by an employee .,a secretary kisses a sheriff .,a sheriff is kissed by a secretary .,a,secretary,a,sheriff,kiss,kisses,kissed,"[""VERB=kiss"", ""AGENT=secretary"", ""PATIENT=sheriff""]","Prime sentence: an employer is kissed by an employee .
Event roles: VERB=kiss; AGENT=secretary; PATIENT=sheriff
Sentence: the",Sentence: the,first_noun,-6.014548301696777,-5.094899654388428,0.9196486473083496,passive,1.0
1233,role_labeled,no_prime_eos,no_prime_eos,,a secretary kisses a sheriff .,a sheriff is kissed by a secretary .,a,secretary,a,sheriff,kiss,kisses,kissed,"[""VERB=kiss"", ""AGENT=secretary"", ""PATIENT=sheriff""]","Event roles: VERB=kiss; AGENT=secretary; PATIENT=sheriff
Sentence: the",Sentence: the,first_noun,-5.2042999267578125,-5.702652931213379,-0.4983530044555664,active,0.0
1233,role_labeled,filler,filler,The violin echoed in the theater .,a secretary kisses a sheriff .,a sheriff is kissed by a secretary .,a,secretary,a,sheriff,kiss,kisses,kissed,"[""VERB=kiss"", ""AGENT=secretary"", ""PATIENT=sheriff""]","Prime sentence: The violin echoed in the theater .
Event roles: VERB=kiss; AGENT=secretary; PATIENT=sheriff
Sentence: the",Sentence: the,first_noun,-6.47496223449707,-5.723453521728516,0.7515087127685547,passive,1.0
1234,role_labeled,active,active,a manager kills a mayor .,an adult kills an attorney .,an attorney is killed by an adult .,an,adult,an,attorney,kill,kills,killed,"[""VERB=kill"", ""AGENT=adult"", ""PATIENT=attorney""]","Prime sentence: a manager kills a mayor .
Event roles: VERB=kill; AGENT=adult; PATIENT=attorney
Sentence: the",Sentence: the,first_noun,-5.331027984619141,-6.52187442779541,-1.1908464431762695,active,0.0
1234,role_labeled,passive,passive,a mayor is killed by a manager .,an adult kills an attorney .,an attorney is killed by an adult .,an,adult,an,attorney,kill,kills,killed,"[""VERB=kill"", ""AGENT=adult"", ""PATIENT=attorney""]","Prime sentence: a mayor is killed by a manager .
Event roles: VERB=kill; AGENT=adult; PATIENT=attorney
Sentence: the",Sentence: the,first_noun,-4.9146409034729,-6.365842819213867,-1.4512019157409668,active,0.0
1234,role_labeled,no_prime_eos,no_prime_eos,,an adult kills an attorney .,an attorney is killed by an adult .,an,adult,an,attorney,kill,kills,killed,"[""VERB=kill"", ""AGENT=adult"", ""PATIENT=attorney""]","Event roles: VERB=kill; AGENT=adult; PATIENT=attorney
Sentence: the",Sentence: the,first_noun,-4.669364929199219,-6.813993453979492,-2.1446285247802734,active,0.0
1234,role_labeled,filler,filler,The radio crackled in the attic .,an adult kills an attorney .,an attorney is killed by an adult .,an,adult,an,attorney,kill,kills,killed,"[""VERB=kill"", ""AGENT=adult"", ""PATIENT=attorney""]","Prime sentence: The radio crackled in the attic .
Event roles: VERB=kill; AGENT=adult; PATIENT=attorney
Sentence: the",Sentence: the,first_noun,-6.1098833084106445,-6.843357086181641,-0.7334737777709961,active,0.0
1235,role_labeled,active,active,a brother judges a buddy .,an opponent judges a parent .,a parent is judged by an opponent .,an,opponent,a,parent,judg,judges,judged,"[""VERB=judg"", ""AGENT=opponent"", ""PATIENT=parent""]","Prime sentence: a brother judges a buddy .
Event roles: VERB=judg; AGENT=opponent; PATIENT=parent
Sentence: the",Sentence: the,first_noun,-7.204051971435547,-6.277259826660156,0.9267921447753906,passive,1.0
1235,role_labeled,passive,passive,a buddy is judged by a brother .,an opponent judges a parent .,a parent is judged by an opponent .,an,opponent,a,parent,judg,judges,judged,"[""VERB=judg"", ""AGENT=opponent"", ""PATIENT=parent""]","Prime sentence: a buddy is judged by a brother .
Event roles: VERB=judg; AGENT=opponent; PATIENT=parent
Sentence: the",Sentence: the,first_noun,-6.634697914123535,-5.94895076751709,0.6857471466064453,passive,1.0
1235,role_labeled,no_prime_eos,no_prime_eos,,an opponent judges a parent .,a parent is judged by an opponent .,an,opponent,a,parent,judg,judges,judged,"[""VERB=judg"", ""AGENT=opponent"", ""PATIENT=parent""]","Event roles: VERB=judg; AGENT=opponent; PATIENT=parent
Sentence: the",Sentence: the,first_noun,-5.229848384857178,-5.715527534484863,-0.48567914962768555,active,0.0
1235,role_labeled,filler,filler,The garden brightened after rain .,an opponent judges a parent .,a parent is judged by an opponent .,an,opponent,a,parent,judg,judges,judged,"[""VERB=judg"", ""AGENT=opponent"", ""PATIENT=parent""]","Prime sentence: The garden brightened after rain .
Event roles: VERB=judg; AGENT=opponent; PATIENT=parent
Sentence: the",Sentence: the,first_noun,-9.003183364868164,-7.861776351928711,1.1414070129394531,passive,1.0
1236,role_labeled,active,active,a champion catches a chief .,a pilot catches a president .,a president is caught by a pilot .,a,pilot,a,president,catch,catches,caught,"[""VERB=catch"", ""PATIENT=president"", ""AGENT=pilot""]","Prime sentence: a champion catches a chief .
Event roles: VERB=catch; PATIENT=president; AGENT=pilot
Sentence: the",Sentence: the,first_noun,-4.749756336212158,-3.7287302017211914,1.0210261344909668,passive,1.0
1236,role_labeled,passive,passive,a chief is caught by a champion .,a pilot catches a president .,a president is caught by a pilot .,a,pilot,a,president,catch,catches,caught,"[""VERB=catch"", ""PATIENT=president"", ""AGENT=pilot""]","Prime sentence: a chief is caught by a champion .
Event roles: VERB=catch; PATIENT=president; AGENT=pilot
Sentence: the",Sentence: the,first_noun,-4.558858394622803,-3.741645336151123,0.8172130584716797,passive,1.0
1236,role_labeled,no_prime_eos,no_prime_eos,,a pilot catches a president .,a president is caught by a pilot .,a,pilot,a,president,catch,catches,caught,"[""VERB=catch"", ""PATIENT=president"", ""AGENT=pilot""]","Event roles: VERB=catch; PATIENT=president; AGENT=pilot
Sentence: the",Sentence: the,first_noun,-3.210716485977173,-3.7832627296447754,-0.5725462436676025,active,0.0
1236,role_labeled,filler,filler,The window rattled during the storm .,a pilot catches a president .,a president is caught by a pilot .,a,pilot,a,president,catch,catches,caught,"[""VERB=catch"", ""PATIENT=president"", ""AGENT=pilot""]","Prime sentence: The window rattled during the storm .
Event roles: VERB=catch; PATIENT=president; AGENT=pilot
Sentence: the",Sentence: the,first_noun,-5.120349884033203,-4.905821800231934,0.21452808380126953,passive,1.0
1237,role_labeled,active,active,a guy comforts a hero .,a teacher comforts an uncle .,an uncle is comforted by a teacher .,a,teacher,an,uncle,comfort,comforts,comforted,"[""VERB=comfort"", ""PATIENT=uncle"", ""AGENT=teacher""]","Prime sentence: a guy comforts a hero .
Event roles: VERB=comfort; PATIENT=uncle; AGENT=teacher
Sentence: the",Sentence: the,first_noun,-4.434429168701172,-7.312156677246094,-2.877727508544922,active,0.0
1237,role_labeled,passive,passive,a hero is comforted by a guy .,a teacher comforts an uncle .,an uncle is comforted by a teacher .,a,teacher,an,uncle,comfort,comforts,comforted,"[""VERB=comfort"", ""PATIENT=uncle"", ""AGENT=teacher""]","Prime sentence: a hero is comforted by a guy .
Event roles: VERB=comfort; PATIENT=uncle; AGENT=teacher
Sentence: the",Sentence: the,first_noun,-4.789299964904785,-7.357240676879883,-2.5679407119750977,active,0.0
1237,role_labeled,no_prime_eos,no_prime_eos,,a teacher comforts an uncle .,an uncle is comforted by a teacher .,a,teacher,an,uncle,comfort,comforts,comforted,"[""VERB=comfort"", ""PATIENT=uncle"", ""AGENT=teacher""]","Event roles: VERB=comfort; PATIENT=uncle; AGENT=teacher
Sentence: the",Sentence: the,first_noun,-3.7085840702056885,-8.07319450378418,-4.364610433578491,active,0.0
1237,role_labeled,filler,filler,The traveler rested beside the river .,a teacher comforts an uncle .,an uncle is comforted by a teacher .,a,teacher,an,uncle,comfort,comforts,comforted,"[""VERB=comfort"", ""PATIENT=uncle"", ""AGENT=teacher""]","Prime sentence: The traveler rested beside the river .
Event roles: VERB=comfort; PATIENT=uncle; AGENT=teacher
Sentence: the",Sentence: the,first_noun,-4.675457000732422,-7.610305309295654,-2.9348483085632324,active,0.0
1238,role_labeled,active,active,a writer forgets an actor .,a lady forgets a lawyer .,a lawyer is forgotten by a lady .,a,lady,a,lawyer,forget,forgets,forgotten,"[""VERB=forget"", ""PATIENT=lawyer"", ""AGENT=lady""]","Prime sentence: a writer forgets an actor .
Event roles: VERB=forget; PATIENT=lawyer; AGENT=lady
Sentence: the",Sentence: the,first_noun,-6.362082481384277,-5.286897659301758,1.0751848220825195,passive,1.0
1238,role_labeled,passive,passive,an actor is forgotten by a writer .,a lady forgets a lawyer .,a lawyer is forgotten by a lady .,a,lady,a,lawyer,forget,forgets,forgotten,"[""VERB=forget"", ""PATIENT=lawyer"", ""AGENT=lady""]","Prime sentence: an actor is forgotten by a writer .
Event roles: VERB=forget; PATIENT=lawyer; AGENT=lady
Sentence: the",Sentence: the,first_noun,-6.507943153381348,-5.223320960998535,1.2846221923828125,passive,1.0
1238,role_labeled,no_prime_eos,no_prime_eos,,a lady forgets a lawyer .,a lawyer is forgotten by a lady .,a,lady,a,lawyer,forget,forgets,forgotten,"[""VERB=forget"", ""PATIENT=lawyer"", ""AGENT=lady""]","Event roles: VERB=forget; PATIENT=lawyer; AGENT=lady
Sentence: the",Sentence: the,first_noun,-6.127228736877441,-5.280272006988525,0.846956729888916,passive,1.0
1238,role_labeled,filler,filler,The violin echoed in the theater .,a lady forgets a lawyer .,a lawyer is forgotten by a lady .,a,lady,a,lawyer,forget,forgets,forgotten,"[""VERB=forget"", ""PATIENT=lawyer"", ""AGENT=lady""]","Prime sentence: The violin echoed in the theater .
Event roles: VERB=forget; PATIENT=lawyer; AGENT=lady
Sentence: the",Sentence: the,first_noun,-5.648993015289307,-5.652451992034912,-0.0034589767456054688,active,0.0
1239,role_labeled,active,active,a kid raises a king .,a winner raises a woman .,a woman is raised by a winner .,a,winner,a,woman,rais,raises,raised,"[""AGENT=winner"", ""VERB=rais"", ""PATIENT=woman""]","Prime sentence: a kid raises a king .
Event roles: AGENT=winner; VERB=rais; PATIENT=woman
Sentence: the",Sentence: the,first_noun,-6.23039436340332,-4.515759468078613,1.714634895324707,passive,1.0
1239,role_labeled,passive,passive,a king is raised by a kid .,a winner raises a woman .,a woman is raised by a winner .,a,winner,a,woman,rais,raises,raised,"[""AGENT=winner"", ""VERB=rais"", ""PATIENT=woman""]","Prime sentence: a king is raised by a kid .
Event roles: AGENT=winner; VERB=rais; PATIENT=woman
Sentence: the",Sentence: the,first_noun,-7.1176557540893555,-4.95549201965332,2.162163734436035,passive,1.0
1239,role_labeled,no_prime_eos,no_prime_eos,,a winner raises a woman .,a woman is raised by a winner .,a,winner,a,woman,rais,raises,raised,"[""AGENT=winner"", ""VERB=rais"", ""PATIENT=woman""]","Event roles: AGENT=winner; VERB=rais; PATIENT=woman
Sentence: the",Sentence: the,first_noun,-3.3835315704345703,-3.3646159172058105,0.018915653228759766,passive,1.0
1239,role_labeled,filler,filler,The teacher listened during assembly .,a winner raises a woman .,a woman is raised by a winner .,a,winner,a,woman,rais,raises,raised,"[""AGENT=winner"", ""VERB=rais"", ""PATIENT=woman""]","Prime sentence: The teacher listened during assembly .
Event roles: AGENT=winner; VERB=rais; PATIENT=woman
Sentence: the",Sentence: the,first_noun,-6.354503631591797,-3.2248544692993164,3.1296491622924805,passive,1.0
1240,role_labeled,active,active,an employer joins a father .,a sheriff joins a singer .,a singer is joined by a sheriff .,a,sheriff,a,singer,join,joins,joined,"[""AGENT=sheriff"", ""PATIENT=singer"", ""VERB=join""]","Prime sentence: an employer joins a father .
Event roles: AGENT=sheriff; PATIENT=singer; VERB=join
Sentence: the",Sentence: the,first_noun,-3.672414541244507,-5.523451805114746,-1.8510372638702393,active,0.0
1240,role_labeled,passive,passive,a father is joined by an employer .,a sheriff joins a singer .,a singer is joined by a sheriff .,a,sheriff,a,singer,join,joins,joined,"[""AGENT=sheriff"", ""PATIENT=singer"", ""VERB=join""]","Prime sentence: a father is joined by an employer .
Event roles: AGENT=sheriff; PATIENT=singer; VERB=join
Sentence: the",Sentence: the,first_noun,-4.20350456237793,-5.736366271972656,-1.5328617095947266,active,0.0
1240,role_labeled,no_prime_eos,no_prime_eos,,a sheriff joins a singer .,a singer is joined by a sheriff .,a,sheriff,a,singer,join,joins,joined,"[""AGENT=sheriff"", ""PATIENT=singer"", ""VERB=join""]","Event roles: AGENT=sheriff; PATIENT=singer; VERB=join
Sentence: the",Sentence: the,first_noun,-5.550622940063477,-5.038853645324707,0.5117692947387695,passive,1.0
1240,role_labeled,filler,filler,The jacket hung behind the chair .,a sheriff joins a singer .,a singer is joined by a sheriff .,a,sheriff,a,singer,join,joins,joined,"[""AGENT=sheriff"", ""PATIENT=singer"", ""VERB=join""]","Prime sentence: The jacket hung behind the chair .
Event roles: AGENT=sheriff; PATIENT=singer; VERB=join
Sentence: the",Sentence: the,first_noun,-4.551288604736328,-5.847034454345703,-1.295745849609375,active,0.0
1241,role_labeled,active,active,a sheriff hurries a singer .,an employee hurries an employer .,an employer is hurried by an employee .,an,employee,an,employer,hurry,hurries,hurried,"[""VERB=hurry"", ""PATIENT=employer"", ""AGENT=employee""]","Prime sentence: a sheriff hurries a singer .
Event roles: VERB=hurry; PATIENT=employer; AGENT=employee
Sentence: the",Sentence: the,first_noun,-6.659709930419922,-6.699552059173584,-0.03984212875366211,active,0.0
1241,role_labeled,passive,passive,a singer is hurried by a sheriff .,an employee hurries an employer .,an employer is hurried by an employee .,an,employee,an,employer,hurry,hurries,hurried,"[""VERB=hurry"", ""PATIENT=employer"", ""AGENT=employee""]","Prime sentence: a singer is hurried by a sheriff .
Event roles: VERB=hurry; PATIENT=employer; AGENT=employee
Sentence: the",Sentence: the,first_noun,-6.604386806488037,-6.899178504943848,-0.29479169845581055,active,0.0
1241,role_labeled,no_prime_eos,no_prime_eos,,an employee hurries an employer .,an employer is hurried by an employee .,an,employee,an,employer,hurry,hurries,hurried,"[""VERB=hurry"", ""PATIENT=employer"", ""AGENT=employee""]","Event roles: VERB=hurry; PATIENT=employer; AGENT=employee
Sentence: the",Sentence: the,first_noun,-4.622664451599121,-5.258563041687012,-0.6358985900878906,active,0.0
1241,role_labeled,filler,filler,The witness paused near the doorway .,an employee hurries an employer .,an employer is hurried by an employee .,an,employee,an,employer,hurry,hurries,hurried,"[""VERB=hurry"", ""PATIENT=employer"", ""AGENT=employee""]","Prime sentence: The witness paused near the doorway .
Event roles: VERB=hurry; PATIENT=employer; AGENT=employee
Sentence: the",Sentence: the,first_noun,-3.6603851318359375,-5.457754611968994,-1.7973694801330566,active,0.0
1242,role_labeled,active,active,a cop strikes a cousin .,a princess strikes a professor .,a professor is struck by a princess .,a,princess,a,professor,strik,strikes,struck,"[""PATIENT=professor"", ""AGENT=princess"", ""VERB=strik""]","Prime sentence: a cop strikes a cousin .
Event roles: PATIENT=professor; AGENT=princess; VERB=strik
Sentence: the",Sentence: the,first_noun,-5.380324363708496,-3.9117658138275146,1.4685585498809814,passive,1.0
1242,role_labeled,passive,passive,a cousin is struck by a cop .,a princess strikes a professor .,a professor is struck by a princess .,a,princess,a,professor,strik,strikes,struck,"[""PATIENT=professor"", ""AGENT=princess"", ""VERB=strik""]","Prime sentence: a cousin is struck by a cop .
Event roles: PATIENT=professor; AGENT=princess; VERB=strik
Sentence: the",Sentence: the,first_noun,-5.245730400085449,-3.869209051132202,1.376521348953247,passive,1.0
1242,role_labeled,no_prime_eos,no_prime_eos,,a princess strikes a professor .,a professor is struck by a princess .,a,princess,a,professor,strik,strikes,struck,"[""PATIENT=professor"", ""AGENT=princess"", ""VERB=strik""]","Event roles: PATIENT=professor; AGENT=princess; VERB=strik
Sentence: the",Sentence: the,first_noun,-4.536910057067871,-4.720556735992432,-0.18364667892456055,active,0.0
1242,role_labeled,filler,filler,The signal flickered across the screen .,a princess strikes a professor .,a professor is struck by a princess .,a,princess,a,professor,strik,strikes,struck,"[""PATIENT=professor"", ""AGENT=princess"", ""VERB=strik""]","Prime sentence: The signal flickered across the screen .
Event roles: PATIENT=professor; AGENT=princess; VERB=strik
Sentence: the",Sentence: the,first_noun,-4.285818099975586,-4.301243782043457,-0.015425682067871094,active,0.0
1243,role_labeled,active,active,a winner selects a woman .,a husband selects a kid .,a kid is selected by a husband .,a,husband,a,kid,select,selects,selected,"[""VERB=select"", ""PATIENT=kid"", ""AGENT=husband""]","Prime sentence: a winner selects a woman .
Event roles: VERB=select; PATIENT=kid; AGENT=husband
Sentence: the",Sentence: the,first_noun,-3.0851516723632812,-6.005947589874268,-2.9207959175109863,active,0.0
1243,role_labeled,passive,passive,a woman is selected by a winner .,a husband selects a kid .,a kid is selected by a husband .,a,husband,a,kid,select,selects,selected,"[""VERB=select"", ""PATIENT=kid"", ""AGENT=husband""]","Prime sentence: a woman is selected by a winner .
Event roles: VERB=select; PATIENT=kid; AGENT=husband
Sentence: the",Sentence: the,first_noun,-3.0700035095214844,-6.275492191314697,-3.205488681793213,active,0.0
1243,role_labeled,no_prime_eos,no_prime_eos,,a husband selects a kid .,a kid is selected by a husband .,a,husband,a,kid,select,selects,selected,"[""VERB=select"", ""PATIENT=kid"", ""AGENT=husband""]","Event roles: VERB=select; PATIENT=kid; AGENT=husband
Sentence: the",Sentence: the,first_noun,-3.861900568008423,-7.013105392456055,-3.151204824447632,active,0.0
1243,role_labeled,filler,filler,The teacher listened during assembly .,a husband selects a kid .,a kid is selected by a husband .,a,husband,a,kid,select,selects,selected,"[""VERB=select"", ""PATIENT=kid"", ""AGENT=husband""]","Prime sentence: The teacher listened during assembly .
Event roles: VERB=select; PATIENT=kid; AGENT=husband
Sentence: the",Sentence: the,first_noun,-4.270110130310059,-4.818948745727539,-0.5488386154174805,active,0.0
1244,role_labeled,active,active,a cop kisses a cousin .,a princess kisses a professor .,a professor is kissed by a princess .,a,princess,a,professor,kiss,kisses,kissed,"[""AGENT=princess"", ""PATIENT=professor"", ""VERB=kiss""]","Prime sentence: a cop kisses a cousin .
Event roles: AGENT=princess; PATIENT=professor; VERB=kiss
Sentence: the",Sentence: the,first_noun,-5.932500839233398,-4.588390350341797,1.3441104888916016,passive,1.0
1244,role_labeled,passive,passive,a cousin is kissed by a cop .,a princess kisses a professor .,a professor is kissed by a princess .,a,princess,a,professor,kiss,kisses,kissed,"[""AGENT=princess"", ""PATIENT=professor"", ""VERB=kiss""]","Prime sentence: a cousin is kissed by a cop .
Event roles: AGENT=princess; PATIENT=professor; VERB=kiss
Sentence: the",Sentence: the,first_noun,-5.840906143188477,-4.59250545501709,1.2484006881713867,passive,1.0
1244,role_labeled,no_prime_eos,no_prime_eos,,a princess kisses a professor .,a professor is kissed by a princess .,a,princess,a,professor,kiss,kisses,kissed,"[""AGENT=princess"", ""PATIENT=professor"", ""VERB=kiss""]","Event roles: AGENT=princess; PATIENT=professor; VERB=kiss
Sentence: the",Sentence: the,first_noun,-4.106207847595215,-4.930675983428955,-0.8244681358337402,active,0.0
1244,role_labeled,filler,filler,The violin echoed in the theater .,a princess kisses a professor .,a professor is kissed by a princess .,a,princess,a,professor,kiss,kisses,kissed,"[""AGENT=princess"", ""PATIENT=professor"", ""VERB=kiss""]","Prime sentence: The violin echoed in the theater .
Event roles: AGENT=princess; PATIENT=professor; VERB=kiss
Sentence: the",Sentence: the,first_noun,-5.794500350952148,-5.232644557952881,0.5618557929992676,passive,1.0
1245,role_labeled,active,active,an actor destroys an actress .,a lawyer destroys a leader .,a leader is destroyed by a lawyer .,a,lawyer,a,leader,destroy,destroys,destroyed,"[""PATIENT=leader"", ""VERB=destroy"", ""AGENT=lawyer""]","Prime sentence: an actor destroys an actress .
Event roles: PATIENT=leader; VERB=destroy; AGENT=lawyer
Sentence: the",Sentence: the,first_noun,-5.202363967895508,-4.744167327880859,0.45819664001464844,passive,1.0
1245,role_labeled,passive,passive,an actress is destroyed by an actor .,a lawyer destroys a leader .,a leader is destroyed by a lawyer .,a,lawyer,a,leader,destroy,destroys,destroyed,"[""PATIENT=leader"", ""VERB=destroy"", ""AGENT=lawyer""]","Prime sentence: an actress is destroyed by an actor .
Event roles: PATIENT=leader; VERB=destroy; AGENT=lawyer
Sentence: the",Sentence: the,first_noun,-5.110912322998047,-4.773543357849121,0.3373689651489258,passive,1.0
1245,role_labeled,no_prime_eos,no_prime_eos,,a lawyer destroys a leader .,a leader is destroyed by a lawyer .,a,lawyer,a,leader,destroy,destroys,destroyed,"[""PATIENT=leader"", ""VERB=destroy"", ""AGENT=lawyer""]","Event roles: PATIENT=leader; VERB=destroy; AGENT=lawyer
Sentence: the",Sentence: the,first_noun,-5.681035995483398,-4.287875175476074,1.3931608200073242,passive,1.0
1245,role_labeled,filler,filler,The window rattled during the storm .,a lawyer destroys a leader .,a leader is destroyed by a lawyer .,a,lawyer,a,leader,destroy,destroys,destroyed,"[""PATIENT=leader"", ""VERB=destroy"", ""AGENT=lawyer""]","Prime sentence: The window rattled during the storm .
Event roles: PATIENT=leader; VERB=destroy; AGENT=lawyer
Sentence: the",Sentence: the,first_noun,-6.310202121734619,-6.849299430847168,-0.5390973091125488,active,0.0
1246,role_labeled,active,active,a mayor carries a minister .,an attorney carries an aunt .,an aunt is carried by an attorney .,an,attorney,an,aunt,carry,carries,carried,"[""PATIENT=aunt"", ""AGENT=attorney"", ""VERB=carry""]","Prime sentence: a mayor carries a minister .
Event roles: PATIENT=aunt; AGENT=attorney; VERB=carry
Sentence: the",Sentence: the,first_noun,-6.405132293701172,-7.370482921600342,-0.9653506278991699,active,0.0
1246,role_labeled,passive,passive,a minister is carried by a mayor .,an attorney carries an aunt .,an aunt is carried by an attorney .,an,attorney,an,aunt,carry,carries,carried,"[""PATIENT=aunt"", ""AGENT=attorney"", ""VERB=carry""]","Prime sentence: a minister is carried by a mayor .
Event roles: PATIENT=aunt; AGENT=attorney; VERB=carry
Sentence: the",Sentence: the,first_noun,-6.756948471069336,-7.907797813415527,-1.1508493423461914,active,0.0
1246,role_labeled,no_prime_eos,no_prime_eos,,an attorney carries an aunt .,an aunt is carried by an attorney .,an,attorney,an,aunt,carry,carries,carried,"[""PATIENT=aunt"", ""AGENT=attorney"", ""VERB=carry""]","Event roles: PATIENT=aunt; AGENT=attorney; VERB=carry
Sentence: the",Sentence: the,first_noun,-6.138059616088867,-9.006824493408203,-2.868764877319336,active,0.0
1246,role_labeled,filler,filler,The engine cooled before dawn .,an attorney carries an aunt .,an aunt is carried by an attorney .,an,attorney,an,aunt,carry,carries,carried,"[""PATIENT=aunt"", ""AGENT=attorney"", ""VERB=carry""]","Prime sentence: The engine cooled before dawn .
Event roles: PATIENT=aunt; AGENT=attorney; VERB=carry
Sentence: the",Sentence: the,first_noun,-7.061366558074951,-7.530148506164551,-0.4687819480895996,active,0.0
1247,role_labeled,active,active,a prince helps a princess .,a child helps a colonel .,a colonel is helped by a child .,a,child,a,colonel,help,helps,helped,"[""PATIENT=colonel"", ""AGENT=child"", ""VERB=help""]","Prime sentence: a prince helps a princess .
Event roles: PATIENT=colonel; AGENT=child; VERB=help
Sentence: the",Sentence: the,first_noun,-4.522082328796387,-5.165889739990234,-0.6438074111938477,active,0.0
1247,role_labeled,passive,passive,a princess is helped by a prince .,a child helps a colonel .,a colonel is helped by a child .,a,child,a,colonel,help,helps,helped,"[""PATIENT=colonel"", ""AGENT=child"", ""VERB=help""]","Prime sentence: a princess is helped by a prince .
Event roles: PATIENT=colonel; AGENT=child; VERB=help
Sentence: the",Sentence: the,first_noun,-4.458949089050293,-5.477633476257324,-1.0186843872070312,active,0.0
1247,role_labeled,no_prime_eos,no_prime_eos,,a child helps a colonel .,a colonel is helped by a child .,a,child,a,colonel,help,helps,helped,"[""PATIENT=colonel"", ""AGENT=child"", ""VERB=help""]","Event roles: PATIENT=colonel; AGENT=child; VERB=help
Sentence: the",Sentence: the,first_noun,-3.6496989727020264,-4.961870193481445,-1.312171220779419,active,0.0
1247,role_labeled,filler,filler,The baker laughed during breakfast .,a child helps a colonel .,a colonel is helped by a child .,a,child,a,colonel,help,helps,helped,"[""PATIENT=colonel"", ""AGENT=child"", ""VERB=help""]","Prime sentence: The baker laughed during breakfast .
Event roles: PATIENT=colonel; AGENT=child; VERB=help
Sentence: the",Sentence: the,first_noun,-4.269082069396973,-4.890120983123779,-0.6210389137268066,active,0.0
1248,role_labeled,active,active,a boy destroys a brother .,a nurse destroys an opponent .,an opponent is destroyed by a nurse .,a,nurse,an,opponent,destroy,destroys,destroyed,"[""PATIENT=opponent"", ""AGENT=nurse"", ""VERB=destroy""]","Prime sentence: a boy destroys a brother .
Event roles: PATIENT=opponent; AGENT=nurse; VERB=destroy
Sentence: the",Sentence: the,first_noun,-4.421539783477783,-7.129504680633545,-2.7079648971557617,active,0.0
1248,role_labeled,passive,passive,a brother is destroyed by a boy .,a nurse destroys an opponent .,an opponent is destroyed by a nurse .,a,nurse,an,opponent,destroy,destroys,destroyed,"[""PATIENT=opponent"", ""AGENT=nurse"", ""VERB=destroy""]","Prime sentence: a brother is destroyed by a boy .
Event roles: PATIENT=opponent; AGENT=nurse; VERB=destroy
Sentence: the",Sentence: the,first_noun,-4.554187774658203,-7.168026924133301,-2.6138391494750977,active,0.0
1248,role_labeled,no_prime_eos,no_prime_eos,,a nurse destroys an opponent .,an opponent is destroyed by a nurse .,a,nurse,an,opponent,destroy,destroys,destroyed,"[""PATIENT=opponent"", ""AGENT=nurse"", ""VERB=destroy""]","Event roles: PATIENT=opponent; AGENT=nurse; VERB=destroy
Sentence: the",Sentence: the,first_noun,-3.395155668258667,-5.26676082611084,-1.8716051578521729,active,0.0
1248,role_labeled,filler,filler,The lantern glowed near sunset .,a nurse destroys an opponent .,an opponent is destroyed by a nurse .,a,nurse,an,opponent,destroy,destroys,destroyed,"[""PATIENT=opponent"", ""AGENT=nurse"", ""VERB=destroy""]","Prime sentence: The lantern glowed near sunset .
Event roles: PATIENT=opponent; AGENT=nurse; VERB=destroy
Sentence: the",Sentence: the,first_noun,-5.063419818878174,-7.182953357696533,-2.1195335388183594,active,0.0
1249,role_labeled,active,active,a teacher forgives an uncle .,a guest forgives a guy .,a guy is forgiven by a guest .,a,guest,a,guy,forgiv,forgives,forgiven,"[""PATIENT=guy"", ""AGENT=guest"", ""VERB=forgiv""]","Prime sentence: a teacher forgives an uncle .
Event roles: PATIENT=guy; AGENT=guest; VERB=forgiv
Sentence: the",Sentence: the,first_noun,-6.019211292266846,-4.651169300079346,1.3680419921875,passive,1.0
1249,role_labeled,passive,passive,an uncle is forgiven by a teacher .,a guest forgives a guy .,a guy is forgiven by a guest .,a,guest,a,guy,forgiv,forgives,forgiven,"[""PATIENT=guy"", ""AGENT=guest"", ""VERB=forgiv""]","Prime sentence: an uncle is forgiven by a teacher .
Event roles: PATIENT=guy; AGENT=guest; VERB=forgiv
Sentence: the",Sentence: the,first_noun,-6.1846747398376465,-4.516375541687012,1.6682991981506348,passive,1.0
1249,role_labeled,no_prime_eos,no_prime_eos,,a guest forgives a guy .,a guy is forgiven by a guest .,a,guest,a,guy,forgiv,forgives,forgiven,"[""PATIENT=guy"", ""AGENT=guest"", ""VERB=forgiv""]","Event roles: PATIENT=guy; AGENT=guest; VERB=forgiv
Sentence: the",Sentence: the,first_noun,-4.804581165313721,-4.518271446228027,0.28630971908569336,passive,1.0
1249,role_labeled,filler,filler,The sculpture stood in the hallway .,a guest forgives a guy .,a guy is forgiven by a guest .,a,guest,a,guy,forgiv,forgives,forgiven,"[""PATIENT=guy"", ""AGENT=guest"", ""VERB=forgiv""]","Prime sentence: The sculpture stood in the hallway .
Event roles: PATIENT=guy; AGENT=guest; VERB=forgiv
Sentence: the",Sentence: the,first_noun,-5.501483917236328,-4.497259140014648,1.0042247772216797,passive,1.0
1250,role_labeled,active,active,a partner bothers a physician .,a buddy bothers a candidate .,a candidate is bothered by a buddy .,a,buddy,a,candidate,bother,bothers,bothered,"[""PATIENT=candidate"", ""AGENT=buddy"", ""VERB=bother""]","Prime sentence: a partner bothers a physician .
Event roles: PATIENT=candidate; AGENT=buddy; VERB=bother
Sentence: the",Sentence: the,first_noun,-8.05346965789795,-4.576131343841553,3.4773383140563965,passive,1.0
1250,role_labeled,passive,passive,a physician is bothered by a partner .,a buddy bothers a candidate .,a candidate is bothered by a buddy .,a,buddy,a,candidate,bother,bothers,bothered,"[""PATIENT=candidate"", ""AGENT=buddy"", ""VERB=bother""]","Prime sentence: a physician is bothered by a partner .
Event roles: PATIENT=candidate; AGENT=buddy; VERB=bother
Sentence: the",Sentence: the,first_noun,-8.999277114868164,-5.120293617248535,3.878983497619629,passive,1.0
1250,role_labeled,no_prime_eos,no_prime_eos,,a buddy bothers a candidate .,a candidate is bothered by a buddy .,a,buddy,a,candidate,bother,bothers,bothered,"[""PATIENT=candidate"", ""AGENT=buddy"", ""VERB=bother""]","Event roles: PATIENT=candidate; AGENT=buddy; VERB=bother
Sentence: the",Sentence: the,first_noun,-7.553706169128418,-4.475129127502441,3.0785770416259766,passive,1.0
1250,role_labeled,filler,filler,The engine cooled before dawn .,a buddy bothers a candidate .,a candidate is bothered by a buddy .,a,buddy,a,candidate,bother,bothers,bothered,"[""PATIENT=candidate"", ""AGENT=buddy"", ""VERB=bother""]","Prime sentence: The engine cooled before dawn .
Event roles: PATIENT=candidate; AGENT=buddy; VERB=bother
Sentence: the",Sentence: the,first_noun,-9.916687965393066,-7.396868705749512,2.5198192596435547,passive,1.0
1251,role_labeled,active,active,a king follows a lady .,a woman follows a worker .,a worker is followed by a woman .,a,woman,a,worker,follow,follows,followed,"[""PATIENT=worker"", ""VERB=follow"", ""AGENT=woman""]","Prime sentence: a king follows a lady .
Event roles: PATIENT=worker; VERB=follow; AGENT=woman
Sentence: the",Sentence: the,first_noun,-3.705033302307129,-5.627211570739746,-1.9221782684326172,active,0.0
1251,role_labeled,passive,passive,a lady is followed by a king .,a woman follows a worker .,a worker is followed by a woman .,a,woman,a,worker,follow,follows,followed,"[""PATIENT=worker"", ""VERB=follow"", ""AGENT=woman""]","Prime sentence: a lady is followed by a king .
Event roles: PATIENT=worker; VERB=follow; AGENT=woman
Sentence: the",Sentence: the,first_noun,-3.389559745788574,-5.38422155380249,-1.994661808013916,active,0.0
1251,role_labeled,no_prime_eos,no_prime_eos,,a woman follows a worker .,a worker is followed by a woman .,a,woman,a,worker,follow,follows,followed,"[""PATIENT=worker"", ""VERB=follow"", ""AGENT=woman""]","Event roles: PATIENT=worker; VERB=follow; AGENT=woman
Sentence: the",Sentence: the,first_noun,-2.7952373027801514,-4.410991668701172,-1.6157543659210205,active,0.0
1251,role_labeled,filler,filler,The teacher listened during assembly .,a woman follows a worker .,a worker is followed by a woman .,a,woman,a,worker,follow,follows,followed,"[""PATIENT=worker"", ""VERB=follow"", ""AGENT=woman""]","Prime sentence: The teacher listened during assembly .
Event roles: PATIENT=worker; VERB=follow; AGENT=woman
Sentence: the",Sentence: the,first_noun,-2.9654664993286133,-2.849730968475342,0.11573553085327148,passive,1.0
1252,role_labeled,active,active,an adult asks an attorney .,a man asks a manager .,a manager is asked by a man .,a,man,a,manager,ask,asks,asked,"[""VERB=ask"", ""PATIENT=manager"", ""AGENT=man""]","Prime sentence: an adult asks an attorney .
Event roles: VERB=ask; PATIENT=manager; AGENT=man
Sentence: the",Sentence: the,first_noun,-4.496350288391113,-4.108328342437744,0.38802194595336914,passive,1.0
1252,role_labeled,passive,passive,an attorney is asked by an adult .,a man asks a manager .,a manager is asked by a man .,a,man,a,manager,ask,asks,asked,"[""VERB=ask"", ""PATIENT=manager"", ""AGENT=man""]","Prime sentence: an attorney is asked by an adult .
Event roles: VERB=ask; PATIENT=manager; AGENT=man
Sentence: the",Sentence: the,first_noun,-4.627016544342041,-4.404387474060059,0.22262907028198242,passive,1.0
1252,role_labeled,no_prime_eos,no_prime_eos,,a man asks a manager .,a manager is asked by a man .,a,man,a,manager,ask,asks,asked,"[""VERB=ask"", ""PATIENT=manager"", ""AGENT=man""]","Event roles: VERB=ask; PATIENT=manager; AGENT=man
Sentence: the",Sentence: the,first_noun,-4.42356538772583,-4.0184645652771,0.40510082244873047,passive,1.0
1252,role_labeled,filler,filler,The kettle whistled in the kitchen .,a man asks a manager .,a manager is asked by a man .,a,man,a,manager,ask,asks,asked,"[""VERB=ask"", ""PATIENT=manager"", ""AGENT=man""]","Prime sentence: The kettle whistled in the kitchen .
Event roles: VERB=ask; PATIENT=manager; AGENT=man
Sentence: the",Sentence: the,first_noun,-4.714432239532471,-6.008909702301025,-1.2944774627685547,active,0.0
1253,role_labeled,active,active,a guy carries a hero .,a teacher carries an uncle .,an uncle is carried by a teacher .,a,teacher,an,uncle,carry,carries,carried,"[""VERB=carry"", ""PATIENT=uncle"", ""AGENT=teacher""]","Prime sentence: a guy carries a hero .
Event roles: VERB=carry; PATIENT=uncle; AGENT=teacher
Sentence: the",Sentence: the,first_noun,-4.47186803817749,-7.126020908355713,-2.6541528701782227,active,0.0
1253,role_labeled,passive,passive,a hero is carried by a guy .,a teacher carries an uncle .,an uncle is carried by a teacher .,a,teacher,an,uncle,carry,carries,carried,"[""VERB=carry"", ""PATIENT=uncle"", ""AGENT=teacher""]","Prime sentence: a hero is carried by a guy .
Event roles: VERB=carry; PATIENT=uncle; AGENT=teacher
Sentence: the",Sentence: the,first_noun,-4.915591239929199,-7.55548095703125,-2.639889717102051,active,0.0
1253,role_labeled,no_prime_eos,no_prime_eos,,a teacher carries an uncle .,an uncle is carried by a teacher .,a,teacher,an,uncle,carry,carries,carried,"[""VERB=carry"", ""PATIENT=uncle"", ""AGENT=teacher""]","Event roles: VERB=carry; PATIENT=uncle; AGENT=teacher
Sentence: the",Sentence: the,first_noun,-3.7500362396240234,-7.598325252532959,-3.8482890129089355,active,0.0
1253,role_labeled,filler,filler,The planet shimmered above the valley .,a teacher carries an uncle .,an uncle is carried by a teacher .,a,teacher,an,uncle,carry,carries,carried,"[""VERB=carry"", ""PATIENT=uncle"", ""AGENT=teacher""]","Prime sentence: The planet shimmered above the valley .
Event roles: VERB=carry; PATIENT=uncle; AGENT=teacher
Sentence: the",Sentence: the,first_noun,-5.421520709991455,-8.661405563354492,-3.239884853363037,active,0.0
1254,role_labeled,active,active,a sheriff embraces a singer .,an employee embraces an employer .,an employer is embraced by an employee .,an,employee,an,employer,embrac,embraces,embraced,"[""VERB=embrac"", ""AGENT=employee"", ""PATIENT=employer""]","Prime sentence: a sheriff embraces a singer .
Event roles: VERB=embrac; AGENT=employee; PATIENT=employer
Sentence: the",Sentence: the,first_noun,-6.245516300201416,-7.075382232666016,-0.8298659324645996,active,0.0
1254,role_labeled,passive,passive,a singer is embraced by a sheriff .,an employee embraces an employer .,an employer is embraced by an employee .,an,employee,an,employer,embrac,embraces,embraced,"[""VERB=embrac"", ""AGENT=employee"", ""PATIENT=employer""]","Prime sentence: a singer is embraced by a sheriff .
Event roles: VERB=embrac; AGENT=employee; PATIENT=employer
Sentence: the",Sentence: the,first_noun,-6.100645065307617,-6.838968753814697,-0.7383236885070801,active,0.0
1254,role_labeled,no_prime_eos,no_prime_eos,,an employee embraces an employer .,an employer is embraced by an employee .,an,employee,an,employer,embrac,embraces,embraced,"[""VERB=embrac"", ""AGENT=employee"", ""PATIENT=employer""]","Event roles: VERB=embrac; AGENT=employee; PATIENT=employer
Sentence: the",Sentence: the,first_noun,-3.96903920173645,-5.225484848022461,-1.2564456462860107,active,0.0
1254,role_labeled,filler,filler,The captain waited beside the harbor .,an employee embraces an employer .,an employer is embraced by an employee .,an,employee,an,employer,embrac,embraces,embraced,"[""VERB=embrac"", ""AGENT=employee"", ""PATIENT=employer""]","Prime sentence: The captain waited beside the harbor .
Event roles: VERB=embrac; AGENT=employee; PATIENT=employer
Sentence: the",Sentence: the,first_noun,-6.446140289306641,-7.31198263168335,-0.865842342376709,active,0.0
1255,role_labeled,active,active,a physician drags a pilot .,a candidate drags a captain .,a captain is dragged by a candidate .,a,candidate,a,captain,drag,drags,dragged,"[""AGENT=candidate"", ""VERB=drag"", ""PATIENT=captain""]","Prime sentence: a physician drags a pilot .
Event roles: AGENT=candidate; VERB=drag; PATIENT=captain
Sentence: the",Sentence: the,first_noun,-5.418828010559082,-3.2021536827087402,2.216674327850342,passive,1.0
1255,role_labeled,passive,passive,a pilot is dragged by a physician .,a candidate drags a captain .,a captain is dragged by a candidate .,a,candidate,a,captain,drag,drags,dragged,"[""AGENT=candidate"", ""VERB=drag"", ""PATIENT=captain""]","Prime sentence: a pilot is dragged by a physician .
Event roles: AGENT=candidate; VERB=drag; PATIENT=captain
Sentence: the",Sentence: the,first_noun,-4.965312957763672,-2.9888107776641846,1.9765021800994873,passive,1.0
1255,role_labeled,no_prime_eos,no_prime_eos,,a candidate drags a captain .,a captain is dragged by a candidate .,a,candidate,a,captain,drag,drags,dragged,"[""AGENT=candidate"", ""VERB=drag"", ""PATIENT=captain""]","Event roles: AGENT=candidate; VERB=drag; PATIENT=captain
Sentence: the",Sentence: the,first_noun,-4.162869453430176,-3.7025461196899414,0.4603233337402344,passive,1.0
1255,role_labeled,filler,filler,The pillow rested on the sofa .,a candidate drags a captain .,a captain is dragged by a candidate .,a,candidate,a,captain,drag,drags,dragged,"[""AGENT=candidate"", ""VERB=drag"", ""PATIENT=captain""]","Prime sentence: The pillow rested on the sofa .
Event roles: AGENT=candidate; VERB=drag; PATIENT=captain
Sentence: the",Sentence: the,first_noun,-7.1021809577941895,-4.602727890014648,2.499453067779541,passive,1.0
1256,role_labeled,active,active,a child strikes a colonel .,a priest strikes a prince .,a prince is struck by a priest .,a,priest,a,prince,strik,strikes,struck,"[""AGENT=priest"", ""VERB=strik"", ""PATIENT=prince""]","Prime sentence: a child strikes a colonel .
Event roles: AGENT=priest; VERB=strik; PATIENT=prince
Sentence: the",Sentence: the,first_noun,-3.8688576221466064,-4.390809059143066,-0.52195143699646,active,0.0
1256,role_labeled,passive,passive,a colonel is struck by a child .,a priest strikes a prince .,a prince is struck by a priest .,a,priest,a,prince,strik,strikes,struck,"[""AGENT=priest"", ""VERB=strik"", ""PATIENT=prince""]","Prime sentence: a colonel is struck by a child .
Event roles: AGENT=priest; VERB=strik; PATIENT=prince
Sentence: the",Sentence: the,first_noun,-3.200094223022461,-4.339309215545654,-1.1392149925231934,active,0.0
1256,role_labeled,no_prime_eos,no_prime_eos,,a priest strikes a prince .,a prince is struck by a priest .,a,priest,a,prince,strik,strikes,struck,"[""AGENT=priest"", ""VERB=strik"", ""PATIENT=prince""]","Event roles: AGENT=priest; VERB=strik; PATIENT=prince
Sentence: the",Sentence: the,first_noun,-3.4821979999542236,-3.8203928470611572,-0.3381948471069336,active,0.0
1256,role_labeled,filler,filler,The signal flickered across the screen .,a priest strikes a prince .,a prince is struck by a priest .,a,priest,a,prince,strik,strikes,struck,"[""AGENT=priest"", ""VERB=strik"", ""PATIENT=prince""]","Prime sentence: The signal flickered across the screen .
Event roles: AGENT=priest; VERB=strik; PATIENT=prince
Sentence: the",Sentence: the,first_noun,-3.2759082317352295,-4.336576461791992,-1.0606682300567627,active,0.0
1257,role_labeled,active,active,an author strikes a bishop .,a minister strikes a mother .,a mother is struck by a minister .,a,minister,a,mother,strik,strikes,struck,"[""AGENT=minister"", ""PATIENT=mother"", ""VERB=strik""]","Prime sentence: an author strikes a bishop .
Event roles: AGENT=minister; PATIENT=mother; VERB=strik
Sentence: the",Sentence: the,first_noun,-4.331114292144775,-5.230579853057861,-0.8994655609130859,active,0.0
1257,role_labeled,passive,passive,a bishop is struck by an author .,a minister strikes a mother .,a mother is struck by a minister .,a,minister,a,mother,strik,strikes,struck,"[""AGENT=minister"", ""PATIENT=mother"", ""VERB=strik""]","Prime sentence: a bishop is struck by an author .
Event roles: AGENT=minister; PATIENT=mother; VERB=strik
Sentence: the",Sentence: the,first_noun,-4.267375946044922,-5.178866863250732,-0.9114909172058105,active,0.0
1257,role_labeled,no_prime_eos,no_prime_eos,,a minister strikes a mother .,a mother is struck by a minister .,a,minister,a,mother,strik,strikes,struck,"[""AGENT=minister"", ""PATIENT=mother"", ""VERB=strik""]","Event roles: AGENT=minister; PATIENT=mother; VERB=strik
Sentence: the",Sentence: the,first_noun,-4.380076885223389,-4.246776580810547,0.1333003044128418,passive,1.0
1257,role_labeled,filler,filler,The package arrived before noon .,a minister strikes a mother .,a mother is struck by a minister .,a,minister,a,mother,strik,strikes,struck,"[""AGENT=minister"", ""PATIENT=mother"", ""VERB=strik""]","Prime sentence: The package arrived before noon .
Event roles: AGENT=minister; PATIENT=mother; VERB=strik
Sentence: the",Sentence: the,first_noun,-5.306586265563965,-4.539549827575684,0.7670364379882812,passive,1.0
1258,role_labeled,active,active,a worker raises a writer .,a king raises a lady .,a lady is raised by a king .,a,king,a,lady,rais,raises,raised,"[""VERB=rais"", ""PATIENT=lady"", ""AGENT=king""]","Prime sentence: a worker raises a writer .
Event roles: VERB=rais; PATIENT=lady; AGENT=king
Sentence: the",Sentence: the,first_noun,-2.8393383026123047,-5.182316303253174,-2.342978000640869,active,0.0
1258,role_labeled,passive,passive,a writer is raised by a worker .,a king raises a lady .,a lady is raised by a king .,a,king,a,lady,rais,raises,raised,"[""VERB=rais"", ""PATIENT=lady"", ""AGENT=king""]","Prime sentence: a writer is raised by a worker .
Event roles: VERB=rais; PATIENT=lady; AGENT=king
Sentence: the",Sentence: the,first_noun,-3.1659224033355713,-5.6637773513793945,-2.4978549480438232,active,0.0
1258,role_labeled,no_prime_eos,no_prime_eos,,a king raises a lady .,a lady is raised by a king .,a,king,a,lady,rais,raises,raised,"[""VERB=rais"", ""PATIENT=lady"", ""AGENT=king""]","Event roles: VERB=rais; PATIENT=lady; AGENT=king
Sentence: the",Sentence: the,first_noun,-3.2012174129486084,-6.49528694152832,-3.294069528579712,active,0.0
1258,role_labeled,filler,filler,The painter waited near the doorway .,a king raises a lady .,a lady is raised by a king .,a,king,a,lady,rais,raises,raised,"[""VERB=rais"", ""PATIENT=lady"", ""AGENT=king""]","Prime sentence: The painter waited near the doorway .
Event roles: VERB=rais; PATIENT=lady; AGENT=king
Sentence: the",Sentence: the,first_noun,-3.2449769973754883,-4.49185037612915,-1.246873378753662,active,0.0
1259,role_labeled,active,active,a chief kills a child .,a president kills a priest .,a priest is killed by a president .,a,president,a,priest,kill,kills,killed,"[""PATIENT=priest"", ""AGENT=president"", ""VERB=kill""]","Prime sentence: a chief kills a child .
Event roles: PATIENT=priest; AGENT=president; VERB=kill
Sentence: the",Sentence: the,first_noun,-3.449291706085205,-3.368159770965576,0.0811319351196289,passive,1.0
1259,role_labeled,passive,passive,a child is killed by a chief .,a president kills a priest .,a priest is killed by a president .,a,president,a,priest,kill,kills,killed,"[""PATIENT=priest"", ""AGENT=president"", ""VERB=kill""]","Prime sentence: a child is killed by a chief .
Event roles: PATIENT=priest; AGENT=president; VERB=kill
Sentence: the",Sentence: the,first_noun,-3.069873332977295,-3.309774875640869,-0.23990154266357422,active,0.0
1259,role_labeled,no_prime_eos,no_prime_eos,,a president kills a priest .,a priest is killed by a president .,a,president,a,priest,kill,kills,killed,"[""PATIENT=priest"", ""AGENT=president"", ""VERB=kill""]","Event roles: PATIENT=priest; AGENT=president; VERB=kill
Sentence: the",Sentence: the,first_noun,-3.8731069564819336,-4.108541965484619,-0.23543500900268555,active,0.0
1259,role_labeled,filler,filler,The market opened after sunrise .,a president kills a priest .,a priest is killed by a president .,a,president,a,priest,kill,kills,killed,"[""PATIENT=priest"", ""AGENT=president"", ""VERB=kill""]","Prime sentence: The market opened after sunrise .
Event roles: PATIENT=priest; AGENT=president; VERB=kill
Sentence: the",Sentence: the,first_noun,-5.1900506019592285,-6.0535197257995605,-0.863469123840332,active,0.0
1260,role_labeled,active,active,a lady understands a lawyer .,a worker understands a writer .,a writer is understood by a worker .,a,worker,a,writer,understand,understands,understood,"[""VERB=understand"", ""PATIENT=writer"", ""AGENT=worker""]","Prime sentence: a lady understands a lawyer .
Event roles: VERB=understand; PATIENT=writer; AGENT=worker
Sentence: the",Sentence: the,first_noun,-7.38484001159668,-6.688553810119629,0.6962862014770508,passive,1.0
1260,role_labeled,passive,passive,a lawyer is understood by a lady .,a worker understands a writer .,a writer is understood by a worker .,a,worker,a,writer,understand,understands,understood,"[""VERB=understand"", ""PATIENT=writer"", ""AGENT=worker""]","Prime sentence: a lawyer is understood by a lady .
Event roles: VERB=understand; PATIENT=writer; AGENT=worker
Sentence: the",Sentence: the,first_noun,-6.790325164794922,-5.867462158203125,0.9228630065917969,passive,1.0
1260,role_labeled,no_prime_eos,no_prime_eos,,a worker understands a writer .,a writer is understood by a worker .,a,worker,a,writer,understand,understands,understood,"[""VERB=understand"", ""PATIENT=writer"", ""AGENT=worker""]","Event roles: VERB=understand; PATIENT=writer; AGENT=worker
Sentence: the",Sentence: the,first_noun,-5.757221221923828,-5.7539215087890625,0.003299713134765625,passive,1.0
1260,role_labeled,filler,filler,The signal flickered across the screen .,a worker understands a writer .,a writer is understood by a worker .,a,worker,a,writer,understand,understands,understood,"[""VERB=understand"", ""PATIENT=writer"", ""AGENT=worker""]","Prime sentence: The signal flickered across the screen .
Event roles: VERB=understand; PATIENT=writer; AGENT=worker
Sentence: the",Sentence: the,first_noun,-6.591876029968262,-6.9667253494262695,-0.3748493194580078,active,0.0
1261,role_labeled,active,active,a bishop strikes a boy .,a mother strikes a nurse .,a nurse is struck by a mother .,a,mother,a,nurse,strik,strikes,struck,"[""PATIENT=nurse"", ""AGENT=mother"", ""VERB=strik""]","Prime sentence: a bishop strikes a boy .
Event roles: PATIENT=nurse; AGENT=mother; VERB=strik
Sentence: the",Sentence: the,first_noun,-3.5878984928131104,-3.754107713699341,-0.16620922088623047,active,0.0
1261,role_labeled,passive,passive,a boy is struck by a bishop .,a mother strikes a nurse .,a nurse is struck by a mother .,a,mother,a,nurse,strik,strikes,struck,"[""PATIENT=nurse"", ""AGENT=mother"", ""VERB=strik""]","Prime sentence: a boy is struck by a bishop .
Event roles: PATIENT=nurse; AGENT=mother; VERB=strik
Sentence: the",Sentence: the,first_noun,-3.9378514289855957,-3.5575385093688965,0.3803129196166992,passive,1.0
1261,role_labeled,no_prime_eos,no_prime_eos,,a mother strikes a nurse .,a nurse is struck by a mother .,a,mother,a,nurse,strik,strikes,struck,"[""PATIENT=nurse"", ""AGENT=mother"", ""VERB=strik""]","Event roles: PATIENT=nurse; AGENT=mother; VERB=strik
Sentence: the",Sentence: the,first_noun,-3.5516555309295654,-3.6313095092773438,-0.07965397834777832,active,0.0
1261,role_labeled,filler,filler,The package arrived before noon .,a mother strikes a nurse .,a nurse is struck by a mother .,a,mother,a,nurse,strik,strikes,struck,"[""PATIENT=nurse"", ""AGENT=mother"", ""VERB=strik""]","Prime sentence: The package arrived before noon .
Event roles: PATIENT=nurse; AGENT=mother; VERB=strik
Sentence: the",Sentence: the,first_noun,-4.257848739624023,-4.256410598754883,0.001438140869140625,passive,1.0
1262,role_labeled,active,active,a reader comforts a scientist .,a cousin comforts a daughter .,a daughter is comforted by a cousin .,a,cousin,a,daughter,comfort,comforts,comforted,"[""PATIENT=daughter"", ""VERB=comfort"", ""AGENT=cousin""]","Prime sentence: a reader comforts a scientist .
Event roles: PATIENT=daughter; VERB=comfort; AGENT=cousin
Sentence: the",Sentence: the,first_noun,-8.495098114013672,-5.1815900802612305,3.3135080337524414,passive,1.0
1262,role_labeled,passive,passive,a scientist is comforted by a reader .,a cousin comforts a daughter .,a daughter is comforted by a cousin .,a,cousin,a,daughter,comfort,comforts,comforted,"[""PATIENT=daughter"", ""VERB=comfort"", ""AGENT=cousin""]","Prime sentence: a scientist is comforted by a reader .
Event roles: PATIENT=daughter; VERB=comfort; AGENT=cousin
Sentence: the",Sentence: the,first_noun,-8.272839546203613,-5.195752143859863,3.07708740234375,passive,1.0
1262,role_labeled,no_prime_eos,no_prime_eos,,a cousin comforts a daughter .,a daughter is comforted by a cousin .,a,cousin,a,daughter,comfort,comforts,comforted,"[""PATIENT=daughter"", ""VERB=comfort"", ""AGENT=cousin""]","Event roles: PATIENT=daughter; VERB=comfort; AGENT=cousin
Sentence: the",Sentence: the,first_noun,-7.427091121673584,-4.103816032409668,3.323275089263916,passive,1.0
1262,role_labeled,filler,filler,The kettle whistled in the kitchen .,a cousin comforts a daughter .,a daughter is comforted by a cousin .,a,cousin,a,daughter,comfort,comforts,comforted,"[""PATIENT=daughter"", ""VERB=comfort"", ""AGENT=cousin""]","Prime sentence: The kettle whistled in the kitchen .
Event roles: PATIENT=daughter; VERB=comfort; AGENT=cousin
Sentence: the",Sentence: the,first_noun,-8.593934059143066,-6.362035274505615,2.231898784637451,passive,1.0
1263,role_labeled,active,active,a worker grabs a writer .,a king grabs a lady .,a lady is grabbed by a king .,a,king,a,lady,grab,grabs,grabbed,"[""PATIENT=lady"", ""AGENT=king"", ""VERB=grab""]","Prime sentence: a worker grabs a writer .
Event roles: PATIENT=lady; AGENT=king; VERB=grab
Sentence: the",Sentence: the,first_noun,-2.3025355339050293,-4.741727828979492,-2.439192295074463,active,0.0
1263,role_labeled,passive,passive,a writer is grabbed by a worker .,a king grabs a lady .,a lady is grabbed by a king .,a,king,a,lady,grab,grabs,grabbed,"[""PATIENT=lady"", ""AGENT=king"", ""VERB=grab""]","Prime sentence: a writer is grabbed by a worker .
Event roles: PATIENT=lady; AGENT=king; VERB=grab
Sentence: the",Sentence: the,first_noun,-3.048363208770752,-5.090566158294678,-2.042202949523926,active,0.0
1263,role_labeled,no_prime_eos,no_prime_eos,,a king grabs a lady .,a lady is grabbed by a king .,a,king,a,lady,grab,grabs,grabbed,"[""PATIENT=lady"", ""AGENT=king"", ""VERB=grab""]","Event roles: PATIENT=lady; AGENT=king; VERB=grab
Sentence: the",Sentence: the,first_noun,-2.5338456630706787,-5.117238998413086,-2.5833933353424072,active,0.0
1263,role_labeled,filler,filler,The kettle whistled in the kitchen .,a king grabs a lady .,a lady is grabbed by a king .,a,king,a,lady,grab,grabs,grabbed,"[""PATIENT=lady"", ""AGENT=king"", ""VERB=grab""]","Prime sentence: The kettle whistled in the kitchen .
Event roles: PATIENT=lady; AGENT=king; VERB=grab
Sentence: the",Sentence: the,first_noun,-4.696127414703369,-5.095541000366211,-0.3994135856628418,active,0.0
1264,role_labeled,active,active,a sheriff discovers a singer .,an employee discovers an employer .,an employer is discovered by an employee .,an,employee,an,employer,discover,discovers,discovered,"[""VERB=discover"", ""AGENT=employee"", ""PATIENT=employer""]","Prime sentence: a sheriff discovers a singer .
Event roles: VERB=discover; AGENT=employee; PATIENT=employer
Sentence: the",Sentence: the,first_noun,-5.016106605529785,-5.885662078857422,-0.8695554733276367,active,0.0
1264,role_labeled,passive,passive,a singer is discovered by a sheriff .,an employee discovers an employer .,an employer is discovered by an employee .,an,employee,an,employer,discover,discovers,discovered,"[""VERB=discover"", ""AGENT=employee"", ""PATIENT=employer""]","Prime sentence: a singer is discovered by a sheriff .
Event roles: VERB=discover; AGENT=employee; PATIENT=employer
Sentence: the",Sentence: the,first_noun,-4.720493316650391,-5.4431610107421875,-0.7226676940917969,active,0.0
1264,role_labeled,no_prime_eos,no_prime_eos,,an employee discovers an employer .,an employer is discovered by an employee .,an,employee,an,employer,discover,discovers,discovered,"[""VERB=discover"", ""AGENT=employee"", ""PATIENT=employer""]","Event roles: VERB=discover; AGENT=employee; PATIENT=employer
Sentence: the",Sentence: the,first_noun,-3.601236581802368,-4.881636619567871,-1.280400037765503,active,0.0
1264,role_labeled,filler,filler,The blanket dried on the line .,an employee discovers an employer .,an employer is discovered by an employee .,an,employee,an,employer,discover,discovers,discovered,"[""VERB=discover"", ""AGENT=employee"", ""PATIENT=employer""]","Prime sentence: The blanket dried on the line .
Event roles: VERB=discover; AGENT=employee; PATIENT=employer
Sentence: the",Sentence: the,first_noun,-4.996739387512207,-5.994515419006348,-0.9977760314941406,active,0.0
1265,role_labeled,active,active,a lawyer asks a leader .,a writer asks an actor .,an actor is asked by a writer .,a,writer,an,actor,ask,asks,asked,"[""VERB=ask"", ""AGENT=writer"", ""PATIENT=actor""]","Prime sentence: a lawyer asks a leader .
Event roles: VERB=ask; AGENT=writer; PATIENT=actor
Sentence: the",Sentence: the,first_noun,-5.153787612915039,-4.435374736785889,0.7184128761291504,passive,1.0
1265,role_labeled,passive,passive,a leader is asked by a lawyer .,a writer asks an actor .,an actor is asked by a writer .,a,writer,an,actor,ask,asks,asked,"[""VERB=ask"", ""AGENT=writer"", ""PATIENT=actor""]","Prime sentence: a leader is asked by a lawyer .
Event roles: VERB=ask; AGENT=writer; PATIENT=actor
Sentence: the",Sentence: the,first_noun,-5.2662224769592285,-4.482616424560547,0.7836060523986816,passive,1.0
1265,role_labeled,no_prime_eos,no_prime_eos,,a writer asks an actor .,an actor is asked by a writer .,a,writer,an,actor,ask,asks,asked,"[""VERB=ask"", ""AGENT=writer"", ""PATIENT=actor""]","Event roles: VERB=ask; AGENT=writer; PATIENT=actor
Sentence: the",Sentence: the,first_noun,-4.7515974044799805,-4.815168857574463,-0.06357145309448242,active,0.0
1265,role_labeled,filler,filler,The notebook stayed on the shelf .,a writer asks an actor .,an actor is asked by a writer .,a,writer,an,actor,ask,asks,asked,"[""VERB=ask"", ""AGENT=writer"", ""PATIENT=actor""]","Prime sentence: The notebook stayed on the shelf .
Event roles: VERB=ask; AGENT=writer; PATIENT=actor
Sentence: the",Sentence: the,first_noun,-5.293450355529785,-6.712813377380371,-1.419363021850586,active,0.0
1266,role_labeled,active,active,an attorney raises an aunt .,a manager raises a mayor .,a mayor is raised by a manager .,a,manager,a,mayor,rais,raises,raised,"[""AGENT=manager"", ""PATIENT=mayor"", ""VERB=rais""]","Prime sentence: an attorney raises an aunt .
Event roles: AGENT=manager; PATIENT=mayor; VERB=rais
Sentence: the",Sentence: the,first_noun,-5.172844409942627,-2.903475761413574,2.2693686485290527,passive,1.0
1266,role_labeled,passive,passive,an aunt is raised by an attorney .,a manager raises a mayor .,a mayor is raised by a manager .,a,manager,a,mayor,rais,raises,raised,"[""AGENT=manager"", ""PATIENT=mayor"", ""VERB=rais""]","Prime sentence: an aunt is raised by an attorney .
Event roles: AGENT=manager; PATIENT=mayor; VERB=rais
Sentence: the",Sentence: the,first_noun,-5.33905029296875,-3.1773383617401123,2.1617119312286377,passive,1.0
1266,role_labeled,no_prime_eos,no_prime_eos,,a manager raises a mayor .,a mayor is raised by a manager .,a,manager,a,mayor,rais,raises,raised,"[""AGENT=manager"", ""PATIENT=mayor"", ""VERB=rais""]","Event roles: AGENT=manager; PATIENT=mayor; VERB=rais
Sentence: the",Sentence: the,first_noun,-4.892487525939941,-3.1773464679718018,1.7151410579681396,passive,1.0
1266,role_labeled,filler,filler,The radio crackled in the attic .,a manager raises a mayor .,a mayor is raised by a manager .,a,manager,a,mayor,rais,raises,raised,"[""AGENT=manager"", ""PATIENT=mayor"", ""VERB=rais""]","Prime sentence: The radio crackled in the attic .
Event roles: AGENT=manager; PATIENT=mayor; VERB=rais
Sentence: the",Sentence: the,first_noun,-6.116683006286621,-4.618775367736816,1.4979076385498047,passive,1.0
1267,role_labeled,active,active,a winner carries a woman .,a husband carries a kid .,a kid is carried by a husband .,a,husband,a,kid,carry,carries,carried,"[""VERB=carry"", ""PATIENT=kid"", ""AGENT=husband""]","Prime sentence: a winner carries a woman .
Event roles: VERB=carry; PATIENT=kid; AGENT=husband
Sentence: the",Sentence: the,first_noun,-4.514823913574219,-6.4966840744018555,-1.9818601608276367,active,0.0
1267,role_labeled,passive,passive,a woman is carried by a winner .,a husband carries a kid .,a kid is carried by a husband .,a,husband,a,kid,carry,carries,carried,"[""VERB=carry"", ""PATIENT=kid"", ""AGENT=husband""]","Prime sentence: a woman is carried by a winner .
Event roles: VERB=carry; PATIENT=kid; AGENT=husband
Sentence: the",Sentence: the,first_noun,-4.295895576477051,-6.835083484649658,-2.5391879081726074,active,0.0
1267,role_labeled,no_prime_eos,no_prime_eos,,a husband carries a kid .,a kid is carried by a husband .,a,husband,a,kid,carry,carries,carried,"[""VERB=carry"", ""PATIENT=kid"", ""AGENT=husband""]","Event roles: VERB=carry; PATIENT=kid; AGENT=husband
Sentence: the",Sentence: the,first_noun,-4.073134899139404,-6.244866847991943,-2.171731948852539,active,0.0
1267,role_labeled,filler,filler,The traveler rested beside the river .,a husband carries a kid .,a kid is carried by a husband .,a,husband,a,kid,carry,carries,carried,"[""VERB=carry"", ""PATIENT=kid"", ""AGENT=husband""]","Prime sentence: The traveler rested beside the river .
Event roles: VERB=carry; PATIENT=kid; AGENT=husband
Sentence: the",Sentence: the,first_noun,-5.2003374099731445,-7.142274856567383,-1.9419374465942383,active,0.0
1268,role_labeled,active,active,a sheriff describes a singer .,an employee describes an employer .,an employer is described by an employee .,an,employee,an,employer,describ,describes,described,"[""VERB=describ"", ""PATIENT=employer"", ""AGENT=employee""]","Prime sentence: a sheriff describes a singer .
Event roles: VERB=describ; PATIENT=employer; AGENT=employee
Sentence: the",Sentence: the,first_noun,-6.1016435623168945,-6.64554500579834,-0.5439014434814453,active,0.0
1268,role_labeled,passive,passive,a singer is described by a sheriff .,an employee describes an employer .,an employer is described by an employee .,an,employee,an,employer,describ,describes,described,"[""VERB=describ"", ""PATIENT=employer"", ""AGENT=employee""]","Prime sentence: a singer is described by a sheriff .
Event roles: VERB=describ; PATIENT=employer; AGENT=employee
Sentence: the",Sentence: the,first_noun,-5.884662628173828,-6.419308662414551,-0.5346460342407227,active,0.0
1268,role_labeled,no_prime_eos,no_prime_eos,,an employee describes an employer .,an employer is described by an employee .,an,employee,an,employer,describ,describes,described,"[""VERB=describ"", ""PATIENT=employer"", ""AGENT=employee""]","Event roles: VERB=describ; PATIENT=employer; AGENT=employee
Sentence: the",Sentence: the,first_noun,-4.328940391540527,-5.150766849517822,-0.8218264579772949,active,0.0
1268,role_labeled,filler,filler,The tourist wandered through the plaza .,an employee describes an employer .,an employer is described by an employee .,an,employee,an,employer,describ,describes,described,"[""VERB=describ"", ""PATIENT=employer"", ""AGENT=employee""]","Prime sentence: The tourist wandered through the plaza .
Event roles: VERB=describ; PATIENT=employer; AGENT=employee
Sentence: the",Sentence: the,first_noun,-4.668239116668701,-7.181543350219727,-2.5133042335510254,active,0.0
1269,role_labeled,active,active,an actress catches an adult .,a leader catches a man .,a man is caught by a leader .,a,leader,a,man,catch,catches,caught,"[""AGENT=leader"", ""VERB=catch"", ""PATIENT=man""]","Prime sentence: an actress catches an adult .
Event roles: AGENT=leader; VERB=catch; PATIENT=man
Sentence: the",Sentence: the,first_noun,-5.538379192352295,-4.475768089294434,1.0626111030578613,passive,1.0
1269,role_labeled,passive,passive,an adult is caught by an actress .,a leader catches a man .,a man is caught by a leader .,a,leader,a,man,catch,catches,caught,"[""AGENT=leader"", ""VERB=catch"", ""PATIENT=man""]","Prime sentence: an adult is caught by an actress .
Event roles: AGENT=leader; VERB=catch; PATIENT=man
Sentence: the",Sentence: the,first_noun,-5.648594856262207,-4.164909839630127,1.48368501663208,passive,1.0
1269,role_labeled,no_prime_eos,no_prime_eos,,a leader catches a man .,a man is caught by a leader .,a,leader,a,man,catch,catches,caught,"[""AGENT=leader"", ""VERB=catch"", ""PATIENT=man""]","Event roles: AGENT=leader; VERB=catch; PATIENT=man
Sentence: the",Sentence: the,first_noun,-3.4713077545166016,-4.721965789794922,-1.2506580352783203,active,0.0
1269,role_labeled,filler,filler,The traveler rested beside the river .,a leader catches a man .,a man is caught by a leader .,a,leader,a,man,catch,catches,caught,"[""AGENT=leader"", ""VERB=catch"", ""PATIENT=man""]","Prime sentence: The traveler rested beside the river .
Event roles: AGENT=leader; VERB=catch; PATIENT=man
Sentence: the",Sentence: the,first_noun,-5.552196502685547,-4.495417594909668,1.056778907775879,passive,1.0
1270,role_labeled,active,active,a captain catches a champion .,a physician catches a pilot .,a pilot is caught by a physician .,a,physician,a,pilot,catch,catches,caught,"[""PATIENT=pilot"", ""AGENT=physician"", ""VERB=catch""]","Prime sentence: a captain catches a champion .
Event roles: PATIENT=pilot; AGENT=physician; VERB=catch
Sentence: the",Sentence: the,first_noun,-5.933170795440674,-4.038887023925781,1.8942837715148926,passive,1.0
1270,role_labeled,passive,passive,a champion is caught by a captain .,a physician catches a pilot .,a pilot is caught by a physician .,a,physician,a,pilot,catch,catches,caught,"[""PATIENT=pilot"", ""AGENT=physician"", ""VERB=catch""]","Prime sentence: a champion is caught by a captain .
Event roles: PATIENT=pilot; AGENT=physician; VERB=catch
Sentence: the",Sentence: the,first_noun,-5.5150957107543945,-4.272876739501953,1.2422189712524414,passive,1.0
1270,role_labeled,no_prime_eos,no_prime_eos,,a physician catches a pilot .,a pilot is caught by a physician .,a,physician,a,pilot,catch,catches,caught,"[""PATIENT=pilot"", ""AGENT=physician"", ""VERB=catch""]","Event roles: PATIENT=pilot; AGENT=physician; VERB=catch
Sentence: the",Sentence: the,first_noun,-4.638643264770508,-3.4946587085723877,1.1439845561981201,passive,1.0
1270,role_labeled,filler,filler,The violin echoed in the theater .,a physician catches a pilot .,a pilot is caught by a physician .,a,physician,a,pilot,catch,catches,caught,"[""PATIENT=pilot"", ""AGENT=physician"", ""VERB=catch""]","Prime sentence: The violin echoed in the theater .
Event roles: PATIENT=pilot; AGENT=physician; VERB=catch
Sentence: the",Sentence: the,first_noun,-5.698602676391602,-4.703840732574463,0.9947619438171387,passive,1.0
1271,role_labeled,active,active,a priest teaches a prince .,a chief teaches a child .,a child is taught by a chief .,a,chief,a,child,teach,teaches,taught,"[""AGENT=chief"", ""PATIENT=child"", ""VERB=teach""]","Prime sentence: a priest teaches a prince .
Event roles: AGENT=chief; PATIENT=child; VERB=teach
Sentence: the",Sentence: the,first_noun,-4.039325714111328,-4.177478313446045,-0.1381525993347168,active,0.0
1271,role_labeled,passive,passive,a prince is taught by a priest .,a chief teaches a child .,a child is taught by a chief .,a,chief,a,child,teach,teaches,taught,"[""AGENT=chief"", ""PATIENT=child"", ""VERB=teach""]","Prime sentence: a prince is taught by a priest .
Event roles: AGENT=chief; PATIENT=child; VERB=teach
Sentence: the",Sentence: the,first_noun,-4.490400314331055,-4.0163960456848145,0.47400426864624023,passive,1.0
1271,role_labeled,no_prime_eos,no_prime_eos,,a chief teaches a child .,a child is taught by a chief .,a,chief,a,child,teach,teaches,taught,"[""AGENT=chief"", ""PATIENT=child"", ""VERB=teach""]","Event roles: AGENT=chief; PATIENT=child; VERB=teach
Sentence: the",Sentence: the,first_noun,-3.703723669052124,-3.415020227432251,0.28870344161987305,passive,1.0
1271,role_labeled,filler,filler,The engine cooled before dawn .,a chief teaches a child .,a child is taught by a chief .,a,chief,a,child,teach,teaches,taught,"[""AGENT=chief"", ""PATIENT=child"", ""VERB=teach""]","Prime sentence: The engine cooled before dawn .
Event roles: AGENT=chief; PATIENT=child; VERB=teach
Sentence: the",Sentence: the,first_noun,-5.762322425842285,-4.764448165893555,0.9978742599487305,passive,1.0
1272,role_labeled,active,active,a lawyer destroys a leader .,a writer destroys an actor .,an actor is destroyed by a writer .,a,writer,an,actor,destroy,destroys,destroyed,"[""PATIENT=actor"", ""AGENT=writer"", ""VERB=destroy""]","Prime sentence: a lawyer destroys a leader .
Event roles: PATIENT=actor; AGENT=writer; VERB=destroy
Sentence: the",Sentence: the,first_noun,-5.302757263183594,-4.335155963897705,0.9676012992858887,passive,1.0
1272,role_labeled,passive,passive,a leader is destroyed by a lawyer .,a writer destroys an actor .,an actor is destroyed by a writer .,a,writer,an,actor,destroy,destroys,destroyed,"[""PATIENT=actor"", ""AGENT=writer"", ""VERB=destroy""]","Prime sentence: a leader is destroyed by a lawyer .
Event roles: PATIENT=actor; AGENT=writer; VERB=destroy
Sentence: the",Sentence: the,first_noun,-6.021627426147461,-5.125042915344238,0.8965845108032227,passive,1.0
1272,role_labeled,no_prime_eos,no_prime_eos,,a writer destroys an actor .,an actor is destroyed by a writer .,a,writer,an,actor,destroy,destroys,destroyed,"[""PATIENT=actor"", ""AGENT=writer"", ""VERB=destroy""]","Event roles: PATIENT=actor; AGENT=writer; VERB=destroy
Sentence: the",Sentence: the,first_noun,-5.285470485687256,-4.299615859985352,0.9858546257019043,passive,1.0
1272,role_labeled,filler,filler,The planet shimmered above the valley .,a writer destroys an actor .,an actor is destroyed by a writer .,a,writer,an,actor,destroy,destroys,destroyed,"[""PATIENT=actor"", ""AGENT=writer"", ""VERB=destroy""]","Prime sentence: The planet shimmered above the valley .
Event roles: PATIENT=actor; AGENT=writer; VERB=destroy
Sentence: the",Sentence: the,first_noun,-8.438194274902344,-7.368964195251465,1.069230079650879,passive,1.0
1273,role_labeled,active,active,a colonel kisses a cop .,a prince kisses a princess .,a princess is kissed by a prince .,a,prince,a,princess,kiss,kisses,kissed,"[""PATIENT=princess"", ""AGENT=prince"", ""VERB=kiss""]","Prime sentence: a colonel kisses a cop .
Event roles: PATIENT=princess; AGENT=prince; VERB=kiss
Sentence: the",Sentence: the,first_noun,-4.176794528961182,-4.572582721710205,-0.39578819274902344,active,0.0
1273,role_labeled,passive,passive,a cop is kissed by a colonel .,a prince kisses a princess .,a princess is kissed by a prince .,a,prince,a,princess,kiss,kisses,kissed,"[""PATIENT=princess"", ""AGENT=prince"", ""VERB=kiss""]","Prime sentence: a cop is kissed by a colonel .
Event roles: PATIENT=princess; AGENT=prince; VERB=kiss
Sentence: the",Sentence: the,first_noun,-4.573248863220215,-4.800819396972656,-0.2275705337524414,active,0.0
1273,role_labeled,no_prime_eos,no_prime_eos,,a prince kisses a princess .,a princess is kissed by a prince .,a,prince,a,princess,kiss,kisses,kissed,"[""PATIENT=princess"", ""AGENT=prince"", ""VERB=kiss""]","Event roles: PATIENT=princess; AGENT=prince; VERB=kiss
Sentence: the",Sentence: the,first_noun,-3.2490272521972656,-2.8942999839782715,0.35472726821899414,passive,1.0
1273,role_labeled,filler,filler,The painter waited near the doorway .,a prince kisses a princess .,a princess is kissed by a prince .,a,prince,a,princess,kiss,kisses,kissed,"[""PATIENT=princess"", ""AGENT=prince"", ""VERB=kiss""]","Prime sentence: The painter waited near the doorway .
Event roles: PATIENT=princess; AGENT=prince; VERB=kiss
Sentence: the",Sentence: the,first_noun,-3.10842227935791,-4.00739860534668,-0.8989763259887695,active,0.0
1274,role_labeled,active,active,an employee strikes an employer .,a secretary strikes a sheriff .,a sheriff is struck by a secretary .,a,secretary,a,sheriff,strik,strikes,struck,"[""VERB=strik"", ""PATIENT=sheriff"", ""AGENT=secretary""]","Prime sentence: an employee strikes an employer .
Event roles: VERB=strik; PATIENT=sheriff; AGENT=secretary
Sentence: the",Sentence: the,first_noun,-5.373554229736328,-4.043859481811523,1.3296947479248047,passive,1.0
1274,role_labeled,passive,passive,an employer is struck by an employee .,a secretary strikes a sheriff .,a sheriff is struck by a secretary .,a,secretary,a,sheriff,strik,strikes,struck,"[""VERB=strik"", ""PATIENT=sheriff"", ""AGENT=secretary""]","Prime sentence: an employer is struck by an employee .
Event roles: VERB=strik; PATIENT=sheriff; AGENT=secretary
Sentence: the",Sentence: the,first_noun,-5.344666481018066,-3.9632890224456787,1.3813774585723877,passive,1.0
1274,role_labeled,no_prime_eos,no_prime_eos,,a secretary strikes a sheriff .,a sheriff is struck by a secretary .,a,secretary,a,sheriff,strik,strikes,struck,"[""VERB=strik"", ""PATIENT=sheriff"", ""AGENT=secretary""]","Event roles: VERB=strik; PATIENT=sheriff; AGENT=secretary
Sentence: the",Sentence: the,first_noun,-5.764621734619141,-7.112002372741699,-1.3473806381225586,active,0.0
1274,role_labeled,filler,filler,The blanket dried on the line .,a secretary strikes a sheriff .,a sheriff is struck by a secretary .,a,secretary,a,sheriff,strik,strikes,struck,"[""VERB=strik"", ""PATIENT=sheriff"", ""AGENT=secretary""]","Prime sentence: The blanket dried on the line .
Event roles: VERB=strik; PATIENT=sheriff; AGENT=secretary
Sentence: the",Sentence: the,first_noun,-6.623752117156982,-5.534165382385254,1.0895867347717285,passive,1.0
1275,role_labeled,active,active,a manager protects a mayor .,an adult protects an attorney .,an attorney is protected by an adult .,an,adult,an,attorney,protect,protects,protected,"[""PATIENT=attorney"", ""VERB=protect"", ""AGENT=adult""]","Prime sentence: a manager protects a mayor .
Event roles: PATIENT=attorney; VERB=protect; AGENT=adult
Sentence: the",Sentence: the,first_noun,-5.5560078620910645,-5.569360733032227,-0.01335287094116211,active,0.0
1275,role_labeled,passive,passive,a mayor is protected by a manager .,an adult protects an attorney .,an attorney is protected by an adult .,an,adult,an,attorney,protect,protects,protected,"[""PATIENT=attorney"", ""VERB=protect"", ""AGENT=adult""]","Prime sentence: a mayor is protected by a manager .
Event roles: PATIENT=attorney; VERB=protect; AGENT=adult
Sentence: the",Sentence: the,first_noun,-4.928586483001709,-5.567323684692383,-0.6387372016906738,active,0.0
1275,role_labeled,no_prime_eos,no_prime_eos,,an adult protects an attorney .,an attorney is protected by an adult .,an,adult,an,attorney,protect,protects,protected,"[""PATIENT=attorney"", ""VERB=protect"", ""AGENT=adult""]","Event roles: PATIENT=attorney; VERB=protect; AGENT=adult
Sentence: the",Sentence: the,first_noun,-4.853175163269043,-5.720170974731445,-0.8669958114624023,active,0.0
1275,role_labeled,filler,filler,The sculpture stood in the hallway .,an adult protects an attorney .,an attorney is protected by an adult .,an,adult,an,attorney,protect,protects,protected,"[""PATIENT=attorney"", ""VERB=protect"", ""AGENT=adult""]","Prime sentence: The sculpture stood in the hallway .
Event roles: PATIENT=attorney; VERB=protect; AGENT=adult
Sentence: the",Sentence: the,first_noun,-5.5284271240234375,-5.423182487487793,0.10524463653564453,passive,1.0
1276,role_labeled,active,active,a husband forgets a kid .,a wife forgets a winner .,a winner is forgotten by a wife .,a,wife,a,winner,forget,forgets,forgotten,"[""AGENT=wife"", ""VERB=forget"", ""PATIENT=winner""]","Prime sentence: a husband forgets a kid .
Event roles: AGENT=wife; VERB=forget; PATIENT=winner
Sentence: the",Sentence: the,first_noun,-2.5772769451141357,-7.069574356079102,-4.492297410964966,active,0.0
1276,role_labeled,passive,passive,a kid is forgotten by a husband .,a wife forgets a winner .,a winner is forgotten by a wife .,a,wife,a,winner,forget,forgets,forgotten,"[""AGENT=wife"", ""VERB=forget"", ""PATIENT=winner""]","Prime sentence: a kid is forgotten by a husband .
Event roles: AGENT=wife; VERB=forget; PATIENT=winner
Sentence: the",Sentence: the,first_noun,-2.4974231719970703,-7.243984699249268,-4.746561527252197,active,0.0
1276,role_labeled,no_prime_eos,no_prime_eos,,a wife forgets a winner .,a winner is forgotten by a wife .,a,wife,a,winner,forget,forgets,forgotten,"[""AGENT=wife"", ""VERB=forget"", ""PATIENT=winner""]","Event roles: AGENT=wife; VERB=forget; PATIENT=winner
Sentence: the",Sentence: the,first_noun,-2.950317621231079,-5.306541442871094,-2.3562238216400146,active,0.0
1276,role_labeled,filler,filler,The notebook stayed on the shelf .,a wife forgets a winner .,a winner is forgotten by a wife .,a,wife,a,winner,forget,forgets,forgotten,"[""AGENT=wife"", ""VERB=forget"", ""PATIENT=winner""]","Prime sentence: The notebook stayed on the shelf .
Event roles: AGENT=wife; VERB=forget; PATIENT=winner
Sentence: the",Sentence: the,first_noun,-3.764554023742676,-7.935281753540039,-4.170727729797363,active,0.0
1277,role_labeled,active,active,a lady kills a lawyer .,a worker kills a writer .,a writer is killed by a worker .,a,worker,a,writer,kill,kills,killed,"[""AGENT=worker"", ""PATIENT=writer"", ""VERB=kill""]","Prime sentence: a lady kills a lawyer .
Event roles: AGENT=worker; PATIENT=writer; VERB=kill
Sentence: the",Sentence: the,first_noun,-4.904996871948242,-5.869422912597656,-0.9644260406494141,active,0.0
1277,role_labeled,passive,passive,a lawyer is killed by a lady .,a worker kills a writer .,a writer is killed by a worker .,a,worker,a,writer,kill,kills,killed,"[""AGENT=worker"", ""PATIENT=writer"", ""VERB=kill""]","Prime sentence: a lawyer is killed by a lady .
Event roles: AGENT=worker; PATIENT=writer; VERB=kill
Sentence: the",Sentence: the,first_noun,-4.2603302001953125,-4.904930591583252,-0.6446003913879395,active,0.0
1277,role_labeled,no_prime_eos,no_prime_eos,,a worker kills a writer .,a writer is killed by a worker .,a,worker,a,writer,kill,kills,killed,"[""AGENT=worker"", ""PATIENT=writer"", ""VERB=kill""]","Event roles: AGENT=worker; PATIENT=writer; VERB=kill
Sentence: the",Sentence: the,first_noun,-3.349486827850342,-5.006434440612793,-1.6569476127624512,active,0.0
1277,role_labeled,filler,filler,The garden brightened after rain .,a worker kills a writer .,a writer is killed by a worker .,a,worker,a,writer,kill,kills,killed,"[""AGENT=worker"", ""PATIENT=writer"", ""VERB=kill""]","Prime sentence: The garden brightened after rain .
Event roles: AGENT=worker; PATIENT=writer; VERB=kill
Sentence: the",Sentence: the,first_noun,-7.140476226806641,-8.23801326751709,-1.0975370407104492,active,0.0
1278,role_labeled,active,active,a partner discovers a physician .,a buddy discovers a candidate .,a candidate is discovered by a buddy .,a,buddy,a,candidate,discover,discovers,discovered,"[""AGENT=buddy"", ""PATIENT=candidate"", ""VERB=discover""]","Prime sentence: a partner discovers a physician .
Event roles: AGENT=buddy; PATIENT=candidate; VERB=discover
Sentence: the",Sentence: the,first_noun,-7.60853385925293,-5.1940765380859375,2.414457321166992,passive,1.0
1278,role_labeled,passive,passive,a physician is discovered by a partner .,a buddy discovers a candidate .,a candidate is discovered by a buddy .,a,buddy,a,candidate,discover,discovers,discovered,"[""AGENT=buddy"", ""PATIENT=candidate"", ""VERB=discover""]","Prime sentence: a physician is discovered by a partner .
Event roles: AGENT=buddy; PATIENT=candidate; VERB=discover
Sentence: the",Sentence: the,first_noun,-8.080816268920898,-5.308216571807861,2.772599697113037,passive,1.0
1278,role_labeled,no_prime_eos,no_prime_eos,,a buddy discovers a candidate .,a candidate is discovered by a buddy .,a,buddy,a,candidate,discover,discovers,discovered,"[""AGENT=buddy"", ""PATIENT=candidate"", ""VERB=discover""]","Event roles: AGENT=buddy; PATIENT=candidate; VERB=discover
Sentence: the",Sentence: the,first_noun,-6.657634735107422,-4.420577049255371,2.237057685852051,passive,1.0
1278,role_labeled,filler,filler,The witness paused near the doorway .,a buddy discovers a candidate .,a candidate is discovered by a buddy .,a,buddy,a,candidate,discover,discovers,discovered,"[""AGENT=buddy"", ""PATIENT=candidate"", ""VERB=discover""]","Prime sentence: The witness paused near the doorway .
Event roles: AGENT=buddy; PATIENT=candidate; VERB=discover
Sentence: the",Sentence: the,first_noun,-8.042863845825195,-6.528540134429932,1.5143237113952637,passive,1.0
1279,role_labeled,active,active,a king selects a lady .,a woman selects a worker .,a worker is selected by a woman .,a,woman,a,worker,select,selects,selected,"[""AGENT=woman"", ""VERB=select"", ""PATIENT=worker""]","Prime sentence: a king selects a lady .
Event roles: AGENT=woman; VERB=select; PATIENT=worker
Sentence: the",Sentence: the,first_noun,-3.1288371086120605,-5.150742053985596,-2.021904945373535,active,0.0
1279,role_labeled,passive,passive,a lady is selected by a king .,a woman selects a worker .,a worker is selected by a woman .,a,woman,a,worker,select,selects,selected,"[""AGENT=woman"", ""VERB=select"", ""PATIENT=worker""]","Prime sentence: a lady is selected by a king .
Event roles: AGENT=woman; VERB=select; PATIENT=worker
Sentence: the",Sentence: the,first_noun,-3.0597455501556396,-5.0863471031188965,-2.026601552963257,active,0.0
1279,role_labeled,no_prime_eos,no_prime_eos,,a woman selects a worker .,a worker is selected by a woman .,a,woman,a,worker,select,selects,selected,"[""AGENT=woman"", ""VERB=select"", ""PATIENT=worker""]","Event roles: AGENT=woman; VERB=select; PATIENT=worker
Sentence: the",Sentence: the,first_noun,-2.2603888511657715,-4.43858528137207,-2.178196430206299,active,0.0
1279,role_labeled,filler,filler,The garden brightened after rain .,a woman selects a worker .,a worker is selected by a woman .,a,woman,a,worker,select,selects,selected,"[""AGENT=woman"", ""VERB=select"", ""PATIENT=worker""]","Prime sentence: The garden brightened after rain .
Event roles: AGENT=woman; VERB=select; PATIENT=worker
Sentence: the",Sentence: the,first_noun,-4.481301784515381,-6.596831798553467,-2.115530014038086,active,0.0
1280,role_labeled,active,active,a manager washes a mayor .,an adult washes an attorney .,an attorney is washed by an adult .,an,adult,an,attorney,wash,washes,washed,"[""PATIENT=attorney"", ""AGENT=adult"", ""VERB=wash""]","Prime sentence: a manager washes a mayor .
Event roles: PATIENT=attorney; AGENT=adult; VERB=wash
Sentence: the",Sentence: the,first_noun,-6.149132251739502,-4.838424205780029,1.3107080459594727,passive,1.0
1280,role_labeled,passive,passive,a mayor is washed by a manager .,an adult washes an attorney .,an attorney is washed by an adult .,an,adult,an,attorney,wash,washes,washed,"[""PATIENT=attorney"", ""AGENT=adult"", ""VERB=wash""]","Prime sentence: a mayor is washed by a manager .
Event roles: PATIENT=attorney; AGENT=adult; VERB=wash
Sentence: the",Sentence: the,first_noun,-6.96279239654541,-5.520151615142822,1.442640781402588,passive,1.0
1280,role_labeled,no_prime_eos,no_prime_eos,,an adult washes an attorney .,an attorney is washed by an adult .,an,adult,an,attorney,wash,washes,washed,"[""PATIENT=attorney"", ""AGENT=adult"", ""VERB=wash""]","Event roles: PATIENT=attorney; AGENT=adult; VERB=wash
Sentence: the",Sentence: the,first_noun,-5.904690742492676,-5.773726463317871,0.1309642791748047,passive,1.0
1280,role_labeled,filler,filler,The window rattled during the storm .,an adult washes an attorney .,an attorney is washed by an adult .,an,adult,an,attorney,wash,washes,washed,"[""PATIENT=attorney"", ""AGENT=adult"", ""VERB=wash""]","Prime sentence: The window rattled during the storm .
Event roles: PATIENT=attorney; AGENT=adult; VERB=wash
Sentence: the",Sentence: the,first_noun,-8.107709884643555,-6.542825222015381,1.5648846626281738,passive,1.0
1281,role_labeled,active,active,a son joins a student .,a friend joins a girl .,a girl is joined by a friend .,a,friend,a,girl,join,joins,joined,"[""VERB=join"", ""PATIENT=girl"", ""AGENT=friend""]","Prime sentence: a son joins a student .
Event roles: VERB=join; PATIENT=girl; AGENT=friend
Sentence: the",Sentence: the,first_noun,-4.6031494140625,-2.787991762161255,1.8151576519012451,passive,1.0
1281,role_labeled,passive,passive,a student is joined by a son .,a friend joins a girl .,a girl is joined by a friend .,a,friend,a,girl,join,joins,joined,"[""VERB=join"", ""PATIENT=girl"", ""AGENT=friend""]","Prime sentence: a student is joined by a son .
Event roles: VERB=join; PATIENT=girl; AGENT=friend
Sentence: the",Sentence: the,first_noun,-4.878719329833984,-2.861412286758423,2.0173070430755615,passive,1.0
1281,role_labeled,no_prime_eos,no_prime_eos,,a friend joins a girl .,a girl is joined by a friend .,a,friend,a,girl,join,joins,joined,"[""VERB=join"", ""PATIENT=girl"", ""AGENT=friend""]","Event roles: VERB=join; PATIENT=girl; AGENT=friend
Sentence: the",Sentence: the,first_noun,-5.541843414306641,-2.5595898628234863,2.9822535514831543,passive,1.0
1281,role_labeled,filler,filler,The garden brightened after rain .,a friend joins a girl .,a girl is joined by a friend .,a,friend,a,girl,join,joins,joined,"[""VERB=join"", ""PATIENT=girl"", ""AGENT=friend""]","Prime sentence: The garden brightened after rain .
Event roles: VERB=join; PATIENT=girl; AGENT=friend
Sentence: the",Sentence: the,first_noun,-6.255088806152344,-4.029642105102539,2.2254467010498047,passive,1.0
1282,role_labeled,active,active,a parent beats a partner .,a brother beats a buddy .,a buddy is beaten by a brother .,a,brother,a,buddy,beat,beats,beaten,"[""VERB=beat"", ""AGENT=brother"", ""PATIENT=buddy""]","Prime sentence: a parent beats a partner .
Event roles: VERB=beat; AGENT=brother; PATIENT=buddy
Sentence: the",Sentence: the,first_noun,-4.794866561889648,-9.229806900024414,-4.434940338134766,active,0.0
1282,role_labeled,passive,passive,a partner is beaten by a parent .,a brother beats a buddy .,a buddy is beaten by a brother .,a,brother,a,buddy,beat,beats,beaten,"[""VERB=beat"", ""AGENT=brother"", ""PATIENT=buddy""]","Prime sentence: a partner is beaten by a parent .
Event roles: VERB=beat; AGENT=brother; PATIENT=buddy
Sentence: the",Sentence: the,first_noun,-4.313384532928467,-8.429609298706055,-4.116224765777588,active,0.0
1282,role_labeled,no_prime_eos,no_prime_eos,,a brother beats a buddy .,a buddy is beaten by a brother .,a,brother,a,buddy,beat,beats,beaten,"[""VERB=beat"", ""AGENT=brother"", ""PATIENT=buddy""]","Event roles: VERB=beat; AGENT=brother; PATIENT=buddy
Sentence: the",Sentence: the,first_noun,-5.354976654052734,-9.182229995727539,-3.8272533416748047,active,0.0
1282,role_labeled,filler,filler,The witness paused near the doorway .,a brother beats a buddy .,a buddy is beaten by a brother .,a,brother,a,buddy,beat,beats,beaten,"[""VERB=beat"", ""AGENT=brother"", ""PATIENT=buddy""]","Prime sentence: The witness paused near the doorway .
Event roles: VERB=beat; AGENT=brother; PATIENT=buddy
Sentence: the",Sentence: the,first_noun,-4.168902397155762,-8.691018104553223,-4.522115707397461,active,0.0
1283,role_labeled,active,active,an actress judges an adult .,a leader judges a man .,a man is judged by a leader .,a,leader,a,man,judg,judges,judged,"[""PATIENT=man"", ""VERB=judg"", ""AGENT=leader""]","Prime sentence: an actress judges an adult .
Event roles: PATIENT=man; VERB=judg; AGENT=leader
Sentence: the",Sentence: the,first_noun,-5.40767765045166,-3.9080753326416016,1.4996023178100586,passive,1.0
1283,role_labeled,passive,passive,an adult is judged by an actress .,a leader judges a man .,a man is judged by a leader .,a,leader,a,man,judg,judges,judged,"[""PATIENT=man"", ""VERB=judg"", ""AGENT=leader""]","Prime sentence: an adult is judged by an actress .
Event roles: PATIENT=man; VERB=judg; AGENT=leader
Sentence: the",Sentence: the,first_noun,-5.612454414367676,-3.5873491764068604,2.0251052379608154,passive,1.0
1283,role_labeled,no_prime_eos,no_prime_eos,,a leader judges a man .,a man is judged by a leader .,a,leader,a,man,judg,judges,judged,"[""PATIENT=man"", ""VERB=judg"", ""AGENT=leader""]","Event roles: PATIENT=man; VERB=judg; AGENT=leader
Sentence: the",Sentence: the,first_noun,-3.963155746459961,-4.061829090118408,-0.09867334365844727,active,0.0
1283,role_labeled,filler,filler,The violin echoed in the theater .,a leader judges a man .,a man is judged by a leader .,a,leader,a,man,judg,judges,judged,"[""PATIENT=man"", ""VERB=judg"", ""AGENT=leader""]","Prime sentence: The violin echoed in the theater .
Event roles: PATIENT=man; VERB=judg; AGENT=leader
Sentence: the",Sentence: the,first_noun,-6.548768997192383,-4.161291122436523,2.3874778747558594,passive,1.0
1284,role_labeled,active,active,a guest kills a guy .,a student kills a teacher .,a teacher is killed by a student .,a,student,a,teacher,kill,kills,killed,"[""AGENT=student"", ""PATIENT=teacher"", ""VERB=kill""]","Prime sentence: a guest kills a guy .
Event roles: AGENT=student; PATIENT=teacher; VERB=kill
Sentence: the",Sentence: the,first_noun,-1.7921103239059448,-2.8241519927978516,-1.0320416688919067,active,0.0
1284,role_labeled,passive,passive,a guy is killed by a guest .,a student kills a teacher .,a teacher is killed by a student .,a,student,a,teacher,kill,kills,killed,"[""AGENT=student"", ""PATIENT=teacher"", ""VERB=kill""]","Prime sentence: a guy is killed by a guest .
Event roles: AGENT=student; PATIENT=teacher; VERB=kill
Sentence: the",Sentence: the,first_noun,-2.2716846466064453,-2.7717456817626953,-0.50006103515625,active,0.0
1284,role_labeled,no_prime_eos,no_prime_eos,,a student kills a teacher .,a teacher is killed by a student .,a,student,a,teacher,kill,kills,killed,"[""AGENT=student"", ""PATIENT=teacher"", ""VERB=kill""]","Event roles: AGENT=student; PATIENT=teacher; VERB=kill
Sentence: the",Sentence: the,first_noun,-2.52221941947937,-3.276776075363159,-0.7545566558837891,active,0.0
1284,role_labeled,filler,filler,The signal flickered across the screen .,a student kills a teacher .,a teacher is killed by a student .,a,student,a,teacher,kill,kills,killed,"[""AGENT=student"", ""PATIENT=teacher"", ""VERB=kill""]","Prime sentence: The signal flickered across the screen .
Event roles: AGENT=student; PATIENT=teacher; VERB=kill
Sentence: the",Sentence: the,first_noun,-3.0831298828125,-3.315443992614746,-0.2323141098022461,active,0.0
1285,role_labeled,active,active,a secretary forgets a sheriff .,a doctor forgets an employee .,an employee is forgotten by a doctor .,a,doctor,an,employee,forget,forgets,forgotten,"[""AGENT=doctor"", ""VERB=forget"", ""PATIENT=employee""]","Prime sentence: a secretary forgets a sheriff .
Event roles: AGENT=doctor; VERB=forget; PATIENT=employee
Sentence: the",Sentence: the,first_noun,-2.8565988540649414,-5.3550801277160645,-2.498481273651123,active,0.0
1285,role_labeled,passive,passive,a sheriff is forgotten by a secretary .,a doctor forgets an employee .,an employee is forgotten by a doctor .,a,doctor,an,employee,forget,forgets,forgotten,"[""AGENT=doctor"", ""VERB=forget"", ""PATIENT=employee""]","Prime sentence: a sheriff is forgotten by a secretary .
Event roles: AGENT=doctor; VERB=forget; PATIENT=employee
Sentence: the",Sentence: the,first_noun,-2.955307960510254,-5.459966659545898,-2.5046586990356445,active,0.0
1285,role_labeled,no_prime_eos,no_prime_eos,,a doctor forgets an employee .,an employee is forgotten by a doctor .,a,doctor,an,employee,forget,forgets,forgotten,"[""AGENT=doctor"", ""VERB=forget"", ""PATIENT=employee""]","Event roles: AGENT=doctor; VERB=forget; PATIENT=employee
Sentence: the",Sentence: the,first_noun,-2.3843419551849365,-5.508538246154785,-3.1241962909698486,active,0.0
1285,role_labeled,filler,filler,The violin echoed in the theater .,a doctor forgets an employee .,an employee is forgotten by a doctor .,a,doctor,an,employee,forget,forgets,forgotten,"[""AGENT=doctor"", ""VERB=forget"", ""PATIENT=employee""]","Prime sentence: The violin echoed in the theater .
Event roles: AGENT=doctor; VERB=forget; PATIENT=employee
Sentence: the",Sentence: the,first_noun,-3.0585999488830566,-7.359613418579102,-4.301013469696045,active,0.0
1286,role_labeled,active,active,a man bothers a manager .,an actress bothers an adult .,an adult is bothered by an actress .,an,actress,an,adult,bother,bothers,bothered,"[""AGENT=actress"", ""PATIENT=adult"", ""VERB=bother""]","Prime sentence: a man bothers a manager .
Event roles: AGENT=actress; PATIENT=adult; VERB=bother
Sentence: the",Sentence: the,first_noun,-6.4368085861206055,-7.5486907958984375,-1.111882209777832,active,0.0
1286,role_labeled,passive,passive,a manager is bothered by a man .,an actress bothers an adult .,an adult is bothered by an actress .,an,actress,an,adult,bother,bothers,bothered,"[""AGENT=actress"", ""PATIENT=adult"", ""VERB=bother""]","Prime sentence: a manager is bothered by a man .
Event roles: AGENT=actress; PATIENT=adult; VERB=bother
Sentence: the",Sentence: the,first_noun,-6.487115859985352,-7.654091835021973,-1.166975975036621,active,0.0
1286,role_labeled,no_prime_eos,no_prime_eos,,an actress bothers an adult .,an adult is bothered by an actress .,an,actress,an,adult,bother,bothers,bothered,"[""AGENT=actress"", ""PATIENT=adult"", ""VERB=bother""]","Event roles: AGENT=actress; PATIENT=adult; VERB=bother
Sentence: the",Sentence: the,first_noun,-6.649297714233398,-5.741851329803467,0.9074463844299316,passive,1.0
1286,role_labeled,filler,filler,The captain waited beside the harbor .,an actress bothers an adult .,an adult is bothered by an actress .,an,actress,an,adult,bother,bothers,bothered,"[""AGENT=actress"", ""PATIENT=adult"", ""VERB=bother""]","Prime sentence: The captain waited beside the harbor .
Event roles: AGENT=actress; PATIENT=adult; VERB=bother
Sentence: the",Sentence: the,first_noun,-7.181772232055664,-7.997946739196777,-0.8161745071411133,active,0.0
1287,role_labeled,active,active,a singer chases a soldier .,an employer chases a father .,a father is chased by an employer .,an,employer,a,father,chas,chases,chased,"[""AGENT=employer"", ""VERB=chas"", ""PATIENT=father""]","Prime sentence: a singer chases a soldier .
Event roles: AGENT=employer; VERB=chas; PATIENT=father
Sentence: the",Sentence: the,first_noun,-6.672904014587402,-4.657087326049805,2.0158166885375977,passive,1.0
1287,role_labeled,passive,passive,a soldier is chased by a singer .,an employer chases a father .,a father is chased by an employer .,an,employer,a,father,chas,chases,chased,"[""AGENT=employer"", ""VERB=chas"", ""PATIENT=father""]","Prime sentence: a soldier is chased by a singer .
Event roles: AGENT=employer; VERB=chas; PATIENT=father
Sentence: the",Sentence: the,first_noun,-6.468483924865723,-4.794066905975342,1.6744170188903809,passive,1.0
1287,role_labeled,no_prime_eos,no_prime_eos,,an employer chases a father .,a father is chased by an employer .,an,employer,a,father,chas,chases,chased,"[""AGENT=employer"", ""VERB=chas"", ""PATIENT=father""]","Event roles: AGENT=employer; VERB=chas; PATIENT=father
Sentence: the",Sentence: the,first_noun,-4.87329626083374,-4.632938861846924,0.2403573989868164,passive,1.0
1287,role_labeled,filler,filler,The radio crackled in the attic .,an employer chases a father .,a father is chased by an employer .,an,employer,a,father,chas,chases,chased,"[""AGENT=employer"", ""VERB=chas"", ""PATIENT=father""]","Prime sentence: The radio crackled in the attic .
Event roles: AGENT=employer; VERB=chas; PATIENT=father
Sentence: the",Sentence: the,first_noun,-8.462519645690918,-5.526756286621094,2.935763359069824,passive,1.0
1288,role_labeled,active,active,a priest forgets a prince .,a chief forgets a child .,a child is forgotten by a chief .,a,chief,a,child,forget,forgets,forgotten,"[""AGENT=chief"", ""VERB=forget"", ""PATIENT=child""]","Prime sentence: a priest forgets a prince .
Event roles: AGENT=chief; VERB=forget; PATIENT=child
Sentence: the",Sentence: the,first_noun,-4.370551586151123,-4.241116046905518,0.12943553924560547,passive,1.0
1288,role_labeled,passive,passive,a prince is forgotten by a priest .,a chief forgets a child .,a child is forgotten by a chief .,a,chief,a,child,forget,forgets,forgotten,"[""AGENT=chief"", ""VERB=forget"", ""PATIENT=child""]","Prime sentence: a prince is forgotten by a priest .
Event roles: AGENT=chief; VERB=forget; PATIENT=child
Sentence: the",Sentence: the,first_noun,-4.837320327758789,-4.2040181159973145,0.6333022117614746,passive,1.0
1288,role_labeled,no_prime_eos,no_prime_eos,,a chief forgets a child .,a child is forgotten by a chief .,a,chief,a,child,forget,forgets,forgotten,"[""AGENT=chief"", ""VERB=forget"", ""PATIENT=child""]","Event roles: AGENT=chief; VERB=forget; PATIENT=child
Sentence: the",Sentence: the,first_noun,-3.5287320613861084,-3.7121851444244385,-0.18345308303833008,active,0.0
1288,role_labeled,filler,filler,The sculpture stood in the hallway .,a chief forgets a child .,a child is forgotten by a chief .,a,chief,a,child,forget,forgets,forgotten,"[""AGENT=chief"", ""VERB=forget"", ""PATIENT=child""]","Prime sentence: The sculpture stood in the hallway .
Event roles: AGENT=chief; VERB=forget; PATIENT=child
Sentence: the",Sentence: the,first_noun,-6.125949382781982,-3.9577674865722656,2.168181896209717,passive,1.0
1289,role_labeled,active,active,a cop punches a cousin .,a princess punches a professor .,a professor is punched by a princess .,a,princess,a,professor,punch,punches,punched,"[""VERB=punch"", ""PATIENT=professor"", ""AGENT=princess""]","Prime sentence: a cop punches a cousin .
Event roles: VERB=punch; PATIENT=professor; AGENT=princess
Sentence: the",Sentence: the,first_noun,-5.6442365646362305,-3.875758171081543,1.7684783935546875,passive,1.0
1289,role_labeled,passive,passive,a cousin is punched by a cop .,a princess punches a professor .,a professor is punched by a princess .,a,princess,a,professor,punch,punches,punched,"[""VERB=punch"", ""PATIENT=professor"", ""AGENT=princess""]","Prime sentence: a cousin is punched by a cop .
Event roles: VERB=punch; PATIENT=professor; AGENT=princess
Sentence: the",Sentence: the,first_noun,-5.283830642700195,-4.064141273498535,1.2196893692016602,passive,1.0
1289,role_labeled,no_prime_eos,no_prime_eos,,a princess punches a professor .,a professor is punched by a princess .,a,princess,a,professor,punch,punches,punched,"[""VERB=punch"", ""PATIENT=professor"", ""AGENT=princess""]","Event roles: VERB=punch; PATIENT=professor; AGENT=princess
Sentence: the",Sentence: the,first_noun,-5.104801177978516,-4.5379533767700195,0.5668478012084961,passive,1.0
1289,role_labeled,filler,filler,The garden brightened after rain .,a princess punches a professor .,a professor is punched by a princess .,a,princess,a,professor,punch,punches,punched,"[""VERB=punch"", ""PATIENT=professor"", ""AGENT=princess""]","Prime sentence: The garden brightened after rain .
Event roles: VERB=punch; PATIENT=professor; AGENT=princess
Sentence: the",Sentence: the,first_noun,-5.727386951446533,-5.96272611618042,-0.23533916473388672,active,0.0
1290,role_labeled,active,active,a child raises a colonel .,a priest raises a prince .,a prince is raised by a priest .,a,priest,a,prince,rais,raises,raised,"[""VERB=rais"", ""AGENT=priest"", ""PATIENT=prince""]","Prime sentence: a child raises a colonel .
Event roles: VERB=rais; AGENT=priest; PATIENT=prince
Sentence: the",Sentence: the,first_noun,-4.111052513122559,-4.0280232429504395,0.08302927017211914,passive,1.0
1290,role_labeled,passive,passive,a colonel is raised by a child .,a priest raises a prince .,a prince is raised by a priest .,a,priest,a,prince,rais,raises,raised,"[""VERB=rais"", ""AGENT=priest"", ""PATIENT=prince""]","Prime sentence: a colonel is raised by a child .
Event roles: VERB=rais; AGENT=priest; PATIENT=prince
Sentence: the",Sentence: the,first_noun,-3.745305299758911,-4.0247697830200195,-0.2794644832611084,active,0.0
1290,role_labeled,no_prime_eos,no_prime_eos,,a priest raises a prince .,a prince is raised by a priest .,a,priest,a,prince,rais,raises,raised,"[""VERB=rais"", ""AGENT=priest"", ""PATIENT=prince""]","Event roles: VERB=rais; AGENT=priest; PATIENT=prince
Sentence: the",Sentence: the,first_noun,-4.044765472412109,-4.199082374572754,-0.15431690216064453,active,0.0
1290,role_labeled,filler,filler,The package arrived before noon .,a priest raises a prince .,a prince is raised by a priest .,a,priest,a,prince,rais,raises,raised,"[""VERB=rais"", ""AGENT=priest"", ""PATIENT=prince""]","Prime sentence: The package arrived before noon .
Event roles: VERB=rais; AGENT=priest; PATIENT=prince
Sentence: the",Sentence: the,first_noun,-3.867880344390869,-4.301237106323242,-0.43335676193237305,active,0.0
1291,role_labeled,active,active,a cop surprises a cousin .,a princess surprises a professor .,a professor is surprised by a princess .,a,princess,a,professor,surpris,surprises,surprised,"[""PATIENT=professor"", ""VERB=surpris"", ""AGENT=princess""]","Prime sentence: a cop surprises a cousin .
Event roles: PATIENT=professor; VERB=surpris; AGENT=princess
Sentence: the",Sentence: the,first_noun,-5.072079181671143,-3.569639205932617,1.5024399757385254,passive,1.0
1291,role_labeled,passive,passive,a cousin is surprised by a cop .,a princess surprises a professor .,a professor is surprised by a princess .,a,princess,a,professor,surpris,surprises,surprised,"[""PATIENT=professor"", ""VERB=surpris"", ""AGENT=princess""]","Prime sentence: a cousin is surprised by a cop .
Event roles: PATIENT=professor; VERB=surpris; AGENT=princess
Sentence: the",Sentence: the,first_noun,-5.5110321044921875,-4.205850601196289,1.3051815032958984,passive,1.0
1291,role_labeled,no_prime_eos,no_prime_eos,,a princess surprises a professor .,a professor is surprised by a princess .,a,princess,a,professor,surpris,surprises,surprised,"[""PATIENT=professor"", ""VERB=surpris"", ""AGENT=princess""]","Event roles: PATIENT=professor; VERB=surpris; AGENT=princess
Sentence: the",Sentence: the,first_noun,-4.772249221801758,-4.424407958984375,0.3478412628173828,passive,1.0
1291,role_labeled,filler,filler,The captain waited beside the harbor .,a princess surprises a professor .,a professor is surprised by a princess .,a,princess,a,professor,surpris,surprises,surprised,"[""PATIENT=professor"", ""VERB=surpris"", ""AGENT=princess""]","Prime sentence: The captain waited beside the harbor .
Event roles: PATIENT=professor; VERB=surpris; AGENT=princess
Sentence: the",Sentence: the,first_noun,-3.8178038597106934,-4.987643718719482,-1.169839859008789,active,0.0
1292,role_labeled,active,active,an actress carries an adult .,a leader carries a man .,a man is carried by a leader .,a,leader,a,man,carry,carries,carried,"[""AGENT=leader"", ""PATIENT=man"", ""VERB=carry""]","Prime sentence: an actress carries an adult .
Event roles: AGENT=leader; PATIENT=man; VERB=carry
Sentence: the",Sentence: the,first_noun,-5.9160475730896,-4.473114490509033,1.4429330825805664,passive,1.0
1292,role_labeled,passive,passive,an adult is carried by an actress .,a leader carries a man .,a man is carried by a leader .,a,leader,a,man,carry,carries,carried,"[""AGENT=leader"", ""PATIENT=man"", ""VERB=carry""]","Prime sentence: an adult is carried by an actress .
Event roles: AGENT=leader; PATIENT=man; VERB=carry
Sentence: the",Sentence: the,first_noun,-6.032591819763184,-4.174748420715332,1.8578433990478516,passive,1.0
1292,role_labeled,no_prime_eos,no_prime_eos,,a leader carries a man .,a man is carried by a leader .,a,leader,a,man,carry,carries,carried,"[""AGENT=leader"", ""PATIENT=man"", ""VERB=carry""]","Event roles: AGENT=leader; PATIENT=man; VERB=carry
Sentence: the",Sentence: the,first_noun,-3.571040391921997,-4.314284324645996,-0.743243932723999,active,0.0
1292,role_labeled,filler,filler,The sculpture stood in the hallway .,a leader carries a man .,a man is carried by a leader .,a,leader,a,man,carry,carries,carried,"[""AGENT=leader"", ""PATIENT=man"", ""VERB=carry""]","Prime sentence: The sculpture stood in the hallway .
Event roles: AGENT=leader; PATIENT=man; VERB=carry
Sentence: the",Sentence: the,first_noun,-7.286549091339111,-4.081037521362305,3.2055115699768066,passive,1.0
1293,role_labeled,active,active,a minister drags a mother .,an aunt drags an author .,an author is dragged by an aunt .,an,aunt,an,author,drag,drags,dragged,"[""PATIENT=author"", ""AGENT=aunt"", ""VERB=drag""]","Prime sentence: a minister drags a mother .
Event roles: PATIENT=author; AGENT=aunt; VERB=drag
Sentence: the",Sentence: the,first_noun,-6.0886945724487305,-5.829232215881348,0.2594623565673828,passive,1.0
1293,role_labeled,passive,passive,a mother is dragged by a minister .,an aunt drags an author .,an author is dragged by an aunt .,an,aunt,an,author,drag,drags,dragged,"[""PATIENT=author"", ""AGENT=aunt"", ""VERB=drag""]","Prime sentence: a mother is dragged by a minister .
Event roles: PATIENT=author; AGENT=aunt; VERB=drag
Sentence: the",Sentence: the,first_noun,-6.407586097717285,-5.5836968421936035,0.8238892555236816,passive,1.0
1293,role_labeled,no_prime_eos,no_prime_eos,,an aunt drags an author .,an author is dragged by an aunt .,an,aunt,an,author,drag,drags,dragged,"[""PATIENT=author"", ""AGENT=aunt"", ""VERB=drag""]","Event roles: PATIENT=author; AGENT=aunt; VERB=drag
Sentence: the",Sentence: the,first_noun,-7.341163635253906,-4.550533294677734,2.790630340576172,passive,1.0
1293,role_labeled,filler,filler,The garden brightened after rain .,an aunt drags an author .,an author is dragged by an aunt .,an,aunt,an,author,drag,drags,dragged,"[""PATIENT=author"", ""AGENT=aunt"", ""VERB=drag""]","Prime sentence: The garden brightened after rain .
Event roles: PATIENT=author; AGENT=aunt; VERB=drag
Sentence: the",Sentence: the,first_noun,-8.034847259521484,-7.836714744567871,0.19813251495361328,passive,1.0
1294,role_labeled,active,active,a chief catches a child .,a president catches a priest .,a priest is caught by a president .,a,president,a,priest,catch,catches,caught,"[""AGENT=president"", ""VERB=catch"", ""PATIENT=priest""]","Prime sentence: a chief catches a child .
Event roles: AGENT=president; VERB=catch; PATIENT=priest
Sentence: the",Sentence: the,first_noun,-3.4851937294006348,-3.739839553833008,-0.25464582443237305,active,0.0
1294,role_labeled,passive,passive,a child is caught by a chief .,a president catches a priest .,a priest is caught by a president .,a,president,a,priest,catch,catches,caught,"[""AGENT=president"", ""VERB=catch"", ""PATIENT=priest""]","Prime sentence: a child is caught by a chief .
Event roles: AGENT=president; VERB=catch; PATIENT=priest
Sentence: the",Sentence: the,first_noun,-3.575650453567505,-3.2927072048187256,0.2829432487487793,passive,1.0
1294,role_labeled,no_prime_eos,no_prime_eos,,a president catches a priest .,a priest is caught by a president .,a,president,a,priest,catch,catches,caught,"[""AGENT=president"", ""VERB=catch"", ""PATIENT=priest""]","Event roles: AGENT=president; VERB=catch; PATIENT=priest
Sentence: the",Sentence: the,first_noun,-3.392843246459961,-3.8817367553710938,-0.4888935089111328,active,0.0
1294,role_labeled,filler,filler,The garden brightened after rain .,a president catches a priest .,a priest is caught by a president .,a,president,a,priest,catch,catches,caught,"[""AGENT=president"", ""VERB=catch"", ""PATIENT=priest""]","Prime sentence: The garden brightened after rain .
Event roles: AGENT=president; VERB=catch; PATIENT=priest
Sentence: the",Sentence: the,first_noun,-5.398845672607422,-5.413236618041992,-0.014390945434570312,active,0.0
1295,role_labeled,active,active,a colonel describes a cop .,a prince describes a princess .,a princess is described by a prince .,a,prince,a,princess,describ,describes,described,"[""VERB=describ"", ""PATIENT=princess"", ""AGENT=prince""]","Prime sentence: a colonel describes a cop .
Event roles: VERB=describ; PATIENT=princess; AGENT=prince
Sentence: the",Sentence: the,first_noun,-4.4321794509887695,-4.59228515625,-0.16010570526123047,active,0.0
1295,role_labeled,passive,passive,a cop is described by a colonel .,a prince describes a princess .,a princess is described by a prince .,a,prince,a,princess,describ,describes,described,"[""VERB=describ"", ""PATIENT=princess"", ""AGENT=prince""]","Prime sentence: a cop is described by a colonel .
Event roles: VERB=describ; PATIENT=princess; AGENT=prince
Sentence: the",Sentence: the,first_noun,-4.325895309448242,-4.443531036376953,-0.11763572692871094,active,0.0
1295,role_labeled,no_prime_eos,no_prime_eos,,a prince describes a princess .,a princess is described by a prince .,a,prince,a,princess,describ,describes,described,"[""VERB=describ"", ""PATIENT=princess"", ""AGENT=prince""]","Event roles: VERB=describ; PATIENT=princess; AGENT=prince
Sentence: the",Sentence: the,first_noun,-3.6912641525268555,-4.198111534118652,-0.5068473815917969,active,0.0
1295,role_labeled,filler,filler,The window rattled during the storm .,a prince describes a princess .,a princess is described by a prince .,a,prince,a,princess,describ,describes,described,"[""VERB=describ"", ""PATIENT=princess"", ""AGENT=prince""]","Prime sentence: The window rattled during the storm .
Event roles: VERB=describ; PATIENT=princess; AGENT=prince
Sentence: the",Sentence: the,first_noun,-5.670637130737305,-5.59585428237915,0.0747828483581543,passive,1.0
1296,role_labeled,active,active,a singer strikes a soldier .,an employer strikes a father .,a father is struck by an employer .,an,employer,a,father,strik,strikes,struck,"[""AGENT=employer"", ""PATIENT=father"", ""VERB=strik""]","Prime sentence: a singer strikes a soldier .
Event roles: AGENT=employer; PATIENT=father; VERB=strik
Sentence: the",Sentence: the,first_noun,-6.223517417907715,-4.45935583114624,1.7641615867614746,passive,1.0
1296,role_labeled,passive,passive,a soldier is struck by a singer .,an employer strikes a father .,a father is struck by an employer .,an,employer,a,father,strik,strikes,struck,"[""AGENT=employer"", ""PATIENT=father"", ""VERB=strik""]","Prime sentence: a soldier is struck by a singer .
Event roles: AGENT=employer; PATIENT=father; VERB=strik
Sentence: the",Sentence: the,first_noun,-6.019103527069092,-4.4701032638549805,1.5490002632141113,passive,1.0
1296,role_labeled,no_prime_eos,no_prime_eos,,an employer strikes a father .,a father is struck by an employer .,an,employer,a,father,strik,strikes,struck,"[""AGENT=employer"", ""PATIENT=father"", ""VERB=strik""]","Event roles: AGENT=employer; PATIENT=father; VERB=strik
Sentence: the",Sentence: the,first_noun,-5.334063529968262,-4.3139142990112305,1.0201492309570312,passive,1.0
1296,role_labeled,filler,filler,The pillow rested on the sofa .,an employer strikes a father .,a father is struck by an employer .,an,employer,a,father,strik,strikes,struck,"[""AGENT=employer"", ""PATIENT=father"", ""VERB=strik""]","Prime sentence: The pillow rested on the sofa .
Event roles: AGENT=employer; PATIENT=father; VERB=strik
Sentence: the",Sentence: the,first_noun,-8.116170883178711,-5.438755035400391,2.6774158477783203,passive,1.0
1297,role_labeled,active,active,a buddy punches a candidate .,a parent punches a partner .,a partner is punched by a parent .,a,parent,a,partner,punch,punches,punched,"[""AGENT=parent"", ""PATIENT=partner"", ""VERB=punch""]","Prime sentence: a buddy punches a candidate .
Event roles: AGENT=parent; PATIENT=partner; VERB=punch
Sentence: the",Sentence: the,first_noun,-4.949009895324707,-5.972110748291016,-1.0231008529663086,active,0.0
1297,role_labeled,passive,passive,a candidate is punched by a buddy .,a parent punches a partner .,a partner is punched by a parent .,a,parent,a,partner,punch,punches,punched,"[""AGENT=parent"", ""PATIENT=partner"", ""VERB=punch""]","Prime sentence: a candidate is punched by a buddy .
Event roles: AGENT=parent; PATIENT=partner; VERB=punch
Sentence: the",Sentence: the,first_noun,-4.616449356079102,-5.584271430969238,-0.9678220748901367,active,0.0
1297,role_labeled,no_prime_eos,no_prime_eos,,a parent punches a partner .,a partner is punched by a parent .,a,parent,a,partner,punch,punches,punched,"[""AGENT=parent"", ""PATIENT=partner"", ""VERB=punch""]","Event roles: AGENT=parent; PATIENT=partner; VERB=punch
Sentence: the",Sentence: the,first_noun,-5.12468147277832,-6.805776596069336,-1.6810951232910156,active,0.0
1297,role_labeled,filler,filler,The package arrived before noon .,a parent punches a partner .,a partner is punched by a parent .,a,parent,a,partner,punch,punches,punched,"[""AGENT=parent"", ""PATIENT=partner"", ""VERB=punch""]","Prime sentence: The package arrived before noon .
Event roles: AGENT=parent; PATIENT=partner; VERB=punch
Sentence: the",Sentence: the,first_noun,-5.902268409729004,-7.554205417633057,-1.6519370079040527,active,0.0
1298,role_labeled,active,active,a king asks a lady .,a woman asks a worker .,a worker is asked by a woman .,a,woman,a,worker,ask,asks,asked,"[""PATIENT=worker"", ""VERB=ask"", ""AGENT=woman""]","Prime sentence: a king asks a lady .
Event roles: PATIENT=worker; VERB=ask; AGENT=woman
Sentence: the",Sentence: the,first_noun,-3.658379077911377,-5.11911678314209,-1.460737705230713,active,0.0
1298,role_labeled,passive,passive,a lady is asked by a king .,a woman asks a worker .,a worker is asked by a woman .,a,woman,a,worker,ask,asks,asked,"[""PATIENT=worker"", ""VERB=ask"", ""AGENT=woman""]","Prime sentence: a lady is asked by a king .
Event roles: PATIENT=worker; VERB=ask; AGENT=woman
Sentence: the",Sentence: the,first_noun,-3.701619863510132,-5.268627166748047,-1.567007303237915,active,0.0
1298,role_labeled,no_prime_eos,no_prime_eos,,a woman asks a worker .,a worker is asked by a woman .,a,woman,a,worker,ask,asks,asked,"[""PATIENT=worker"", ""VERB=ask"", ""AGENT=woman""]","Event roles: PATIENT=worker; VERB=ask; AGENT=woman
Sentence: the",Sentence: the,first_noun,-2.812985897064209,-4.552583694458008,-1.7395977973937988,active,0.0
1298,role_labeled,filler,filler,The traveler rested beside the river .,a woman asks a worker .,a worker is asked by a woman .,a,woman,a,worker,ask,asks,asked,"[""PATIENT=worker"", ""VERB=ask"", ""AGENT=woman""]","Prime sentence: The traveler rested beside the river .
Event roles: PATIENT=worker; VERB=ask; AGENT=woman
Sentence: the",Sentence: the,first_noun,-3.4231293201446533,-5.594972610473633,-2.1718432903289795,active,0.0
1299,role_labeled,active,active,a parent asks a partner .,a brother asks a buddy .,a buddy is asked by a brother .,a,brother,a,buddy,ask,asks,asked,"[""VERB=ask"", ""AGENT=brother"", ""PATIENT=buddy""]","Prime sentence: a parent asks a partner .
Event roles: VERB=ask; AGENT=brother; PATIENT=buddy
Sentence: the",Sentence: the,first_noun,-5.3037543296813965,-8.393035888671875,-3.0892815589904785,active,0.0
1299,role_labeled,passive,passive,a partner is asked by a parent .,a brother asks a buddy .,a buddy is asked by a brother .,a,brother,a,buddy,ask,asks,asked,"[""VERB=ask"", ""AGENT=brother"", ""PATIENT=buddy""]","Prime sentence: a partner is asked by a parent .
Event roles: VERB=ask; AGENT=brother; PATIENT=buddy
Sentence: the",Sentence: the,first_noun,-4.949470520019531,-8.121214866638184,-3.1717443466186523,active,0.0
1299,role_labeled,no_prime_eos,no_prime_eos,,a brother asks a buddy .,a buddy is asked by a brother .,a,brother,a,buddy,ask,asks,asked,"[""VERB=ask"", ""AGENT=brother"", ""PATIENT=buddy""]","Event roles: VERB=ask; AGENT=brother; PATIENT=buddy
Sentence: the",Sentence: the,first_noun,-5.20598030090332,-8.599874496459961,-3.3938941955566406,active,0.0
1299,role_labeled,filler,filler,The kettle whistled in the kitchen .,a brother asks a buddy .,a buddy is asked by a brother .,a,brother,a,buddy,ask,asks,asked,"[""VERB=ask"", ""AGENT=brother"", ""PATIENT=buddy""]","Prime sentence: The kettle whistled in the kitchen .
Event roles: VERB=ask; AGENT=brother; PATIENT=buddy
Sentence: the",Sentence: the,first_noun,-7.812877655029297,-10.409775733947754,-2.596898078918457,active,0.0
1300,role_labeled,active,active,a king drags a lady .,a woman drags a worker .,a worker is dragged by a woman .,a,woman,a,worker,drag,drags,dragged,"[""AGENT=woman"", ""VERB=drag"", ""PATIENT=worker""]","Prime sentence: a king drags a lady .
Event roles: AGENT=woman; VERB=drag; PATIENT=worker
Sentence: the",Sentence: the,first_noun,-3.408029556274414,-6.20343542098999,-2.795405864715576,active,0.0
1300,role_labeled,passive,passive,a lady is dragged by a king .,a woman drags a worker .,a worker is dragged by a woman .,a,woman,a,worker,drag,drags,dragged,"[""AGENT=woman"", ""VERB=drag"", ""PATIENT=worker""]","Prime sentence: a lady is dragged by a king .
Event roles: AGENT=woman; VERB=drag; PATIENT=worker
Sentence: the",Sentence: the,first_noun,-3.2007036209106445,-5.823774814605713,-2.6230711936950684,active,0.0
1300,role_labeled,no_prime_eos,no_prime_eos,,a woman drags a worker .,a worker is dragged by a woman .,a,woman,a,worker,drag,drags,dragged,"[""AGENT=woman"", ""VERB=drag"", ""PATIENT=worker""]","Event roles: AGENT=woman; VERB=drag; PATIENT=worker
Sentence: the",Sentence: the,first_noun,-2.3837342262268066,-4.742259979248047,-2.3585257530212402,active,0.0
1300,role_labeled,filler,filler,The pillow rested on the sofa .,a woman drags a worker .,a worker is dragged by a woman .,a,woman,a,worker,drag,drags,dragged,"[""AGENT=woman"", ""VERB=drag"", ""PATIENT=worker""]","Prime sentence: The pillow rested on the sofa .
Event roles: AGENT=woman; VERB=drag; PATIENT=worker
Sentence: the",Sentence: the,first_noun,-4.072495937347412,-6.606276512145996,-2.533780574798584,active,0.0
1301,role_labeled,active,active,a nurse selects an opponent .,a bishop selects a boy .,a boy is selected by a bishop .,a,bishop,a,boy,select,selects,selected,"[""PATIENT=boy"", ""AGENT=bishop"", ""VERB=select""]","Prime sentence: a nurse selects an opponent .
Event roles: PATIENT=boy; AGENT=bishop; VERB=select
Sentence: the",Sentence: the,first_noun,-2.897834300994873,-3.0662283897399902,-0.1683940887451172,active,0.0
1301,role_labeled,passive,passive,an opponent is selected by a nurse .,a bishop selects a boy .,a boy is selected by a bishop .,a,bishop,a,boy,select,selects,selected,"[""PATIENT=boy"", ""AGENT=bishop"", ""VERB=select""]","Prime sentence: an opponent is selected by a nurse .
Event roles: PATIENT=boy; AGENT=bishop; VERB=select
Sentence: the",Sentence: the,first_noun,-3.164994716644287,-3.423133373260498,-0.25813865661621094,active,0.0
1301,role_labeled,no_prime_eos,no_prime_eos,,a bishop selects a boy .,a boy is selected by a bishop .,a,bishop,a,boy,select,selects,selected,"[""PATIENT=boy"", ""AGENT=bishop"", ""VERB=select""]","Event roles: PATIENT=boy; AGENT=bishop; VERB=select
Sentence: the",Sentence: the,first_noun,-3.868281841278076,-3.2801365852355957,0.5881452560424805,passive,1.0
1301,role_labeled,filler,filler,The painter waited near the doorway .,a bishop selects a boy .,a boy is selected by a bishop .,a,bishop,a,boy,select,selects,selected,"[""PATIENT=boy"", ""AGENT=bishop"", ""VERB=select""]","Prime sentence: The painter waited near the doorway .
Event roles: PATIENT=boy; AGENT=bishop; VERB=select
Sentence: the",Sentence: the,first_noun,-4.408710479736328,-2.659996747970581,1.748713731765747,passive,1.0
1302,role_labeled,active,active,a boy grabs a brother .,a nurse grabs an opponent .,an opponent is grabbed by a nurse .,a,nurse,an,opponent,grab,grabs,grabbed,"[""VERB=grab"", ""PATIENT=opponent"", ""AGENT=nurse""]","Prime sentence: a boy grabs a brother .
Event roles: VERB=grab; PATIENT=opponent; AGENT=nurse
Sentence: the",Sentence: the,first_noun,-4.204096794128418,-7.8081817626953125,-3.6040849685668945,active,0.0
1302,role_labeled,passive,passive,a brother is grabbed by a boy .,a nurse grabs an opponent .,an opponent is grabbed by a nurse .,a,nurse,an,opponent,grab,grabs,grabbed,"[""VERB=grab"", ""PATIENT=opponent"", ""AGENT=nurse""]","Prime sentence: a brother is grabbed by a boy .
Event roles: VERB=grab; PATIENT=opponent; AGENT=nurse
Sentence: the",Sentence: the,first_noun,-3.761672258377075,-7.324078559875488,-3.562406301498413,active,0.0
1302,role_labeled,no_prime_eos,no_prime_eos,,a nurse grabs an opponent .,an opponent is grabbed by a nurse .,a,nurse,an,opponent,grab,grabs,grabbed,"[""VERB=grab"", ""PATIENT=opponent"", ""AGENT=nurse""]","Event roles: VERB=grab; PATIENT=opponent; AGENT=nurse
Sentence: the",Sentence: the,first_noun,-3.6242332458496094,-5.722609996795654,-2.098376750946045,active,0.0
1302,role_labeled,filler,filler,The painter waited near the doorway .,a nurse grabs an opponent .,an opponent is grabbed by a nurse .,a,nurse,an,opponent,grab,grabs,grabbed,"[""VERB=grab"", ""PATIENT=opponent"", ""AGENT=nurse""]","Prime sentence: The painter waited near the doorway .
Event roles: VERB=grab; PATIENT=opponent; AGENT=nurse
Sentence: the",Sentence: the,first_noun,-3.47924542427063,-7.199947357177734,-3.7207019329071045,active,0.0
1303,role_labeled,active,active,a student grabs a teacher .,a girl grabs a guest .,a guest is grabbed by a girl .,a,girl,a,guest,grab,grabs,grabbed,"[""VERB=grab"", ""PATIENT=guest"", ""AGENT=girl""]","Prime sentence: a student grabs a teacher .
Event roles: VERB=grab; PATIENT=guest; AGENT=girl
Sentence: the",Sentence: the,first_noun,-2.2014617919921875,-6.341526508331299,-4.140064716339111,active,0.0
1303,role_labeled,passive,passive,a teacher is grabbed by a student .,a girl grabs a guest .,a guest is grabbed by a girl .,a,girl,a,guest,grab,grabs,grabbed,"[""VERB=grab"", ""PATIENT=guest"", ""AGENT=girl""]","Prime sentence: a teacher is grabbed by a student .
Event roles: VERB=grab; PATIENT=guest; AGENT=girl
Sentence: the",Sentence: the,first_noun,-2.5120410919189453,-6.653106212615967,-4.1410651206970215,active,0.0
1303,role_labeled,no_prime_eos,no_prime_eos,,a girl grabs a guest .,a guest is grabbed by a girl .,a,girl,a,guest,grab,grabs,grabbed,"[""VERB=grab"", ""PATIENT=guest"", ""AGENT=girl""]","Event roles: VERB=grab; PATIENT=guest; AGENT=girl
Sentence: the",Sentence: the,first_noun,-2.7208237648010254,-5.904633522033691,-3.183809757232666,active,0.0
1303,role_labeled,filler,filler,The violin echoed in the theater .,a girl grabs a guest .,a guest is grabbed by a girl .,a,girl,a,guest,grab,grabs,grabbed,"[""VERB=grab"", ""PATIENT=guest"", ""AGENT=girl""]","Prime sentence: The violin echoed in the theater .
Event roles: VERB=grab; PATIENT=guest; AGENT=girl
Sentence: the",Sentence: the,first_noun,-3.843507766723633,-7.040813446044922,-3.197305679321289,active,0.0
1304,role_labeled,active,active,a lady forgives a lawyer .,a worker forgives a writer .,a writer is forgiven by a worker .,a,worker,a,writer,forgiv,forgives,forgiven,"[""PATIENT=writer"", ""VERB=forgiv"", ""AGENT=worker""]","Prime sentence: a lady forgives a lawyer .
Event roles: PATIENT=writer; VERB=forgiv; AGENT=worker
Sentence: the",Sentence: the,first_noun,-6.519304275512695,-5.952378749847412,0.5669255256652832,passive,1.0
1304,role_labeled,passive,passive,a lawyer is forgiven by a lady .,a worker forgives a writer .,a writer is forgiven by a worker .,a,worker,a,writer,forgiv,forgives,forgiven,"[""PATIENT=writer"", ""VERB=forgiv"", ""AGENT=worker""]","Prime sentence: a lawyer is forgiven by a lady .
Event roles: PATIENT=writer; VERB=forgiv; AGENT=worker
Sentence: the",Sentence: the,first_noun,-6.2180891036987305,-5.460529327392578,0.7575597763061523,passive,1.0
1304,role_labeled,no_prime_eos,no_prime_eos,,a worker forgives a writer .,a writer is forgiven by a worker .,a,worker,a,writer,forgiv,forgives,forgiven,"[""PATIENT=writer"", ""VERB=forgiv"", ""AGENT=worker""]","Event roles: PATIENT=writer; VERB=forgiv; AGENT=worker
Sentence: the",Sentence: the,first_noun,-5.134832382202148,-5.486555099487305,-0.35172271728515625,active,0.0
1304,role_labeled,filler,filler,The painter waited near the doorway .,a worker forgives a writer .,a writer is forgiven by a worker .,a,worker,a,writer,forgiv,forgives,forgiven,"[""PATIENT=writer"", ""VERB=forgiv"", ""AGENT=worker""]","Prime sentence: The painter waited near the doorway .
Event roles: PATIENT=writer; VERB=forgiv; AGENT=worker
Sentence: the",Sentence: the,first_noun,-5.329103469848633,-5.629518508911133,-0.3004150390625,active,0.0
1305,role_labeled,active,active,an author protects a bishop .,a minister protects a mother .,a mother is protected by a minister .,a,minister,a,mother,protect,protects,protected,"[""AGENT=minister"", ""PATIENT=mother"", ""VERB=protect""]","Prime sentence: an author protects a bishop .
Event roles: AGENT=minister; PATIENT=mother; VERB=protect
Sentence: the",Sentence: the,first_noun,-4.455260276794434,-4.905591011047363,-0.4503307342529297,active,0.0
1305,role_labeled,passive,passive,a bishop is protected by an author .,a minister protects a mother .,a mother is protected by a minister .,a,minister,a,mother,protect,protects,protected,"[""AGENT=minister"", ""PATIENT=mother"", ""VERB=protect""]","Prime sentence: a bishop is protected by an author .
Event roles: AGENT=minister; PATIENT=mother; VERB=protect
Sentence: the",Sentence: the,first_noun,-4.231668472290039,-4.4834675788879395,-0.2517991065979004,active,0.0
1305,role_labeled,no_prime_eos,no_prime_eos,,a minister protects a mother .,a mother is protected by a minister .,a,minister,a,mother,protect,protects,protected,"[""AGENT=minister"", ""PATIENT=mother"", ""VERB=protect""]","Event roles: AGENT=minister; PATIENT=mother; VERB=protect
Sentence: the",Sentence: the,first_noun,-4.356389045715332,-4.031599044799805,0.32479000091552734,passive,1.0
1305,role_labeled,filler,filler,The violin echoed in the theater .,a minister protects a mother .,a mother is protected by a minister .,a,minister,a,mother,protect,protects,protected,"[""AGENT=minister"", ""PATIENT=mother"", ""VERB=protect""]","Prime sentence: The violin echoed in the theater .
Event roles: AGENT=minister; PATIENT=mother; VERB=protect
Sentence: the",Sentence: the,first_noun,-6.178493499755859,-4.973553657531738,1.204939842224121,passive,1.0
1306,role_labeled,active,active,a priest carries a prince .,a chief carries a child .,a child is carried by a chief .,a,chief,a,child,carry,carries,carried,"[""VERB=carry"", ""AGENT=chief"", ""PATIENT=child""]","Prime sentence: a priest carries a prince .
Event roles: VERB=carry; AGENT=chief; PATIENT=child
Sentence: the",Sentence: the,first_noun,-4.807555675506592,-4.2281880378723145,0.5793676376342773,passive,1.0
1306,role_labeled,passive,passive,a prince is carried by a priest .,a chief carries a child .,a child is carried by a chief .,a,chief,a,child,carry,carries,carried,"[""VERB=carry"", ""AGENT=chief"", ""PATIENT=child""]","Prime sentence: a prince is carried by a priest .
Event roles: VERB=carry; AGENT=chief; PATIENT=child
Sentence: the",Sentence: the,first_noun,-5.093319892883301,-4.126163482666016,0.9671564102172852,passive,1.0
1306,role_labeled,no_prime_eos,no_prime_eos,,a chief carries a child .,a child is carried by a chief .,a,chief,a,child,carry,carries,carried,"[""VERB=carry"", ""AGENT=chief"", ""PATIENT=child""]","Event roles: VERB=carry; AGENT=chief; PATIENT=child
Sentence: the",Sentence: the,first_noun,-3.999481439590454,-3.543097734451294,0.45638370513916016,passive,1.0
1306,role_labeled,filler,filler,The garden brightened after rain .,a chief carries a child .,a child is carried by a chief .,a,chief,a,child,carry,carries,carried,"[""VERB=carry"", ""AGENT=chief"", ""PATIENT=child""]","Prime sentence: The garden brightened after rain .
Event roles: VERB=carry; AGENT=chief; PATIENT=child
Sentence: the",Sentence: the,first_noun,-7.3211212158203125,-4.769766807556152,2.55135440826416,passive,1.0
1307,role_labeled,active,active,a writer forgives an actor .,a lady forgives a lawyer .,a lawyer is forgiven by a lady .,a,lady,a,lawyer,forgiv,forgives,forgiven,"[""AGENT=lady"", ""VERB=forgiv"", ""PATIENT=lawyer""]","Prime sentence: a writer forgives an actor .
Event roles: AGENT=lady; VERB=forgiv; PATIENT=lawyer
Sentence: the",Sentence: the,first_noun,-5.346778392791748,-5.27244234085083,0.07433605194091797,passive,1.0
1307,role_labeled,passive,passive,an actor is forgiven by a writer .,a lady forgives a lawyer .,a lawyer is forgiven by a lady .,a,lady,a,lawyer,forgiv,forgives,forgiven,"[""AGENT=lady"", ""VERB=forgiv"", ""PATIENT=lawyer""]","Prime sentence: an actor is forgiven by a writer .
Event roles: AGENT=lady; VERB=forgiv; PATIENT=lawyer
Sentence: the",Sentence: the,first_noun,-5.763538837432861,-5.2192702293396,0.5442686080932617,passive,1.0
1307,role_labeled,no_prime_eos,no_prime_eos,,a lady forgives a lawyer .,a lawyer is forgiven by a lady .,a,lady,a,lawyer,forgiv,forgives,forgiven,"[""AGENT=lady"", ""VERB=forgiv"", ""PATIENT=lawyer""]","Event roles: AGENT=lady; VERB=forgiv; PATIENT=lawyer
Sentence: the",Sentence: the,first_noun,-4.700689315795898,-5.638188362121582,-0.9374990463256836,active,0.0
1307,role_labeled,filler,filler,The singer smiled after rehearsal .,a lady forgives a lawyer .,a lawyer is forgiven by a lady .,a,lady,a,lawyer,forgiv,forgives,forgiven,"[""AGENT=lady"", ""VERB=forgiv"", ""PATIENT=lawyer""]","Prime sentence: The singer smiled after rehearsal .
Event roles: AGENT=lady; VERB=forgiv; PATIENT=lawyer
Sentence: the",Sentence: the,first_noun,-5.411836624145508,-4.789968967437744,0.6218676567077637,passive,1.0
1308,role_labeled,active,active,a manager understands a mayor .,an adult understands an attorney .,an attorney is understood by an adult .,an,adult,an,attorney,understand,understands,understood,"[""VERB=understand"", ""AGENT=adult"", ""PATIENT=attorney""]","Prime sentence: a manager understands a mayor .
Event roles: VERB=understand; AGENT=adult; PATIENT=attorney
Sentence: the",Sentence: the,first_noun,-6.986778259277344,-6.878835678100586,0.10794258117675781,passive,1.0
1308,role_labeled,passive,passive,a mayor is understood by a manager .,an adult understands an attorney .,an attorney is understood by an adult .,an,adult,an,attorney,understand,understands,understood,"[""VERB=understand"", ""AGENT=adult"", ""PATIENT=attorney""]","Prime sentence: a mayor is understood by a manager .
Event roles: VERB=understand; AGENT=adult; PATIENT=attorney
Sentence: the",Sentence: the,first_noun,-7.061001300811768,-6.811060428619385,0.2499408721923828,passive,1.0
1308,role_labeled,no_prime_eos,no_prime_eos,,an adult understands an attorney .,an attorney is understood by an adult .,an,adult,an,attorney,understand,understands,understood,"[""VERB=understand"", ""AGENT=adult"", ""PATIENT=attorney""]","Event roles: VERB=understand; AGENT=adult; PATIENT=attorney
Sentence: the",Sentence: the,first_noun,-5.473145008087158,-6.607410430908203,-1.134265422821045,active,0.0
1308,role_labeled,filler,filler,The baker laughed during breakfast .,an adult understands an attorney .,an attorney is understood by an adult .,an,adult,an,attorney,understand,understands,understood,"[""VERB=understand"", ""AGENT=adult"", ""PATIENT=attorney""]","Prime sentence: The baker laughed during breakfast .
Event roles: VERB=understand; AGENT=adult; PATIENT=attorney
Sentence: the",Sentence: the,first_noun,-6.970603942871094,-5.753273963928223,1.217329978942871,passive,1.0
1309,role_labeled,active,active,a partner kills a physician .,a buddy kills a candidate .,a candidate is killed by a buddy .,a,buddy,a,candidate,kill,kills,killed,"[""PATIENT=candidate"", ""VERB=kill"", ""AGENT=buddy""]","Prime sentence: a partner kills a physician .
Event roles: PATIENT=candidate; VERB=kill; AGENT=buddy
Sentence: the",Sentence: the,first_noun,-7.225074291229248,-4.349348068237305,2.8757262229919434,passive,1.0
1309,role_labeled,passive,passive,a physician is killed by a partner .,a buddy kills a candidate .,a candidate is killed by a buddy .,a,buddy,a,candidate,kill,kills,killed,"[""PATIENT=candidate"", ""VERB=kill"", ""AGENT=buddy""]","Prime sentence: a physician is killed by a partner .
Event roles: PATIENT=candidate; VERB=kill; AGENT=buddy
Sentence: the",Sentence: the,first_noun,-8.950947761535645,-3.9810009002685547,4.96994686126709,passive,1.0
1309,role_labeled,no_prime_eos,no_prime_eos,,a buddy kills a candidate .,a candidate is killed by a buddy .,a,buddy,a,candidate,kill,kills,killed,"[""PATIENT=candidate"", ""VERB=kill"", ""AGENT=buddy""]","Event roles: PATIENT=candidate; VERB=kill; AGENT=buddy
Sentence: the",Sentence: the,first_noun,-7.640027046203613,-4.38720703125,3.2528200149536133,passive,1.0
1309,role_labeled,filler,filler,The tourist wandered through the plaza .,a buddy kills a candidate .,a candidate is killed by a buddy .,a,buddy,a,candidate,kill,kills,killed,"[""PATIENT=candidate"", ""VERB=kill"", ""AGENT=buddy""]","Prime sentence: The tourist wandered through the plaza .
Event roles: PATIENT=candidate; VERB=kill; AGENT=buddy
Sentence: the",Sentence: the,first_noun,-8.683820724487305,-4.132830619812012,4.550990104675293,passive,1.0
1310,role_labeled,active,active,a nurse chases an opponent .,a bishop chases a boy .,a boy is chased by a bishop .,a,bishop,a,boy,chas,chases,chased,"[""PATIENT=boy"", ""VERB=chas"", ""AGENT=bishop""]","Prime sentence: a nurse chases an opponent .
Event roles: PATIENT=boy; VERB=chas; AGENT=bishop
Sentence: the",Sentence: the,first_noun,-3.159882068634033,-3.490379571914673,-0.33049750328063965,active,0.0
1310,role_labeled,passive,passive,an opponent is chased by a nurse .,a bishop chases a boy .,a boy is chased by a bishop .,a,bishop,a,boy,chas,chases,chased,"[""PATIENT=boy"", ""VERB=chas"", ""AGENT=bishop""]","Prime sentence: an opponent is chased by a nurse .
Event roles: PATIENT=boy; VERB=chas; AGENT=bishop
Sentence: the",Sentence: the,first_noun,-3.154475212097168,-3.420536518096924,-0.26606130599975586,active,0.0
1310,role_labeled,no_prime_eos,no_prime_eos,,a bishop chases a boy .,a boy is chased by a bishop .,a,bishop,a,boy,chas,chases,chased,"[""PATIENT=boy"", ""VERB=chas"", ""AGENT=bishop""]","Event roles: PATIENT=boy; VERB=chas; AGENT=bishop
Sentence: the",Sentence: the,first_noun,-3.943587303161621,-3.0358963012695312,0.9076910018920898,passive,1.0
1310,role_labeled,filler,filler,The sculpture stood in the hallway .,a bishop chases a boy .,a boy is chased by a bishop .,a,bishop,a,boy,chas,chases,chased,"[""PATIENT=boy"", ""VERB=chas"", ""AGENT=bishop""]","Prime sentence: The sculpture stood in the hallway .
Event roles: PATIENT=boy; VERB=chas; AGENT=bishop
Sentence: the",Sentence: the,first_noun,-4.404292106628418,-2.5714285373687744,1.8328635692596436,passive,1.0
1311,role_labeled,active,active,a father kills a friend .,a singer kills a soldier .,a soldier is killed by a singer .,a,singer,a,soldier,kill,kills,killed,"[""VERB=kill"", ""PATIENT=soldier"", ""AGENT=singer""]","Prime sentence: a father kills a friend .
Event roles: VERB=kill; PATIENT=soldier; AGENT=singer
Sentence: the",Sentence: the,first_noun,-5.112196922302246,-2.7877421379089355,2.3244547843933105,passive,1.0
1311,role_labeled,passive,passive,a friend is killed by a father .,a singer kills a soldier .,a soldier is killed by a singer .,a,singer,a,soldier,kill,kills,killed,"[""VERB=kill"", ""PATIENT=soldier"", ""AGENT=singer""]","Prime sentence: a friend is killed by a father .
Event roles: VERB=kill; PATIENT=soldier; AGENT=singer
Sentence: the",Sentence: the,first_noun,-4.817638397216797,-2.73891019821167,2.078728199005127,passive,1.0
1311,role_labeled,no_prime_eos,no_prime_eos,,a singer kills a soldier .,a soldier is killed by a singer .,a,singer,a,soldier,kill,kills,killed,"[""VERB=kill"", ""PATIENT=soldier"", ""AGENT=singer""]","Event roles: VERB=kill; PATIENT=soldier; AGENT=singer
Sentence: the",Sentence: the,first_noun,-5.509579658508301,-3.818211317062378,1.6913683414459229,passive,1.0
1311,role_labeled,filler,filler,The tourist wandered through the plaza .,a singer kills a soldier .,a soldier is killed by a singer .,a,singer,a,soldier,kill,kills,killed,"[""VERB=kill"", ""PATIENT=soldier"", ""AGENT=singer""]","Prime sentence: The tourist wandered through the plaza .
Event roles: VERB=kill; PATIENT=soldier; AGENT=singer
Sentence: the",Sentence: the,first_noun,-5.115412712097168,-3.3662357330322266,1.7491769790649414,passive,1.0
1312,role_labeled,active,active,a father forgets a friend .,a singer forgets a soldier .,a soldier is forgotten by a singer .,a,singer,a,soldier,forget,forgets,forgotten,"[""AGENT=singer"", ""VERB=forget"", ""PATIENT=soldier""]","Prime sentence: a father forgets a friend .
Event roles: AGENT=singer; VERB=forget; PATIENT=soldier
Sentence: the",Sentence: the,first_noun,-5.765134811401367,-3.9553754329681396,1.8097593784332275,passive,1.0
1312,role_labeled,passive,passive,a friend is forgotten by a father .,a singer forgets a soldier .,a soldier is forgotten by a singer .,a,singer,a,soldier,forget,forgets,forgotten,"[""AGENT=singer"", ""VERB=forget"", ""PATIENT=soldier""]","Prime sentence: a friend is forgotten by a father .
Event roles: AGENT=singer; VERB=forget; PATIENT=soldier
Sentence: the",Sentence: the,first_noun,-5.9931182861328125,-3.8169972896575928,2.1761209964752197,passive,1.0
1312,role_labeled,no_prime_eos,no_prime_eos,,a singer forgets a soldier .,a soldier is forgotten by a singer .,a,singer,a,soldier,forget,forgets,forgotten,"[""AGENT=singer"", ""VERB=forget"", ""PATIENT=soldier""]","Event roles: AGENT=singer; VERB=forget; PATIENT=soldier
Sentence: the",Sentence: the,first_noun,-4.174970626831055,-4.344518184661865,-0.16954755783081055,active,0.0
1312,role_labeled,filler,filler,The tourist wandered through the plaza .,a singer forgets a soldier .,a soldier is forgotten by a singer .,a,singer,a,soldier,forget,forgets,forgotten,"[""AGENT=singer"", ""VERB=forget"", ""PATIENT=soldier""]","Prime sentence: The tourist wandered through the plaza .
Event roles: AGENT=singer; VERB=forget; PATIENT=soldier
Sentence: the",Sentence: the,first_noun,-4.063437461853027,-3.591209650039673,0.4722278118133545,passive,1.0
1313,role_labeled,active,active,an uncle hurts a wife .,a guy hurts a hero .,a hero is hurt by a guy .,a,guy,a,hero,hurt,hurts,hurt,"[""PATIENT=hero"", ""AGENT=guy"", ""VERB=hurt""]","Prime sentence: an uncle hurts a wife .
Event roles: PATIENT=hero; AGENT=guy; VERB=hurt
Sentence: the",Sentence: the,first_noun,-3.993046998977661,-4.803959846496582,-0.8109128475189209,active,0.0
1313,role_labeled,passive,passive,a wife is hurt by an uncle .,a guy hurts a hero .,a hero is hurt by a guy .,a,guy,a,hero,hurt,hurts,hurt,"[""PATIENT=hero"", ""AGENT=guy"", ""VERB=hurt""]","Prime sentence: a wife is hurt by an uncle .
Event roles: PATIENT=hero; AGENT=guy; VERB=hurt
Sentence: the",Sentence: the,first_noun,-4.729739189147949,-5.164524078369141,-0.4347848892211914,active,0.0
1313,role_labeled,no_prime_eos,no_prime_eos,,a guy hurts a hero .,a hero is hurt by a guy .,a,guy,a,hero,hurt,hurts,hurt,"[""PATIENT=hero"", ""AGENT=guy"", ""VERB=hurt""]","Event roles: PATIENT=hero; AGENT=guy; VERB=hurt
Sentence: the",Sentence: the,first_noun,-3.6254982948303223,-3.2900400161743164,0.33545827865600586,passive,1.0
1313,role_labeled,filler,filler,The witness paused near the doorway .,a guy hurts a hero .,a hero is hurt by a guy .,a,guy,a,hero,hurt,hurts,hurt,"[""PATIENT=hero"", ""AGENT=guy"", ""VERB=hurt""]","Prime sentence: The witness paused near the doorway .
Event roles: PATIENT=hero; AGENT=guy; VERB=hurt
Sentence: the",Sentence: the,first_noun,-4.207846164703369,-5.24732780456543,-1.0394816398620605,active,0.0
1314,role_labeled,active,active,a student kisses a teacher .,a girl kisses a guest .,a guest is kissed by a girl .,a,girl,a,guest,kiss,kisses,kissed,"[""VERB=kiss"", ""PATIENT=guest"", ""AGENT=girl""]","Prime sentence: a student kisses a teacher .
Event roles: VERB=kiss; PATIENT=guest; AGENT=girl
Sentence: the",Sentence: the,first_noun,-2.6982736587524414,-6.060657978057861,-3.36238431930542,active,0.0
1314,role_labeled,passive,passive,a teacher is kissed by a student .,a girl kisses a guest .,a guest is kissed by a girl .,a,girl,a,guest,kiss,kisses,kissed,"[""VERB=kiss"", ""PATIENT=guest"", ""AGENT=girl""]","Prime sentence: a teacher is kissed by a student .
Event roles: VERB=kiss; PATIENT=guest; AGENT=girl
Sentence: the",Sentence: the,first_noun,-2.890024423599243,-6.396706581115723,-3.5066821575164795,active,0.0
1314,role_labeled,no_prime_eos,no_prime_eos,,a girl kisses a guest .,a guest is kissed by a girl .,a,girl,a,guest,kiss,kisses,kissed,"[""VERB=kiss"", ""PATIENT=guest"", ""AGENT=girl""]","Event roles: VERB=kiss; PATIENT=guest; AGENT=girl
Sentence: the",Sentence: the,first_noun,-3.021667718887329,-5.652705669403076,-2.631037950515747,active,0.0
1314,role_labeled,filler,filler,The notebook stayed on the shelf .,a girl kisses a guest .,a guest is kissed by a girl .,a,girl,a,guest,kiss,kisses,kissed,"[""VERB=kiss"", ""PATIENT=guest"", ""AGENT=girl""]","Prime sentence: The notebook stayed on the shelf .
Event roles: VERB=kiss; PATIENT=guest; AGENT=girl
Sentence: the",Sentence: the,first_noun,-3.2978692054748535,-5.616486549377441,-2.318617343902588,active,0.0
1315,role_labeled,active,active,a mayor teaches a minister .,an attorney teaches an aunt .,an aunt is taught by an attorney .,an,attorney,an,aunt,teach,teaches,taught,"[""PATIENT=aunt"", ""AGENT=attorney"", ""VERB=teach""]","Prime sentence: a mayor teaches a minister .
Event roles: PATIENT=aunt; AGENT=attorney; VERB=teach
Sentence: the",Sentence: the,first_noun,-6.138724327087402,-6.601789474487305,-0.46306514739990234,active,0.0
1315,role_labeled,passive,passive,a minister is taught by a mayor .,an attorney teaches an aunt .,an aunt is taught by an attorney .,an,attorney,an,aunt,teach,teaches,taught,"[""PATIENT=aunt"", ""AGENT=attorney"", ""VERB=teach""]","Prime sentence: a minister is taught by a mayor .
Event roles: PATIENT=aunt; AGENT=attorney; VERB=teach
Sentence: the",Sentence: the,first_noun,-6.196836471557617,-7.236695289611816,-1.0398588180541992,active,0.0
1315,role_labeled,no_prime_eos,no_prime_eos,,an attorney teaches an aunt .,an aunt is taught by an attorney .,an,attorney,an,aunt,teach,teaches,taught,"[""PATIENT=aunt"", ""AGENT=attorney"", ""VERB=teach""]","Event roles: PATIENT=aunt; AGENT=attorney; VERB=teach
Sentence: the",Sentence: the,first_noun,-6.053719520568848,-8.283819198608398,-2.230099678039551,active,0.0
1315,role_labeled,filler,filler,The traveler rested beside the river .,an attorney teaches an aunt .,an aunt is taught by an attorney .,an,attorney,an,aunt,teach,teaches,taught,"[""PATIENT=aunt"", ""AGENT=attorney"", ""VERB=teach""]","Prime sentence: The traveler rested beside the river .
Event roles: PATIENT=aunt; AGENT=attorney; VERB=teach
Sentence: the",Sentence: the,first_noun,-6.625362873077393,-7.228323936462402,-0.6029610633850098,active,0.0
1316,role_labeled,active,active,a colonel joins a cop .,a prince joins a princess .,a princess is joined by a prince .,a,prince,a,princess,join,joins,joined,"[""PATIENT=princess"", ""VERB=join"", ""AGENT=prince""]","Prime sentence: a colonel joins a cop .
Event roles: PATIENT=princess; VERB=join; AGENT=prince
Sentence: the",Sentence: the,first_noun,-3.662341833114624,-3.930727243423462,-0.2683854103088379,active,0.0
1316,role_labeled,passive,passive,a cop is joined by a colonel .,a prince joins a princess .,a princess is joined by a prince .,a,prince,a,princess,join,joins,joined,"[""PATIENT=princess"", ""VERB=join"", ""AGENT=prince""]","Prime sentence: a cop is joined by a colonel .
Event roles: PATIENT=princess; VERB=join; AGENT=prince
Sentence: the",Sentence: the,first_noun,-3.675239086151123,-3.771406650543213,-0.09616756439208984,active,0.0
1316,role_labeled,no_prime_eos,no_prime_eos,,a prince joins a princess .,a princess is joined by a prince .,a,prince,a,princess,join,joins,joined,"[""PATIENT=princess"", ""VERB=join"", ""AGENT=prince""]","Event roles: PATIENT=princess; VERB=join; AGENT=prince
Sentence: the",Sentence: the,first_noun,-3.395780563354492,-3.102865695953369,0.29291486740112305,passive,1.0
1316,role_labeled,filler,filler,The tourist wandered through the plaza .,a prince joins a princess .,a princess is joined by a prince .,a,prince,a,princess,join,joins,joined,"[""PATIENT=princess"", ""VERB=join"", ""AGENT=prince""]","Prime sentence: The tourist wandered through the plaza .
Event roles: PATIENT=princess; VERB=join; AGENT=prince
Sentence: the",Sentence: the,first_noun,-3.68839430809021,-3.521040678024292,0.16735363006591797,passive,1.0
1317,role_labeled,active,active,a sheriff grabs a singer .,an employee grabs an employer .,an employer is grabbed by an employee .,an,employee,an,employer,grab,grabs,grabbed,"[""AGENT=employee"", ""VERB=grab"", ""PATIENT=employer""]","Prime sentence: a sheriff grabs a singer .
Event roles: AGENT=employee; VERB=grab; PATIENT=employer
Sentence: the",Sentence: the,first_noun,-4.305974960327148,-5.669367790222168,-1.3633928298950195,active,0.0
1317,role_labeled,passive,passive,a singer is grabbed by a sheriff .,an employee grabs an employer .,an employer is grabbed by an employee .,an,employee,an,employer,grab,grabs,grabbed,"[""AGENT=employee"", ""VERB=grab"", ""PATIENT=employer""]","Prime sentence: a singer is grabbed by a sheriff .
Event roles: AGENT=employee; VERB=grab; PATIENT=employer
Sentence: the",Sentence: the,first_noun,-4.490364074707031,-5.757657051086426,-1.2672929763793945,active,0.0
1317,role_labeled,no_prime_eos,no_prime_eos,,an employee grabs an employer .,an employer is grabbed by an employee .,an,employee,an,employer,grab,grabs,grabbed,"[""AGENT=employee"", ""VERB=grab"", ""PATIENT=employer""]","Event roles: AGENT=employee; VERB=grab; PATIENT=employer
Sentence: the",Sentence: the,first_noun,-2.8351995944976807,-5.077309608459473,-2.242110013961792,active,0.0
1317,role_labeled,filler,filler,The singer smiled after rehearsal .,an employee grabs an employer .,an employer is grabbed by an employee .,an,employee,an,employer,grab,grabs,grabbed,"[""AGENT=employee"", ""VERB=grab"", ""PATIENT=employer""]","Prime sentence: The singer smiled after rehearsal .
Event roles: AGENT=employee; VERB=grab; PATIENT=employer
Sentence: the",Sentence: the,first_noun,-5.061448097229004,-7.078237533569336,-2.016789436340332,active,0.0
1318,role_labeled,active,active,a girl punches a guest .,a son punches a student .,a student is punched by a son .,a,son,a,student,punch,punches,punched,"[""VERB=punch"", ""PATIENT=student"", ""AGENT=son""]","Prime sentence: a girl punches a guest .
Event roles: VERB=punch; PATIENT=student; AGENT=son
Sentence: the",Sentence: the,first_noun,-5.6178483963012695,-3.5663342475891113,2.051514148712158,passive,1.0
1318,role_labeled,passive,passive,a guest is punched by a girl .,a son punches a student .,a student is punched by a son .,a,son,a,student,punch,punches,punched,"[""VERB=punch"", ""PATIENT=student"", ""AGENT=son""]","Prime sentence: a guest is punched by a girl .
Event roles: VERB=punch; PATIENT=student; AGENT=son
Sentence: the",Sentence: the,first_noun,-5.0566487312316895,-3.07456374168396,1.9820849895477295,passive,1.0
1318,role_labeled,no_prime_eos,no_prime_eos,,a son punches a student .,a student is punched by a son .,a,son,a,student,punch,punches,punched,"[""VERB=punch"", ""PATIENT=student"", ""AGENT=son""]","Event roles: VERB=punch; PATIENT=student; AGENT=son
Sentence: the",Sentence: the,first_noun,-5.089311599731445,-3.3116331100463867,1.7776784896850586,passive,1.0
1318,role_labeled,filler,filler,The package arrived before noon .,a son punches a student .,a student is punched by a son .,a,son,a,student,punch,punches,punched,"[""VERB=punch"", ""PATIENT=student"", ""AGENT=son""]","Prime sentence: The package arrived before noon .
Event roles: VERB=punch; PATIENT=student; AGENT=son
Sentence: the",Sentence: the,first_noun,-5.400496482849121,-3.887086868286133,1.5134096145629883,passive,1.0
1319,role_labeled,active,active,an aunt forgets an author .,a mayor forgets a minister .,a minister is forgotten by a mayor .,a,mayor,a,minister,forget,forgets,forgotten,"[""PATIENT=minister"", ""AGENT=mayor"", ""VERB=forget""]","Prime sentence: an aunt forgets an author .
Event roles: PATIENT=minister; AGENT=mayor; VERB=forget
Sentence: the",Sentence: the,first_noun,-3.3740692138671875,-4.861591339111328,-1.4875221252441406,active,0.0
1319,role_labeled,passive,passive,an author is forgotten by an aunt .,a mayor forgets a minister .,a minister is forgotten by a mayor .,a,mayor,a,minister,forget,forgets,forgotten,"[""PATIENT=minister"", ""AGENT=mayor"", ""VERB=forget""]","Prime sentence: an author is forgotten by an aunt .
Event roles: PATIENT=minister; AGENT=mayor; VERB=forget
Sentence: the",Sentence: the,first_noun,-3.802318811416626,-4.734091758728027,-0.9317729473114014,active,0.0
1319,role_labeled,no_prime_eos,no_prime_eos,,a mayor forgets a minister .,a minister is forgotten by a mayor .,a,mayor,a,minister,forget,forgets,forgotten,"[""PATIENT=minister"", ""AGENT=mayor"", ""VERB=forget""]","Event roles: PATIENT=minister; AGENT=mayor; VERB=forget
Sentence: the",Sentence: the,first_noun,-3.610260486602783,-4.590298175811768,-0.9800376892089844,active,0.0
1319,role_labeled,filler,filler,The jacket hung behind the chair .,a mayor forgets a minister .,a minister is forgotten by a mayor .,a,mayor,a,minister,forget,forgets,forgotten,"[""PATIENT=minister"", ""AGENT=mayor"", ""VERB=forget""]","Prime sentence: The jacket hung behind the chair .
Event roles: PATIENT=minister; AGENT=mayor; VERB=forget
Sentence: the",Sentence: the,first_noun,-4.69516134262085,-5.441354274749756,-0.7461929321289062,active,0.0
1320,role_labeled,active,active,a daughter understands a doctor .,a reader understands a scientist .,a scientist is understood by a reader .,a,reader,a,scientist,understand,understands,understood,"[""AGENT=reader"", ""PATIENT=scientist"", ""VERB=understand""]","Prime sentence: a daughter understands a doctor .
Event roles: AGENT=reader; PATIENT=scientist; VERB=understand
Sentence: the",Sentence: the,first_noun,-6.362241744995117,-4.691758155822754,1.6704835891723633,passive,1.0
1320,role_labeled,passive,passive,a doctor is understood by a daughter .,a reader understands a scientist .,a scientist is understood by a reader .,a,reader,a,scientist,understand,understands,understood,"[""AGENT=reader"", ""PATIENT=scientist"", ""VERB=understand""]","Prime sentence: a doctor is understood by a daughter .
Event roles: AGENT=reader; PATIENT=scientist; VERB=understand
Sentence: the",Sentence: the,first_noun,-5.912088871002197,-4.178552150726318,1.733536720275879,passive,1.0
1320,role_labeled,no_prime_eos,no_prime_eos,,a reader understands a scientist .,a scientist is understood by a reader .,a,reader,a,scientist,understand,understands,understood,"[""AGENT=reader"", ""PATIENT=scientist"", ""VERB=understand""]","Event roles: AGENT=reader; PATIENT=scientist; VERB=understand
Sentence: the",Sentence: the,first_noun,-4.499148845672607,-4.839467525482178,-0.3403186798095703,active,0.0
1320,role_labeled,filler,filler,The engine cooled before dawn .,a reader understands a scientist .,a scientist is understood by a reader .,a,reader,a,scientist,understand,understands,understood,"[""AGENT=reader"", ""PATIENT=scientist"", ""VERB=understand""]","Prime sentence: The engine cooled before dawn .
Event roles: AGENT=reader; PATIENT=scientist; VERB=understand
Sentence: the",Sentence: the,first_noun,-7.242740631103516,-5.856559753417969,1.3861808776855469,passive,1.0
1321,role_labeled,active,active,a husband hurries a kid .,a wife hurries a winner .,a winner is hurried by a wife .,a,wife,a,winner,hurry,hurries,hurried,"[""AGENT=wife"", ""PATIENT=winner"", ""VERB=hurry""]","Prime sentence: a husband hurries a kid .
Event roles: AGENT=wife; PATIENT=winner; VERB=hurry
Sentence: the",Sentence: the,first_noun,-2.6229424476623535,-7.109948635101318,-4.487006187438965,active,0.0
1321,role_labeled,passive,passive,a kid is hurried by a husband .,a wife hurries a winner .,a winner is hurried by a wife .,a,wife,a,winner,hurry,hurries,hurried,"[""AGENT=wife"", ""PATIENT=winner"", ""VERB=hurry""]","Prime sentence: a kid is hurried by a husband .
Event roles: AGENT=wife; PATIENT=winner; VERB=hurry
Sentence: the",Sentence: the,first_noun,-2.622004270553589,-7.029831886291504,-4.407827615737915,active,0.0
1321,role_labeled,no_prime_eos,no_prime_eos,,a wife hurries a winner .,a winner is hurried by a wife .,a,wife,a,winner,hurry,hurries,hurried,"[""AGENT=wife"", ""PATIENT=winner"", ""VERB=hurry""]","Event roles: AGENT=wife; PATIENT=winner; VERB=hurry
Sentence: the",Sentence: the,first_noun,-3.271683931350708,-4.754044055938721,-1.4823601245880127,active,0.0
1321,role_labeled,filler,filler,The jacket hung behind the chair .,a wife hurries a winner .,a winner is hurried by a wife .,a,wife,a,winner,hurry,hurries,hurried,"[""AGENT=wife"", ""PATIENT=winner"", ""VERB=hurry""]","Prime sentence: The jacket hung behind the chair .
Event roles: AGENT=wife; PATIENT=winner; VERB=hurry
Sentence: the",Sentence: the,first_noun,-4.201066493988037,-7.796777248382568,-3.5957107543945312,active,0.0
1322,role_labeled,active,active,a lady drags a lawyer .,a worker drags a writer .,a writer is dragged by a worker .,a,worker,a,writer,drag,drags,dragged,"[""PATIENT=writer"", ""VERB=drag"", ""AGENT=worker""]","Prime sentence: a lady drags a lawyer .
Event roles: PATIENT=writer; VERB=drag; AGENT=worker
Sentence: the",Sentence: the,first_noun,-5.920476913452148,-6.043853759765625,-0.12337684631347656,active,0.0
1322,role_labeled,passive,passive,a lawyer is dragged by a lady .,a worker drags a writer .,a writer is dragged by a worker .,a,worker,a,writer,drag,drags,dragged,"[""PATIENT=writer"", ""VERB=drag"", ""AGENT=worker""]","Prime sentence: a lawyer is dragged by a lady .
Event roles: PATIENT=writer; VERB=drag; AGENT=worker
Sentence: the",Sentence: the,first_noun,-5.232493877410889,-4.861633777618408,0.37086009979248047,passive,1.0
1322,role_labeled,no_prime_eos,no_prime_eos,,a worker drags a writer .,a writer is dragged by a worker .,a,worker,a,writer,drag,drags,dragged,"[""PATIENT=writer"", ""VERB=drag"", ""AGENT=worker""]","Event roles: PATIENT=writer; VERB=drag; AGENT=worker
Sentence: the",Sentence: the,first_noun,-4.796964168548584,-5.495973587036133,-0.6990094184875488,active,0.0
1322,role_labeled,filler,filler,The window rattled during the storm .,a worker drags a writer .,a writer is dragged by a worker .,a,worker,a,writer,drag,drags,dragged,"[""PATIENT=writer"", ""VERB=drag"", ""AGENT=worker""]","Prime sentence: The window rattled during the storm .
Event roles: PATIENT=writer; VERB=drag; AGENT=worker
Sentence: the",Sentence: the,first_noun,-7.1107964515686035,-8.106500625610352,-0.995704174041748,active,0.0
1323,role_labeled,active,active,a doctor surprises an employee .,a scientist surprises a secretary .,a secretary is surprised by a scientist .,a,scientist,a,secretary,surpris,surprises,surprised,"[""PATIENT=secretary"", ""AGENT=scientist"", ""VERB=surpris""]","Prime sentence: a doctor surprises an employee .
Event roles: PATIENT=secretary; AGENT=scientist; VERB=surpris
Sentence: the",Sentence: the,first_noun,-4.301507949829102,-5.128252983093262,-0.8267450332641602,active,0.0
1323,role_labeled,passive,passive,an employee is surprised by a doctor .,a scientist surprises a secretary .,a secretary is surprised by a scientist .,a,scientist,a,secretary,surpris,surprises,surprised,"[""PATIENT=secretary"", ""AGENT=scientist"", ""VERB=surpris""]","Prime sentence: an employee is surprised by a doctor .
Event roles: PATIENT=secretary; AGENT=scientist; VERB=surpris
Sentence: the",Sentence: the,first_noun,-4.497787952423096,-4.987582206726074,-0.4897942543029785,active,0.0
1323,role_labeled,no_prime_eos,no_prime_eos,,a scientist surprises a secretary .,a secretary is surprised by a scientist .,a,scientist,a,secretary,surpris,surprises,surprised,"[""PATIENT=secretary"", ""AGENT=scientist"", ""VERB=surpris""]","Event roles: PATIENT=secretary; AGENT=scientist; VERB=surpris
Sentence: the",Sentence: the,first_noun,-4.352832317352295,-6.557221412658691,-2.2043890953063965,active,0.0
1323,role_labeled,filler,filler,The radio crackled in the attic .,a scientist surprises a secretary .,a secretary is surprised by a scientist .,a,scientist,a,secretary,surpris,surprises,surprised,"[""PATIENT=secretary"", ""AGENT=scientist"", ""VERB=surpris""]","Prime sentence: The radio crackled in the attic .
Event roles: PATIENT=secretary; AGENT=scientist; VERB=surpris
Sentence: the",Sentence: the,first_noun,-5.6296257972717285,-6.587528228759766,-0.9579024314880371,active,0.0
1324,role_labeled,active,active,a reader selects a scientist .,a cousin selects a daughter .,a daughter is selected by a cousin .,a,cousin,a,daughter,select,selects,selected,"[""AGENT=cousin"", ""PATIENT=daughter"", ""VERB=select""]","Prime sentence: a reader selects a scientist .
Event roles: AGENT=cousin; PATIENT=daughter; VERB=select
Sentence: the",Sentence: the,first_noun,-5.786905288696289,-4.089764595031738,1.6971406936645508,passive,1.0
1324,role_labeled,passive,passive,a scientist is selected by a reader .,a cousin selects a daughter .,a daughter is selected by a cousin .,a,cousin,a,daughter,select,selects,selected,"[""AGENT=cousin"", ""PATIENT=daughter"", ""VERB=select""]","Prime sentence: a scientist is selected by a reader .
Event roles: AGENT=cousin; PATIENT=daughter; VERB=select
Sentence: the",Sentence: the,first_noun,-7.0544962882995605,-5.007728576660156,2.0467677116394043,passive,1.0
1324,role_labeled,no_prime_eos,no_prime_eos,,a cousin selects a daughter .,a daughter is selected by a cousin .,a,cousin,a,daughter,select,selects,selected,"[""AGENT=cousin"", ""PATIENT=daughter"", ""VERB=select""]","Event roles: AGENT=cousin; PATIENT=daughter; VERB=select
Sentence: the",Sentence: the,first_noun,-7.5429534912109375,-4.490828514099121,3.0521249771118164,passive,1.0
1324,role_labeled,filler,filler,The singer smiled after rehearsal .,a cousin selects a daughter .,a daughter is selected by a cousin .,a,cousin,a,daughter,select,selects,selected,"[""AGENT=cousin"", ""PATIENT=daughter"", ""VERB=select""]","Prime sentence: The singer smiled after rehearsal .
Event roles: AGENT=cousin; PATIENT=daughter; VERB=select
Sentence: the",Sentence: the,first_noun,-7.862603187561035,-5.725702285766602,2.1369009017944336,passive,1.0
1325,role_labeled,active,active,a king helps a lady .,a woman helps a worker .,a worker is helped by a woman .,a,woman,a,worker,help,helps,helped,"[""PATIENT=worker"", ""VERB=help"", ""AGENT=woman""]","Prime sentence: a king helps a lady .
Event roles: PATIENT=worker; VERB=help; AGENT=woman
Sentence: the",Sentence: the,first_noun,-3.4625325202941895,-5.6075897216796875,-2.145057201385498,active,0.0
1325,role_labeled,passive,passive,a lady is helped by a king .,a woman helps a worker .,a worker is helped by a woman .,a,woman,a,worker,help,helps,helped,"[""PATIENT=worker"", ""VERB=help"", ""AGENT=woman""]","Prime sentence: a lady is helped by a king .
Event roles: PATIENT=worker; VERB=help; AGENT=woman
Sentence: the",Sentence: the,first_noun,-3.482480525970459,-5.487859725952148,-2.0053791999816895,active,0.0
1325,role_labeled,no_prime_eos,no_prime_eos,,a woman helps a worker .,a worker is helped by a woman .,a,woman,a,worker,help,helps,helped,"[""PATIENT=worker"", ""VERB=help"", ""AGENT=woman""]","Event roles: PATIENT=worker; VERB=help; AGENT=woman
Sentence: the",Sentence: the,first_noun,-2.7430200576782227,-4.5144548416137695,-1.7714347839355469,active,0.0
1325,role_labeled,filler,filler,The sculpture stood in the hallway .,a woman helps a worker .,a worker is helped by a woman .,a,woman,a,worker,help,helps,helped,"[""PATIENT=worker"", ""VERB=help"", ""AGENT=woman""]","Prime sentence: The sculpture stood in the hallway .
Event roles: PATIENT=worker; VERB=help; AGENT=woman
Sentence: the",Sentence: the,first_noun,-3.222635507583618,-4.796169281005859,-1.5735337734222412,active,0.0
1326,role_labeled,active,active,a boy helps a brother .,a nurse helps an opponent .,an opponent is helped by a nurse .,a,nurse,an,opponent,help,helps,helped,"[""VERB=help"", ""AGENT=nurse"", ""PATIENT=opponent""]","Prime sentence: a boy helps a brother .
Event roles: VERB=help; AGENT=nurse; PATIENT=opponent
Sentence: the",Sentence: the,first_noun,-4.298879623413086,-6.9218058586120605,-2.6229262351989746,active,0.0
1326,role_labeled,passive,passive,a brother is helped by a boy .,a nurse helps an opponent .,an opponent is helped by a nurse .,a,nurse,an,opponent,help,helps,helped,"[""VERB=help"", ""AGENT=nurse"", ""PATIENT=opponent""]","Prime sentence: a brother is helped by a boy .
Event roles: VERB=help; AGENT=nurse; PATIENT=opponent
Sentence: the",Sentence: the,first_noun,-4.64056396484375,-6.789821147918701,-2.149257183074951,active,0.0
1326,role_labeled,no_prime_eos,no_prime_eos,,a nurse helps an opponent .,an opponent is helped by a nurse .,a,nurse,an,opponent,help,helps,helped,"[""VERB=help"", ""AGENT=nurse"", ""PATIENT=opponent""]","Event roles: VERB=help; AGENT=nurse; PATIENT=opponent
Sentence: the",Sentence: the,first_noun,-4.461200714111328,-4.863461494445801,-0.40226078033447266,active,0.0
1326,role_labeled,filler,filler,The tourist wandered through the plaza .,a nurse helps an opponent .,an opponent is helped by a nurse .,a,nurse,an,opponent,help,helps,helped,"[""VERB=help"", ""AGENT=nurse"", ""PATIENT=opponent""]","Prime sentence: The tourist wandered through the plaza .
Event roles: VERB=help; AGENT=nurse; PATIENT=opponent
Sentence: the",Sentence: the,first_noun,-4.354341506958008,-5.93721866607666,-1.5828771591186523,active,0.0
1327,role_labeled,active,active,a singer judges a soldier .,an employer judges a father .,a father is judged by an employer .,an,employer,a,father,judg,judges,judged,"[""PATIENT=father"", ""AGENT=employer"", ""VERB=judg""]","Prime sentence: a singer judges a soldier .
Event roles: PATIENT=father; AGENT=employer; VERB=judg
Sentence: the",Sentence: the,first_noun,-7.156201362609863,-3.951613426208496,3.204587936401367,passive,1.0
1327,role_labeled,passive,passive,a soldier is judged by a singer .,an employer judges a father .,a father is judged by an employer .,an,employer,a,father,judg,judges,judged,"[""PATIENT=father"", ""AGENT=employer"", ""VERB=judg""]","Prime sentence: a soldier is judged by a singer .
Event roles: PATIENT=father; AGENT=employer; VERB=judg
Sentence: the",Sentence: the,first_noun,-6.8864240646362305,-3.9327445030212402,2.9536795616149902,passive,1.0
1327,role_labeled,no_prime_eos,no_prime_eos,,an employer judges a father .,a father is judged by an employer .,an,employer,a,father,judg,judges,judged,"[""PATIENT=father"", ""AGENT=employer"", ""VERB=judg""]","Event roles: PATIENT=father; AGENT=employer; VERB=judg
Sentence: the",Sentence: the,first_noun,-5.79164981842041,-4.025232315063477,1.7664175033569336,passive,1.0
1327,role_labeled,filler,filler,The blanket dried on the line .,an employer judges a father .,a father is judged by an employer .,an,employer,a,father,judg,judges,judged,"[""PATIENT=father"", ""AGENT=employer"", ""VERB=judg""]","Prime sentence: The blanket dried on the line .
Event roles: PATIENT=father; AGENT=employer; VERB=judg
Sentence: the",Sentence: the,first_noun,-6.678061485290527,-4.829214572906494,1.8488469123840332,passive,1.0
1328,role_labeled,active,active,a chief describes a child .,a president describes a priest .,a priest is described by a president .,a,president,a,priest,describ,describes,described,"[""VERB=describ"", ""PATIENT=priest"", ""AGENT=president""]","Prime sentence: a chief describes a child .
Event roles: VERB=describ; PATIENT=priest; AGENT=president
Sentence: the",Sentence: the,first_noun,-4.269374370574951,-4.400989055633545,-0.13161468505859375,active,0.0
1328,role_labeled,passive,passive,a child is described by a chief .,a president describes a priest .,a priest is described by a president .,a,president,a,priest,describ,describes,described,"[""VERB=describ"", ""PATIENT=priest"", ""AGENT=president""]","Prime sentence: a child is described by a chief .
Event roles: VERB=describ; PATIENT=priest; AGENT=president
Sentence: the",Sentence: the,first_noun,-3.7638018131256104,-4.269556045532227,-0.5057542324066162,active,0.0
1328,role_labeled,no_prime_eos,no_prime_eos,,a president describes a priest .,a priest is described by a president .,a,president,a,priest,describ,describes,described,"[""VERB=describ"", ""PATIENT=priest"", ""AGENT=president""]","Event roles: VERB=describ; PATIENT=priest; AGENT=president
Sentence: the",Sentence: the,first_noun,-4.03109073638916,-4.611711502075195,-0.5806207656860352,active,0.0
1328,role_labeled,filler,filler,The kettle whistled in the kitchen .,a president describes a priest .,a priest is described by a president .,a,president,a,priest,describ,describes,described,"[""VERB=describ"", ""PATIENT=priest"", ""AGENT=president""]","Prime sentence: The kettle whistled in the kitchen .
Event roles: VERB=describ; PATIENT=priest; AGENT=president
Sentence: the",Sentence: the,first_noun,-5.132277488708496,-5.305285453796387,-0.17300796508789062,active,0.0
1329,role_labeled,active,active,a boy forgives a brother .,a nurse forgives an opponent .,an opponent is forgiven by a nurse .,a,nurse,an,opponent,forgiv,forgives,forgiven,"[""VERB=forgiv"", ""PATIENT=opponent"", ""AGENT=nurse""]","Prime sentence: a boy forgives a brother .
Event roles: VERB=forgiv; PATIENT=opponent; AGENT=nurse
Sentence: the",Sentence: the,first_noun,-5.373634338378906,-8.058783531188965,-2.6851491928100586,active,0.0
1329,role_labeled,passive,passive,a brother is forgiven by a boy .,a nurse forgives an opponent .,an opponent is forgiven by a nurse .,a,nurse,an,opponent,forgiv,forgives,forgiven,"[""VERB=forgiv"", ""PATIENT=opponent"", ""AGENT=nurse""]","Prime sentence: a brother is forgiven by a boy .
Event roles: VERB=forgiv; PATIENT=opponent; AGENT=nurse
Sentence: the",Sentence: the,first_noun,-5.265512466430664,-8.14464282989502,-2.8791303634643555,active,0.0
1329,role_labeled,no_prime_eos,no_prime_eos,,a nurse forgives an opponent .,an opponent is forgiven by a nurse .,a,nurse,an,opponent,forgiv,forgives,forgiven,"[""VERB=forgiv"", ""PATIENT=opponent"", ""AGENT=nurse""]","Event roles: VERB=forgiv; PATIENT=opponent; AGENT=nurse
Sentence: the",Sentence: the,first_noun,-3.8210630416870117,-6.7421875,-2.9211244583129883,active,0.0
1329,role_labeled,filler,filler,The garden brightened after rain .,a nurse forgives an opponent .,an opponent is forgiven by a nurse .,a,nurse,an,opponent,forgiv,forgives,forgiven,"[""VERB=forgiv"", ""PATIENT=opponent"", ""AGENT=nurse""]","Prime sentence: The garden brightened after rain .
Event roles: VERB=forgiv; PATIENT=opponent; AGENT=nurse
Sentence: the",Sentence: the,first_noun,-6.139695167541504,-9.106255531311035,-2.9665603637695312,active,0.0
1330,role_labeled,active,active,a guest discovers a guy .,a student discovers a teacher .,a teacher is discovered by a student .,a,student,a,teacher,discover,discovers,discovered,"[""AGENT=student"", ""PATIENT=teacher"", ""VERB=discover""]","Prime sentence: a guest discovers a guy .
Event roles: AGENT=student; PATIENT=teacher; VERB=discover
Sentence: the",Sentence: the,first_noun,-2.5078282356262207,-2.91093111038208,-0.4031028747558594,active,0.0
1330,role_labeled,passive,passive,a guy is discovered by a guest .,a student discovers a teacher .,a teacher is discovered by a student .,a,student,a,teacher,discover,discovers,discovered,"[""AGENT=student"", ""PATIENT=teacher"", ""VERB=discover""]","Prime sentence: a guy is discovered by a guest .
Event roles: AGENT=student; PATIENT=teacher; VERB=discover
Sentence: the",Sentence: the,first_noun,-2.2544965744018555,-2.6708335876464844,-0.4163370132446289,active,0.0
1330,role_labeled,no_prime_eos,no_prime_eos,,a student discovers a teacher .,a teacher is discovered by a student .,a,student,a,teacher,discover,discovers,discovered,"[""AGENT=student"", ""PATIENT=teacher"", ""VERB=discover""]","Event roles: AGENT=student; PATIENT=teacher; VERB=discover
Sentence: the",Sentence: the,first_noun,-2.6925103664398193,-3.220771551132202,-0.5282611846923828,active,0.0
1330,role_labeled,filler,filler,The engine cooled before dawn .,a student discovers a teacher .,a teacher is discovered by a student .,a,student,a,teacher,discover,discovers,discovered,"[""AGENT=student"", ""PATIENT=teacher"", ""VERB=discover""]","Prime sentence: The engine cooled before dawn .
Event roles: AGENT=student; PATIENT=teacher; VERB=discover
Sentence: the",Sentence: the,first_noun,-4.583841800689697,-4.378246307373047,0.2055954933166504,passive,1.0
1331,role_labeled,active,active,an employee hurts an employer .,a secretary hurts a sheriff .,a sheriff is hurt by a secretary .,a,secretary,a,sheriff,hurt,hurts,hurt,"[""AGENT=secretary"", ""PATIENT=sheriff"", ""VERB=hurt""]","Prime sentence: an employee hurts an employer .
Event roles: AGENT=secretary; PATIENT=sheriff; VERB=hurt
Sentence: the",Sentence: the,first_noun,-4.970458984375,-4.066554069519043,0.903904914855957,passive,1.0
1331,role_labeled,passive,passive,an employer is hurt by an employee .,a secretary hurts a sheriff .,a sheriff is hurt by a secretary .,a,secretary,a,sheriff,hurt,hurts,hurt,"[""AGENT=secretary"", ""PATIENT=sheriff"", ""VERB=hurt""]","Prime sentence: an employer is hurt by an employee .
Event roles: AGENT=secretary; PATIENT=sheriff; VERB=hurt
Sentence: the",Sentence: the,first_noun,-5.250238418579102,-4.333806991577148,0.9164314270019531,passive,1.0
1331,role_labeled,no_prime_eos,no_prime_eos,,a secretary hurts a sheriff .,a sheriff is hurt by a secretary .,a,secretary,a,sheriff,hurt,hurts,hurt,"[""AGENT=secretary"", ""PATIENT=sheriff"", ""VERB=hurt""]","Event roles: AGENT=secretary; PATIENT=sheriff; VERB=hurt
Sentence: the",Sentence: the,first_noun,-4.706185340881348,-4.687075138092041,0.01911020278930664,passive,1.0
1331,role_labeled,filler,filler,The pillow rested on the sofa .,a secretary hurts a sheriff .,a sheriff is hurt by a secretary .,a,secretary,a,sheriff,hurt,hurts,hurt,"[""AGENT=secretary"", ""PATIENT=sheriff"", ""VERB=hurt""]","Prime sentence: The pillow rested on the sofa .
Event roles: AGENT=secretary; PATIENT=sheriff; VERB=hurt
Sentence: the",Sentence: the,first_noun,-7.333314895629883,-5.272974967956543,2.06033992767334,passive,1.0
1332,role_labeled,active,active,a manager surprises a mayor .,an adult surprises an attorney .,an attorney is surprised by an adult .,an,adult,an,attorney,surpris,surprises,surprised,"[""AGENT=adult"", ""VERB=surpris"", ""PATIENT=attorney""]","Prime sentence: a manager surprises a mayor .
Event roles: AGENT=adult; VERB=surpris; PATIENT=attorney
Sentence: the",Sentence: the,first_noun,-6.234254360198975,-5.779709339141846,0.4545450210571289,passive,1.0
1332,role_labeled,passive,passive,a mayor is surprised by a manager .,an adult surprises an attorney .,an attorney is surprised by an adult .,an,adult,an,attorney,surpris,surprises,surprised,"[""AGENT=adult"", ""VERB=surpris"", ""PATIENT=attorney""]","Prime sentence: a mayor is surprised by a manager .
Event roles: AGENT=adult; VERB=surpris; PATIENT=attorney
Sentence: the",Sentence: the,first_noun,-6.345362663269043,-5.55069637298584,0.7946662902832031,passive,1.0
1332,role_labeled,no_prime_eos,no_prime_eos,,an adult surprises an attorney .,an attorney is surprised by an adult .,an,adult,an,attorney,surpris,surprises,surprised,"[""AGENT=adult"", ""VERB=surpris"", ""PATIENT=attorney""]","Event roles: AGENT=adult; VERB=surpris; PATIENT=attorney
Sentence: the",Sentence: the,first_noun,-4.414215087890625,-6.379464626312256,-1.9652495384216309,active,0.0
1332,role_labeled,filler,filler,The captain waited beside the harbor .,an adult surprises an attorney .,an attorney is surprised by an adult .,an,adult,an,attorney,surpris,surprises,surprised,"[""AGENT=adult"", ""VERB=surpris"", ""PATIENT=attorney""]","Prime sentence: The captain waited beside the harbor .
Event roles: AGENT=adult; VERB=surpris; PATIENT=attorney
Sentence: the",Sentence: the,first_noun,-6.744851112365723,-6.034948348999023,0.7099027633666992,passive,1.0
1333,role_labeled,active,active,a prince washes a princess .,a child washes a colonel .,a colonel is washed by a child .,a,child,a,colonel,wash,washes,washed,"[""PATIENT=colonel"", ""AGENT=child"", ""VERB=wash""]","Prime sentence: a prince washes a princess .
Event roles: PATIENT=colonel; AGENT=child; VERB=wash
Sentence: the",Sentence: the,first_noun,-4.455246925354004,-4.585566520690918,-0.13031959533691406,active,0.0
1333,role_labeled,passive,passive,a princess is washed by a prince .,a child washes a colonel .,a colonel is washed by a child .,a,child,a,colonel,wash,washes,washed,"[""PATIENT=colonel"", ""AGENT=child"", ""VERB=wash""]","Prime sentence: a princess is washed by a prince .
Event roles: PATIENT=colonel; AGENT=child; VERB=wash
Sentence: the",Sentence: the,first_noun,-4.547454833984375,-5.616552352905273,-1.0690975189208984,active,0.0
1333,role_labeled,no_prime_eos,no_prime_eos,,a child washes a colonel .,a colonel is washed by a child .,a,child,a,colonel,wash,washes,washed,"[""PATIENT=colonel"", ""AGENT=child"", ""VERB=wash""]","Event roles: PATIENT=colonel; AGENT=child; VERB=wash
Sentence: the",Sentence: the,first_noun,-4.359166622161865,-5.1797966957092285,-0.8206300735473633,active,0.0
1333,role_labeled,filler,filler,The baker laughed during breakfast .,a child washes a colonel .,a colonel is washed by a child .,a,child,a,colonel,wash,washes,washed,"[""PATIENT=colonel"", ""AGENT=child"", ""VERB=wash""]","Prime sentence: The baker laughed during breakfast .
Event roles: PATIENT=colonel; AGENT=child; VERB=wash
Sentence: the",Sentence: the,first_noun,-4.394219875335693,-4.858336448669434,-0.46411657333374023,active,0.0
1334,role_labeled,active,active,a secretary surprises a sheriff .,a doctor surprises an employee .,an employee is surprised by a doctor .,a,doctor,an,employee,surpris,surprises,surprised,"[""VERB=surpris"", ""PATIENT=employee"", ""AGENT=doctor""]","Prime sentence: a secretary surprises a sheriff .
Event roles: VERB=surpris; PATIENT=employee; AGENT=doctor
Sentence: the",Sentence: the,first_noun,-3.555509328842163,-5.5607805252075195,-2.0052711963653564,active,0.0
1334,role_labeled,passive,passive,a sheriff is surprised by a secretary .,a doctor surprises an employee .,an employee is surprised by a doctor .,a,doctor,an,employee,surpris,surprises,surprised,"[""VERB=surpris"", ""PATIENT=employee"", ""AGENT=doctor""]","Prime sentence: a sheriff is surprised by a secretary .
Event roles: VERB=surpris; PATIENT=employee; AGENT=doctor
Sentence: the",Sentence: the,first_noun,-3.4700100421905518,-5.350400924682617,-1.8803908824920654,active,0.0
1334,role_labeled,no_prime_eos,no_prime_eos,,a doctor surprises an employee .,an employee is surprised by a doctor .,a,doctor,an,employee,surpris,surprises,surprised,"[""VERB=surpris"", ""PATIENT=employee"", ""AGENT=doctor""]","Event roles: VERB=surpris; PATIENT=employee; AGENT=doctor
Sentence: the",Sentence: the,first_noun,-3.600538492202759,-5.566807270050049,-1.96626877784729,active,0.0
1334,role_labeled,filler,filler,The signal flickered across the screen .,a doctor surprises an employee .,an employee is surprised by a doctor .,a,doctor,an,employee,surpris,surprises,surprised,"[""VERB=surpris"", ""PATIENT=employee"", ""AGENT=doctor""]","Prime sentence: The signal flickered across the screen .
Event roles: VERB=surpris; PATIENT=employee; AGENT=doctor
Sentence: the",Sentence: the,first_noun,-3.5299620628356934,-6.318245887756348,-2.7882838249206543,active,0.0
1335,role_labeled,active,active,a manager drags a mayor .,an adult drags an attorney .,an attorney is dragged by an adult .,an,adult,an,attorney,drag,drags,dragged,"[""PATIENT=attorney"", ""AGENT=adult"", ""VERB=drag""]","Prime sentence: a manager drags a mayor .
Event roles: PATIENT=attorney; AGENT=adult; VERB=drag
Sentence: the",Sentence: the,first_noun,-5.830829620361328,-4.99864387512207,0.8321857452392578,passive,1.0
1335,role_labeled,passive,passive,a mayor is dragged by a manager .,an adult drags an attorney .,an attorney is dragged by an adult .,an,adult,an,attorney,drag,drags,dragged,"[""PATIENT=attorney"", ""AGENT=adult"", ""VERB=drag""]","Prime sentence: a mayor is dragged by a manager .
Event roles: PATIENT=attorney; AGENT=adult; VERB=drag
Sentence: the",Sentence: the,first_noun,-6.095929145812988,-5.437015533447266,0.6589136123657227,passive,1.0
1335,role_labeled,no_prime_eos,no_prime_eos,,an adult drags an attorney .,an attorney is dragged by an adult .,an,adult,an,attorney,drag,drags,dragged,"[""PATIENT=attorney"", ""AGENT=adult"", ""VERB=drag""]","Event roles: PATIENT=attorney; AGENT=adult; VERB=drag
Sentence: the",Sentence: the,first_noun,-5.507258892059326,-5.802741050720215,-0.29548215866088867,active,0.0
1335,role_labeled,filler,filler,The teacher listened during assembly .,an adult drags an attorney .,an attorney is dragged by an adult .,an,adult,an,attorney,drag,drags,dragged,"[""PATIENT=attorney"", ""AGENT=adult"", ""VERB=drag""]","Prime sentence: The teacher listened during assembly .
Event roles: PATIENT=attorney; AGENT=adult; VERB=drag
Sentence: the",Sentence: the,first_noun,-4.8289008140563965,-4.629627704620361,0.19927310943603516,passive,1.0
1336,role_labeled,active,active,a lawyer discovers a leader .,a writer discovers an actor .,an actor is discovered by a writer .,a,writer,an,actor,discover,discovers,discovered,"[""PATIENT=actor"", ""AGENT=writer"", ""VERB=discover""]","Prime sentence: a lawyer discovers a leader .
Event roles: PATIENT=actor; AGENT=writer; VERB=discover
Sentence: the",Sentence: the,first_noun,-5.630091190338135,-3.915968894958496,1.7141222953796387,passive,1.0
1336,role_labeled,passive,passive,a leader is discovered by a lawyer .,a writer discovers an actor .,an actor is discovered by a writer .,a,writer,an,actor,discover,discovers,discovered,"[""PATIENT=actor"", ""AGENT=writer"", ""VERB=discover""]","Prime sentence: a leader is discovered by a lawyer .
Event roles: PATIENT=actor; AGENT=writer; VERB=discover
Sentence: the",Sentence: the,first_noun,-6.071654319763184,-4.1597185134887695,1.911935806274414,passive,1.0
1336,role_labeled,no_prime_eos,no_prime_eos,,a writer discovers an actor .,an actor is discovered by a writer .,a,writer,an,actor,discover,discovers,discovered,"[""PATIENT=actor"", ""AGENT=writer"", ""VERB=discover""]","Event roles: PATIENT=actor; AGENT=writer; VERB=discover
Sentence: the",Sentence: the,first_noun,-5.957530975341797,-4.377835750579834,1.579695224761963,passive,1.0
1336,role_labeled,filler,filler,The captain waited beside the harbor .,a writer discovers an actor .,an actor is discovered by a writer .,a,writer,an,actor,discover,discovers,discovered,"[""PATIENT=actor"", ""AGENT=writer"", ""VERB=discover""]","Prime sentence: The captain waited beside the harbor .
Event roles: PATIENT=actor; AGENT=writer; VERB=discover
Sentence: the",Sentence: the,first_noun,-8.982864379882812,-7.825251579284668,1.1576128005981445,passive,1.0
1337,role_labeled,active,active,a pilot describes a president .,a captain describes a champion .,a champion is described by a captain .,a,captain,a,champion,describ,describes,described,"[""AGENT=captain"", ""PATIENT=champion"", ""VERB=describ""]","Prime sentence: a pilot describes a president .
Event roles: AGENT=captain; PATIENT=champion; VERB=describ
Sentence: the",Sentence: the,first_noun,-4.015890121459961,-8.411294937133789,-4.395404815673828,active,0.0
1337,role_labeled,passive,passive,a president is described by a pilot .,a captain describes a champion .,a champion is described by a captain .,a,captain,a,champion,describ,describes,described,"[""AGENT=captain"", ""PATIENT=champion"", ""VERB=describ""]","Prime sentence: a president is described by a pilot .
Event roles: AGENT=captain; PATIENT=champion; VERB=describ
Sentence: the",Sentence: the,first_noun,-4.058124542236328,-8.354031562805176,-4.295907020568848,active,0.0
1337,role_labeled,no_prime_eos,no_prime_eos,,a captain describes a champion .,a champion is described by a captain .,a,captain,a,champion,describ,describes,described,"[""AGENT=captain"", ""PATIENT=champion"", ""VERB=describ""]","Event roles: AGENT=captain; PATIENT=champion; VERB=describ
Sentence: the",Sentence: the,first_noun,-3.105100393295288,-5.125024795532227,-2.0199244022369385,active,0.0
1337,role_labeled,filler,filler,The jacket hung behind the chair .,a captain describes a champion .,a champion is described by a captain .,a,captain,a,champion,describ,describes,described,"[""AGENT=captain"", ""PATIENT=champion"", ""VERB=describ""]","Prime sentence: The jacket hung behind the chair .
Event roles: AGENT=captain; PATIENT=champion; VERB=describ
Sentence: the",Sentence: the,first_noun,-3.8998467922210693,-7.092554092407227,-3.1927073001861572,active,0.0
1338,role_labeled,active,active,a sheriff selects a singer .,an employee selects an employer .,an employer is selected by an employee .,an,employee,an,employer,select,selects,selected,"[""VERB=select"", ""AGENT=employee"", ""PATIENT=employer""]","Prime sentence: a sheriff selects a singer .
Event roles: VERB=select; AGENT=employee; PATIENT=employer
Sentence: the",Sentence: the,first_noun,-3.8861758708953857,-4.946104049682617,-1.0599281787872314,active,0.0
1338,role_labeled,passive,passive,a singer is selected by a sheriff .,an employee selects an employer .,an employer is selected by an employee .,an,employee,an,employer,select,selects,selected,"[""VERB=select"", ""AGENT=employee"", ""PATIENT=employer""]","Prime sentence: a singer is selected by a sheriff .
Event roles: VERB=select; AGENT=employee; PATIENT=employer
Sentence: the",Sentence: the,first_noun,-4.2542724609375,-5.0407209396362305,-0.7864484786987305,active,0.0
1338,role_labeled,no_prime_eos,no_prime_eos,,an employee selects an employer .,an employer is selected by an employee .,an,employee,an,employer,select,selects,selected,"[""VERB=select"", ""AGENT=employee"", ""PATIENT=employer""]","Event roles: VERB=select; AGENT=employee; PATIENT=employer
Sentence: the",Sentence: the,first_noun,-3.8780720233917236,-5.2291107177734375,-1.3510386943817139,active,0.0
1338,role_labeled,filler,filler,The planet shimmered above the valley .,an employee selects an employer .,an employer is selected by an employee .,an,employee,an,employer,select,selects,selected,"[""VERB=select"", ""AGENT=employee"", ""PATIENT=employer""]","Prime sentence: The planet shimmered above the valley .
Event roles: VERB=select; AGENT=employee; PATIENT=employer
Sentence: the",Sentence: the,first_noun,-7.085741996765137,-8.276618957519531,-1.1908769607543945,active,0.0
1339,role_labeled,active,active,a parent forgets a partner .,a brother forgets a buddy .,a buddy is forgotten by a brother .,a,brother,a,buddy,forget,forgets,forgotten,"[""AGENT=brother"", ""VERB=forget"", ""PATIENT=buddy""]","Prime sentence: a parent forgets a partner .
Event roles: AGENT=brother; VERB=forget; PATIENT=buddy
Sentence: the",Sentence: the,first_noun,-5.069945335388184,-8.627531051635742,-3.5575857162475586,active,0.0
1339,role_labeled,passive,passive,a partner is forgotten by a parent .,a brother forgets a buddy .,a buddy is forgotten by a brother .,a,brother,a,buddy,forget,forgets,forgotten,"[""AGENT=brother"", ""VERB=forget"", ""PATIENT=buddy""]","Prime sentence: a partner is forgotten by a parent .
Event roles: AGENT=brother; VERB=forget; PATIENT=buddy
Sentence: the",Sentence: the,first_noun,-4.859348297119141,-8.075738906860352,-3.216390609741211,active,0.0
1339,role_labeled,no_prime_eos,no_prime_eos,,a brother forgets a buddy .,a buddy is forgotten by a brother .,a,brother,a,buddy,forget,forgets,forgotten,"[""AGENT=brother"", ""VERB=forget"", ""PATIENT=buddy""]","Event roles: AGENT=brother; VERB=forget; PATIENT=buddy
Sentence: the",Sentence: the,first_noun,-4.5698676109313965,-8.330554962158203,-3.7606873512268066,active,0.0
1339,role_labeled,filler,filler,The witness paused near the doorway .,a brother forgets a buddy .,a buddy is forgotten by a brother .,a,brother,a,buddy,forget,forgets,forgotten,"[""AGENT=brother"", ""VERB=forget"", ""PATIENT=buddy""]","Prime sentence: The witness paused near the doorway .
Event roles: AGENT=brother; VERB=forget; PATIENT=buddy
Sentence: the",Sentence: the,first_noun,-4.665581226348877,-8.602624893188477,-3.9370436668395996,active,0.0
1340,role_labeled,active,active,a scientist discovers a secretary .,a daughter discovers a doctor .,a doctor is discovered by a daughter .,a,daughter,a,doctor,discover,discovers,discovered,"[""AGENT=daughter"", ""VERB=discover"", ""PATIENT=doctor""]","Prime sentence: a scientist discovers a secretary .
Event roles: AGENT=daughter; VERB=discover; PATIENT=doctor
Sentence: the",Sentence: the,first_noun,-4.613043785095215,-2.869520664215088,1.743523120880127,passive,1.0
1340,role_labeled,passive,passive,a secretary is discovered by a scientist .,a daughter discovers a doctor .,a doctor is discovered by a daughter .,a,daughter,a,doctor,discover,discovers,discovered,"[""AGENT=daughter"", ""VERB=discover"", ""PATIENT=doctor""]","Prime sentence: a secretary is discovered by a scientist .
Event roles: AGENT=daughter; VERB=discover; PATIENT=doctor
Sentence: the",Sentence: the,first_noun,-5.020230770111084,-2.7871081829071045,2.2331225872039795,passive,1.0
1340,role_labeled,no_prime_eos,no_prime_eos,,a daughter discovers a doctor .,a doctor is discovered by a daughter .,a,daughter,a,doctor,discover,discovers,discovered,"[""AGENT=daughter"", ""VERB=discover"", ""PATIENT=doctor""]","Event roles: AGENT=daughter; VERB=discover; PATIENT=doctor
Sentence: the",Sentence: the,first_noun,-4.432672500610352,-3.6870245933532715,0.7456479072570801,passive,1.0
1340,role_labeled,filler,filler,The blanket dried on the line .,a daughter discovers a doctor .,a doctor is discovered by a daughter .,a,daughter,a,doctor,discover,discovers,discovered,"[""AGENT=daughter"", ""VERB=discover"", ""PATIENT=doctor""]","Prime sentence: The blanket dried on the line .
Event roles: AGENT=daughter; VERB=discover; PATIENT=doctor
Sentence: the",Sentence: the,first_noun,-6.525566101074219,-3.9876081943511963,2.5379579067230225,passive,1.0
1341,role_labeled,active,active,an adult protects an attorney .,a man protects a manager .,a manager is protected by a man .,a,man,a,manager,protect,protects,protected,"[""AGENT=man"", ""VERB=protect"", ""PATIENT=manager""]","Prime sentence: an adult protects an attorney .
Event roles: AGENT=man; VERB=protect; PATIENT=manager
Sentence: the",Sentence: the,first_noun,-4.0852155685424805,-4.681972503662109,-0.5967569351196289,active,0.0
1341,role_labeled,passive,passive,an attorney is protected by an adult .,a man protects a manager .,a manager is protected by a man .,a,man,a,manager,protect,protects,protected,"[""AGENT=man"", ""VERB=protect"", ""PATIENT=manager""]","Prime sentence: an attorney is protected by an adult .
Event roles: AGENT=man; VERB=protect; PATIENT=manager
Sentence: the",Sentence: the,first_noun,-4.2580766677856445,-4.850843906402588,-0.5927672386169434,active,0.0
1341,role_labeled,no_prime_eos,no_prime_eos,,a man protects a manager .,a manager is protected by a man .,a,man,a,manager,protect,protects,protected,"[""AGENT=man"", ""VERB=protect"", ""PATIENT=manager""]","Event roles: AGENT=man; VERB=protect; PATIENT=manager
Sentence: the",Sentence: the,first_noun,-3.3509573936462402,-4.539854526519775,-1.1888971328735352,active,0.0
1341,role_labeled,filler,filler,The violin echoed in the theater .,a man protects a manager .,a manager is protected by a man .,a,man,a,manager,protect,protects,protected,"[""AGENT=man"", ""VERB=protect"", ""PATIENT=manager""]","Prime sentence: The violin echoed in the theater .
Event roles: AGENT=man; VERB=protect; PATIENT=manager
Sentence: the",Sentence: the,first_noun,-4.207573890686035,-5.763068199157715,-1.5554943084716797,active,0.0
1342,role_labeled,active,active,a student joins a teacher .,a girl joins a guest .,a guest is joined by a girl .,a,girl,a,guest,join,joins,joined,"[""PATIENT=guest"", ""AGENT=girl"", ""VERB=join""]","Prime sentence: a student joins a teacher .
Event roles: PATIENT=guest; AGENT=girl; VERB=join
Sentence: the",Sentence: the,first_noun,-2.3714356422424316,-5.1602935791015625,-2.788857936859131,active,0.0
1342,role_labeled,passive,passive,a teacher is joined by a student .,a girl joins a guest .,a guest is joined by a girl .,a,girl,a,guest,join,joins,joined,"[""PATIENT=guest"", ""AGENT=girl"", ""VERB=join""]","Prime sentence: a teacher is joined by a student .
Event roles: PATIENT=guest; AGENT=girl; VERB=join
Sentence: the",Sentence: the,first_noun,-2.4238686561584473,-4.82246732711792,-2.3985986709594727,active,0.0
1342,role_labeled,no_prime_eos,no_prime_eos,,a girl joins a guest .,a guest is joined by a girl .,a,girl,a,guest,join,joins,joined,"[""PATIENT=guest"", ""AGENT=girl"", ""VERB=join""]","Event roles: PATIENT=guest; AGENT=girl; VERB=join
Sentence: the",Sentence: the,first_noun,-2.2669577598571777,-5.204442024230957,-2.9374842643737793,active,0.0
1342,role_labeled,filler,filler,The lantern glowed near sunset .,a girl joins a guest .,a guest is joined by a girl .,a,girl,a,guest,join,joins,joined,"[""PATIENT=guest"", ""AGENT=girl"", ""VERB=join""]","Prime sentence: The lantern glowed near sunset .
Event roles: PATIENT=guest; AGENT=girl; VERB=join
Sentence: the",Sentence: the,first_noun,-3.8707869052886963,-7.060102462768555,-3.1893155574798584,active,0.0
1343,role_labeled,active,active,an employee embraces an employer .,a secretary embraces a sheriff .,a sheriff is embraced by a secretary .,a,secretary,a,sheriff,embrac,embraces,embraced,"[""AGENT=secretary"", ""PATIENT=sheriff"", ""VERB=embrac""]","Prime sentence: an employee embraces an employer .
Event roles: AGENT=secretary; PATIENT=sheriff; VERB=embrac
Sentence: the",Sentence: the,first_noun,-5.5771589279174805,-4.852050304412842,0.7251086235046387,passive,1.0
1343,role_labeled,passive,passive,an employer is embraced by an employee .,a secretary embraces a sheriff .,a sheriff is embraced by a secretary .,a,secretary,a,sheriff,embrac,embraces,embraced,"[""AGENT=secretary"", ""PATIENT=sheriff"", ""VERB=embrac""]","Prime sentence: an employer is embraced by an employee .
Event roles: AGENT=secretary; PATIENT=sheriff; VERB=embrac
Sentence: the",Sentence: the,first_noun,-6.049966812133789,-5.791927337646484,0.2580394744873047,passive,1.0
1343,role_labeled,no_prime_eos,no_prime_eos,,a secretary embraces a sheriff .,a sheriff is embraced by a secretary .,a,secretary,a,sheriff,embrac,embraces,embraced,"[""AGENT=secretary"", ""PATIENT=sheriff"", ""VERB=embrac""]","Event roles: AGENT=secretary; PATIENT=sheriff; VERB=embrac
Sentence: the",Sentence: the,first_noun,-4.706367492675781,-5.267891883850098,-0.5615243911743164,active,0.0
1343,role_labeled,filler,filler,The witness paused near the doorway .,a secretary embraces a sheriff .,a sheriff is embraced by a secretary .,a,secretary,a,sheriff,embrac,embraces,embraced,"[""AGENT=secretary"", ""PATIENT=sheriff"", ""VERB=embrac""]","Prime sentence: The witness paused near the doorway .
Event roles: AGENT=secretary; PATIENT=sheriff; VERB=embrac
Sentence: the",Sentence: the,first_noun,-5.201945781707764,-4.018873691558838,1.1830720901489258,passive,1.0
1344,role_labeled,active,active,a kid comforts a king .,a winner comforts a woman .,a woman is comforted by a winner .,a,winner,a,woman,comfort,comforts,comforted,"[""VERB=comfort"", ""AGENT=winner"", ""PATIENT=woman""]","Prime sentence: a kid comforts a king .
Event roles: VERB=comfort; AGENT=winner; PATIENT=woman
Sentence: the",Sentence: the,first_noun,-6.945824146270752,-4.871339321136475,2.0744848251342773,passive,1.0
1344,role_labeled,passive,passive,a king is comforted by a kid .,a winner comforts a woman .,a woman is comforted by a winner .,a,winner,a,woman,comfort,comforts,comforted,"[""VERB=comfort"", ""AGENT=winner"", ""PATIENT=woman""]","Prime sentence: a king is comforted by a kid .
Event roles: VERB=comfort; AGENT=winner; PATIENT=woman
Sentence: the",Sentence: the,first_noun,-7.439477920532227,-4.950735092163086,2.4887428283691406,passive,1.0
1344,role_labeled,no_prime_eos,no_prime_eos,,a winner comforts a woman .,a woman is comforted by a winner .,a,winner,a,woman,comfort,comforts,comforted,"[""VERB=comfort"", ""AGENT=winner"", ""PATIENT=woman""]","Event roles: VERB=comfort; AGENT=winner; PATIENT=woman
Sentence: the",Sentence: the,first_noun,-4.730106353759766,-3.5650575160980225,1.1650488376617432,passive,1.0
1344,role_labeled,filler,filler,The window rattled during the storm .,a winner comforts a woman .,a woman is comforted by a winner .,a,winner,a,woman,comfort,comforts,comforted,"[""VERB=comfort"", ""AGENT=winner"", ""PATIENT=woman""]","Prime sentence: The window rattled during the storm .
Event roles: VERB=comfort; AGENT=winner; PATIENT=woman
Sentence: the",Sentence: the,first_noun,-8.78106689453125,-4.741684913635254,4.039381980895996,passive,1.0
1345,role_labeled,active,active,a friend selects a girl .,a soldier selects a son .,a son is selected by a soldier .,a,soldier,a,son,select,selects,selected,"[""AGENT=soldier"", ""VERB=select"", ""PATIENT=son""]","Prime sentence: a friend selects a girl .
Event roles: AGENT=soldier; VERB=select; PATIENT=son
Sentence: the",Sentence: the,first_noun,-2.427142381668091,-4.953723907470703,-2.5265815258026123,active,0.0
1345,role_labeled,passive,passive,a girl is selected by a friend .,a soldier selects a son .,a son is selected by a soldier .,a,soldier,a,son,select,selects,selected,"[""AGENT=soldier"", ""VERB=select"", ""PATIENT=son""]","Prime sentence: a girl is selected by a friend .
Event roles: AGENT=soldier; VERB=select; PATIENT=son
Sentence: the",Sentence: the,first_noun,-2.8013298511505127,-5.159478187561035,-2.3581483364105225,active,0.0
1345,role_labeled,no_prime_eos,no_prime_eos,,a soldier selects a son .,a son is selected by a soldier .,a,soldier,a,son,select,selects,selected,"[""AGENT=soldier"", ""VERB=select"", ""PATIENT=son""]","Event roles: AGENT=soldier; VERB=select; PATIENT=son
Sentence: the",Sentence: the,first_noun,-3.370471477508545,-4.673427104949951,-1.3029556274414062,active,0.0
1345,role_labeled,filler,filler,The market opened after sunrise .,a soldier selects a son .,a son is selected by a soldier .,a,soldier,a,son,select,selects,selected,"[""AGENT=soldier"", ""VERB=select"", ""PATIENT=son""]","Prime sentence: The market opened after sunrise .
Event roles: AGENT=soldier; VERB=select; PATIENT=son
Sentence: the",Sentence: the,first_noun,-5.146218776702881,-7.065033912658691,-1.9188151359558105,active,0.0
1346,role_labeled,active,active,a secretary kills a sheriff .,a doctor kills an employee .,an employee is killed by a doctor .,a,doctor,an,employee,kill,kills,killed,"[""VERB=kill"", ""PATIENT=employee"", ""AGENT=doctor""]","Prime sentence: a secretary kills a sheriff .
Event roles: VERB=kill; PATIENT=employee; AGENT=doctor
Sentence: the",Sentence: the,first_noun,-3.2774744033813477,-5.113489627838135,-1.836015224456787,active,0.0
1346,role_labeled,passive,passive,a sheriff is killed by a secretary .,a doctor kills an employee .,an employee is killed by a doctor .,a,doctor,an,employee,kill,kills,killed,"[""VERB=kill"", ""PATIENT=employee"", ""AGENT=doctor""]","Prime sentence: a sheriff is killed by a secretary .
Event roles: VERB=kill; PATIENT=employee; AGENT=doctor
Sentence: the",Sentence: the,first_noun,-3.4518909454345703,-4.680456161499023,-1.2285652160644531,active,0.0
1346,role_labeled,no_prime_eos,no_prime_eos,,a doctor kills an employee .,an employee is killed by a doctor .,a,doctor,an,employee,kill,kills,killed,"[""VERB=kill"", ""PATIENT=employee"", ""AGENT=doctor""]","Event roles: VERB=kill; PATIENT=employee; AGENT=doctor
Sentence: the",Sentence: the,first_noun,-3.4297871589660645,-4.866822242736816,-1.437035083770752,active,0.0
1346,role_labeled,filler,filler,The lantern glowed near sunset .,a doctor kills an employee .,an employee is killed by a doctor .,a,doctor,an,employee,kill,kills,killed,"[""VERB=kill"", ""PATIENT=employee"", ""AGENT=doctor""]","Prime sentence: The lantern glowed near sunset .
Event roles: VERB=kill; PATIENT=employee; AGENT=doctor
Sentence: the",Sentence: the,first_noun,-5.025689125061035,-7.682811737060547,-2.6571226119995117,active,0.0
1347,role_labeled,active,active,an aunt washes an author .,a mayor washes a minister .,a minister is washed by a mayor .,a,mayor,a,minister,wash,washes,washed,"[""AGENT=mayor"", ""PATIENT=minister"", ""VERB=wash""]","Prime sentence: an aunt washes an author .
Event roles: AGENT=mayor; PATIENT=minister; VERB=wash
Sentence: the",Sentence: the,first_noun,-3.0304958820343018,-4.758441925048828,-1.7279460430145264,active,0.0
1347,role_labeled,passive,passive,an author is washed by an aunt .,a mayor washes a minister .,a minister is washed by a mayor .,a,mayor,a,minister,wash,washes,washed,"[""AGENT=mayor"", ""PATIENT=minister"", ""VERB=wash""]","Prime sentence: an author is washed by an aunt .
Event roles: AGENT=mayor; PATIENT=minister; VERB=wash
Sentence: the",Sentence: the,first_noun,-3.4463682174682617,-5.219696044921875,-1.7733278274536133,active,0.0
1347,role_labeled,no_prime_eos,no_prime_eos,,a mayor washes a minister .,a minister is washed by a mayor .,a,mayor,a,minister,wash,washes,washed,"[""AGENT=mayor"", ""PATIENT=minister"", ""VERB=wash""]","Event roles: AGENT=mayor; PATIENT=minister; VERB=wash
Sentence: the",Sentence: the,first_noun,-2.986692190170288,-4.784923553466797,-1.7982313632965088,active,0.0
1347,role_labeled,filler,filler,The traveler rested beside the river .,a mayor washes a minister .,a minister is washed by a mayor .,a,mayor,a,minister,wash,washes,washed,"[""AGENT=mayor"", ""PATIENT=minister"", ""VERB=wash""]","Prime sentence: The traveler rested beside the river .
Event roles: AGENT=mayor; PATIENT=minister; VERB=wash
Sentence: the",Sentence: the,first_noun,-3.8997278213500977,-5.420340538024902,-1.5206127166748047,active,0.0
1348,role_labeled,active,active,a mayor asks a minister .,an attorney asks an aunt .,an aunt is asked by an attorney .,an,attorney,an,aunt,ask,asks,asked,"[""VERB=ask"", ""AGENT=attorney"", ""PATIENT=aunt""]","Prime sentence: a mayor asks a minister .
Event roles: VERB=ask; AGENT=attorney; PATIENT=aunt
Sentence: the",Sentence: the,first_noun,-6.705141067504883,-7.357480525970459,-0.6523394584655762,active,0.0
1348,role_labeled,passive,passive,a minister is asked by a mayor .,an attorney asks an aunt .,an aunt is asked by an attorney .,an,attorney,an,aunt,ask,asks,asked,"[""VERB=ask"", ""AGENT=attorney"", ""PATIENT=aunt""]","Prime sentence: a minister is asked by a mayor .
Event roles: VERB=ask; AGENT=attorney; PATIENT=aunt
Sentence: the",Sentence: the,first_noun,-6.580661296844482,-8.115407943725586,-1.5347466468811035,active,0.0
1348,role_labeled,no_prime_eos,no_prime_eos,,an attorney asks an aunt .,an aunt is asked by an attorney .,an,attorney,an,aunt,ask,asks,asked,"[""VERB=ask"", ""AGENT=attorney"", ""PATIENT=aunt""]","Event roles: VERB=ask; AGENT=attorney; PATIENT=aunt
Sentence: the",Sentence: the,first_noun,-6.1250410079956055,-9.018205642700195,-2.89316463470459,active,0.0
1348,role_labeled,filler,filler,The teacher listened during assembly .,an attorney asks an aunt .,an aunt is asked by an attorney .,an,attorney,an,aunt,ask,asks,asked,"[""VERB=ask"", ""AGENT=attorney"", ""PATIENT=aunt""]","Prime sentence: The teacher listened during assembly .
Event roles: VERB=ask; AGENT=attorney; PATIENT=aunt
Sentence: the",Sentence: the,first_noun,-5.7341790199279785,-4.528329372406006,1.2058496475219727,passive,1.0
1349,role_labeled,active,active,a lady embraces a lawyer .,a worker embraces a writer .,a writer is embraced by a worker .,a,worker,a,writer,embrac,embraces,embraced,"[""AGENT=worker"", ""PATIENT=writer"", ""VERB=embrac""]","Prime sentence: a lady embraces a lawyer .
Event roles: AGENT=worker; PATIENT=writer; VERB=embrac
Sentence: the",Sentence: the,first_noun,-6.100804805755615,-6.381770133972168,-0.28096532821655273,active,0.0
1349,role_labeled,passive,passive,a lawyer is embraced by a lady .,a worker embraces a writer .,a writer is embraced by a worker .,a,worker,a,writer,embrac,embraces,embraced,"[""AGENT=worker"", ""PATIENT=writer"", ""VERB=embrac""]","Prime sentence: a lawyer is embraced by a lady .
Event roles: AGENT=worker; PATIENT=writer; VERB=embrac
Sentence: the",Sentence: the,first_noun,-6.047490119934082,-6.319149017333984,-0.27165889739990234,active,0.0
1349,role_labeled,no_prime_eos,no_prime_eos,,a worker embraces a writer .,a writer is embraced by a worker .,a,worker,a,writer,embrac,embraces,embraced,"[""AGENT=worker"", ""PATIENT=writer"", ""VERB=embrac""]","Event roles: AGENT=worker; PATIENT=writer; VERB=embrac
Sentence: the",Sentence: the,first_noun,-4.253530025482178,-5.083582401275635,-0.830052375793457,active,0.0
1349,role_labeled,filler,filler,The garden brightened after rain .,a worker embraces a writer .,a writer is embraced by a worker .,a,worker,a,writer,embrac,embraces,embraced,"[""AGENT=worker"", ""PATIENT=writer"", ""VERB=embrac""]","Prime sentence: The garden brightened after rain .
Event roles: AGENT=worker; PATIENT=writer; VERB=embrac
Sentence: the",Sentence: the,first_noun,-7.235472679138184,-7.940019607543945,-0.7045469284057617,active,0.0
1350,role_labeled,active,active,an attorney hurries an aunt .,a manager hurries a mayor .,a mayor is hurried by a manager .,a,manager,a,mayor,hurry,hurries,hurried,"[""AGENT=manager"", ""VERB=hurry"", ""PATIENT=mayor""]","Prime sentence: an attorney hurries an aunt .
Event roles: AGENT=manager; VERB=hurry; PATIENT=mayor
Sentence: the",Sentence: the,first_noun,-4.801253318786621,-2.8502142429351807,1.9510390758514404,passive,1.0
1350,role_labeled,passive,passive,an aunt is hurried by an attorney .,a manager hurries a mayor .,a mayor is hurried by a manager .,a,manager,a,mayor,hurry,hurries,hurried,"[""AGENT=manager"", ""VERB=hurry"", ""PATIENT=mayor""]","Prime sentence: an aunt is hurried by an attorney .
Event roles: AGENT=manager; VERB=hurry; PATIENT=mayor
Sentence: the",Sentence: the,first_noun,-5.018976211547852,-3.088008403778076,1.9309678077697754,passive,1.0
1350,role_labeled,no_prime_eos,no_prime_eos,,a manager hurries a mayor .,a mayor is hurried by a manager .,a,manager,a,mayor,hurry,hurries,hurried,"[""AGENT=manager"", ""VERB=hurry"", ""PATIENT=mayor""]","Event roles: AGENT=manager; VERB=hurry; PATIENT=mayor
Sentence: the",Sentence: the,first_noun,-4.5545854568481445,-3.3211331367492676,1.233452320098877,passive,1.0
1350,role_labeled,filler,filler,The singer smiled after rehearsal .,a manager hurries a mayor .,a mayor is hurried by a manager .,a,manager,a,mayor,hurry,hurries,hurried,"[""AGENT=manager"", ""VERB=hurry"", ""PATIENT=mayor""]","Prime sentence: The singer smiled after rehearsal .
Event roles: AGENT=manager; VERB=hurry; PATIENT=mayor
Sentence: the",Sentence: the,first_noun,-4.01951789855957,-3.317037343978882,0.7024805545806885,passive,1.0
1351,role_labeled,active,active,a worker catches a writer .,a king catches a lady .,a lady is caught by a king .,a,king,a,lady,catch,catches,caught,"[""AGENT=king"", ""VERB=catch"", ""PATIENT=lady""]","Prime sentence: a worker catches a writer .
Event roles: AGENT=king; VERB=catch; PATIENT=lady
Sentence: the",Sentence: the,first_noun,-1.7549984455108643,-5.293845176696777,-3.538846731185913,active,0.0
1351,role_labeled,passive,passive,a writer is caught by a worker .,a king catches a lady .,a lady is caught by a king .,a,king,a,lady,catch,catches,caught,"[""AGENT=king"", ""VERB=catch"", ""PATIENT=lady""]","Prime sentence: a writer is caught by a worker .
Event roles: AGENT=king; VERB=catch; PATIENT=lady
Sentence: the",Sentence: the,first_noun,-2.157228946685791,-5.618856430053711,-3.46162748336792,active,0.0
1351,role_labeled,no_prime_eos,no_prime_eos,,a king catches a lady .,a lady is caught by a king .,a,king,a,lady,catch,catches,caught,"[""AGENT=king"", ""VERB=catch"", ""PATIENT=lady""]","Event roles: AGENT=king; VERB=catch; PATIENT=lady
Sentence: the",Sentence: the,first_noun,-2.909484624862671,-5.386584281921387,-2.477099657058716,active,0.0
1351,role_labeled,filler,filler,The teacher listened during assembly .,a king catches a lady .,a lady is caught by a king .,a,king,a,lady,catch,catches,caught,"[""AGENT=king"", ""VERB=catch"", ""PATIENT=lady""]","Prime sentence: The teacher listened during assembly .
Event roles: AGENT=king; VERB=catch; PATIENT=lady
Sentence: the",Sentence: the,first_noun,-1.782734751701355,-4.471885681152344,-2.6891509294509888,active,0.0
1352,role_labeled,active,active,a professor discovers a reader .,a cop discovers a cousin .,a cousin is discovered by a cop .,a,cop,a,cousin,discover,discovers,discovered,"[""AGENT=cop"", ""PATIENT=cousin"", ""VERB=discover""]","Prime sentence: a professor discovers a reader .
Event roles: AGENT=cop; PATIENT=cousin; VERB=discover
Sentence: the",Sentence: the,first_noun,-4.6336283683776855,-8.4329833984375,-3.7993550300598145,active,0.0
1352,role_labeled,passive,passive,a reader is discovered by a professor .,a cop discovers a cousin .,a cousin is discovered by a cop .,a,cop,a,cousin,discover,discovers,discovered,"[""AGENT=cop"", ""PATIENT=cousin"", ""VERB=discover""]","Prime sentence: a reader is discovered by a professor .
Event roles: AGENT=cop; PATIENT=cousin; VERB=discover
Sentence: the",Sentence: the,first_noun,-5.16087007522583,-8.958553314208984,-3.7976832389831543,active,0.0
1352,role_labeled,no_prime_eos,no_prime_eos,,a cop discovers a cousin .,a cousin is discovered by a cop .,a,cop,a,cousin,discover,discovers,discovered,"[""AGENT=cop"", ""PATIENT=cousin"", ""VERB=discover""]","Event roles: AGENT=cop; PATIENT=cousin; VERB=discover
Sentence: the",Sentence: the,first_noun,-5.673094749450684,-8.637863159179688,-2.964768409729004,active,0.0
1352,role_labeled,filler,filler,The blanket dried on the line .,a cop discovers a cousin .,a cousin is discovered by a cop .,a,cop,a,cousin,discover,discovers,discovered,"[""AGENT=cop"", ""PATIENT=cousin"", ""VERB=discover""]","Prime sentence: The blanket dried on the line .
Event roles: AGENT=cop; PATIENT=cousin; VERB=discover
Sentence: the",Sentence: the,first_noun,-6.642314434051514,-9.79092025756836,-3.1486058235168457,active,0.0
1353,role_labeled,active,active,a student forgets a teacher .,a girl forgets a guest .,a guest is forgotten by a girl .,a,girl,a,guest,forget,forgets,forgotten,"[""AGENT=girl"", ""VERB=forget"", ""PATIENT=guest""]","Prime sentence: a student forgets a teacher .
Event roles: AGENT=girl; VERB=forget; PATIENT=guest
Sentence: the",Sentence: the,first_noun,-2.2139394283294678,-6.183657646179199,-3.9697182178497314,active,0.0
1353,role_labeled,passive,passive,a teacher is forgotten by a student .,a girl forgets a guest .,a guest is forgotten by a girl .,a,girl,a,guest,forget,forgets,forgotten,"[""AGENT=girl"", ""VERB=forget"", ""PATIENT=guest""]","Prime sentence: a teacher is forgotten by a student .
Event roles: AGENT=girl; VERB=forget; PATIENT=guest
Sentence: the",Sentence: the,first_noun,-2.2820260524749756,-6.2806396484375,-3.9986135959625244,active,0.0
1353,role_labeled,no_prime_eos,no_prime_eos,,a girl forgets a guest .,a guest is forgotten by a girl .,a,girl,a,guest,forget,forgets,forgotten,"[""AGENT=girl"", ""VERB=forget"", ""PATIENT=guest""]","Event roles: AGENT=girl; VERB=forget; PATIENT=guest
Sentence: the",Sentence: the,first_noun,-1.8961352109909058,-5.2539777755737305,-3.3578425645828247,active,0.0
1353,role_labeled,filler,filler,The blanket dried on the line .,a girl forgets a guest .,a guest is forgotten by a girl .,a,girl,a,guest,forget,forgets,forgotten,"[""AGENT=girl"", ""VERB=forget"", ""PATIENT=guest""]","Prime sentence: The blanket dried on the line .
Event roles: AGENT=girl; VERB=forget; PATIENT=guest
Sentence: the",Sentence: the,first_noun,-3.345411777496338,-7.035916328430176,-3.690504550933838,active,0.0
1354,role_labeled,active,active,a president judges a priest .,a champion judges a chief .,a chief is judged by a champion .,a,champion,a,chief,judg,judges,judged,"[""VERB=judg"", ""AGENT=champion"", ""PATIENT=chief""]","Prime sentence: a president judges a priest .
Event roles: VERB=judg; AGENT=champion; PATIENT=chief
Sentence: the",Sentence: the,first_noun,-6.687509536743164,-5.167777061462402,1.5197324752807617,passive,1.0
1354,role_labeled,passive,passive,a priest is judged by a president .,a champion judges a chief .,a chief is judged by a champion .,a,champion,a,chief,judg,judges,judged,"[""VERB=judg"", ""AGENT=champion"", ""PATIENT=chief""]","Prime sentence: a priest is judged by a president .
Event roles: VERB=judg; AGENT=champion; PATIENT=chief
Sentence: the",Sentence: the,first_noun,-6.263079643249512,-5.131766319274902,1.1313133239746094,passive,1.0
1354,role_labeled,no_prime_eos,no_prime_eos,,a champion judges a chief .,a chief is judged by a champion .,a,champion,a,chief,judg,judges,judged,"[""VERB=judg"", ""AGENT=champion"", ""PATIENT=chief""]","Event roles: VERB=judg; AGENT=champion; PATIENT=chief
Sentence: the",Sentence: the,first_noun,-5.1200737953186035,-4.946829319000244,0.17324447631835938,passive,1.0
1354,role_labeled,filler,filler,The pillow rested on the sofa .,a champion judges a chief .,a chief is judged by a champion .,a,champion,a,chief,judg,judges,judged,"[""VERB=judg"", ""AGENT=champion"", ""PATIENT=chief""]","Prime sentence: The pillow rested on the sofa .
Event roles: VERB=judg; AGENT=champion; PATIENT=chief
Sentence: the",Sentence: the,first_noun,-7.546399116516113,-7.487910270690918,0.05848884582519531,passive,1.0
1355,role_labeled,active,active,a daughter raises a doctor .,a reader raises a scientist .,a scientist is raised by a reader .,a,reader,a,scientist,rais,raises,raised,"[""PATIENT=scientist"", ""AGENT=reader"", ""VERB=rais""]","Prime sentence: a daughter raises a doctor .
Event roles: PATIENT=scientist; AGENT=reader; VERB=rais
Sentence: the",Sentence: the,first_noun,-5.775582313537598,-3.8044910430908203,1.9710912704467773,passive,1.0
1355,role_labeled,passive,passive,a doctor is raised by a daughter .,a reader raises a scientist .,a scientist is raised by a reader .,a,reader,a,scientist,rais,raises,raised,"[""PATIENT=scientist"", ""AGENT=reader"", ""VERB=rais""]","Prime sentence: a doctor is raised by a daughter .
Event roles: PATIENT=scientist; AGENT=reader; VERB=rais
Sentence: the",Sentence: the,first_noun,-5.804091453552246,-3.635225534439087,2.168865919113159,passive,1.0
1355,role_labeled,no_prime_eos,no_prime_eos,,a reader raises a scientist .,a scientist is raised by a reader .,a,reader,a,scientist,rais,raises,raised,"[""PATIENT=scientist"", ""AGENT=reader"", ""VERB=rais""]","Event roles: PATIENT=scientist; AGENT=reader; VERB=rais
Sentence: the",Sentence: the,first_noun,-4.6644287109375,-4.640291213989258,0.024137496948242188,passive,1.0
1355,role_labeled,filler,filler,The lantern glowed near sunset .,a reader raises a scientist .,a scientist is raised by a reader .,a,reader,a,scientist,rais,raises,raised,"[""PATIENT=scientist"", ""AGENT=reader"", ""VERB=rais""]","Prime sentence: The lantern glowed near sunset .
Event roles: PATIENT=scientist; AGENT=reader; VERB=rais
Sentence: the",Sentence: the,first_noun,-7.644163608551025,-5.550884246826172,2.0932793617248535,passive,1.0
1356,role_labeled,active,active,an actress selects an adult .,a leader selects a man .,a man is selected by a leader .,a,leader,a,man,select,selects,selected,"[""PATIENT=man"", ""VERB=select"", ""AGENT=leader""]","Prime sentence: an actress selects an adult .
Event roles: PATIENT=man; VERB=select; AGENT=leader
Sentence: the",Sentence: the,first_noun,-4.473650932312012,-3.9407148361206055,0.5329360961914062,passive,1.0
1356,role_labeled,passive,passive,an adult is selected by an actress .,a leader selects a man .,a man is selected by a leader .,a,leader,a,man,select,selects,selected,"[""PATIENT=man"", ""VERB=select"", ""AGENT=leader""]","Prime sentence: an adult is selected by an actress .
Event roles: PATIENT=man; VERB=select; AGENT=leader
Sentence: the",Sentence: the,first_noun,-4.268953323364258,-3.590031385421753,0.6789219379425049,passive,1.0
1356,role_labeled,no_prime_eos,no_prime_eos,,a leader selects a man .,a man is selected by a leader .,a,leader,a,man,select,selects,selected,"[""PATIENT=man"", ""VERB=select"", ""AGENT=leader""]","Event roles: PATIENT=man; VERB=select; AGENT=leader
Sentence: the",Sentence: the,first_noun,-3.8651320934295654,-4.159090995788574,-0.2939589023590088,active,0.0
1356,role_labeled,filler,filler,The lantern glowed near sunset .,a leader selects a man .,a man is selected by a leader .,a,leader,a,man,select,selects,selected,"[""PATIENT=man"", ""VERB=select"", ""AGENT=leader""]","Prime sentence: The lantern glowed near sunset .
Event roles: PATIENT=man; VERB=select; AGENT=leader
Sentence: the",Sentence: the,first_noun,-5.791385650634766,-4.359800815582275,1.4315848350524902,passive,1.0
1357,role_labeled,active,active,a physician kisses a pilot .,a candidate kisses a captain .,a captain is kissed by a candidate .,a,candidate,a,captain,kiss,kisses,kissed,"[""VERB=kiss"", ""AGENT=candidate"", ""PATIENT=captain""]","Prime sentence: a physician kisses a pilot .
Event roles: VERB=kiss; AGENT=candidate; PATIENT=captain
Sentence: the",Sentence: the,first_noun,-5.823304176330566,-3.4114837646484375,2.411820411682129,passive,1.0
1357,role_labeled,passive,passive,a pilot is kissed by a physician .,a candidate kisses a captain .,a captain is kissed by a candidate .,a,candidate,a,captain,kiss,kisses,kissed,"[""VERB=kiss"", ""AGENT=candidate"", ""PATIENT=captain""]","Prime sentence: a pilot is kissed by a physician .
Event roles: VERB=kiss; AGENT=candidate; PATIENT=captain
Sentence: the",Sentence: the,first_noun,-5.629725456237793,-3.6477773189544678,1.9819481372833252,passive,1.0
1357,role_labeled,no_prime_eos,no_prime_eos,,a candidate kisses a captain .,a captain is kissed by a candidate .,a,candidate,a,captain,kiss,kisses,kissed,"[""VERB=kiss"", ""AGENT=candidate"", ""PATIENT=captain""]","Event roles: VERB=kiss; AGENT=candidate; PATIENT=captain
Sentence: the",Sentence: the,first_noun,-4.603532791137695,-3.566340208053589,1.0371925830841064,passive,1.0
1357,role_labeled,filler,filler,The radio crackled in the attic .,a candidate kisses a captain .,a captain is kissed by a candidate .,a,candidate,a,captain,kiss,kisses,kissed,"[""VERB=kiss"", ""AGENT=candidate"", ""PATIENT=captain""]","Prime sentence: The radio crackled in the attic .
Event roles: VERB=kiss; AGENT=candidate; PATIENT=captain
Sentence: the",Sentence: the,first_noun,-6.059690952301025,-4.534383773803711,1.5253071784973145,passive,1.0
1358,role_labeled,active,active,a guest strikes a guy .,a student strikes a teacher .,a teacher is struck by a student .,a,student,a,teacher,strik,strikes,struck,"[""PATIENT=teacher"", ""VERB=strik"", ""AGENT=student""]","Prime sentence: a guest strikes a guy .
Event roles: PATIENT=teacher; VERB=strik; AGENT=student
Sentence: the",Sentence: the,first_noun,-2.921147346496582,-2.21836256980896,0.7027847766876221,passive,1.0
1358,role_labeled,passive,passive,a guy is struck by a guest .,a student strikes a teacher .,a teacher is struck by a student .,a,student,a,teacher,strik,strikes,struck,"[""PATIENT=teacher"", ""VERB=strik"", ""AGENT=student""]","Prime sentence: a guy is struck by a guest .
Event roles: PATIENT=teacher; VERB=strik; AGENT=student
Sentence: the",Sentence: the,first_noun,-2.932725429534912,-2.127105236053467,0.8056201934814453,passive,1.0
1358,role_labeled,no_prime_eos,no_prime_eos,,a student strikes a teacher .,a teacher is struck by a student .,a,student,a,teacher,strik,strikes,struck,"[""PATIENT=teacher"", ""VERB=strik"", ""AGENT=student""]","Event roles: PATIENT=teacher; VERB=strik; AGENT=student
Sentence: the",Sentence: the,first_noun,-2.8205325603485107,-2.3627021312713623,0.45783042907714844,passive,1.0
1358,role_labeled,filler,filler,The blanket dried on the line .,a student strikes a teacher .,a teacher is struck by a student .,a,student,a,teacher,strik,strikes,struck,"[""PATIENT=teacher"", ""VERB=strik"", ""AGENT=student""]","Prime sentence: The blanket dried on the line .
Event roles: PATIENT=teacher; VERB=strik; AGENT=student
Sentence: the",Sentence: the,first_noun,-3.8209776878356934,-2.622802734375,1.1981749534606934,passive,1.0
1359,role_labeled,active,active,a parent teaches a partner .,a brother teaches a buddy .,a buddy is taught by a brother .,a,brother,a,buddy,teach,teaches,taught,"[""PATIENT=buddy"", ""AGENT=brother"", ""VERB=teach""]","Prime sentence: a parent teaches a partner .
Event roles: PATIENT=buddy; AGENT=brother; VERB=teach
Sentence: the",Sentence: the,first_noun,-5.397089004516602,-8.081110000610352,-2.68402099609375,active,0.0
1359,role_labeled,passive,passive,a partner is taught by a parent .,a brother teaches a buddy .,a buddy is taught by a brother .,a,brother,a,buddy,teach,teaches,taught,"[""PATIENT=buddy"", ""AGENT=brother"", ""VERB=teach""]","Prime sentence: a partner is taught by a parent .
Event roles: PATIENT=buddy; AGENT=brother; VERB=teach
Sentence: the",Sentence: the,first_noun,-5.196142196655273,-7.489520072937012,-2.2933778762817383,active,0.0
1359,role_labeled,no_prime_eos,no_prime_eos,,a brother teaches a buddy .,a buddy is taught by a brother .,a,brother,a,buddy,teach,teaches,taught,"[""PATIENT=buddy"", ""AGENT=brother"", ""VERB=teach""]","Event roles: PATIENT=buddy; AGENT=brother; VERB=teach
Sentence: the",Sentence: the,first_noun,-5.021569728851318,-7.805450439453125,-2.7838807106018066,active,0.0
1359,role_labeled,filler,filler,The captain waited beside the harbor .,a brother teaches a buddy .,a buddy is taught by a brother .,a,brother,a,buddy,teach,teaches,taught,"[""PATIENT=buddy"", ""AGENT=brother"", ""VERB=teach""]","Prime sentence: The captain waited beside the harbor .
Event roles: PATIENT=buddy; AGENT=brother; VERB=teach
Sentence: the",Sentence: the,first_noun,-7.11625862121582,-9.470488548278809,-2.3542299270629883,active,0.0
1360,role_labeled,active,active,an actress discovers an adult .,a leader discovers a man .,a man is discovered by a leader .,a,leader,a,man,discover,discovers,discovered,"[""PATIENT=man"", ""AGENT=leader"", ""VERB=discover""]","Prime sentence: an actress discovers an adult .
Event roles: PATIENT=man; AGENT=leader; VERB=discover
Sentence: the",Sentence: the,first_noun,-5.091913223266602,-4.006338119506836,1.0855751037597656,passive,1.0
1360,role_labeled,passive,passive,an adult is discovered by an actress .,a leader discovers a man .,a man is discovered by a leader .,a,leader,a,man,discover,discovers,discovered,"[""PATIENT=man"", ""AGENT=leader"", ""VERB=discover""]","Prime sentence: an adult is discovered by an actress .
Event roles: PATIENT=man; AGENT=leader; VERB=discover
Sentence: the",Sentence: the,first_noun,-5.183756351470947,-3.539180278778076,1.644576072692871,passive,1.0
1360,role_labeled,no_prime_eos,no_prime_eos,,a leader discovers a man .,a man is discovered by a leader .,a,leader,a,man,discover,discovers,discovered,"[""PATIENT=man"", ""AGENT=leader"", ""VERB=discover""]","Event roles: PATIENT=man; AGENT=leader; VERB=discover
Sentence: the",Sentence: the,first_noun,-3.477376937866211,-4.402558326721191,-0.9251813888549805,active,0.0
1360,role_labeled,filler,filler,The radio crackled in the attic .,a leader discovers a man .,a man is discovered by a leader .,a,leader,a,man,discover,discovers,discovered,"[""PATIENT=man"", ""AGENT=leader"", ""VERB=discover""]","Prime sentence: The radio crackled in the attic .
Event roles: PATIENT=man; AGENT=leader; VERB=discover
Sentence: the",Sentence: the,first_noun,-6.655709743499756,-3.783689022064209,2.872020721435547,passive,1.0
1361,role_labeled,active,active,a president kills a priest .,a champion kills a chief .,a chief is killed by a champion .,a,champion,a,chief,kill,kills,killed,"[""VERB=kill"", ""AGENT=champion"", ""PATIENT=chief""]","Prime sentence: a president kills a priest .
Event roles: VERB=kill; AGENT=champion; PATIENT=chief
Sentence: the",Sentence: the,first_noun,-6.625967979431152,-5.034580230712891,1.5913877487182617,passive,1.0
1361,role_labeled,passive,passive,a priest is killed by a president .,a champion kills a chief .,a chief is killed by a champion .,a,champion,a,chief,kill,kills,killed,"[""VERB=kill"", ""AGENT=champion"", ""PATIENT=chief""]","Prime sentence: a priest is killed by a president .
Event roles: VERB=kill; AGENT=champion; PATIENT=chief
Sentence: the",Sentence: the,first_noun,-6.046851634979248,-5.011744976043701,1.0351066589355469,passive,1.0
1361,role_labeled,no_prime_eos,no_prime_eos,,a champion kills a chief .,a chief is killed by a champion .,a,champion,a,chief,kill,kills,killed,"[""VERB=kill"", ""AGENT=champion"", ""PATIENT=chief""]","Event roles: VERB=kill; AGENT=champion; PATIENT=chief
Sentence: the",Sentence: the,first_noun,-4.77183198928833,-4.618273735046387,0.15355825424194336,passive,1.0
1361,role_labeled,filler,filler,The violin echoed in the theater .,a champion kills a chief .,a chief is killed by a champion .,a,champion,a,chief,kill,kills,killed,"[""VERB=kill"", ""AGENT=champion"", ""PATIENT=chief""]","Prime sentence: The violin echoed in the theater .
Event roles: VERB=kill; AGENT=champion; PATIENT=chief
Sentence: the",Sentence: the,first_noun,-7.258029937744141,-6.738337516784668,0.5196924209594727,passive,1.0
1362,role_labeled,active,active,a colonel destroys a cop .,a prince destroys a princess .,a princess is destroyed by a prince .,a,prince,a,princess,destroy,destroys,destroyed,"[""PATIENT=princess"", ""AGENT=prince"", ""VERB=destroy""]","Prime sentence: a colonel destroys a cop .
Event roles: PATIENT=princess; AGENT=prince; VERB=destroy
Sentence: the",Sentence: the,first_noun,-3.8689115047454834,-4.008318901062012,-0.13940739631652832,active,0.0
1362,role_labeled,passive,passive,a cop is destroyed by a colonel .,a prince destroys a princess .,a princess is destroyed by a prince .,a,prince,a,princess,destroy,destroys,destroyed,"[""PATIENT=princess"", ""AGENT=prince"", ""VERB=destroy""]","Prime sentence: a cop is destroyed by a colonel .
Event roles: PATIENT=princess; AGENT=prince; VERB=destroy
Sentence: the",Sentence: the,first_noun,-4.521302223205566,-4.749777793884277,-0.22847557067871094,active,0.0
1362,role_labeled,no_prime_eos,no_prime_eos,,a prince destroys a princess .,a princess is destroyed by a prince .,a,prince,a,princess,destroy,destroys,destroyed,"[""PATIENT=princess"", ""AGENT=prince"", ""VERB=destroy""]","Event roles: PATIENT=princess; AGENT=prince; VERB=destroy
Sentence: the",Sentence: the,first_noun,-3.3022255897521973,-3.229645252227783,0.07258033752441406,passive,1.0
1362,role_labeled,filler,filler,The lantern glowed near sunset .,a prince destroys a princess .,a princess is destroyed by a prince .,a,prince,a,princess,destroy,destroys,destroyed,"[""PATIENT=princess"", ""AGENT=prince"", ""VERB=destroy""]","Prime sentence: The lantern glowed near sunset .
Event roles: PATIENT=princess; AGENT=prince; VERB=destroy
Sentence: the",Sentence: the,first_noun,-5.4439005851745605,-4.866218090057373,0.5776824951171875,passive,1.0
1363,role_labeled,active,active,an author carries a bishop .,a minister carries a mother .,a mother is carried by a minister .,a,minister,a,mother,carry,carries,carried,"[""PATIENT=mother"", ""VERB=carry"", ""AGENT=minister""]","Prime sentence: an author carries a bishop .
Event roles: PATIENT=mother; VERB=carry; AGENT=minister
Sentence: the",Sentence: the,first_noun,-5.256166458129883,-4.152762413024902,1.1034040451049805,passive,1.0
1363,role_labeled,passive,passive,a bishop is carried by an author .,a minister carries a mother .,a mother is carried by a minister .,a,minister,a,mother,carry,carries,carried,"[""PATIENT=mother"", ""VERB=carry"", ""AGENT=minister""]","Prime sentence: a bishop is carried by an author .
Event roles: PATIENT=mother; VERB=carry; AGENT=minister
Sentence: the",Sentence: the,first_noun,-5.383255481719971,-4.437131881713867,0.9461236000061035,passive,1.0
1363,role_labeled,no_prime_eos,no_prime_eos,,a minister carries a mother .,a mother is carried by a minister .,a,minister,a,mother,carry,carries,carried,"[""PATIENT=mother"", ""VERB=carry"", ""AGENT=minister""]","Event roles: PATIENT=mother; VERB=carry; AGENT=minister
Sentence: the",Sentence: the,first_noun,-4.979049205780029,-3.638974666595459,1.3400745391845703,passive,1.0
1363,role_labeled,filler,filler,The blanket dried on the line .,a minister carries a mother .,a mother is carried by a minister .,a,minister,a,mother,carry,carries,carried,"[""PATIENT=mother"", ""VERB=carry"", ""AGENT=minister""]","Prime sentence: The blanket dried on the line .
Event roles: PATIENT=mother; VERB=carry; AGENT=minister
Sentence: the",Sentence: the,first_noun,-6.1477789878845215,-4.464864253997803,1.6829147338867188,passive,1.0
1364,role_labeled,active,active,a mother follows a nurse .,an author follows a bishop .,a bishop is followed by an author .,an,author,a,bishop,follow,follows,followed,"[""PATIENT=bishop"", ""AGENT=author"", ""VERB=follow""]","Prime sentence: a mother follows a nurse .
Event roles: PATIENT=bishop; AGENT=author; VERB=follow
Sentence: the",Sentence: the,first_noun,-5.71873664855957,-3.8203678131103516,1.8983688354492188,passive,1.0
1364,role_labeled,passive,passive,a nurse is followed by a mother .,an author follows a bishop .,a bishop is followed by an author .,an,author,a,bishop,follow,follows,followed,"[""PATIENT=bishop"", ""AGENT=author"", ""VERB=follow""]","Prime sentence: a nurse is followed by a mother .
Event roles: PATIENT=bishop; AGENT=author; VERB=follow
Sentence: the",Sentence: the,first_noun,-5.451357364654541,-3.7132492065429688,1.7381081581115723,passive,1.0
1364,role_labeled,no_prime_eos,no_prime_eos,,an author follows a bishop .,a bishop is followed by an author .,an,author,a,bishop,follow,follows,followed,"[""PATIENT=bishop"", ""AGENT=author"", ""VERB=follow""]","Event roles: PATIENT=bishop; AGENT=author; VERB=follow
Sentence: the",Sentence: the,first_noun,-4.337071418762207,-4.127549171447754,0.20952224731445312,passive,1.0
1364,role_labeled,filler,filler,The blanket dried on the line .,an author follows a bishop .,a bishop is followed by an author .,an,author,a,bishop,follow,follows,followed,"[""PATIENT=bishop"", ""AGENT=author"", ""VERB=follow""]","Prime sentence: The blanket dried on the line .
Event roles: PATIENT=bishop; AGENT=author; VERB=follow
Sentence: the",Sentence: the,first_noun,-6.715407371520996,-5.470408916473389,1.2449984550476074,passive,1.0
1365,role_labeled,active,active,a sheriff judges a singer .,an employee judges an employer .,an employer is judged by an employee .,an,employee,an,employer,judg,judges,judged,"[""AGENT=employee"", ""VERB=judg"", ""PATIENT=employer""]","Prime sentence: a sheriff judges a singer .
Event roles: AGENT=employee; VERB=judg; PATIENT=employer
Sentence: the",Sentence: the,first_noun,-5.015722274780273,-5.924668312072754,-0.9089460372924805,active,0.0
1365,role_labeled,passive,passive,a singer is judged by a sheriff .,an employee judges an employer .,an employer is judged by an employee .,an,employee,an,employer,judg,judges,judged,"[""AGENT=employee"", ""VERB=judg"", ""PATIENT=employer""]","Prime sentence: a singer is judged by a sheriff .
Event roles: AGENT=employee; VERB=judg; PATIENT=employer
Sentence: the",Sentence: the,first_noun,-4.932206153869629,-5.504007339477539,-0.5718011856079102,active,0.0
1365,role_labeled,no_prime_eos,no_prime_eos,,an employee judges an employer .,an employer is judged by an employee .,an,employee,an,employer,judg,judges,judged,"[""AGENT=employee"", ""VERB=judg"", ""PATIENT=employer""]","Event roles: AGENT=employee; VERB=judg; PATIENT=employer
Sentence: the",Sentence: the,first_noun,-2.9923882484436035,-4.762743949890137,-1.7703557014465332,active,0.0
1365,role_labeled,filler,filler,The kettle whistled in the kitchen .,an employee judges an employer .,an employer is judged by an employee .,an,employee,an,employer,judg,judges,judged,"[""AGENT=employee"", ""VERB=judg"", ""PATIENT=employer""]","Prime sentence: The kettle whistled in the kitchen .
Event roles: AGENT=employee; VERB=judg; PATIENT=employer
Sentence: the",Sentence: the,first_noun,-6.775777816772461,-7.474818706512451,-0.6990408897399902,active,0.0
1366,role_labeled,active,active,a winner kills a woman .,a husband kills a kid .,a kid is killed by a husband .,a,husband,a,kid,kill,kills,killed,"[""AGENT=husband"", ""VERB=kill"", ""PATIENT=kid""]","Prime sentence: a winner kills a woman .
Event roles: AGENT=husband; VERB=kill; PATIENT=kid
Sentence: the",Sentence: the,first_noun,-2.4224190711975098,-5.339079856872559,-2.916660785675049,active,0.0
1366,role_labeled,passive,passive,a woman is killed by a winner .,a husband kills a kid .,a kid is killed by a husband .,a,husband,a,kid,kill,kills,killed,"[""AGENT=husband"", ""VERB=kill"", ""PATIENT=kid""]","Prime sentence: a woman is killed by a winner .
Event roles: AGENT=husband; VERB=kill; PATIENT=kid
Sentence: the",Sentence: the,first_noun,-2.7792012691497803,-5.723066329956055,-2.9438650608062744,active,0.0
1366,role_labeled,no_prime_eos,no_prime_eos,,a husband kills a kid .,a kid is killed by a husband .,a,husband,a,kid,kill,kills,killed,"[""AGENT=husband"", ""VERB=kill"", ""PATIENT=kid""]","Event roles: AGENT=husband; VERB=kill; PATIENT=kid
Sentence: the",Sentence: the,first_noun,-3.0402278900146484,-5.534826278686523,-2.494598388671875,active,0.0
1366,role_labeled,filler,filler,The signal flickered across the screen .,a husband kills a kid .,a kid is killed by a husband .,a,husband,a,kid,kill,kills,killed,"[""AGENT=husband"", ""VERB=kill"", ""PATIENT=kid""]","Prime sentence: The signal flickered across the screen .
Event roles: AGENT=husband; VERB=kill; PATIENT=kid
Sentence: the",Sentence: the,first_noun,-4.727352142333984,-5.712033271789551,-0.9846811294555664,active,0.0
1367,role_labeled,active,active,a student embraces a teacher .,a girl embraces a guest .,a guest is embraced by a girl .,a,girl,a,guest,embrac,embraces,embraced,"[""PATIENT=guest"", ""AGENT=girl"", ""VERB=embrac""]","Prime sentence: a student embraces a teacher .
Event roles: PATIENT=guest; AGENT=girl; VERB=embrac
Sentence: the",Sentence: the,first_noun,-2.9597251415252686,-5.760491371154785,-2.8007662296295166,active,0.0
1367,role_labeled,passive,passive,a teacher is embraced by a student .,a girl embraces a guest .,a guest is embraced by a girl .,a,girl,a,guest,embrac,embraces,embraced,"[""PATIENT=guest"", ""AGENT=girl"", ""VERB=embrac""]","Prime sentence: a teacher is embraced by a student .
Event roles: PATIENT=guest; AGENT=girl; VERB=embrac
Sentence: the",Sentence: the,first_noun,-3.0089638233184814,-5.585433006286621,-2.5764691829681396,active,0.0
1367,role_labeled,no_prime_eos,no_prime_eos,,a girl embraces a guest .,a guest is embraced by a girl .,a,girl,a,guest,embrac,embraces,embraced,"[""PATIENT=guest"", ""AGENT=girl"", ""VERB=embrac""]","Event roles: PATIENT=guest; AGENT=girl; VERB=embrac
Sentence: the",Sentence: the,first_noun,-2.5241801738739014,-5.617194175720215,-3.0930140018463135,active,0.0
1367,role_labeled,filler,filler,The window rattled during the storm .,a girl embraces a guest .,a guest is embraced by a girl .,a,girl,a,guest,embrac,embraces,embraced,"[""PATIENT=guest"", ""AGENT=girl"", ""VERB=embrac""]","Prime sentence: The window rattled during the storm .
Event roles: PATIENT=guest; AGENT=girl; VERB=embrac
Sentence: the",Sentence: the,first_noun,-3.8064663410186768,-7.055919647216797,-3.24945330619812,active,0.0
1368,role_labeled,active,active,a boy carries a brother .,a nurse carries an opponent .,an opponent is carried by a nurse .,a,nurse,an,opponent,carry,carries,carried,"[""VERB=carry"", ""AGENT=nurse"", ""PATIENT=opponent""]","Prime sentence: a boy carries a brother .
Event roles: VERB=carry; AGENT=nurse; PATIENT=opponent
Sentence: the",Sentence: the,first_noun,-4.784247398376465,-7.102361679077148,-2.3181142807006836,active,0.0
1368,role_labeled,passive,passive,a brother is carried by a boy .,a nurse carries an opponent .,an opponent is carried by a nurse .,a,nurse,an,opponent,carry,carries,carried,"[""VERB=carry"", ""AGENT=nurse"", ""PATIENT=opponent""]","Prime sentence: a brother is carried by a boy .
Event roles: VERB=carry; AGENT=nurse; PATIENT=opponent
Sentence: the",Sentence: the,first_noun,-4.991936206817627,-6.97659158706665,-1.9846553802490234,active,0.0
1368,role_labeled,no_prime_eos,no_prime_eos,,a nurse carries an opponent .,an opponent is carried by a nurse .,a,nurse,an,opponent,carry,carries,carried,"[""VERB=carry"", ""AGENT=nurse"", ""PATIENT=opponent""]","Event roles: VERB=carry; AGENT=nurse; PATIENT=opponent
Sentence: the",Sentence: the,first_noun,-3.930983543395996,-5.090025424957275,-1.1590418815612793,active,0.0
1368,role_labeled,filler,filler,The painter waited near the doorway .,a nurse carries an opponent .,an opponent is carried by a nurse .,a,nurse,an,opponent,carry,carries,carried,"[""VERB=carry"", ""AGENT=nurse"", ""PATIENT=opponent""]","Prime sentence: The painter waited near the doorway .
Event roles: VERB=carry; AGENT=nurse; PATIENT=opponent
Sentence: the",Sentence: the,first_noun,-3.6661505699157715,-6.277761459350586,-2.6116108894348145,active,0.0
1369,role_labeled,active,active,a brother helps a buddy .,an opponent helps a parent .,a parent is helped by an opponent .,an,opponent,a,parent,help,helps,helped,"[""PATIENT=parent"", ""VERB=help"", ""AGENT=opponent""]","Prime sentence: a brother helps a buddy .
Event roles: PATIENT=parent; VERB=help; AGENT=opponent
Sentence: the",Sentence: the,first_noun,-6.855970859527588,-5.366207122802734,1.4897637367248535,passive,1.0
1369,role_labeled,passive,passive,a buddy is helped by a brother .,an opponent helps a parent .,a parent is helped by an opponent .,an,opponent,a,parent,help,helps,helped,"[""PATIENT=parent"", ""VERB=help"", ""AGENT=opponent""]","Prime sentence: a buddy is helped by a brother .
Event roles: PATIENT=parent; VERB=help; AGENT=opponent
Sentence: the",Sentence: the,first_noun,-6.656364440917969,-5.187817573547363,1.4685468673706055,passive,1.0
1369,role_labeled,no_prime_eos,no_prime_eos,,an opponent helps a parent .,a parent is helped by an opponent .,an,opponent,a,parent,help,helps,helped,"[""PATIENT=parent"", ""VERB=help"", ""AGENT=opponent""]","Event roles: PATIENT=parent; VERB=help; AGENT=opponent
Sentence: the",Sentence: the,first_noun,-4.8504791259765625,-5.2154998779296875,-0.365020751953125,active,0.0
1369,role_labeled,filler,filler,The radio crackled in the attic .,an opponent helps a parent .,a parent is helped by an opponent .,an,opponent,a,parent,help,helps,helped,"[""PATIENT=parent"", ""VERB=help"", ""AGENT=opponent""]","Prime sentence: The radio crackled in the attic .
Event roles: PATIENT=parent; VERB=help; AGENT=opponent
Sentence: the",Sentence: the,first_noun,-9.198379516601562,-7.75822639465332,1.4401531219482422,passive,1.0
1370,role_labeled,active,active,a mother protects a nurse .,an author protects a bishop .,a bishop is protected by an author .,an,author,a,bishop,protect,protects,protected,"[""AGENT=author"", ""VERB=protect"", ""PATIENT=bishop""]","Prime sentence: a mother protects a nurse .
Event roles: AGENT=author; VERB=protect; PATIENT=bishop
Sentence: the",Sentence: the,first_noun,-6.221735000610352,-4.010509490966797,2.2112255096435547,passive,1.0
1370,role_labeled,passive,passive,a nurse is protected by a mother .,an author protects a bishop .,a bishop is protected by an author .,an,author,a,bishop,protect,protects,protected,"[""AGENT=author"", ""VERB=protect"", ""PATIENT=bishop""]","Prime sentence: a nurse is protected by a mother .
Event roles: AGENT=author; VERB=protect; PATIENT=bishop
Sentence: the",Sentence: the,first_noun,-5.816079139709473,-3.6252942085266113,2.1907849311828613,passive,1.0
1370,role_labeled,no_prime_eos,no_prime_eos,,an author protects a bishop .,a bishop is protected by an author .,an,author,a,bishop,protect,protects,protected,"[""AGENT=author"", ""VERB=protect"", ""PATIENT=bishop""]","Event roles: AGENT=author; VERB=protect; PATIENT=bishop
Sentence: the",Sentence: the,first_noun,-3.964533805847168,-3.74904203414917,0.21549177169799805,passive,1.0
1370,role_labeled,filler,filler,The radio crackled in the attic .,an author protects a bishop .,a bishop is protected by an author .,an,author,a,bishop,protect,protects,protected,"[""AGENT=author"", ""VERB=protect"", ""PATIENT=bishop""]","Prime sentence: The radio crackled in the attic .
Event roles: AGENT=author; VERB=protect; PATIENT=bishop
Sentence: the",Sentence: the,first_noun,-7.143964767456055,-5.480699062347412,1.6632657051086426,passive,1.0
1371,role_labeled,active,active,a child destroys a colonel .,a priest destroys a prince .,a prince is destroyed by a priest .,a,priest,a,prince,destroy,destroys,destroyed,"[""PATIENT=prince"", ""AGENT=priest"", ""VERB=destroy""]","Prime sentence: a child destroys a colonel .
Event roles: PATIENT=prince; AGENT=priest; VERB=destroy
Sentence: the",Sentence: the,first_noun,-3.507615327835083,-4.325980186462402,-0.8183648586273193,active,0.0
1371,role_labeled,passive,passive,a colonel is destroyed by a child .,a priest destroys a prince .,a prince is destroyed by a priest .,a,priest,a,prince,destroy,destroys,destroyed,"[""PATIENT=prince"", ""AGENT=priest"", ""VERB=destroy""]","Prime sentence: a colonel is destroyed by a child .
Event roles: PATIENT=prince; AGENT=priest; VERB=destroy
Sentence: the",Sentence: the,first_noun,-3.077665328979492,-3.9939956665039062,-0.9163303375244141,active,0.0
1371,role_labeled,no_prime_eos,no_prime_eos,,a priest destroys a prince .,a prince is destroyed by a priest .,a,priest,a,prince,destroy,destroys,destroyed,"[""PATIENT=prince"", ""AGENT=priest"", ""VERB=destroy""]","Event roles: PATIENT=prince; AGENT=priest; VERB=destroy
Sentence: the",Sentence: the,first_noun,-3.454041004180908,-4.163665771484375,-0.7096247673034668,active,0.0
1371,role_labeled,filler,filler,The package arrived before noon .,a priest destroys a prince .,a prince is destroyed by a priest .,a,priest,a,prince,destroy,destroys,destroyed,"[""PATIENT=prince"", ""AGENT=priest"", ""VERB=destroy""]","Prime sentence: The package arrived before noon .
Event roles: PATIENT=prince; AGENT=priest; VERB=destroy
Sentence: the",Sentence: the,first_noun,-3.5879223346710205,-4.986403465270996,-1.3984811305999756,active,0.0
1372,role_labeled,active,active,a guest catches a guy .,a student catches a teacher .,a teacher is caught by a student .,a,student,a,teacher,catch,catches,caught,"[""PATIENT=teacher"", ""AGENT=student"", ""VERB=catch""]","Prime sentence: a guest catches a guy .
Event roles: PATIENT=teacher; AGENT=student; VERB=catch
Sentence: the",Sentence: the,first_noun,-2.7542896270751953,-2.2957868576049805,0.45850276947021484,passive,1.0
1372,role_labeled,passive,passive,a guy is caught by a guest .,a student catches a teacher .,a teacher is caught by a student .,a,student,a,teacher,catch,catches,caught,"[""PATIENT=teacher"", ""AGENT=student"", ""VERB=catch""]","Prime sentence: a guy is caught by a guest .
Event roles: PATIENT=teacher; AGENT=student; VERB=catch
Sentence: the",Sentence: the,first_noun,-2.773843288421631,-1.9940571784973145,0.7797861099243164,passive,1.0
1372,role_labeled,no_prime_eos,no_prime_eos,,a student catches a teacher .,a teacher is caught by a student .,a,student,a,teacher,catch,catches,caught,"[""PATIENT=teacher"", ""AGENT=student"", ""VERB=catch""]","Event roles: PATIENT=teacher; AGENT=student; VERB=catch
Sentence: the",Sentence: the,first_noun,-2.743790864944458,-2.321380615234375,0.422410249710083,passive,1.0
1372,role_labeled,filler,filler,The captain waited beside the harbor .,a student catches a teacher .,a teacher is caught by a student .,a,student,a,teacher,catch,catches,caught,"[""PATIENT=teacher"", ""AGENT=student"", ""VERB=catch""]","Prime sentence: The captain waited beside the harbor .
Event roles: PATIENT=teacher; AGENT=student; VERB=catch
Sentence: the",Sentence: the,first_noun,-4.651320934295654,-4.158208847045898,0.49311208724975586,passive,1.0
1373,role_labeled,active,active,a wife embraces a winner .,a hero embraces a husband .,a husband is embraced by a hero .,a,hero,a,husband,embrac,embraces,embraced,"[""VERB=embrac"", ""PATIENT=husband"", ""AGENT=hero""]","Prime sentence: a wife embraces a winner .
Event roles: VERB=embrac; PATIENT=husband; AGENT=hero
Sentence: the",Sentence: the,first_noun,-4.8379364013671875,-4.344022274017334,0.4939141273498535,passive,1.0
1373,role_labeled,passive,passive,a winner is embraced by a wife .,a hero embraces a husband .,a husband is embraced by a hero .,a,hero,a,husband,embrac,embraces,embraced,"[""VERB=embrac"", ""PATIENT=husband"", ""AGENT=hero""]","Prime sentence: a winner is embraced by a wife .
Event roles: VERB=embrac; PATIENT=husband; AGENT=hero
Sentence: the",Sentence: the,first_noun,-5.031864166259766,-4.753676891326904,0.27818727493286133,passive,1.0
1373,role_labeled,no_prime_eos,no_prime_eos,,a hero embraces a husband .,a husband is embraced by a hero .,a,hero,a,husband,embrac,embraces,embraced,"[""VERB=embrac"", ""PATIENT=husband"", ""AGENT=hero""]","Event roles: VERB=embrac; PATIENT=husband; AGENT=hero
Sentence: the",Sentence: the,first_noun,-3.7910938262939453,-5.07973575592041,-1.2886419296264648,active,0.0
1373,role_labeled,filler,filler,The painter waited near the doorway .,a hero embraces a husband .,a husband is embraced by a hero .,a,hero,a,husband,embrac,embraces,embraced,"[""VERB=embrac"", ""PATIENT=husband"", ""AGENT=hero""]","Prime sentence: The painter waited near the doorway .
Event roles: VERB=embrac; PATIENT=husband; AGENT=hero
Sentence: the",Sentence: the,first_noun,-5.892967700958252,-4.211869716644287,1.6810979843139648,passive,1.0
1374,role_labeled,active,active,a priest surprises a prince .,a chief surprises a child .,a child is surprised by a chief .,a,chief,a,child,surpris,surprises,surprised,"[""VERB=surpris"", ""PATIENT=child"", ""AGENT=chief""]","Prime sentence: a priest surprises a prince .
Event roles: VERB=surpris; PATIENT=child; AGENT=chief
Sentence: the",Sentence: the,first_noun,-5.332999229431152,-4.384184837341309,0.9488143920898438,passive,1.0
1374,role_labeled,passive,passive,a prince is surprised by a priest .,a chief surprises a child .,a child is surprised by a chief .,a,chief,a,child,surpris,surprises,surprised,"[""VERB=surpris"", ""PATIENT=child"", ""AGENT=chief""]","Prime sentence: a prince is surprised by a priest .
Event roles: VERB=surpris; PATIENT=child; AGENT=chief
Sentence: the",Sentence: the,first_noun,-4.905173301696777,-4.335078239440918,0.5700950622558594,passive,1.0
1374,role_labeled,no_prime_eos,no_prime_eos,,a chief surprises a child .,a child is surprised by a chief .,a,chief,a,child,surpris,surprises,surprised,"[""VERB=surpris"", ""PATIENT=child"", ""AGENT=chief""]","Event roles: VERB=surpris; PATIENT=child; AGENT=chief
Sentence: the",Sentence: the,first_noun,-4.580291271209717,-4.123084545135498,0.45720672607421875,passive,1.0
1374,role_labeled,filler,filler,The notebook stayed on the shelf .,a chief surprises a child .,a child is surprised by a chief .,a,chief,a,child,surpris,surprises,surprised,"[""VERB=surpris"", ""PATIENT=child"", ""AGENT=chief""]","Prime sentence: The notebook stayed on the shelf .
Event roles: VERB=surpris; PATIENT=child; AGENT=chief
Sentence: the",Sentence: the,first_noun,-6.186535835266113,-4.056879997253418,2.1296558380126953,passive,1.0
1375,role_labeled,active,active,a partner understands a physician .,a buddy understands a candidate .,a candidate is understood by a buddy .,a,buddy,a,candidate,understand,understands,understood,"[""VERB=understand"", ""AGENT=buddy"", ""PATIENT=candidate""]","Prime sentence: a partner understands a physician .
Event roles: VERB=understand; AGENT=buddy; PATIENT=candidate
Sentence: the",Sentence: the,first_noun,-9.452927589416504,-5.77557373046875,3.677353858947754,passive,1.0
1375,role_labeled,passive,passive,a physician is understood by a partner .,a buddy understands a candidate .,a candidate is understood by a buddy .,a,buddy,a,candidate,understand,understands,understood,"[""VERB=understand"", ""AGENT=buddy"", ""PATIENT=candidate""]","Prime sentence: a physician is understood by a partner .
Event roles: VERB=understand; AGENT=buddy; PATIENT=candidate
Sentence: the",Sentence: the,first_noun,-10.306323051452637,-6.220933437347412,4.085389614105225,passive,1.0
1375,role_labeled,no_prime_eos,no_prime_eos,,a buddy understands a candidate .,a candidate is understood by a buddy .,a,buddy,a,candidate,understand,understands,understood,"[""VERB=understand"", ""AGENT=buddy"", ""PATIENT=candidate""]","Event roles: VERB=understand; AGENT=buddy; PATIENT=candidate
Sentence: the",Sentence: the,first_noun,-8.981204986572266,-4.921722412109375,4.059482574462891,passive,1.0
1375,role_labeled,filler,filler,The painter waited near the doorway .,a buddy understands a candidate .,a candidate is understood by a buddy .,a,buddy,a,candidate,understand,understands,understood,"[""VERB=understand"", ""AGENT=buddy"", ""PATIENT=candidate""]","Prime sentence: The painter waited near the doorway .
Event roles: VERB=understand; AGENT=buddy; PATIENT=candidate
Sentence: the",Sentence: the,first_noun,-9.654888153076172,-6.359388828277588,3.295499324798584,passive,1.0
1376,role_labeled,active,active,a prince embraces a princess .,a child embraces a colonel .,a colonel is embraced by a child .,a,child,a,colonel,embrac,embraces,embraced,"[""AGENT=child"", ""VERB=embrac"", ""PATIENT=colonel""]","Prime sentence: a prince embraces a princess .
Event roles: AGENT=child; VERB=embrac; PATIENT=colonel
Sentence: the",Sentence: the,first_noun,-4.452890396118164,-5.538483619689941,-1.0855932235717773,active,0.0
1376,role_labeled,passive,passive,a princess is embraced by a prince .,a child embraces a colonel .,a colonel is embraced by a child .,a,child,a,colonel,embrac,embraces,embraced,"[""AGENT=child"", ""VERB=embrac"", ""PATIENT=colonel""]","Prime sentence: a princess is embraced by a prince .
Event roles: AGENT=child; VERB=embrac; PATIENT=colonel
Sentence: the",Sentence: the,first_noun,-4.443781852722168,-5.804019927978516,-1.3602380752563477,active,0.0
1376,role_labeled,no_prime_eos,no_prime_eos,,a child embraces a colonel .,a colonel is embraced by a child .,a,child,a,colonel,embrac,embraces,embraced,"[""AGENT=child"", ""VERB=embrac"", ""PATIENT=colonel""]","Event roles: AGENT=child; VERB=embrac; PATIENT=colonel
Sentence: the",Sentence: the,first_noun,-4.034142971038818,-5.466569423675537,-1.4324264526367188,active,0.0
1376,role_labeled,filler,filler,The window rattled during the storm .,a child embraces a colonel .,a colonel is embraced by a child .,a,child,a,colonel,embrac,embraces,embraced,"[""AGENT=child"", ""VERB=embrac"", ""PATIENT=colonel""]","Prime sentence: The window rattled during the storm .
Event roles: AGENT=child; VERB=embrac; PATIENT=colonel
Sentence: the",Sentence: the,first_noun,-4.932186603546143,-6.505187034606934,-1.573000431060791,active,0.0
1377,role_labeled,active,active,a colonel kills a cop .,a prince kills a princess .,a princess is killed by a prince .,a,prince,a,princess,kill,kills,killed,"[""AGENT=prince"", ""VERB=kill"", ""PATIENT=princess""]","Prime sentence: a colonel kills a cop .
Event roles: AGENT=prince; VERB=kill; PATIENT=princess
Sentence: the",Sentence: the,first_noun,-2.764059066772461,-3.530181646347046,-0.766122579574585,active,0.0
1377,role_labeled,passive,passive,a cop is killed by a colonel .,a prince kills a princess .,a princess is killed by a prince .,a,prince,a,princess,kill,kills,killed,"[""AGENT=prince"", ""VERB=kill"", ""PATIENT=princess""]","Prime sentence: a cop is killed by a colonel .
Event roles: AGENT=prince; VERB=kill; PATIENT=princess
Sentence: the",Sentence: the,first_noun,-3.250788688659668,-3.541041851043701,-0.2902531623840332,active,0.0
1377,role_labeled,no_prime_eos,no_prime_eos,,a prince kills a princess .,a princess is killed by a prince .,a,prince,a,princess,kill,kills,killed,"[""AGENT=prince"", ""VERB=kill"", ""PATIENT=princess""]","Event roles: AGENT=prince; VERB=kill; PATIENT=princess
Sentence: the",Sentence: the,first_noun,-3.1185381412506104,-3.427098512649536,-0.3085603713989258,active,0.0
1377,role_labeled,filler,filler,The window rattled during the storm .,a prince kills a princess .,a princess is killed by a prince .,a,prince,a,princess,kill,kills,killed,"[""AGENT=prince"", ""VERB=kill"", ""PATIENT=princess""]","Prime sentence: The window rattled during the storm .
Event roles: AGENT=prince; VERB=kill; PATIENT=princess
Sentence: the",Sentence: the,first_noun,-5.207433223724365,-5.442089080810547,-0.23465585708618164,active,0.0
1378,role_labeled,active,active,a winner describes a woman .,a husband describes a kid .,a kid is described by a husband .,a,husband,a,kid,describ,describes,described,"[""AGENT=husband"", ""VERB=describ"", ""PATIENT=kid""]","Prime sentence: a winner describes a woman .
Event roles: AGENT=husband; VERB=describ; PATIENT=kid
Sentence: the",Sentence: the,first_noun,-3.972691059112549,-6.317229747772217,-2.344538688659668,active,0.0
1378,role_labeled,passive,passive,a woman is described by a winner .,a husband describes a kid .,a kid is described by a husband .,a,husband,a,kid,describ,describes,described,"[""AGENT=husband"", ""VERB=describ"", ""PATIENT=kid""]","Prime sentence: a woman is described by a winner .
Event roles: AGENT=husband; VERB=describ; PATIENT=kid
Sentence: the",Sentence: the,first_noun,-3.320629835128784,-6.264822959899902,-2.944193124771118,active,0.0
1378,role_labeled,no_prime_eos,no_prime_eos,,a husband describes a kid .,a kid is described by a husband .,a,husband,a,kid,describ,describes,described,"[""AGENT=husband"", ""VERB=describ"", ""PATIENT=kid""]","Event roles: AGENT=husband; VERB=describ; PATIENT=kid
Sentence: the",Sentence: the,first_noun,-3.0656139850616455,-5.678537368774414,-2.6129233837127686,active,0.0
1378,role_labeled,filler,filler,The painter waited near the doorway .,a husband describes a kid .,a kid is described by a husband .,a,husband,a,kid,describ,describes,described,"[""AGENT=husband"", ""VERB=describ"", ""PATIENT=kid""]","Prime sentence: The painter waited near the doorway .
Event roles: AGENT=husband; VERB=describ; PATIENT=kid
Sentence: the",Sentence: the,first_noun,-3.690429925918579,-5.061403274536133,-1.3709733486175537,active,0.0
1379,role_labeled,active,active,an attorney punches an aunt .,a manager punches a mayor .,a mayor is punched by a manager .,a,manager,a,mayor,punch,punches,punched,"[""AGENT=manager"", ""PATIENT=mayor"", ""VERB=punch""]","Prime sentence: an attorney punches an aunt .
Event roles: AGENT=manager; PATIENT=mayor; VERB=punch
Sentence: the",Sentence: the,first_noun,-4.9197492599487305,-3.0529024600982666,1.8668467998504639,passive,1.0
1379,role_labeled,passive,passive,an aunt is punched by an attorney .,a manager punches a mayor .,a mayor is punched by a manager .,a,manager,a,mayor,punch,punches,punched,"[""AGENT=manager"", ""PATIENT=mayor"", ""VERB=punch""]","Prime sentence: an aunt is punched by an attorney .
Event roles: AGENT=manager; PATIENT=mayor; VERB=punch
Sentence: the",Sentence: the,first_noun,-5.128633499145508,-2.821091890335083,2.307541608810425,passive,1.0
1379,role_labeled,no_prime_eos,no_prime_eos,,a manager punches a mayor .,a mayor is punched by a manager .,a,manager,a,mayor,punch,punches,punched,"[""AGENT=manager"", ""PATIENT=mayor"", ""VERB=punch""]","Event roles: AGENT=manager; PATIENT=mayor; VERB=punch
Sentence: the",Sentence: the,first_noun,-4.704647064208984,-3.0928852558135986,1.6117618083953857,passive,1.0
1379,role_labeled,filler,filler,The singer smiled after rehearsal .,a manager punches a mayor .,a mayor is punched by a manager .,a,manager,a,mayor,punch,punches,punched,"[""AGENT=manager"", ""PATIENT=mayor"", ""VERB=punch""]","Prime sentence: The singer smiled after rehearsal .
Event roles: AGENT=manager; PATIENT=mayor; VERB=punch
Sentence: the",Sentence: the,first_noun,-4.149930953979492,-3.4024295806884766,0.7475013732910156,passive,1.0
1380,role_labeled,active,active,a manager hurts a mayor .,an adult hurts an attorney .,an attorney is hurt by an adult .,an,adult,an,attorney,hurt,hurts,hurt,"[""PATIENT=attorney"", ""AGENT=adult"", ""VERB=hurt""]","Prime sentence: a manager hurts a mayor .
Event roles: PATIENT=attorney; AGENT=adult; VERB=hurt
Sentence: the",Sentence: the,first_noun,-5.694961071014404,-4.950579643249512,0.7443814277648926,passive,1.0
1380,role_labeled,passive,passive,a mayor is hurt by a manager .,an adult hurts an attorney .,an attorney is hurt by an adult .,an,adult,an,attorney,hurt,hurts,hurt,"[""PATIENT=attorney"", ""AGENT=adult"", ""VERB=hurt""]","Prime sentence: a mayor is hurt by a manager .
Event roles: PATIENT=attorney; AGENT=adult; VERB=hurt
Sentence: the",Sentence: the,first_noun,-5.5760650634765625,-4.807240009307861,0.7688250541687012,passive,1.0
1380,role_labeled,no_prime_eos,no_prime_eos,,an adult hurts an attorney .,an attorney is hurt by an adult .,an,adult,an,attorney,hurt,hurts,hurt,"[""PATIENT=attorney"", ""AGENT=adult"", ""VERB=hurt""]","Event roles: PATIENT=attorney; AGENT=adult; VERB=hurt
Sentence: the",Sentence: the,first_noun,-5.158725738525391,-5.730100631713867,-0.5713748931884766,active,0.0
1380,role_labeled,filler,filler,The engine cooled before dawn .,an adult hurts an attorney .,an attorney is hurt by an adult .,an,adult,an,attorney,hurt,hurts,hurt,"[""PATIENT=attorney"", ""AGENT=adult"", ""VERB=hurt""]","Prime sentence: The engine cooled before dawn .
Event roles: PATIENT=attorney; AGENT=adult; VERB=hurt
Sentence: the",Sentence: the,first_noun,-6.8716721534729,-6.527621269226074,0.34405088424682617,passive,1.0
1381,role_labeled,active,active,a buddy protects a candidate .,a parent protects a partner .,a partner is protected by a parent .,a,parent,a,partner,protect,protects,protected,"[""VERB=protect"", ""PATIENT=partner"", ""AGENT=parent""]","Prime sentence: a buddy protects a candidate .
Event roles: VERB=protect; PATIENT=partner; AGENT=parent
Sentence: the",Sentence: the,first_noun,-5.778260707855225,-5.945456027984619,-0.16719532012939453,active,0.0
1381,role_labeled,passive,passive,a candidate is protected by a buddy .,a parent protects a partner .,a partner is protected by a parent .,a,parent,a,partner,protect,protects,protected,"[""VERB=protect"", ""PATIENT=partner"", ""AGENT=parent""]","Prime sentence: a candidate is protected by a buddy .
Event roles: VERB=protect; PATIENT=partner; AGENT=parent
Sentence: the",Sentence: the,first_noun,-4.72170352935791,-5.285921096801758,-0.5642175674438477,active,0.0
1381,role_labeled,no_prime_eos,no_prime_eos,,a parent protects a partner .,a partner is protected by a parent .,a,parent,a,partner,protect,protects,protected,"[""VERB=protect"", ""PATIENT=partner"", ""AGENT=parent""]","Event roles: VERB=protect; PATIENT=partner; AGENT=parent
Sentence: the",Sentence: the,first_noun,-4.908910751342773,-6.864829063415527,-1.955918312072754,active,0.0
1381,role_labeled,filler,filler,The window rattled during the storm .,a parent protects a partner .,a partner is protected by a parent .,a,parent,a,partner,protect,protects,protected,"[""VERB=protect"", ""PATIENT=partner"", ""AGENT=parent""]","Prime sentence: The window rattled during the storm .
Event roles: VERB=protect; PATIENT=partner; AGENT=parent
Sentence: the",Sentence: the,first_noun,-8.067619323730469,-9.066352844238281,-0.9987335205078125,active,0.0
1382,role_labeled,active,active,a cousin joins a daughter .,a professor joins a reader .,a reader is joined by a professor .,a,professor,a,reader,join,joins,joined,"[""AGENT=professor"", ""VERB=join"", ""PATIENT=reader""]","Prime sentence: a cousin joins a daughter .
Event roles: AGENT=professor; VERB=join; PATIENT=reader
Sentence: the",Sentence: the,first_noun,-3.425046682357788,-6.726179122924805,-3.3011324405670166,active,0.0
1382,role_labeled,passive,passive,a daughter is joined by a cousin .,a professor joins a reader .,a reader is joined by a professor .,a,professor,a,reader,join,joins,joined,"[""AGENT=professor"", ""VERB=join"", ""PATIENT=reader""]","Prime sentence: a daughter is joined by a cousin .
Event roles: AGENT=professor; VERB=join; PATIENT=reader
Sentence: the",Sentence: the,first_noun,-3.6280040740966797,-6.28854513168335,-2.66054105758667,active,0.0
1382,role_labeled,no_prime_eos,no_prime_eos,,a professor joins a reader .,a reader is joined by a professor .,a,professor,a,reader,join,joins,joined,"[""AGENT=professor"", ""VERB=join"", ""PATIENT=reader""]","Event roles: AGENT=professor; VERB=join; PATIENT=reader
Sentence: the",Sentence: the,first_noun,-3.3458216190338135,-5.492025852203369,-2.1462042331695557,active,0.0
1382,role_labeled,filler,filler,The kettle whistled in the kitchen .,a professor joins a reader .,a reader is joined by a professor .,a,professor,a,reader,join,joins,joined,"[""AGENT=professor"", ""VERB=join"", ""PATIENT=reader""]","Prime sentence: The kettle whistled in the kitchen .
Event roles: AGENT=professor; VERB=join; PATIENT=reader
Sentence: the",Sentence: the,first_noun,-4.906251430511475,-7.521377086639404,-2.6151256561279297,active,0.0
1383,role_labeled,active,active,a lawyer kills a leader .,a writer kills an actor .,an actor is killed by a writer .,a,writer,an,actor,kill,kills,killed,"[""PATIENT=actor"", ""AGENT=writer"", ""VERB=kill""]","Prime sentence: a lawyer kills a leader .
Event roles: PATIENT=actor; AGENT=writer; VERB=kill
Sentence: the",Sentence: the,first_noun,-5.460636138916016,-3.9119579792022705,1.5486781597137451,passive,1.0
1383,role_labeled,passive,passive,a leader is killed by a lawyer .,a writer kills an actor .,an actor is killed by a writer .,a,writer,an,actor,kill,kills,killed,"[""PATIENT=actor"", ""AGENT=writer"", ""VERB=kill""]","Prime sentence: a leader is killed by a lawyer .
Event roles: PATIENT=actor; AGENT=writer; VERB=kill
Sentence: the",Sentence: the,first_noun,-5.99674654006958,-4.581230640411377,1.4155158996582031,passive,1.0
1383,role_labeled,no_prime_eos,no_prime_eos,,a writer kills an actor .,an actor is killed by a writer .,a,writer,an,actor,kill,kills,killed,"[""PATIENT=actor"", ""AGENT=writer"", ""VERB=kill""]","Event roles: PATIENT=actor; AGENT=writer; VERB=kill
Sentence: the",Sentence: the,first_noun,-5.46870231628418,-4.308219909667969,1.160482406616211,passive,1.0
1383,role_labeled,filler,filler,The market opened after sunrise .,a writer kills an actor .,an actor is killed by a writer .,a,writer,an,actor,kill,kills,killed,"[""PATIENT=actor"", ""AGENT=writer"", ""VERB=kill""]","Prime sentence: The market opened after sunrise .
Event roles: PATIENT=actor; AGENT=writer; VERB=kill
Sentence: the",Sentence: the,first_noun,-8.5731840133667,-7.331724643707275,1.2414593696594238,passive,1.0
1384,role_labeled,active,active,a son kisses a student .,a friend kisses a girl .,a girl is kissed by a friend .,a,friend,a,girl,kiss,kisses,kissed,"[""VERB=kiss"", ""AGENT=friend"", ""PATIENT=girl""]","Prime sentence: a son kisses a student .
Event roles: VERB=kiss; AGENT=friend; PATIENT=girl
Sentence: the",Sentence: the,first_noun,-5.139211177825928,-3.281431198120117,1.8577799797058105,passive,1.0
1384,role_labeled,passive,passive,a student is kissed by a son .,a friend kisses a girl .,a girl is kissed by a friend .,a,friend,a,girl,kiss,kisses,kissed,"[""VERB=kiss"", ""AGENT=friend"", ""PATIENT=girl""]","Prime sentence: a student is kissed by a son .
Event roles: VERB=kiss; AGENT=friend; PATIENT=girl
Sentence: the",Sentence: the,first_noun,-5.061460494995117,-3.0851798057556152,1.976280689239502,passive,1.0
1384,role_labeled,no_prime_eos,no_prime_eos,,a friend kisses a girl .,a girl is kissed by a friend .,a,friend,a,girl,kiss,kisses,kissed,"[""VERB=kiss"", ""AGENT=friend"", ""PATIENT=girl""]","Event roles: VERB=kiss; AGENT=friend; PATIENT=girl
Sentence: the",Sentence: the,first_noun,-5.3817853927612305,-2.892784833908081,2.4890005588531494,passive,1.0
1384,role_labeled,filler,filler,The painter waited near the doorway .,a friend kisses a girl .,a girl is kissed by a friend .,a,friend,a,girl,kiss,kisses,kissed,"[""VERB=kiss"", ""AGENT=friend"", ""PATIENT=girl""]","Prime sentence: The painter waited near the doorway .
Event roles: VERB=kiss; AGENT=friend; PATIENT=girl
Sentence: the",Sentence: the,first_noun,-4.876630783081055,-3.2094650268554688,1.667165756225586,passive,1.0
1385,role_labeled,active,active,a daughter comforts a doctor .,a reader comforts a scientist .,a scientist is comforted by a reader .,a,reader,a,scientist,comfort,comforts,comforted,"[""AGENT=reader"", ""PATIENT=scientist"", ""VERB=comfort""]","Prime sentence: a daughter comforts a doctor .
Event roles: AGENT=reader; PATIENT=scientist; VERB=comfort
Sentence: the",Sentence: the,first_noun,-6.04202938079834,-4.397832870483398,1.6441965103149414,passive,1.0
1385,role_labeled,passive,passive,a doctor is comforted by a daughter .,a reader comforts a scientist .,a scientist is comforted by a reader .,a,reader,a,scientist,comfort,comforts,comforted,"[""AGENT=reader"", ""PATIENT=scientist"", ""VERB=comfort""]","Prime sentence: a doctor is comforted by a daughter .
Event roles: AGENT=reader; PATIENT=scientist; VERB=comfort
Sentence: the",Sentence: the,first_noun,-5.7567033767700195,-4.275413513183594,1.4812898635864258,passive,1.0
1385,role_labeled,no_prime_eos,no_prime_eos,,a reader comforts a scientist .,a scientist is comforted by a reader .,a,reader,a,scientist,comfort,comforts,comforted,"[""AGENT=reader"", ""PATIENT=scientist"", ""VERB=comfort""]","Event roles: AGENT=reader; PATIENT=scientist; VERB=comfort
Sentence: the",Sentence: the,first_noun,-4.698469638824463,-5.112180233001709,-0.4137105941772461,active,0.0
1385,role_labeled,filler,filler,The radio crackled in the attic .,a reader comforts a scientist .,a scientist is comforted by a reader .,a,reader,a,scientist,comfort,comforts,comforted,"[""AGENT=reader"", ""PATIENT=scientist"", ""VERB=comfort""]","Prime sentence: The radio crackled in the attic .
Event roles: AGENT=reader; PATIENT=scientist; VERB=comfort
Sentence: the",Sentence: the,first_noun,-6.350375175476074,-5.1223859786987305,1.2279891967773438,passive,1.0
1386,role_labeled,active,active,a brother embraces a buddy .,an opponent embraces a parent .,a parent is embraced by an opponent .,an,opponent,a,parent,embrac,embraces,embraced,"[""PATIENT=parent"", ""VERB=embrac"", ""AGENT=opponent""]","Prime sentence: a brother embraces a buddy .
Event roles: PATIENT=parent; VERB=embrac; AGENT=opponent
Sentence: the",Sentence: the,first_noun,-7.560705184936523,-5.874644756317139,1.6860604286193848,passive,1.0
1386,role_labeled,passive,passive,a buddy is embraced by a brother .,an opponent embraces a parent .,a parent is embraced by an opponent .,an,opponent,a,parent,embrac,embraces,embraced,"[""PATIENT=parent"", ""VERB=embrac"", ""AGENT=opponent""]","Prime sentence: a buddy is embraced by a brother .
Event roles: PATIENT=parent; VERB=embrac; AGENT=opponent
Sentence: the",Sentence: the,first_noun,-7.338067054748535,-5.68456506729126,1.6535019874572754,passive,1.0
1386,role_labeled,no_prime_eos,no_prime_eos,,an opponent embraces a parent .,a parent is embraced by an opponent .,an,opponent,a,parent,embrac,embraces,embraced,"[""PATIENT=parent"", ""VERB=embrac"", ""AGENT=opponent""]","Event roles: PATIENT=parent; VERB=embrac; AGENT=opponent
Sentence: the",Sentence: the,first_noun,-5.170337677001953,-5.428906440734863,-0.25856876373291016,active,0.0
1386,role_labeled,filler,filler,The singer smiled after rehearsal .,an opponent embraces a parent .,a parent is embraced by an opponent .,an,opponent,a,parent,embrac,embraces,embraced,"[""PATIENT=parent"", ""VERB=embrac"", ""AGENT=opponent""]","Prime sentence: The singer smiled after rehearsal .
Event roles: PATIENT=parent; VERB=embrac; AGENT=opponent
Sentence: the",Sentence: the,first_noun,-7.482253074645996,-6.171436309814453,1.310816764831543,passive,1.0
1387,role_labeled,active,active,a king protects a lady .,a woman protects a worker .,a worker is protected by a woman .,a,woman,a,worker,protect,protects,protected,"[""AGENT=woman"", ""VERB=protect"", ""PATIENT=worker""]","Prime sentence: a king protects a lady .
Event roles: AGENT=woman; VERB=protect; PATIENT=worker
Sentence: the",Sentence: the,first_noun,-3.375380754470825,-6.111413955688477,-2.7360332012176514,active,0.0
1387,role_labeled,passive,passive,a lady is protected by a king .,a woman protects a worker .,a worker is protected by a woman .,a,woman,a,worker,protect,protects,protected,"[""AGENT=woman"", ""VERB=protect"", ""PATIENT=worker""]","Prime sentence: a lady is protected by a king .
Event roles: AGENT=woman; VERB=protect; PATIENT=worker
Sentence: the",Sentence: the,first_noun,-3.133188247680664,-5.629758834838867,-2.496570587158203,active,0.0
1387,role_labeled,no_prime_eos,no_prime_eos,,a woman protects a worker .,a worker is protected by a woman .,a,woman,a,worker,protect,protects,protected,"[""AGENT=woman"", ""VERB=protect"", ""PATIENT=worker""]","Event roles: AGENT=woman; VERB=protect; PATIENT=worker
Sentence: the",Sentence: the,first_noun,-2.3256168365478516,-4.854729652404785,-2.5291128158569336,active,0.0
1387,role_labeled,filler,filler,The radio crackled in the attic .,a woman protects a worker .,a worker is protected by a woman .,a,woman,a,worker,protect,protects,protected,"[""AGENT=woman"", ""VERB=protect"", ""PATIENT=worker""]","Prime sentence: The radio crackled in the attic .
Event roles: AGENT=woman; VERB=protect; PATIENT=worker
Sentence: the",Sentence: the,first_noun,-3.346235752105713,-6.525040626525879,-3.178804874420166,active,0.0
1388,role_labeled,active,active,a brother washes a buddy .,an opponent washes a parent .,a parent is washed by an opponent .,an,opponent,a,parent,wash,washes,washed,"[""PATIENT=parent"", ""VERB=wash"", ""AGENT=opponent""]","Prime sentence: a brother washes a buddy .
Event roles: PATIENT=parent; VERB=wash; AGENT=opponent
Sentence: the",Sentence: the,first_noun,-7.3532304763793945,-5.511859893798828,1.8413705825805664,passive,1.0
1388,role_labeled,passive,passive,a buddy is washed by a brother .,an opponent washes a parent .,a parent is washed by an opponent .,an,opponent,a,parent,wash,washes,washed,"[""PATIENT=parent"", ""VERB=wash"", ""AGENT=opponent""]","Prime sentence: a buddy is washed by a brother .
Event roles: PATIENT=parent; VERB=wash; AGENT=opponent
Sentence: the",Sentence: the,first_noun,-6.866116523742676,-5.674579620361328,1.1915369033813477,passive,1.0
1388,role_labeled,no_prime_eos,no_prime_eos,,an opponent washes a parent .,a parent is washed by an opponent .,an,opponent,a,parent,wash,washes,washed,"[""PATIENT=parent"", ""VERB=wash"", ""AGENT=opponent""]","Event roles: PATIENT=parent; VERB=wash; AGENT=opponent
Sentence: the",Sentence: the,first_noun,-5.430179595947266,-5.68604850769043,-0.25586891174316406,active,0.0
1388,role_labeled,filler,filler,The violin echoed in the theater .,an opponent washes a parent .,a parent is washed by an opponent .,an,opponent,a,parent,wash,washes,washed,"[""PATIENT=parent"", ""VERB=wash"", ""AGENT=opponent""]","Prime sentence: The violin echoed in the theater .
Event roles: PATIENT=parent; VERB=wash; AGENT=opponent
Sentence: the",Sentence: the,first_noun,-8.874407768249512,-7.181388854980469,1.693018913269043,passive,1.0
1389,role_labeled,active,active,an uncle helps a wife .,a guy helps a hero .,a hero is helped by a guy .,a,guy,a,hero,help,helps,helped,"[""PATIENT=hero"", ""AGENT=guy"", ""VERB=help""]","Prime sentence: an uncle helps a wife .
Event roles: PATIENT=hero; AGENT=guy; VERB=help
Sentence: the",Sentence: the,first_noun,-4.359508514404297,-4.740425109863281,-0.3809165954589844,active,0.0
1389,role_labeled,passive,passive,a wife is helped by an uncle .,a guy helps a hero .,a hero is helped by a guy .,a,guy,a,hero,help,helps,helped,"[""PATIENT=hero"", ""AGENT=guy"", ""VERB=help""]","Prime sentence: a wife is helped by an uncle .
Event roles: PATIENT=hero; AGENT=guy; VERB=help
Sentence: the",Sentence: the,first_noun,-5.1069746017456055,-4.749964714050293,0.3570098876953125,passive,1.0
1389,role_labeled,no_prime_eos,no_prime_eos,,a guy helps a hero .,a hero is helped by a guy .,a,guy,a,hero,help,helps,helped,"[""PATIENT=hero"", ""AGENT=guy"", ""VERB=help""]","Event roles: PATIENT=hero; AGENT=guy; VERB=help
Sentence: the",Sentence: the,first_noun,-4.448297500610352,-3.0936007499694824,1.3546967506408691,passive,1.0
1389,role_labeled,filler,filler,The tourist wandered through the plaza .,a guy helps a hero .,a hero is helped by a guy .,a,guy,a,hero,help,helps,helped,"[""PATIENT=hero"", ""AGENT=guy"", ""VERB=help""]","Prime sentence: The tourist wandered through the plaza .
Event roles: PATIENT=hero; AGENT=guy; VERB=help
Sentence: the",Sentence: the,first_noun,-4.287132740020752,-5.464383125305176,-1.1772503852844238,active,0.0
1390,role_labeled,active,active,a son chases a student .,a friend chases a girl .,a girl is chased by a friend .,a,friend,a,girl,chas,chases,chased,"[""PATIENT=girl"", ""AGENT=friend"", ""VERB=chas""]","Prime sentence: a son chases a student .
Event roles: PATIENT=girl; AGENT=friend; VERB=chas
Sentence: the",Sentence: the,first_noun,-5.001465797424316,-2.6927602291107178,2.3087055683135986,passive,1.0
1390,role_labeled,passive,passive,a student is chased by a son .,a friend chases a girl .,a girl is chased by a friend .,a,friend,a,girl,chas,chases,chased,"[""PATIENT=girl"", ""AGENT=friend"", ""VERB=chas""]","Prime sentence: a student is chased by a son .
Event roles: PATIENT=girl; AGENT=friend; VERB=chas
Sentence: the",Sentence: the,first_noun,-4.931541442871094,-2.756261110305786,2.1752803325653076,passive,1.0
1390,role_labeled,no_prime_eos,no_prime_eos,,a friend chases a girl .,a girl is chased by a friend .,a,friend,a,girl,chas,chases,chased,"[""PATIENT=girl"", ""AGENT=friend"", ""VERB=chas""]","Event roles: PATIENT=girl; AGENT=friend; VERB=chas
Sentence: the",Sentence: the,first_noun,-5.107544898986816,-2.269042730331421,2.8385021686553955,passive,1.0
1390,role_labeled,filler,filler,The jacket hung behind the chair .,a friend chases a girl .,a girl is chased by a friend .,a,friend,a,girl,chas,chases,chased,"[""PATIENT=girl"", ""AGENT=friend"", ""VERB=chas""]","Prime sentence: The jacket hung behind the chair .
Event roles: PATIENT=girl; AGENT=friend; VERB=chas
Sentence: the",Sentence: the,first_noun,-6.367768287658691,-3.4974544048309326,2.870313882827759,passive,1.0
1391,role_labeled,active,active,a kid forgets a king .,a winner forgets a woman .,a woman is forgotten by a winner .,a,winner,a,woman,forget,forgets,forgotten,"[""AGENT=winner"", ""VERB=forget"", ""PATIENT=woman""]","Prime sentence: a kid forgets a king .
Event roles: AGENT=winner; VERB=forget; PATIENT=woman
Sentence: the",Sentence: the,first_noun,-6.827638626098633,-4.637772560119629,2.189866065979004,passive,1.0
1391,role_labeled,passive,passive,a king is forgotten by a kid .,a winner forgets a woman .,a woman is forgotten by a winner .,a,winner,a,woman,forget,forgets,forgotten,"[""AGENT=winner"", ""VERB=forget"", ""PATIENT=woman""]","Prime sentence: a king is forgotten by a kid .
Event roles: AGENT=winner; VERB=forget; PATIENT=woman
Sentence: the",Sentence: the,first_noun,-7.267004013061523,-4.725973606109619,2.5410304069519043,passive,1.0
1391,role_labeled,no_prime_eos,no_prime_eos,,a winner forgets a woman .,a woman is forgotten by a winner .,a,winner,a,woman,forget,forgets,forgotten,"[""AGENT=winner"", ""VERB=forget"", ""PATIENT=woman""]","Event roles: AGENT=winner; VERB=forget; PATIENT=woman
Sentence: the",Sentence: the,first_noun,-3.695340156555176,-3.3712196350097656,0.32412052154541016,passive,1.0
1391,role_labeled,filler,filler,The witness paused near the doorway .,a winner forgets a woman .,a woman is forgotten by a winner .,a,winner,a,woman,forget,forgets,forgotten,"[""AGENT=winner"", ""VERB=forget"", ""PATIENT=woman""]","Prime sentence: The witness paused near the doorway .
Event roles: AGENT=winner; VERB=forget; PATIENT=woman
Sentence: the",Sentence: the,first_noun,-8.445205688476562,-2.4623937606811523,5.98281192779541,passive,1.0
1392,role_labeled,active,active,a president strikes a priest .,a champion strikes a chief .,a chief is struck by a champion .,a,champion,a,chief,strik,strikes,struck,"[""PATIENT=chief"", ""AGENT=champion"", ""VERB=strik""]","Prime sentence: a president strikes a priest .
Event roles: PATIENT=chief; AGENT=champion; VERB=strik
Sentence: the",Sentence: the,first_noun,-7.97766637802124,-4.842817783355713,3.1348485946655273,passive,1.0
1392,role_labeled,passive,passive,a priest is struck by a president .,a champion strikes a chief .,a chief is struck by a champion .,a,champion,a,chief,strik,strikes,struck,"[""PATIENT=chief"", ""AGENT=champion"", ""VERB=strik""]","Prime sentence: a priest is struck by a president .
Event roles: PATIENT=chief; AGENT=champion; VERB=strik
Sentence: the",Sentence: the,first_noun,-7.165141582489014,-4.718262672424316,2.4468789100646973,passive,1.0
1392,role_labeled,no_prime_eos,no_prime_eos,,a champion strikes a chief .,a chief is struck by a champion .,a,champion,a,chief,strik,strikes,struck,"[""PATIENT=chief"", ""AGENT=champion"", ""VERB=strik""]","Event roles: PATIENT=chief; AGENT=champion; VERB=strik
Sentence: the",Sentence: the,first_noun,-5.281753063201904,-4.549294948577881,0.7324581146240234,passive,1.0
1392,role_labeled,filler,filler,The traveler rested beside the river .,a champion strikes a chief .,a chief is struck by a champion .,a,champion,a,chief,strik,strikes,struck,"[""PATIENT=chief"", ""AGENT=champion"", ""VERB=strik""]","Prime sentence: The traveler rested beside the river .
Event roles: PATIENT=chief; AGENT=champion; VERB=strik
Sentence: the",Sentence: the,first_noun,-6.396307945251465,-5.184191703796387,1.2121162414550781,passive,1.0
1393,role_labeled,active,active,a cop understands a cousin .,a princess understands a professor .,a professor is understood by a princess .,a,princess,a,professor,understand,understands,understood,"[""VERB=understand"", ""AGENT=princess"", ""PATIENT=professor""]","Prime sentence: a cop understands a cousin .
Event roles: VERB=understand; AGENT=princess; PATIENT=professor
Sentence: the",Sentence: the,first_noun,-5.371058464050293,-4.7026848793029785,0.6683735847473145,passive,1.0
1393,role_labeled,passive,passive,a cousin is understood by a cop .,a princess understands a professor .,a professor is understood by a princess .,a,princess,a,professor,understand,understands,understood,"[""VERB=understand"", ""AGENT=princess"", ""PATIENT=professor""]","Prime sentence: a cousin is understood by a cop .
Event roles: VERB=understand; AGENT=princess; PATIENT=professor
Sentence: the",Sentence: the,first_noun,-5.904257297515869,-4.811298847198486,1.0929584503173828,passive,1.0
1393,role_labeled,no_prime_eos,no_prime_eos,,a princess understands a professor .,a professor is understood by a princess .,a,princess,a,professor,understand,understands,understood,"[""VERB=understand"", ""AGENT=princess"", ""PATIENT=professor""]","Event roles: VERB=understand; AGENT=princess; PATIENT=professor
Sentence: the",Sentence: the,first_noun,-5.482854843139648,-5.2165350914001465,0.26631975173950195,passive,1.0
1393,role_labeled,filler,filler,The witness paused near the doorway .,a princess understands a professor .,a professor is understood by a princess .,a,princess,a,professor,understand,understands,understood,"[""VERB=understand"", ""AGENT=princess"", ""PATIENT=professor""]","Prime sentence: The witness paused near the doorway .
Event roles: VERB=understand; AGENT=princess; PATIENT=professor
Sentence: the",Sentence: the,first_noun,-4.698713779449463,-3.530351161956787,1.1683626174926758,passive,1.0
1394,role_labeled,active,active,a king kisses a lady .,a woman kisses a worker .,a worker is kissed by a woman .,a,woman,a,worker,kiss,kisses,kissed,"[""AGENT=woman"", ""PATIENT=worker"", ""VERB=kiss""]","Prime sentence: a king kisses a lady .
Event roles: AGENT=woman; PATIENT=worker; VERB=kiss
Sentence: the",Sentence: the,first_noun,-3.5886611938476562,-5.846083164215088,-2.2574219703674316,active,0.0
1394,role_labeled,passive,passive,a lady is kissed by a king .,a woman kisses a worker .,a worker is kissed by a woman .,a,woman,a,worker,kiss,kisses,kissed,"[""AGENT=woman"", ""PATIENT=worker"", ""VERB=kiss""]","Prime sentence: a lady is kissed by a king .
Event roles: AGENT=woman; PATIENT=worker; VERB=kiss
Sentence: the",Sentence: the,first_noun,-3.2800750732421875,-5.5037102699279785,-2.223635196685791,active,0.0
1394,role_labeled,no_prime_eos,no_prime_eos,,a woman kisses a worker .,a worker is kissed by a woman .,a,woman,a,worker,kiss,kisses,kissed,"[""AGENT=woman"", ""PATIENT=worker"", ""VERB=kiss""]","Event roles: AGENT=woman; PATIENT=worker; VERB=kiss
Sentence: the",Sentence: the,first_noun,-2.603994369506836,-4.782431602478027,-2.1784372329711914,active,0.0
1394,role_labeled,filler,filler,The planet shimmered above the valley .,a woman kisses a worker .,a worker is kissed by a woman .,a,woman,a,worker,kiss,kisses,kissed,"[""AGENT=woman"", ""PATIENT=worker"", ""VERB=kiss""]","Prime sentence: The planet shimmered above the valley .
Event roles: AGENT=woman; PATIENT=worker; VERB=kiss
Sentence: the",Sentence: the,first_noun,-3.507298469543457,-5.945219993591309,-2.4379215240478516,active,0.0
1395,role_labeled,active,active,an aunt describes an author .,a mayor describes a minister .,a minister is described by a mayor .,a,mayor,a,minister,describ,describes,described,"[""PATIENT=minister"", ""AGENT=mayor"", ""VERB=describ""]","Prime sentence: an aunt describes an author .
Event roles: PATIENT=minister; AGENT=mayor; VERB=describ
Sentence: the",Sentence: the,first_noun,-3.6845569610595703,-4.914558410644531,-1.230001449584961,active,0.0
1395,role_labeled,passive,passive,an author is described by an aunt .,a mayor describes a minister .,a minister is described by a mayor .,a,mayor,a,minister,describ,describes,described,"[""PATIENT=minister"", ""AGENT=mayor"", ""VERB=describ""]","Prime sentence: an author is described by an aunt .
Event roles: PATIENT=minister; AGENT=mayor; VERB=describ
Sentence: the",Sentence: the,first_noun,-3.6050705909729004,-4.702023029327393,-1.0969524383544922,active,0.0
1395,role_labeled,no_prime_eos,no_prime_eos,,a mayor describes a minister .,a minister is described by a mayor .,a,mayor,a,minister,describ,describes,described,"[""PATIENT=minister"", ""AGENT=mayor"", ""VERB=describ""]","Event roles: PATIENT=minister; AGENT=mayor; VERB=describ
Sentence: the",Sentence: the,first_noun,-3.6091434955596924,-4.553179740905762,-0.9440362453460693,active,0.0
1395,role_labeled,filler,filler,The radio crackled in the attic .,a mayor describes a minister .,a minister is described by a mayor .,a,mayor,a,minister,describ,describes,described,"[""PATIENT=minister"", ""AGENT=mayor"", ""VERB=describ""]","Prime sentence: The radio crackled in the attic .
Event roles: PATIENT=minister; AGENT=mayor; VERB=describ
Sentence: the",Sentence: the,first_noun,-4.456631660461426,-6.285548686981201,-1.8289170265197754,active,0.0
1396,role_labeled,active,active,a husband protects a kid .,a wife protects a winner .,a winner is protected by a wife .,a,wife,a,winner,protect,protects,protected,"[""PATIENT=winner"", ""AGENT=wife"", ""VERB=protect""]","Prime sentence: a husband protects a kid .
Event roles: PATIENT=winner; AGENT=wife; VERB=protect
Sentence: the",Sentence: the,first_noun,-3.2645678520202637,-7.176518440246582,-3.9119505882263184,active,0.0
1396,role_labeled,passive,passive,a kid is protected by a husband .,a wife protects a winner .,a winner is protected by a wife .,a,wife,a,winner,protect,protects,protected,"[""PATIENT=winner"", ""AGENT=wife"", ""VERB=protect""]","Prime sentence: a kid is protected by a husband .
Event roles: PATIENT=winner; AGENT=wife; VERB=protect
Sentence: the",Sentence: the,first_noun,-3.4715945720672607,-6.633074760437012,-3.161480188369751,active,0.0
1396,role_labeled,no_prime_eos,no_prime_eos,,a wife protects a winner .,a winner is protected by a wife .,a,wife,a,winner,protect,protects,protected,"[""PATIENT=winner"", ""AGENT=wife"", ""VERB=protect""]","Event roles: PATIENT=winner; AGENT=wife; VERB=protect
Sentence: the",Sentence: the,first_noun,-4.194279193878174,-5.033680438995361,-0.8394012451171875,active,0.0
1396,role_labeled,filler,filler,The window rattled during the storm .,a wife protects a winner .,a winner is protected by a wife .,a,wife,a,winner,protect,protects,protected,"[""PATIENT=winner"", ""AGENT=wife"", ""VERB=protect""]","Prime sentence: The window rattled during the storm .
Event roles: PATIENT=winner; AGENT=wife; VERB=protect
Sentence: the",Sentence: the,first_noun,-5.946424961090088,-9.00273609161377,-3.0563111305236816,active,0.0
1397,role_labeled,active,active,a writer follows an actor .,a lady follows a lawyer .,a lawyer is followed by a lady .,a,lady,a,lawyer,follow,follows,followed,"[""VERB=follow"", ""PATIENT=lawyer"", ""AGENT=lady""]","Prime sentence: a writer follows an actor .
Event roles: VERB=follow; PATIENT=lawyer; AGENT=lady
Sentence: the",Sentence: the,first_noun,-6.416822910308838,-5.520959377288818,0.8958635330200195,passive,1.0
1397,role_labeled,passive,passive,an actor is followed by a writer .,a lady follows a lawyer .,a lawyer is followed by a lady .,a,lady,a,lawyer,follow,follows,followed,"[""VERB=follow"", ""PATIENT=lawyer"", ""AGENT=lady""]","Prime sentence: an actor is followed by a writer .
Event roles: VERB=follow; PATIENT=lawyer; AGENT=lady
Sentence: the",Sentence: the,first_noun,-6.855227470397949,-5.798688888549805,1.0565385818481445,passive,1.0
1397,role_labeled,no_prime_eos,no_prime_eos,,a lady follows a lawyer .,a lawyer is followed by a lady .,a,lady,a,lawyer,follow,follows,followed,"[""VERB=follow"", ""PATIENT=lawyer"", ""AGENT=lady""]","Event roles: VERB=follow; PATIENT=lawyer; AGENT=lady
Sentence: the",Sentence: the,first_noun,-6.094634056091309,-5.3324456214904785,0.7621884346008301,passive,1.0
1397,role_labeled,filler,filler,The baker laughed during breakfast .,a lady follows a lawyer .,a lawyer is followed by a lady .,a,lady,a,lawyer,follow,follows,followed,"[""VERB=follow"", ""PATIENT=lawyer"", ""AGENT=lady""]","Prime sentence: The baker laughed during breakfast .
Event roles: VERB=follow; PATIENT=lawyer; AGENT=lady
Sentence: the",Sentence: the,first_noun,-4.9576616287231445,-3.678269624710083,1.2793920040130615,passive,1.0
1398,role_labeled,active,active,an employer washes a father .,a sheriff washes a singer .,a singer is washed by a sheriff .,a,sheriff,a,singer,wash,washes,washed,"[""AGENT=sheriff"", ""VERB=wash"", ""PATIENT=singer""]","Prime sentence: an employer washes a father .
Event roles: AGENT=sheriff; VERB=wash; PATIENT=singer
Sentence: the",Sentence: the,first_noun,-3.720123767852783,-5.951076984405518,-2.2309532165527344,active,0.0
1398,role_labeled,passive,passive,a father is washed by an employer .,a sheriff washes a singer .,a singer is washed by a sheriff .,a,sheriff,a,singer,wash,washes,washed,"[""AGENT=sheriff"", ""VERB=wash"", ""PATIENT=singer""]","Prime sentence: a father is washed by an employer .
Event roles: AGENT=sheriff; VERB=wash; PATIENT=singer
Sentence: the",Sentence: the,first_noun,-4.387882232666016,-6.342860221862793,-1.9549779891967773,active,0.0
1398,role_labeled,no_prime_eos,no_prime_eos,,a sheriff washes a singer .,a singer is washed by a sheriff .,a,sheriff,a,singer,wash,washes,washed,"[""AGENT=sheriff"", ""VERB=wash"", ""PATIENT=singer""]","Event roles: AGENT=sheriff; VERB=wash; PATIENT=singer
Sentence: the",Sentence: the,first_noun,-5.334372520446777,-5.910533428192139,-0.5761609077453613,active,0.0
1398,role_labeled,filler,filler,The window rattled during the storm .,a sheriff washes a singer .,a singer is washed by a sheriff .,a,sheriff,a,singer,wash,washes,washed,"[""AGENT=sheriff"", ""VERB=wash"", ""PATIENT=singer""]","Prime sentence: The window rattled during the storm .
Event roles: AGENT=sheriff; VERB=wash; PATIENT=singer
Sentence: the",Sentence: the,first_noun,-5.257782936096191,-7.002000331878662,-1.7442173957824707,active,0.0
1399,role_labeled,active,active,a wife helps a winner .,a hero helps a husband .,a husband is helped by a hero .,a,hero,a,husband,help,helps,helped,"[""VERB=help"", ""PATIENT=husband"", ""AGENT=hero""]","Prime sentence: a wife helps a winner .
Event roles: VERB=help; PATIENT=husband; AGENT=hero
Sentence: the",Sentence: the,first_noun,-4.344822883605957,-3.647010087966919,0.6978127956390381,passive,1.0
1399,role_labeled,passive,passive,a winner is helped by a wife .,a hero helps a husband .,a husband is helped by a hero .,a,hero,a,husband,help,helps,helped,"[""VERB=help"", ""PATIENT=husband"", ""AGENT=hero""]","Prime sentence: a winner is helped by a wife .
Event roles: VERB=help; PATIENT=husband; AGENT=hero
Sentence: the",Sentence: the,first_noun,-4.723072052001953,-4.576931953430176,0.14614009857177734,passive,1.0
1399,role_labeled,no_prime_eos,no_prime_eos,,a hero helps a husband .,a husband is helped by a hero .,a,hero,a,husband,help,helps,helped,"[""VERB=help"", ""PATIENT=husband"", ""AGENT=hero""]","Event roles: VERB=help; PATIENT=husband; AGENT=hero
Sentence: the",Sentence: the,first_noun,-3.610001564025879,-5.011658668518066,-1.4016571044921875,active,0.0
1399,role_labeled,filler,filler,The radio crackled in the attic .,a hero helps a husband .,a husband is helped by a hero .,a,hero,a,husband,help,helps,helped,"[""VERB=help"", ""PATIENT=husband"", ""AGENT=hero""]","Prime sentence: The radio crackled in the attic .
Event roles: VERB=help; PATIENT=husband; AGENT=hero
Sentence: the",Sentence: the,first_noun,-6.734818935394287,-6.281833171844482,0.4529857635498047,passive,1.0
1400,role_labeled,active,active,a son raises a student .,a friend raises a girl .,a girl is raised by a friend .,a,friend,a,girl,rais,raises,raised,"[""VERB=rais"", ""PATIENT=girl"", ""AGENT=friend""]","Prime sentence: a son raises a student .
Event roles: VERB=rais; PATIENT=girl; AGENT=friend
Sentence: the",Sentence: the,first_noun,-5.312273979187012,-2.9238710403442383,2.3884029388427734,passive,1.0
1400,role_labeled,passive,passive,a student is raised by a son .,a friend raises a girl .,a girl is raised by a friend .,a,friend,a,girl,rais,raises,raised,"[""VERB=rais"", ""PATIENT=girl"", ""AGENT=friend""]","Prime sentence: a student is raised by a son .
Event roles: VERB=rais; PATIENT=girl; AGENT=friend
Sentence: the",Sentence: the,first_noun,-5.381709098815918,-2.9131619930267334,2.4685471057891846,passive,1.0
1400,role_labeled,no_prime_eos,no_prime_eos,,a friend raises a girl .,a girl is raised by a friend .,a,friend,a,girl,rais,raises,raised,"[""VERB=rais"", ""PATIENT=girl"", ""AGENT=friend""]","Event roles: VERB=rais; PATIENT=girl; AGENT=friend
Sentence: the",Sentence: the,first_noun,-5.70367431640625,-2.9658758640289307,2.7377984523773193,passive,1.0
1400,role_labeled,filler,filler,The kettle whistled in the kitchen .,a friend raises a girl .,a girl is raised by a friend .,a,friend,a,girl,rais,raises,raised,"[""VERB=rais"", ""PATIENT=girl"", ""AGENT=friend""]","Prime sentence: The kettle whistled in the kitchen .
Event roles: VERB=rais; PATIENT=girl; AGENT=friend
Sentence: the",Sentence: the,first_noun,-6.834986209869385,-4.345111846923828,2.4898743629455566,passive,1.0
1401,role_labeled,active,active,a writer punches an actor .,a lady punches a lawyer .,a lawyer is punched by a lady .,a,lady,a,lawyer,punch,punches,punched,"[""PATIENT=lawyer"", ""AGENT=lady"", ""VERB=punch""]","Prime sentence: a writer punches an actor .
Event roles: PATIENT=lawyer; AGENT=lady; VERB=punch
Sentence: the",Sentence: the,first_noun,-5.996699333190918,-3.938737630844116,2.0579617023468018,passive,1.0
1401,role_labeled,passive,passive,an actor is punched by a writer .,a lady punches a lawyer .,a lawyer is punched by a lady .,a,lady,a,lawyer,punch,punches,punched,"[""PATIENT=lawyer"", ""AGENT=lady"", ""VERB=punch""]","Prime sentence: an actor is punched by a writer .
Event roles: PATIENT=lawyer; AGENT=lady; VERB=punch
Sentence: the",Sentence: the,first_noun,-6.391217231750488,-3.995621919631958,2.3955953121185303,passive,1.0
1401,role_labeled,no_prime_eos,no_prime_eos,,a lady punches a lawyer .,a lawyer is punched by a lady .,a,lady,a,lawyer,punch,punches,punched,"[""PATIENT=lawyer"", ""AGENT=lady"", ""VERB=punch""]","Event roles: PATIENT=lawyer; AGENT=lady; VERB=punch
Sentence: the",Sentence: the,first_noun,-5.6807541847229,-4.503984451293945,1.176769733428955,passive,1.0
1401,role_labeled,filler,filler,The blanket dried on the line .,a lady punches a lawyer .,a lawyer is punched by a lady .,a,lady,a,lawyer,punch,punches,punched,"[""PATIENT=lawyer"", ""AGENT=lady"", ""VERB=punch""]","Prime sentence: The blanket dried on the line .
Event roles: PATIENT=lawyer; AGENT=lady; VERB=punch
Sentence: the",Sentence: the,first_noun,-6.048977375030518,-4.717676639556885,1.3313007354736328,passive,1.0
1402,role_labeled,active,active,a parent understands a partner .,a brother understands a buddy .,a buddy is understood by a brother .,a,brother,a,buddy,understand,understands,understood,"[""PATIENT=buddy"", ""VERB=understand"", ""AGENT=brother""]","Prime sentence: a parent understands a partner .
Event roles: PATIENT=buddy; VERB=understand; AGENT=brother
Sentence: the",Sentence: the,first_noun,-5.6157989501953125,-8.200551986694336,-2.5847530364990234,active,0.0
1402,role_labeled,passive,passive,a partner is understood by a parent .,a brother understands a buddy .,a buddy is understood by a brother .,a,brother,a,buddy,understand,understands,understood,"[""PATIENT=buddy"", ""VERB=understand"", ""AGENT=brother""]","Prime sentence: a partner is understood by a parent .
Event roles: PATIENT=buddy; VERB=understand; AGENT=brother
Sentence: the",Sentence: the,first_noun,-5.153863430023193,-7.667720794677734,-2.513857364654541,active,0.0
1402,role_labeled,no_prime_eos,no_prime_eos,,a brother understands a buddy .,a buddy is understood by a brother .,a,brother,a,buddy,understand,understands,understood,"[""PATIENT=buddy"", ""VERB=understand"", ""AGENT=brother""]","Event roles: PATIENT=buddy; VERB=understand; AGENT=brother
Sentence: the",Sentence: the,first_noun,-5.1950812339782715,-7.538552284240723,-2.343471050262451,active,0.0
1402,role_labeled,filler,filler,The violin echoed in the theater .,a brother understands a buddy .,a buddy is understood by a brother .,a,brother,a,buddy,understand,understands,understood,"[""PATIENT=buddy"", ""VERB=understand"", ""AGENT=brother""]","Prime sentence: The violin echoed in the theater .
Event roles: PATIENT=buddy; VERB=understand; AGENT=brother
Sentence: the",Sentence: the,first_noun,-7.972769737243652,-10.438299179077148,-2.465529441833496,active,0.0
1403,role_labeled,active,active,a parent describes a partner .,a brother describes a buddy .,a buddy is described by a brother .,a,brother,a,buddy,describ,describes,described,"[""PATIENT=buddy"", ""VERB=describ"", ""AGENT=brother""]","Prime sentence: a parent describes a partner .
Event roles: PATIENT=buddy; VERB=describ; AGENT=brother
Sentence: the",Sentence: the,first_noun,-5.124519348144531,-7.83418607711792,-2.7096667289733887,active,0.0
1403,role_labeled,passive,passive,a partner is described by a parent .,a brother describes a buddy .,a buddy is described by a brother .,a,brother,a,buddy,describ,describes,described,"[""PATIENT=buddy"", ""VERB=describ"", ""AGENT=brother""]","Prime sentence: a partner is described by a parent .
Event roles: PATIENT=buddy; VERB=describ; AGENT=brother
Sentence: the",Sentence: the,first_noun,-4.832333087921143,-7.18282413482666,-2.3504910469055176,active,0.0
1403,role_labeled,no_prime_eos,no_prime_eos,,a brother describes a buddy .,a buddy is described by a brother .,a,brother,a,buddy,describ,describes,described,"[""PATIENT=buddy"", ""VERB=describ"", ""AGENT=brother""]","Event roles: PATIENT=buddy; VERB=describ; AGENT=brother
Sentence: the",Sentence: the,first_noun,-4.727275848388672,-7.265888690948486,-2.5386128425598145,active,0.0
1403,role_labeled,filler,filler,The jacket hung behind the chair .,a brother describes a buddy .,a buddy is described by a brother .,a,brother,a,buddy,describ,describes,described,"[""PATIENT=buddy"", ""VERB=describ"", ""AGENT=brother""]","Prime sentence: The jacket hung behind the chair .
Event roles: PATIENT=buddy; VERB=describ; AGENT=brother
Sentence: the",Sentence: the,first_noun,-6.965635776519775,-8.641876220703125,-1.6762404441833496,active,0.0
1404,role_labeled,active,active,an actor strikes an actress .,a lawyer strikes a leader .,a leader is struck by a lawyer .,a,lawyer,a,leader,strik,strikes,struck,"[""VERB=strik"", ""AGENT=lawyer"", ""PATIENT=leader""]","Prime sentence: an actor strikes an actress .
Event roles: VERB=strik; AGENT=lawyer; PATIENT=leader
Sentence: the",Sentence: the,first_noun,-5.053706169128418,-5.560225486755371,-0.5065193176269531,active,0.0
1404,role_labeled,passive,passive,an actress is struck by an actor .,a lawyer strikes a leader .,a leader is struck by a lawyer .,a,lawyer,a,leader,strik,strikes,struck,"[""VERB=strik"", ""AGENT=lawyer"", ""PATIENT=leader""]","Prime sentence: an actress is struck by an actor .
Event roles: VERB=strik; AGENT=lawyer; PATIENT=leader
Sentence: the",Sentence: the,first_noun,-5.103432655334473,-5.677248001098633,-0.5738153457641602,active,0.0
1404,role_labeled,no_prime_eos,no_prime_eos,,a lawyer strikes a leader .,a leader is struck by a lawyer .,a,lawyer,a,leader,strik,strikes,struck,"[""VERB=strik"", ""AGENT=lawyer"", ""PATIENT=leader""]","Event roles: VERB=strik; AGENT=lawyer; PATIENT=leader
Sentence: the",Sentence: the,first_noun,-5.140440940856934,-4.986298084259033,0.1541428565979004,passive,1.0
1404,role_labeled,filler,filler,The teacher listened during assembly .,a lawyer strikes a leader .,a leader is struck by a lawyer .,a,lawyer,a,leader,strik,strikes,struck,"[""VERB=strik"", ""AGENT=lawyer"", ""PATIENT=leader""]","Prime sentence: The teacher listened during assembly .
Event roles: VERB=strik; AGENT=lawyer; PATIENT=leader
Sentence: the",Sentence: the,first_noun,-4.450692653656006,-3.329890251159668,1.120802402496338,passive,1.0
1405,role_labeled,active,active,a son follows a student .,a friend follows a girl .,a girl is followed by a friend .,a,friend,a,girl,follow,follows,followed,"[""PATIENT=girl"", ""VERB=follow"", ""AGENT=friend""]","Prime sentence: a son follows a student .
Event roles: PATIENT=girl; VERB=follow; AGENT=friend
Sentence: the",Sentence: the,first_noun,-4.870359420776367,-2.622480869293213,2.2478785514831543,passive,1.0
1405,role_labeled,passive,passive,a student is followed by a son .,a friend follows a girl .,a girl is followed by a friend .,a,friend,a,girl,follow,follows,followed,"[""PATIENT=girl"", ""VERB=follow"", ""AGENT=friend""]","Prime sentence: a student is followed by a son .
Event roles: PATIENT=girl; VERB=follow; AGENT=friend
Sentence: the",Sentence: the,first_noun,-4.949100971221924,-2.7072649002075195,2.2418360710144043,passive,1.0
1405,role_labeled,no_prime_eos,no_prime_eos,,a friend follows a girl .,a girl is followed by a friend .,a,friend,a,girl,follow,follows,followed,"[""PATIENT=girl"", ""VERB=follow"", ""AGENT=friend""]","Event roles: PATIENT=girl; VERB=follow; AGENT=friend
Sentence: the",Sentence: the,first_noun,-5.256964683532715,-1.7979260683059692,3.4590386152267456,passive,1.0
1405,role_labeled,filler,filler,The engine cooled before dawn .,a friend follows a girl .,a girl is followed by a friend .,a,friend,a,girl,follow,follows,followed,"[""PATIENT=girl"", ""VERB=follow"", ""AGENT=friend""]","Prime sentence: The engine cooled before dawn .
Event roles: PATIENT=girl; VERB=follow; AGENT=friend
Sentence: the",Sentence: the,first_noun,-6.819117546081543,-3.4417428970336914,3.3773746490478516,passive,1.0
1406,role_labeled,active,active,an actress comforts an adult .,a leader comforts a man .,a man is comforted by a leader .,a,leader,a,man,comfort,comforts,comforted,"[""VERB=comfort"", ""AGENT=leader"", ""PATIENT=man""]","Prime sentence: an actress comforts an adult .
Event roles: VERB=comfort; AGENT=leader; PATIENT=man
Sentence: the",Sentence: the,first_noun,-5.8691301345825195,-4.4998626708984375,1.369267463684082,passive,1.0
1406,role_labeled,passive,passive,an adult is comforted by an actress .,a leader comforts a man .,a man is comforted by a leader .,a,leader,a,man,comfort,comforts,comforted,"[""VERB=comfort"", ""AGENT=leader"", ""PATIENT=man""]","Prime sentence: an adult is comforted by an actress .
Event roles: VERB=comfort; AGENT=leader; PATIENT=man
Sentence: the",Sentence: the,first_noun,-6.470074653625488,-4.4904680252075195,1.9796066284179688,passive,1.0
1406,role_labeled,no_prime_eos,no_prime_eos,,a leader comforts a man .,a man is comforted by a leader .,a,leader,a,man,comfort,comforts,comforted,"[""VERB=comfort"", ""AGENT=leader"", ""PATIENT=man""]","Event roles: VERB=comfort; AGENT=leader; PATIENT=man
Sentence: the",Sentence: the,first_noun,-4.174972057342529,-4.767444133758545,-0.5924720764160156,active,0.0
1406,role_labeled,filler,filler,The window rattled during the storm .,a leader comforts a man .,a man is comforted by a leader .,a,leader,a,man,comfort,comforts,comforted,"[""VERB=comfort"", ""AGENT=leader"", ""PATIENT=man""]","Prime sentence: The window rattled during the storm .
Event roles: VERB=comfort; AGENT=leader; PATIENT=man
Sentence: the",Sentence: the,first_noun,-7.208805084228516,-5.144037246704102,2.064767837524414,passive,1.0
1407,role_labeled,active,active,a teacher follows an uncle .,a guest follows a guy .,a guy is followed by a guest .,a,guest,a,guy,follow,follows,followed,"[""PATIENT=guy"", ""AGENT=guest"", ""VERB=follow""]","Prime sentence: a teacher follows an uncle .
Event roles: PATIENT=guy; AGENT=guest; VERB=follow
Sentence: the",Sentence: the,first_noun,-5.790968418121338,-4.502060890197754,1.288907527923584,passive,1.0
1407,role_labeled,passive,passive,an uncle is followed by a teacher .,a guest follows a guy .,a guy is followed by a guest .,a,guest,a,guy,follow,follows,followed,"[""PATIENT=guy"", ""AGENT=guest"", ""VERB=follow""]","Prime sentence: an uncle is followed by a teacher .
Event roles: PATIENT=guy; AGENT=guest; VERB=follow
Sentence: the",Sentence: the,first_noun,-5.534394264221191,-4.450685501098633,1.0837087631225586,passive,1.0
1407,role_labeled,no_prime_eos,no_prime_eos,,a guest follows a guy .,a guy is followed by a guest .,a,guest,a,guy,follow,follows,followed,"[""PATIENT=guy"", ""AGENT=guest"", ""VERB=follow""]","Event roles: PATIENT=guy; AGENT=guest; VERB=follow
Sentence: the",Sentence: the,first_noun,-4.535650730133057,-4.32557487487793,0.21007585525512695,passive,1.0
1407,role_labeled,filler,filler,The singer smiled after rehearsal .,a guest follows a guy .,a guy is followed by a guest .,a,guest,a,guy,follow,follows,followed,"[""PATIENT=guy"", ""AGENT=guest"", ""VERB=follow""]","Prime sentence: The singer smiled after rehearsal .
Event roles: PATIENT=guy; AGENT=guest; VERB=follow
Sentence: the",Sentence: the,first_noun,-5.378110885620117,-4.101057529449463,1.2770533561706543,passive,1.0
1408,role_labeled,active,active,a writer grabs an actor .,a lady grabs a lawyer .,a lawyer is grabbed by a lady .,a,lady,a,lawyer,grab,grabs,grabbed,"[""PATIENT=lawyer"", ""VERB=grab"", ""AGENT=lady""]","Prime sentence: a writer grabs an actor .
Event roles: PATIENT=lawyer; VERB=grab; AGENT=lady
Sentence: the",Sentence: the,first_noun,-5.655500888824463,-3.5605502128601074,2.0949506759643555,passive,1.0
1408,role_labeled,passive,passive,an actor is grabbed by a writer .,a lady grabs a lawyer .,a lawyer is grabbed by a lady .,a,lady,a,lawyer,grab,grabs,grabbed,"[""PATIENT=lawyer"", ""VERB=grab"", ""AGENT=lady""]","Prime sentence: an actor is grabbed by a writer .
Event roles: PATIENT=lawyer; VERB=grab; AGENT=lady
Sentence: the",Sentence: the,first_noun,-6.053081512451172,-4.016454696655273,2.0366268157958984,passive,1.0
1408,role_labeled,no_prime_eos,no_prime_eos,,a lady grabs a lawyer .,a lawyer is grabbed by a lady .,a,lady,a,lawyer,grab,grabs,grabbed,"[""PATIENT=lawyer"", ""VERB=grab"", ""AGENT=lady""]","Event roles: PATIENT=lawyer; VERB=grab; AGENT=lady
Sentence: the",Sentence: the,first_noun,-5.490382194519043,-4.448477268218994,1.0419049263000488,passive,1.0
1408,role_labeled,filler,filler,The lantern glowed near sunset .,a lady grabs a lawyer .,a lawyer is grabbed by a lady .,a,lady,a,lawyer,grab,grabs,grabbed,"[""PATIENT=lawyer"", ""VERB=grab"", ""AGENT=lady""]","Prime sentence: The lantern glowed near sunset .
Event roles: PATIENT=lawyer; VERB=grab; AGENT=lady
Sentence: the",Sentence: the,first_noun,-5.352146625518799,-5.912840843200684,-0.5606942176818848,active,0.0
1409,role_labeled,active,active,a woman understands a worker .,a kid understands a king .,a king is understood by a kid .,a,kid,a,king,understand,understands,understood,"[""VERB=understand"", ""AGENT=kid"", ""PATIENT=king""]","Prime sentence: a woman understands a worker .
Event roles: VERB=understand; AGENT=kid; PATIENT=king
Sentence: the",Sentence: the,first_noun,-6.815911293029785,-3.823209762573242,2.992701530456543,passive,1.0
1409,role_labeled,passive,passive,a worker is understood by a woman .,a kid understands a king .,a king is understood by a kid .,a,kid,a,king,understand,understands,understood,"[""VERB=understand"", ""AGENT=kid"", ""PATIENT=king""]","Prime sentence: a worker is understood by a woman .
Event roles: VERB=understand; AGENT=kid; PATIENT=king
Sentence: the",Sentence: the,first_noun,-6.780011177062988,-3.121574640274048,3.6584365367889404,passive,1.0
1409,role_labeled,no_prime_eos,no_prime_eos,,a kid understands a king .,a king is understood by a kid .,a,kid,a,king,understand,understands,understood,"[""VERB=understand"", ""AGENT=kid"", ""PATIENT=king""]","Event roles: VERB=understand; AGENT=kid; PATIENT=king
Sentence: the",Sentence: the,first_noun,-6.606105804443359,-3.789898157119751,2.8162076473236084,passive,1.0
1409,role_labeled,filler,filler,The jacket hung behind the chair .,a kid understands a king .,a king is understood by a kid .,a,kid,a,king,understand,understands,understood,"[""VERB=understand"", ""AGENT=kid"", ""PATIENT=king""]","Prime sentence: The jacket hung behind the chair .
Event roles: VERB=understand; AGENT=kid; PATIENT=king
Sentence: the",Sentence: the,first_noun,-6.368405342102051,-4.401788711547852,1.9666166305541992,passive,1.0
1410,role_labeled,active,active,a buddy carries a candidate .,a parent carries a partner .,a partner is carried by a parent .,a,parent,a,partner,carry,carries,carried,"[""AGENT=parent"", ""PATIENT=partner"", ""VERB=carry""]","Prime sentence: a buddy carries a candidate .
Event roles: AGENT=parent; PATIENT=partner; VERB=carry
Sentence: the",Sentence: the,first_noun,-5.173391342163086,-5.804503917694092,-0.6311125755310059,active,0.0
1410,role_labeled,passive,passive,a candidate is carried by a buddy .,a parent carries a partner .,a partner is carried by a parent .,a,parent,a,partner,carry,carries,carried,"[""AGENT=parent"", ""PATIENT=partner"", ""VERB=carry""]","Prime sentence: a candidate is carried by a buddy .
Event roles: AGENT=parent; PATIENT=partner; VERB=carry
Sentence: the",Sentence: the,first_noun,-4.949505805969238,-5.522670745849609,-0.5731649398803711,active,0.0
1410,role_labeled,no_prime_eos,no_prime_eos,,a parent carries a partner .,a partner is carried by a parent .,a,parent,a,partner,carry,carries,carried,"[""AGENT=parent"", ""PATIENT=partner"", ""VERB=carry""]","Event roles: AGENT=parent; PATIENT=partner; VERB=carry
Sentence: the",Sentence: the,first_noun,-4.6836957931518555,-6.529555320739746,-1.8458595275878906,active,0.0
1410,role_labeled,filler,filler,The violin echoed in the theater .,a parent carries a partner .,a partner is carried by a parent .,a,parent,a,partner,carry,carries,carried,"[""AGENT=parent"", ""PATIENT=partner"", ""VERB=carry""]","Prime sentence: The violin echoed in the theater .
Event roles: AGENT=parent; PATIENT=partner; VERB=carry
Sentence: the",Sentence: the,first_noun,-7.067089080810547,-8.476812362670898,-1.4097232818603516,active,0.0
1411,role_labeled,active,active,a princess strikes a professor .,a colonel strikes a cop .,a cop is struck by a colonel .,a,colonel,a,cop,strik,strikes,struck,"[""PATIENT=cop"", ""AGENT=colonel"", ""VERB=strik""]","Prime sentence: a princess strikes a professor .
Event roles: PATIENT=cop; AGENT=colonel; VERB=strik
Sentence: the",Sentence: the,first_noun,-5.018108367919922,-5.671261787414551,-0.6531534194946289,active,0.0
1411,role_labeled,passive,passive,a professor is struck by a princess .,a colonel strikes a cop .,a cop is struck by a colonel .,a,colonel,a,cop,strik,strikes,struck,"[""PATIENT=cop"", ""AGENT=colonel"", ""VERB=strik""]","Prime sentence: a professor is struck by a princess .
Event roles: PATIENT=cop; AGENT=colonel; VERB=strik
Sentence: the",Sentence: the,first_noun,-4.00274133682251,-5.154951572418213,-1.1522102355957031,active,0.0
1411,role_labeled,no_prime_eos,no_prime_eos,,a colonel strikes a cop .,a cop is struck by a colonel .,a,colonel,a,cop,strik,strikes,struck,"[""PATIENT=cop"", ""AGENT=colonel"", ""VERB=strik""]","Event roles: PATIENT=cop; AGENT=colonel; VERB=strik
Sentence: the",Sentence: the,first_noun,-4.8725056648254395,-5.7049760818481445,-0.8324704170227051,active,0.0
1411,role_labeled,filler,filler,The singer smiled after rehearsal .,a colonel strikes a cop .,a cop is struck by a colonel .,a,colonel,a,cop,strik,strikes,struck,"[""PATIENT=cop"", ""AGENT=colonel"", ""VERB=strik""]","Prime sentence: The singer smiled after rehearsal .
Event roles: PATIENT=cop; AGENT=colonel; VERB=strik
Sentence: the",Sentence: the,first_noun,-5.6045637130737305,-5.951382637023926,-0.3468189239501953,active,0.0
1412,role_labeled,active,active,a cop comforts a cousin .,a princess comforts a professor .,a professor is comforted by a princess .,a,princess,a,professor,comfort,comforts,comforted,"[""AGENT=princess"", ""VERB=comfort"", ""PATIENT=professor""]","Prime sentence: a cop comforts a cousin .
Event roles: AGENT=princess; VERB=comfort; PATIENT=professor
Sentence: the",Sentence: the,first_noun,-5.969799041748047,-4.664559841156006,1.305239200592041,passive,1.0
1412,role_labeled,passive,passive,a cousin is comforted by a cop .,a princess comforts a professor .,a professor is comforted by a princess .,a,princess,a,professor,comfort,comforts,comforted,"[""AGENT=princess"", ""VERB=comfort"", ""PATIENT=professor""]","Prime sentence: a cousin is comforted by a cop .
Event roles: AGENT=princess; VERB=comfort; PATIENT=professor
Sentence: the",Sentence: the,first_noun,-6.229345321655273,-4.831621170043945,1.3977241516113281,passive,1.0
1412,role_labeled,no_prime_eos,no_prime_eos,,a princess comforts a professor .,a professor is comforted by a princess .,a,princess,a,professor,comfort,comforts,comforted,"[""AGENT=princess"", ""VERB=comfort"", ""PATIENT=professor""]","Event roles: AGENT=princess; VERB=comfort; PATIENT=professor
Sentence: the",Sentence: the,first_noun,-4.0971479415893555,-5.006320953369141,-0.9091730117797852,active,0.0
1412,role_labeled,filler,filler,The package arrived before noon .,a princess comforts a professor .,a professor is comforted by a princess .,a,princess,a,professor,comfort,comforts,comforted,"[""AGENT=princess"", ""VERB=comfort"", ""PATIENT=professor""]","Prime sentence: The package arrived before noon .
Event roles: AGENT=princess; VERB=comfort; PATIENT=professor
Sentence: the",Sentence: the,first_noun,-4.910340785980225,-4.888890266418457,0.021450519561767578,passive,1.0
1413,role_labeled,active,active,an adult selects an attorney .,a man selects a manager .,a manager is selected by a man .,a,man,a,manager,select,selects,selected,"[""VERB=select"", ""PATIENT=manager"", ""AGENT=man""]","Prime sentence: an adult selects an attorney .
Event roles: VERB=select; PATIENT=manager; AGENT=man
Sentence: the",Sentence: the,first_noun,-4.5936665534973145,-3.161856174468994,1.4318103790283203,passive,1.0
1413,role_labeled,passive,passive,an attorney is selected by an adult .,a man selects a manager .,a manager is selected by a man .,a,man,a,manager,select,selects,selected,"[""VERB=select"", ""PATIENT=manager"", ""AGENT=man""]","Prime sentence: an attorney is selected by an adult .
Event roles: VERB=select; PATIENT=manager; AGENT=man
Sentence: the",Sentence: the,first_noun,-4.987607002258301,-3.9418892860412598,1.045717716217041,passive,1.0
1413,role_labeled,no_prime_eos,no_prime_eos,,a man selects a manager .,a manager is selected by a man .,a,man,a,manager,select,selects,selected,"[""VERB=select"", ""PATIENT=manager"", ""AGENT=man""]","Event roles: VERB=select; PATIENT=manager; AGENT=man
Sentence: the",Sentence: the,first_noun,-4.649374008178711,-4.08540153503418,0.5639724731445312,passive,1.0
1413,role_labeled,filler,filler,The radio crackled in the attic .,a man selects a manager .,a manager is selected by a man .,a,man,a,manager,select,selects,selected,"[""VERB=select"", ""PATIENT=manager"", ""AGENT=man""]","Prime sentence: The radio crackled in the attic .
Event roles: VERB=select; PATIENT=manager; AGENT=man
Sentence: the",Sentence: the,first_noun,-4.415731906890869,-5.6948466300964355,-1.2791147232055664,active,0.0
1414,role_labeled,active,active,a partner forgets a physician .,a buddy forgets a candidate .,a candidate is forgotten by a buddy .,a,buddy,a,candidate,forget,forgets,forgotten,"[""PATIENT=candidate"", ""VERB=forget"", ""AGENT=buddy""]","Prime sentence: a partner forgets a physician .
Event roles: PATIENT=candidate; VERB=forget; AGENT=buddy
Sentence: the",Sentence: the,first_noun,-7.876814842224121,-4.28347110748291,3.593343734741211,passive,1.0
1414,role_labeled,passive,passive,a physician is forgotten by a partner .,a buddy forgets a candidate .,a candidate is forgotten by a buddy .,a,buddy,a,candidate,forget,forgets,forgotten,"[""PATIENT=candidate"", ""VERB=forget"", ""AGENT=buddy""]","Prime sentence: a physician is forgotten by a partner .
Event roles: PATIENT=candidate; VERB=forget; AGENT=buddy
Sentence: the",Sentence: the,first_noun,-8.940155982971191,-5.022263526916504,3.9178924560546875,passive,1.0
1414,role_labeled,no_prime_eos,no_prime_eos,,a buddy forgets a candidate .,a candidate is forgotten by a buddy .,a,buddy,a,candidate,forget,forgets,forgotten,"[""PATIENT=candidate"", ""VERB=forget"", ""AGENT=buddy""]","Event roles: PATIENT=candidate; VERB=forget; AGENT=buddy
Sentence: the",Sentence: the,first_noun,-7.865106582641602,-4.196930885314941,3.66817569732666,passive,1.0
1414,role_labeled,filler,filler,The witness paused near the doorway .,a buddy forgets a candidate .,a candidate is forgotten by a buddy .,a,buddy,a,candidate,forget,forgets,forgotten,"[""PATIENT=candidate"", ""VERB=forget"", ""AGENT=buddy""]","Prime sentence: The witness paused near the doorway .
Event roles: PATIENT=candidate; VERB=forget; AGENT=buddy
Sentence: the",Sentence: the,first_noun,-8.665518760681152,-5.109057903289795,3.5564608573913574,passive,1.0
1415,role_labeled,active,active,a candidate hurts a captain .,a partner hurts a physician .,a physician is hurt by a partner .,a,partner,a,physician,hurt,hurts,hurt,"[""VERB=hurt"", ""PATIENT=physician"", ""AGENT=partner""]","Prime sentence: a candidate hurts a captain .
Event roles: VERB=hurt; PATIENT=physician; AGENT=partner
Sentence: the",Sentence: the,first_noun,-7.508818626403809,-5.704394340515137,1.8044242858886719,passive,1.0
1415,role_labeled,passive,passive,a captain is hurt by a candidate .,a partner hurts a physician .,a physician is hurt by a partner .,a,partner,a,physician,hurt,hurts,hurt,"[""VERB=hurt"", ""PATIENT=physician"", ""AGENT=partner""]","Prime sentence: a captain is hurt by a candidate .
Event roles: VERB=hurt; PATIENT=physician; AGENT=partner
Sentence: the",Sentence: the,first_noun,-6.996275901794434,-5.400172233581543,1.5961036682128906,passive,1.0
1415,role_labeled,no_prime_eos,no_prime_eos,,a partner hurts a physician .,a physician is hurt by a partner .,a,partner,a,physician,hurt,hurts,hurt,"[""VERB=hurt"", ""PATIENT=physician"", ""AGENT=partner""]","Event roles: VERB=hurt; PATIENT=physician; AGENT=partner
Sentence: the",Sentence: the,first_noun,-6.8629913330078125,-3.708935260772705,3.1540560722351074,passive,1.0
1415,role_labeled,filler,filler,The window rattled during the storm .,a partner hurts a physician .,a physician is hurt by a partner .,a,partner,a,physician,hurt,hurts,hurt,"[""VERB=hurt"", ""PATIENT=physician"", ""AGENT=partner""]","Prime sentence: The window rattled during the storm .
Event roles: VERB=hurt; PATIENT=physician; AGENT=partner
Sentence: the",Sentence: the,first_noun,-8.813995361328125,-7.024317741394043,1.789677619934082,passive,1.0
1416,role_labeled,active,active,a son beats a student .,a friend beats a girl .,a girl is beaten by a friend .,a,friend,a,girl,beat,beats,beaten,"[""PATIENT=girl"", ""AGENT=friend"", ""VERB=beat""]","Prime sentence: a son beats a student .
Event roles: PATIENT=girl; AGENT=friend; VERB=beat
Sentence: the",Sentence: the,first_noun,-4.845634937286377,-2.8059844970703125,2.0396504402160645,passive,1.0
1416,role_labeled,passive,passive,a student is beaten by a son .,a friend beats a girl .,a girl is beaten by a friend .,a,friend,a,girl,beat,beats,beaten,"[""PATIENT=girl"", ""AGENT=friend"", ""VERB=beat""]","Prime sentence: a student is beaten by a son .
Event roles: PATIENT=girl; AGENT=friend; VERB=beat
Sentence: the",Sentence: the,first_noun,-4.609680652618408,-2.6775524616241455,1.9321281909942627,passive,1.0
1416,role_labeled,no_prime_eos,no_prime_eos,,a friend beats a girl .,a girl is beaten by a friend .,a,friend,a,girl,beat,beats,beaten,"[""PATIENT=girl"", ""AGENT=friend"", ""VERB=beat""]","Event roles: PATIENT=girl; AGENT=friend; VERB=beat
Sentence: the",Sentence: the,first_noun,-5.096808433532715,-2.2041208744049072,2.8926875591278076,passive,1.0
1416,role_labeled,filler,filler,The garden brightened after rain .,a friend beats a girl .,a girl is beaten by a friend .,a,friend,a,girl,beat,beats,beaten,"[""PATIENT=girl"", ""AGENT=friend"", ""VERB=beat""]","Prime sentence: The garden brightened after rain .
Event roles: PATIENT=girl; AGENT=friend; VERB=beat
Sentence: the",Sentence: the,first_noun,-6.572774887084961,-4.043931007385254,2.528843879699707,passive,1.0
1417,role_labeled,active,active,a husband forgives a kid .,a wife forgives a winner .,a winner is forgiven by a wife .,a,wife,a,winner,forgiv,forgives,forgiven,"[""VERB=forgiv"", ""PATIENT=winner"", ""AGENT=wife""]","Prime sentence: a husband forgives a kid .
Event roles: VERB=forgiv; PATIENT=winner; AGENT=wife
Sentence: the",Sentence: the,first_noun,-3.299901008605957,-7.389382839202881,-4.089481830596924,active,0.0
1417,role_labeled,passive,passive,a kid is forgiven by a husband .,a wife forgives a winner .,a winner is forgiven by a wife .,a,wife,a,winner,forgiv,forgives,forgiven,"[""VERB=forgiv"", ""PATIENT=winner"", ""AGENT=wife""]","Prime sentence: a kid is forgiven by a husband .
Event roles: VERB=forgiv; PATIENT=winner; AGENT=wife
Sentence: the",Sentence: the,first_noun,-3.6898138523101807,-7.175973892211914,-3.4861600399017334,active,0.0
1417,role_labeled,no_prime_eos,no_prime_eos,,a wife forgives a winner .,a winner is forgiven by a wife .,a,wife,a,winner,forgiv,forgives,forgiven,"[""VERB=forgiv"", ""PATIENT=winner"", ""AGENT=wife""]","Event roles: VERB=forgiv; PATIENT=winner; AGENT=wife
Sentence: the",Sentence: the,first_noun,-4.255486011505127,-5.473910331726074,-1.2184243202209473,active,0.0
1417,role_labeled,filler,filler,The baker laughed during breakfast .,a wife forgives a winner .,a winner is forgiven by a wife .,a,wife,a,winner,forgiv,forgives,forgiven,"[""VERB=forgiv"", ""PATIENT=winner"", ""AGENT=wife""]","Prime sentence: The baker laughed during breakfast .
Event roles: VERB=forgiv; PATIENT=winner; AGENT=wife
Sentence: the",Sentence: the,first_noun,-4.125227928161621,-7.305720329284668,-3.180492401123047,active,0.0
1418,role_labeled,active,active,a worker punches a writer .,a king punches a lady .,a lady is punched by a king .,a,king,a,lady,punch,punches,punched,"[""VERB=punch"", ""AGENT=king"", ""PATIENT=lady""]","Prime sentence: a worker punches a writer .
Event roles: VERB=punch; AGENT=king; PATIENT=lady
Sentence: the",Sentence: the,first_noun,-2.7505874633789062,-5.790907859802246,-3.04032039642334,active,0.0
1418,role_labeled,passive,passive,a writer is punched by a worker .,a king punches a lady .,a lady is punched by a king .,a,king,a,lady,punch,punches,punched,"[""VERB=punch"", ""AGENT=king"", ""PATIENT=lady""]","Prime sentence: a writer is punched by a worker .
Event roles: VERB=punch; AGENT=king; PATIENT=lady
Sentence: the",Sentence: the,first_noun,-2.8248798847198486,-6.039962291717529,-3.2150824069976807,active,0.0
1418,role_labeled,no_prime_eos,no_prime_eos,,a king punches a lady .,a lady is punched by a king .,a,king,a,lady,punch,punches,punched,"[""VERB=punch"", ""AGENT=king"", ""PATIENT=lady""]","Event roles: VERB=punch; AGENT=king; PATIENT=lady
Sentence: the",Sentence: the,first_noun,-3.729184627532959,-6.082159042358398,-2.3529744148254395,active,0.0
1418,role_labeled,filler,filler,The blanket dried on the line .,a king punches a lady .,a lady is punched by a king .,a,king,a,lady,punch,punches,punched,"[""VERB=punch"", ""AGENT=king"", ""PATIENT=lady""]","Prime sentence: The blanket dried on the line .
Event roles: VERB=punch; AGENT=king; PATIENT=lady
Sentence: the",Sentence: the,first_noun,-4.753552436828613,-5.9468584060668945,-1.1933059692382812,active,0.0
1419,role_labeled,active,active,a scientist asks a secretary .,a daughter asks a doctor .,a doctor is asked by a daughter .,a,daughter,a,doctor,ask,asks,asked,"[""PATIENT=doctor"", ""VERB=ask"", ""AGENT=daughter""]","Prime sentence: a scientist asks a secretary .
Event roles: PATIENT=doctor; VERB=ask; AGENT=daughter
Sentence: the",Sentence: the,first_noun,-4.825428009033203,-2.2180867195129395,2.6073412895202637,passive,1.0
1419,role_labeled,passive,passive,a secretary is asked by a scientist .,a daughter asks a doctor .,a doctor is asked by a daughter .,a,daughter,a,doctor,ask,asks,asked,"[""PATIENT=doctor"", ""VERB=ask"", ""AGENT=daughter""]","Prime sentence: a secretary is asked by a scientist .
Event roles: PATIENT=doctor; VERB=ask; AGENT=daughter
Sentence: the",Sentence: the,first_noun,-5.410694122314453,-2.4156136512756348,2.9950804710388184,passive,1.0
1419,role_labeled,no_prime_eos,no_prime_eos,,a daughter asks a doctor .,a doctor is asked by a daughter .,a,daughter,a,doctor,ask,asks,asked,"[""PATIENT=doctor"", ""VERB=ask"", ""AGENT=daughter""]","Event roles: PATIENT=doctor; VERB=ask; AGENT=daughter
Sentence: the",Sentence: the,first_noun,-4.877839088439941,-2.984622001647949,1.8932170867919922,passive,1.0
1419,role_labeled,filler,filler,The painter waited near the doorway .,a daughter asks a doctor .,a doctor is asked by a daughter .,a,daughter,a,doctor,ask,asks,asked,"[""PATIENT=doctor"", ""VERB=ask"", ""AGENT=daughter""]","Prime sentence: The painter waited near the doorway .
Event roles: PATIENT=doctor; VERB=ask; AGENT=daughter
Sentence: the",Sentence: the,first_noun,-5.7308855056762695,-2.523507833480835,3.2073776721954346,passive,1.0
1420,role_labeled,active,active,a lawyer forgets a leader .,a writer forgets an actor .,an actor is forgotten by a writer .,a,writer,an,actor,forget,forgets,forgotten,"[""VERB=forget"", ""AGENT=writer"", ""PATIENT=actor""]","Prime sentence: a lawyer forgets a leader .
Event roles: VERB=forget; AGENT=writer; PATIENT=actor
Sentence: the",Sentence: the,first_noun,-5.07501220703125,-5.198169231414795,-0.12315702438354492,active,0.0
1420,role_labeled,passive,passive,a leader is forgotten by a lawyer .,a writer forgets an actor .,an actor is forgotten by a writer .,a,writer,an,actor,forget,forgets,forgotten,"[""VERB=forget"", ""AGENT=writer"", ""PATIENT=actor""]","Prime sentence: a leader is forgotten by a lawyer .
Event roles: VERB=forget; AGENT=writer; PATIENT=actor
Sentence: the",Sentence: the,first_noun,-5.491016387939453,-5.724880218505859,-0.23386383056640625,active,0.0
1420,role_labeled,no_prime_eos,no_prime_eos,,a writer forgets an actor .,an actor is forgotten by a writer .,a,writer,an,actor,forget,forgets,forgotten,"[""VERB=forget"", ""AGENT=writer"", ""PATIENT=actor""]","Event roles: VERB=forget; AGENT=writer; PATIENT=actor
Sentence: the",Sentence: the,first_noun,-4.70849609375,-5.012634754180908,-0.3041386604309082,active,0.0
1420,role_labeled,filler,filler,The radio crackled in the attic .,a writer forgets an actor .,an actor is forgotten by a writer .,a,writer,an,actor,forget,forgets,forgotten,"[""VERB=forget"", ""AGENT=writer"", ""PATIENT=actor""]","Prime sentence: The radio crackled in the attic .
Event roles: VERB=forget; AGENT=writer; PATIENT=actor
Sentence: the",Sentence: the,first_noun,-6.750236511230469,-7.081349849700928,-0.331113338470459,active,0.0
1421,role_labeled,active,active,a prince understands a princess .,a child understands a colonel .,a colonel is understood by a child .,a,child,a,colonel,understand,understands,understood,"[""AGENT=child"", ""PATIENT=colonel"", ""VERB=understand""]","Prime sentence: a prince understands a princess .
Event roles: AGENT=child; PATIENT=colonel; VERB=understand
Sentence: the",Sentence: the,first_noun,-4.432020664215088,-5.794674873352051,-1.362654209136963,active,0.0
1421,role_labeled,passive,passive,a princess is understood by a prince .,a child understands a colonel .,a colonel is understood by a child .,a,child,a,colonel,understand,understands,understood,"[""AGENT=child"", ""PATIENT=colonel"", ""VERB=understand""]","Prime sentence: a princess is understood by a prince .
Event roles: AGENT=child; PATIENT=colonel; VERB=understand
Sentence: the",Sentence: the,first_noun,-4.467609405517578,-5.9471116065979,-1.4795022010803223,active,0.0
1421,role_labeled,no_prime_eos,no_prime_eos,,a child understands a colonel .,a colonel is understood by a child .,a,child,a,colonel,understand,understands,understood,"[""AGENT=child"", ""PATIENT=colonel"", ""VERB=understand""]","Event roles: AGENT=child; PATIENT=colonel; VERB=understand
Sentence: the",Sentence: the,first_noun,-4.322211265563965,-5.31463623046875,-0.9924249649047852,active,0.0
1421,role_labeled,filler,filler,The captain waited beside the harbor .,a child understands a colonel .,a colonel is understood by a child .,a,child,a,colonel,understand,understands,understood,"[""AGENT=child"", ""PATIENT=colonel"", ""VERB=understand""]","Prime sentence: The captain waited beside the harbor .
Event roles: AGENT=child; PATIENT=colonel; VERB=understand
Sentence: the",Sentence: the,first_noun,-5.021277904510498,-5.968487739562988,-0.9472098350524902,active,0.0
1422,role_labeled,active,active,a writer helps an actor .,a lady helps a lawyer .,a lawyer is helped by a lady .,a,lady,a,lawyer,help,helps,helped,"[""PATIENT=lawyer"", ""AGENT=lady"", ""VERB=help""]","Prime sentence: a writer helps an actor .
Event roles: PATIENT=lawyer; AGENT=lady; VERB=help
Sentence: the",Sentence: the,first_noun,-5.8567423820495605,-4.492727279663086,1.3640151023864746,passive,1.0
1422,role_labeled,passive,passive,an actor is helped by a writer .,a lady helps a lawyer .,a lawyer is helped by a lady .,a,lady,a,lawyer,help,helps,helped,"[""PATIENT=lawyer"", ""AGENT=lady"", ""VERB=help""]","Prime sentence: an actor is helped by a writer .
Event roles: PATIENT=lawyer; AGENT=lady; VERB=help
Sentence: the",Sentence: the,first_noun,-6.125683784484863,-4.476418972015381,1.6492648124694824,passive,1.0
1422,role_labeled,no_prime_eos,no_prime_eos,,a lady helps a lawyer .,a lawyer is helped by a lady .,a,lady,a,lawyer,help,helps,helped,"[""PATIENT=lawyer"", ""AGENT=lady"", ""VERB=help""]","Event roles: PATIENT=lawyer; AGENT=lady; VERB=help
Sentence: the",Sentence: the,first_noun,-5.4967803955078125,-4.8333868980407715,0.663393497467041,passive,1.0
1422,role_labeled,filler,filler,The garden brightened after rain .,a lady helps a lawyer .,a lawyer is helped by a lady .,a,lady,a,lawyer,help,helps,helped,"[""PATIENT=lawyer"", ""AGENT=lady"", ""VERB=help""]","Prime sentence: The garden brightened after rain .
Event roles: PATIENT=lawyer; AGENT=lady; VERB=help
Sentence: the",Sentence: the,first_noun,-5.0679826736450195,-6.42020320892334,-1.3522205352783203,active,0.0
1423,role_labeled,active,active,a father beats a friend .,a singer beats a soldier .,a soldier is beaten by a singer .,a,singer,a,soldier,beat,beats,beaten,"[""AGENT=singer"", ""PATIENT=soldier"", ""VERB=beat""]","Prime sentence: a father beats a friend .
Event roles: AGENT=singer; PATIENT=soldier; VERB=beat
Sentence: the",Sentence: the,first_noun,-5.814614295959473,-3.3848860263824463,2.4297282695770264,passive,1.0
1423,role_labeled,passive,passive,a friend is beaten by a father .,a singer beats a soldier .,a soldier is beaten by a singer .,a,singer,a,soldier,beat,beats,beaten,"[""AGENT=singer"", ""PATIENT=soldier"", ""VERB=beat""]","Prime sentence: a friend is beaten by a father .
Event roles: AGENT=singer; PATIENT=soldier; VERB=beat
Sentence: the",Sentence: the,first_noun,-5.29158353805542,-3.2394368648529053,2.0521466732025146,passive,1.0
1423,role_labeled,no_prime_eos,no_prime_eos,,a singer beats a soldier .,a soldier is beaten by a singer .,a,singer,a,soldier,beat,beats,beaten,"[""AGENT=singer"", ""PATIENT=soldier"", ""VERB=beat""]","Event roles: AGENT=singer; PATIENT=soldier; VERB=beat
Sentence: the",Sentence: the,first_noun,-4.894277572631836,-4.447782039642334,0.44649553298950195,passive,1.0
1423,role_labeled,filler,filler,The tourist wandered through the plaza .,a singer beats a soldier .,a soldier is beaten by a singer .,a,singer,a,soldier,beat,beats,beaten,"[""AGENT=singer"", ""PATIENT=soldier"", ""VERB=beat""]","Prime sentence: The tourist wandered through the plaza .
Event roles: AGENT=singer; PATIENT=soldier; VERB=beat
Sentence: the",Sentence: the,first_noun,-4.225620746612549,-3.2116570472717285,1.0139636993408203,passive,1.0
1424,role_labeled,active,active,an employee joins an employer .,a secretary joins a sheriff .,a sheriff is joined by a secretary .,a,secretary,a,sheriff,join,joins,joined,"[""AGENT=secretary"", ""PATIENT=sheriff"", ""VERB=join""]","Prime sentence: an employee joins an employer .
Event roles: AGENT=secretary; PATIENT=sheriff; VERB=join
Sentence: the",Sentence: the,first_noun,-4.209883689880371,-4.217306137084961,-0.007422447204589844,active,0.0
1424,role_labeled,passive,passive,an employer is joined by an employee .,a secretary joins a sheriff .,a sheriff is joined by a secretary .,a,secretary,a,sheriff,join,joins,joined,"[""AGENT=secretary"", ""PATIENT=sheriff"", ""VERB=join""]","Prime sentence: an employer is joined by an employee .
Event roles: AGENT=secretary; PATIENT=sheriff; VERB=join
Sentence: the",Sentence: the,first_noun,-4.75443172454834,-4.5566606521606445,0.1977710723876953,passive,1.0
1424,role_labeled,no_prime_eos,no_prime_eos,,a secretary joins a sheriff .,a sheriff is joined by a secretary .,a,secretary,a,sheriff,join,joins,joined,"[""AGENT=secretary"", ""PATIENT=sheriff"", ""VERB=join""]","Event roles: AGENT=secretary; PATIENT=sheriff; VERB=join
Sentence: the",Sentence: the,first_noun,-4.56749153137207,-5.284689903259277,-0.717198371887207,active,0.0
1424,role_labeled,filler,filler,The painter waited near the doorway .,a secretary joins a sheriff .,a sheriff is joined by a secretary .,a,secretary,a,sheriff,join,joins,joined,"[""AGENT=secretary"", ""PATIENT=sheriff"", ""VERB=join""]","Prime sentence: The painter waited near the doorway .
Event roles: AGENT=secretary; PATIENT=sheriff; VERB=join
Sentence: the",Sentence: the,first_noun,-5.381914138793945,-4.391035556793213,0.9908785820007324,passive,1.0
1425,role_labeled,active,active,an attorney describes an aunt .,a manager describes a mayor .,a mayor is described by a manager .,a,manager,a,mayor,describ,describes,described,"[""VERB=describ"", ""AGENT=manager"", ""PATIENT=mayor""]","Prime sentence: an attorney describes an aunt .
Event roles: VERB=describ; AGENT=manager; PATIENT=mayor
Sentence: the",Sentence: the,first_noun,-5.277100563049316,-2.9381439685821533,2.338956594467163,passive,1.0
1425,role_labeled,passive,passive,an aunt is described by an attorney .,a manager describes a mayor .,a mayor is described by a manager .,a,manager,a,mayor,describ,describes,described,"[""VERB=describ"", ""AGENT=manager"", ""PATIENT=mayor""]","Prime sentence: an aunt is described by an attorney .
Event roles: VERB=describ; AGENT=manager; PATIENT=mayor
Sentence: the",Sentence: the,first_noun,-5.5781450271606445,-2.8829598426818848,2.6951851844787598,passive,1.0
1425,role_labeled,no_prime_eos,no_prime_eos,,a manager describes a mayor .,a mayor is described by a manager .,a,manager,a,mayor,describ,describes,described,"[""VERB=describ"", ""AGENT=manager"", ""PATIENT=mayor""]","Event roles: VERB=describ; AGENT=manager; PATIENT=mayor
Sentence: the",Sentence: the,first_noun,-5.109100818634033,-2.7880001068115234,2.3211007118225098,passive,1.0
1425,role_labeled,filler,filler,The teacher listened during assembly .,a manager describes a mayor .,a mayor is described by a manager .,a,manager,a,mayor,describ,describes,described,"[""VERB=describ"", ""AGENT=manager"", ""PATIENT=mayor""]","Prime sentence: The teacher listened during assembly .
Event roles: VERB=describ; AGENT=manager; PATIENT=mayor
Sentence: the",Sentence: the,first_noun,-5.093703269958496,-2.7240424156188965,2.3696608543395996,passive,1.0
1426,role_labeled,active,active,a mother drags a nurse .,an author drags a bishop .,a bishop is dragged by an author .,an,author,a,bishop,drag,drags,dragged,"[""PATIENT=bishop"", ""VERB=drag"", ""AGENT=author""]","Prime sentence: a mother drags a nurse .
Event roles: PATIENT=bishop; VERB=drag; AGENT=author
Sentence: the",Sentence: the,first_noun,-6.024336814880371,-3.4952921867370605,2.5290446281433105,passive,1.0
1426,role_labeled,passive,passive,a nurse is dragged by a mother .,an author drags a bishop .,a bishop is dragged by an author .,an,author,a,bishop,drag,drags,dragged,"[""PATIENT=bishop"", ""VERB=drag"", ""AGENT=author""]","Prime sentence: a nurse is dragged by a mother .
Event roles: PATIENT=bishop; VERB=drag; AGENT=author
Sentence: the",Sentence: the,first_noun,-5.612672805786133,-3.3963217735290527,2.21635103225708,passive,1.0
1426,role_labeled,no_prime_eos,no_prime_eos,,an author drags a bishop .,a bishop is dragged by an author .,an,author,a,bishop,drag,drags,dragged,"[""PATIENT=bishop"", ""VERB=drag"", ""AGENT=author""]","Event roles: PATIENT=bishop; VERB=drag; AGENT=author
Sentence: the",Sentence: the,first_noun,-4.613010883331299,-3.705972194671631,0.907038688659668,passive,1.0
1426,role_labeled,filler,filler,The radio crackled in the attic .,an author drags a bishop .,a bishop is dragged by an author .,an,author,a,bishop,drag,drags,dragged,"[""PATIENT=bishop"", ""VERB=drag"", ""AGENT=author""]","Prime sentence: The radio crackled in the attic .
Event roles: PATIENT=bishop; VERB=drag; AGENT=author
Sentence: the",Sentence: the,first_noun,-7.124677658081055,-5.175275802612305,1.94940185546875,passive,1.0
1427,role_labeled,active,active,a physician carries a pilot .,a candidate carries a captain .,a captain is carried by a candidate .,a,candidate,a,captain,carry,carries,carried,"[""AGENT=candidate"", ""VERB=carry"", ""PATIENT=captain""]","Prime sentence: a physician carries a pilot .
Event roles: AGENT=candidate; VERB=carry; PATIENT=captain
Sentence: the",Sentence: the,first_noun,-5.335699081420898,-3.2952632904052734,2.040435791015625,passive,1.0
1427,role_labeled,passive,passive,a pilot is carried by a physician .,a candidate carries a captain .,a captain is carried by a candidate .,a,candidate,a,captain,carry,carries,carried,"[""AGENT=candidate"", ""VERB=carry"", ""PATIENT=captain""]","Prime sentence: a pilot is carried by a physician .
Event roles: AGENT=candidate; VERB=carry; PATIENT=captain
Sentence: the",Sentence: the,first_noun,-5.5117082595825195,-3.2866907119750977,2.225017547607422,passive,1.0
1427,role_labeled,no_prime_eos,no_prime_eos,,a candidate carries a captain .,a captain is carried by a candidate .,a,candidate,a,captain,carry,carries,carried,"[""AGENT=candidate"", ""VERB=carry"", ""PATIENT=captain""]","Event roles: AGENT=candidate; VERB=carry; PATIENT=captain
Sentence: the",Sentence: the,first_noun,-4.058780670166016,-3.128805160522461,0.9299755096435547,passive,1.0
1427,role_labeled,filler,filler,The singer smiled after rehearsal .,a candidate carries a captain .,a captain is carried by a candidate .,a,candidate,a,captain,carry,carries,carried,"[""AGENT=candidate"", ""VERB=carry"", ""PATIENT=captain""]","Prime sentence: The singer smiled after rehearsal .
Event roles: AGENT=candidate; VERB=carry; PATIENT=captain
Sentence: the",Sentence: the,first_noun,-4.536459445953369,-4.397791862487793,0.13866758346557617,passive,1.0
1428,role_labeled,active,active,a king understands a lady .,a woman understands a worker .,a worker is understood by a woman .,a,woman,a,worker,understand,understands,understood,"[""VERB=understand"", ""AGENT=woman"", ""PATIENT=worker""]","Prime sentence: a king understands a lady .
Event roles: VERB=understand; AGENT=woman; PATIENT=worker
Sentence: the",Sentence: the,first_noun,-3.7086493968963623,-6.881421089172363,-3.172771692276001,active,0.0
1428,role_labeled,passive,passive,a lady is understood by a king .,a woman understands a worker .,a worker is understood by a woman .,a,woman,a,worker,understand,understands,understood,"[""VERB=understand"", ""AGENT=woman"", ""PATIENT=worker""]","Prime sentence: a lady is understood by a king .
Event roles: VERB=understand; AGENT=woman; PATIENT=worker
Sentence: the",Sentence: the,first_noun,-3.6236419677734375,-6.89595365524292,-3.2723116874694824,active,0.0
1428,role_labeled,no_prime_eos,no_prime_eos,,a woman understands a worker .,a worker is understood by a woman .,a,woman,a,worker,understand,understands,understood,"[""VERB=understand"", ""AGENT=woman"", ""PATIENT=worker""]","Event roles: VERB=understand; AGENT=woman; PATIENT=worker
Sentence: the",Sentence: the,first_noun,-2.824463367462158,-5.288092613220215,-2.4636292457580566,active,0.0
1428,role_labeled,filler,filler,The signal flickered across the screen .,a woman understands a worker .,a worker is understood by a woman .,a,woman,a,worker,understand,understands,understood,"[""VERB=understand"", ""AGENT=woman"", ""PATIENT=worker""]","Prime sentence: The signal flickered across the screen .
Event roles: VERB=understand; AGENT=woman; PATIENT=worker
Sentence: the",Sentence: the,first_noun,-2.91587233543396,-5.493607521057129,-2.577735185623169,active,0.0
1429,role_labeled,active,active,a daughter bothers a doctor .,a reader bothers a scientist .,a scientist is bothered by a reader .,a,reader,a,scientist,bother,bothers,bothered,"[""AGENT=reader"", ""VERB=bother"", ""PATIENT=scientist""]","Prime sentence: a daughter bothers a doctor .
Event roles: AGENT=reader; VERB=bother; PATIENT=scientist
Sentence: the",Sentence: the,first_noun,-6.408283710479736,-4.183504581451416,2.2247791290283203,passive,1.0
1429,role_labeled,passive,passive,a doctor is bothered by a daughter .,a reader bothers a scientist .,a scientist is bothered by a reader .,a,reader,a,scientist,bother,bothers,bothered,"[""AGENT=reader"", ""VERB=bother"", ""PATIENT=scientist""]","Prime sentence: a doctor is bothered by a daughter .
Event roles: AGENT=reader; VERB=bother; PATIENT=scientist
Sentence: the",Sentence: the,first_noun,-6.189168930053711,-4.000777721405029,2.1883912086486816,passive,1.0
1429,role_labeled,no_prime_eos,no_prime_eos,,a reader bothers a scientist .,a scientist is bothered by a reader .,a,reader,a,scientist,bother,bothers,bothered,"[""AGENT=reader"", ""VERB=bother"", ""PATIENT=scientist""]","Event roles: AGENT=reader; VERB=bother; PATIENT=scientist
Sentence: the",Sentence: the,first_noun,-4.356197357177734,-5.042074680328369,-0.6858773231506348,active,0.0
1429,role_labeled,filler,filler,The captain waited beside the harbor .,a reader bothers a scientist .,a scientist is bothered by a reader .,a,reader,a,scientist,bother,bothers,bothered,"[""AGENT=reader"", ""VERB=bother"", ""PATIENT=scientist""]","Prime sentence: The captain waited beside the harbor .
Event roles: AGENT=reader; VERB=bother; PATIENT=scientist
Sentence: the",Sentence: the,first_noun,-7.155243396759033,-4.780589580535889,2.3746538162231445,passive,1.0
1430,role_labeled,active,active,a scientist forgets a secretary .,a daughter forgets a doctor .,a doctor is forgotten by a daughter .,a,daughter,a,doctor,forget,forgets,forgotten,"[""PATIENT=doctor"", ""AGENT=daughter"", ""VERB=forget""]","Prime sentence: a scientist forgets a secretary .
Event roles: PATIENT=doctor; AGENT=daughter; VERB=forget
Sentence: the",Sentence: the,first_noun,-5.585512638092041,-2.484912395477295,3.100600242614746,passive,1.0
1430,role_labeled,passive,passive,a secretary is forgotten by a scientist .,a daughter forgets a doctor .,a doctor is forgotten by a daughter .,a,daughter,a,doctor,forget,forgets,forgotten,"[""PATIENT=doctor"", ""AGENT=daughter"", ""VERB=forget""]","Prime sentence: a secretary is forgotten by a scientist .
Event roles: PATIENT=doctor; AGENT=daughter; VERB=forget
Sentence: the",Sentence: the,first_noun,-5.582256317138672,-2.5077497959136963,3.0745065212249756,passive,1.0
1430,role_labeled,no_prime_eos,no_prime_eos,,a daughter forgets a doctor .,a doctor is forgotten by a daughter .,a,daughter,a,doctor,forget,forgets,forgotten,"[""PATIENT=doctor"", ""AGENT=daughter"", ""VERB=forget""]","Event roles: PATIENT=doctor; AGENT=daughter; VERB=forget
Sentence: the",Sentence: the,first_noun,-4.941422462463379,-3.0988473892211914,1.8425750732421875,passive,1.0
1430,role_labeled,filler,filler,The market opened after sunrise .,a daughter forgets a doctor .,a doctor is forgotten by a daughter .,a,daughter,a,doctor,forget,forgets,forgotten,"[""PATIENT=doctor"", ""AGENT=daughter"", ""VERB=forget""]","Prime sentence: The market opened after sunrise .
Event roles: PATIENT=doctor; AGENT=daughter; VERB=forget
Sentence: the",Sentence: the,first_noun,-6.957364559173584,-4.2987799644470215,2.6585845947265625,passive,1.0
1431,role_labeled,active,active,a princess hurries a professor .,a colonel hurries a cop .,a cop is hurried by a colonel .,a,colonel,a,cop,hurry,hurries,hurried,"[""VERB=hurry"", ""AGENT=colonel"", ""PATIENT=cop""]","Prime sentence: a princess hurries a professor .
Event roles: VERB=hurry; AGENT=colonel; PATIENT=cop
Sentence: the",Sentence: the,first_noun,-4.805127143859863,-6.2146406173706055,-1.4095134735107422,active,0.0
1431,role_labeled,passive,passive,a professor is hurried by a princess .,a colonel hurries a cop .,a cop is hurried by a colonel .,a,colonel,a,cop,hurry,hurries,hurried,"[""VERB=hurry"", ""AGENT=colonel"", ""PATIENT=cop""]","Prime sentence: a professor is hurried by a princess .
Event roles: VERB=hurry; AGENT=colonel; PATIENT=cop
Sentence: the",Sentence: the,first_noun,-4.328198432922363,-5.562839984893799,-1.2346415519714355,active,0.0
1431,role_labeled,no_prime_eos,no_prime_eos,,a colonel hurries a cop .,a cop is hurried by a colonel .,a,colonel,a,cop,hurry,hurries,hurried,"[""VERB=hurry"", ""AGENT=colonel"", ""PATIENT=cop""]","Event roles: VERB=hurry; AGENT=colonel; PATIENT=cop
Sentence: the",Sentence: the,first_noun,-4.888726711273193,-5.808684349060059,-0.9199576377868652,active,0.0
1431,role_labeled,filler,filler,The radio crackled in the attic .,a colonel hurries a cop .,a cop is hurried by a colonel .,a,colonel,a,cop,hurry,hurries,hurried,"[""VERB=hurry"", ""AGENT=colonel"", ""PATIENT=cop""]","Prime sentence: The radio crackled in the attic .
Event roles: VERB=hurry; AGENT=colonel; PATIENT=cop
Sentence: the",Sentence: the,first_noun,-4.648929119110107,-6.141969203948975,-1.4930400848388672,active,0.0
1432,role_labeled,active,active,an aunt discovers an author .,a mayor discovers a minister .,a minister is discovered by a mayor .,a,mayor,a,minister,discover,discovers,discovered,"[""AGENT=mayor"", ""VERB=discover"", ""PATIENT=minister""]","Prime sentence: an aunt discovers an author .
Event roles: AGENT=mayor; VERB=discover; PATIENT=minister
Sentence: the",Sentence: the,first_noun,-2.569485902786255,-4.4979095458984375,-1.9284236431121826,active,0.0
1432,role_labeled,passive,passive,an author is discovered by an aunt .,a mayor discovers a minister .,a minister is discovered by a mayor .,a,mayor,a,minister,discover,discovers,discovered,"[""AGENT=mayor"", ""VERB=discover"", ""PATIENT=minister""]","Prime sentence: an author is discovered by an aunt .
Event roles: AGENT=mayor; VERB=discover; PATIENT=minister
Sentence: the",Sentence: the,first_noun,-2.6276955604553223,-4.641894340515137,-2.0141987800598145,active,0.0
1432,role_labeled,no_prime_eos,no_prime_eos,,a mayor discovers a minister .,a minister is discovered by a mayor .,a,mayor,a,minister,discover,discovers,discovered,"[""AGENT=mayor"", ""VERB=discover"", ""PATIENT=minister""]","Event roles: AGENT=mayor; VERB=discover; PATIENT=minister
Sentence: the",Sentence: the,first_noun,-2.7173492908477783,-4.461601257324219,-1.7442519664764404,active,0.0
1432,role_labeled,filler,filler,The planet shimmered above the valley .,a mayor discovers a minister .,a minister is discovered by a mayor .,a,mayor,a,minister,discover,discovers,discovered,"[""AGENT=mayor"", ""VERB=discover"", ""PATIENT=minister""]","Prime sentence: The planet shimmered above the valley .
Event roles: AGENT=mayor; VERB=discover; PATIENT=minister
Sentence: the",Sentence: the,first_noun,-4.033670425415039,-6.059553146362305,-2.0258827209472656,active,0.0
1433,role_labeled,active,active,an employee discovers an employer .,a secretary discovers a sheriff .,a sheriff is discovered by a secretary .,a,secretary,a,sheriff,discover,discovers,discovered,"[""VERB=discover"", ""PATIENT=sheriff"", ""AGENT=secretary""]","Prime sentence: an employee discovers an employer .
Event roles: VERB=discover; PATIENT=sheriff; AGENT=secretary
Sentence: the",Sentence: the,first_noun,-4.871281623840332,-3.1737396717071533,1.6975419521331787,passive,1.0
1433,role_labeled,passive,passive,an employer is discovered by an employee .,a secretary discovers a sheriff .,a sheriff is discovered by a secretary .,a,secretary,a,sheriff,discover,discovers,discovered,"[""VERB=discover"", ""PATIENT=sheriff"", ""AGENT=secretary""]","Prime sentence: an employer is discovered by an employee .
Event roles: VERB=discover; PATIENT=sheriff; AGENT=secretary
Sentence: the",Sentence: the,first_noun,-5.2881574630737305,-3.50784969329834,1.7803077697753906,passive,1.0
1433,role_labeled,no_prime_eos,no_prime_eos,,a secretary discovers a sheriff .,a sheriff is discovered by a secretary .,a,secretary,a,sheriff,discover,discovers,discovered,"[""VERB=discover"", ""PATIENT=sheriff"", ""AGENT=secretary""]","Event roles: VERB=discover; PATIENT=sheriff; AGENT=secretary
Sentence: the",Sentence: the,first_noun,-5.546584129333496,-7.421221733093262,-1.8746376037597656,active,0.0
1433,role_labeled,filler,filler,The lantern glowed near sunset .,a secretary discovers a sheriff .,a sheriff is discovered by a secretary .,a,secretary,a,sheriff,discover,discovers,discovered,"[""VERB=discover"", ""PATIENT=sheriff"", ""AGENT=secretary""]","Prime sentence: The lantern glowed near sunset .
Event roles: VERB=discover; PATIENT=sheriff; AGENT=secretary
Sentence: the",Sentence: the,first_noun,-7.849534034729004,-5.152038097381592,2.697495937347412,passive,1.0
1434,role_labeled,active,active,an author washes a bishop .,a minister washes a mother .,a mother is washed by a minister .,a,minister,a,mother,wash,washes,washed,"[""VERB=wash"", ""PATIENT=mother"", ""AGENT=minister""]","Prime sentence: an author washes a bishop .
Event roles: VERB=wash; PATIENT=mother; AGENT=minister
Sentence: the",Sentence: the,first_noun,-4.62983512878418,-4.817472457885742,-0.1876373291015625,active,0.0
1434,role_labeled,passive,passive,a bishop is washed by an author .,a minister washes a mother .,a mother is washed by a minister .,a,minister,a,mother,wash,washes,washed,"[""VERB=wash"", ""PATIENT=mother"", ""AGENT=minister""]","Prime sentence: a bishop is washed by an author .
Event roles: VERB=wash; PATIENT=mother; AGENT=minister
Sentence: the",Sentence: the,first_noun,-5.014619827270508,-4.867610931396484,0.14700889587402344,passive,1.0
1434,role_labeled,no_prime_eos,no_prime_eos,,a minister washes a mother .,a mother is washed by a minister .,a,minister,a,mother,wash,washes,washed,"[""VERB=wash"", ""PATIENT=mother"", ""AGENT=minister""]","Event roles: VERB=wash; PATIENT=mother; AGENT=minister
Sentence: the",Sentence: the,first_noun,-4.989070415496826,-4.793519020080566,0.19555139541625977,passive,1.0
1434,role_labeled,filler,filler,The notebook stayed on the shelf .,a minister washes a mother .,a mother is washed by a minister .,a,minister,a,mother,wash,washes,washed,"[""VERB=wash"", ""PATIENT=mother"", ""AGENT=minister""]","Prime sentence: The notebook stayed on the shelf .
Event roles: VERB=wash; PATIENT=mother; AGENT=minister
Sentence: the",Sentence: the,first_noun,-5.970273017883301,-4.824870586395264,1.145402431488037,passive,1.0
1435,role_labeled,active,active,a champion protects a chief .,a pilot protects a president .,a president is protected by a pilot .,a,pilot,a,president,protect,protects,protected,"[""PATIENT=president"", ""AGENT=pilot"", ""VERB=protect""]","Prime sentence: a champion protects a chief .
Event roles: PATIENT=president; AGENT=pilot; VERB=protect
Sentence: the",Sentence: the,first_noun,-4.817418098449707,-3.980520486831665,0.836897611618042,passive,1.0
1435,role_labeled,passive,passive,a chief is protected by a champion .,a pilot protects a president .,a president is protected by a pilot .,a,pilot,a,president,protect,protects,protected,"[""PATIENT=president"", ""AGENT=pilot"", ""VERB=protect""]","Prime sentence: a chief is protected by a champion .
Event roles: PATIENT=president; AGENT=pilot; VERB=protect
Sentence: the",Sentence: the,first_noun,-4.141885280609131,-3.582249641418457,0.5596356391906738,passive,1.0
1435,role_labeled,no_prime_eos,no_prime_eos,,a pilot protects a president .,a president is protected by a pilot .,a,pilot,a,president,protect,protects,protected,"[""PATIENT=president"", ""AGENT=pilot"", ""VERB=protect""]","Event roles: PATIENT=president; AGENT=pilot; VERB=protect
Sentence: the",Sentence: the,first_noun,-3.044217109680176,-3.742400646209717,-0.698183536529541,active,0.0
1435,role_labeled,filler,filler,The notebook stayed on the shelf .,a pilot protects a president .,a president is protected by a pilot .,a,pilot,a,president,protect,protects,protected,"[""PATIENT=president"", ""AGENT=pilot"", ""VERB=protect""]","Prime sentence: The notebook stayed on the shelf .
Event roles: PATIENT=president; AGENT=pilot; VERB=protect
Sentence: the",Sentence: the,first_noun,-3.8271236419677734,-4.254761695861816,-0.42763805389404297,active,0.0
1436,role_labeled,active,active,a candidate surprises a captain .,a partner surprises a physician .,a physician is surprised by a partner .,a,partner,a,physician,surpris,surprises,surprised,"[""VERB=surpris"", ""PATIENT=physician"", ""AGENT=partner""]","Prime sentence: a candidate surprises a captain .
Event roles: VERB=surpris; PATIENT=physician; AGENT=partner
Sentence: the",Sentence: the,first_noun,-7.529219150543213,-5.989770889282227,1.5394482612609863,passive,1.0
1436,role_labeled,passive,passive,a captain is surprised by a candidate .,a partner surprises a physician .,a physician is surprised by a partner .,a,partner,a,physician,surpris,surprises,surprised,"[""VERB=surpris"", ""PATIENT=physician"", ""AGENT=partner""]","Prime sentence: a captain is surprised by a candidate .
Event roles: VERB=surpris; PATIENT=physician; AGENT=partner
Sentence: the",Sentence: the,first_noun,-7.017018795013428,-5.877935409545898,1.1390833854675293,passive,1.0
1436,role_labeled,no_prime_eos,no_prime_eos,,a partner surprises a physician .,a physician is surprised by a partner .,a,partner,a,physician,surpris,surprises,surprised,"[""VERB=surpris"", ""PATIENT=physician"", ""AGENT=partner""]","Event roles: VERB=surpris; PATIENT=physician; AGENT=partner
Sentence: the",Sentence: the,first_noun,-7.151535511016846,-4.281652927398682,2.869882583618164,passive,1.0
1436,role_labeled,filler,filler,The traveler rested beside the river .,a partner surprises a physician .,a physician is surprised by a partner .,a,partner,a,physician,surpris,surprises,surprised,"[""VERB=surpris"", ""PATIENT=physician"", ""AGENT=partner""]","Prime sentence: The traveler rested beside the river .
Event roles: VERB=surpris; PATIENT=physician; AGENT=partner
Sentence: the",Sentence: the,first_noun,-8.317309379577637,-4.926201820373535,3.3911075592041016,passive,1.0
1437,role_labeled,active,active,a daughter grabs a doctor .,a reader grabs a scientist .,a scientist is grabbed by a reader .,a,reader,a,scientist,grab,grabs,grabbed,"[""AGENT=reader"", ""VERB=grab"", ""PATIENT=scientist""]","Prime sentence: a daughter grabs a doctor .
Event roles: AGENT=reader; VERB=grab; PATIENT=scientist
Sentence: the",Sentence: the,first_noun,-5.48068904876709,-3.4581634998321533,2.0225255489349365,passive,1.0
1437,role_labeled,passive,passive,a doctor is grabbed by a daughter .,a reader grabs a scientist .,a scientist is grabbed by a reader .,a,reader,a,scientist,grab,grabs,grabbed,"[""AGENT=reader"", ""VERB=grab"", ""PATIENT=scientist""]","Prime sentence: a doctor is grabbed by a daughter .
Event roles: AGENT=reader; VERB=grab; PATIENT=scientist
Sentence: the",Sentence: the,first_noun,-5.257774353027344,-3.1022305488586426,2.155543804168701,passive,1.0
1437,role_labeled,no_prime_eos,no_prime_eos,,a reader grabs a scientist .,a scientist is grabbed by a reader .,a,reader,a,scientist,grab,grabs,grabbed,"[""AGENT=reader"", ""VERB=grab"", ""PATIENT=scientist""]","Event roles: AGENT=reader; VERB=grab; PATIENT=scientist
Sentence: the",Sentence: the,first_noun,-4.163117408752441,-4.855090141296387,-0.6919727325439453,active,0.0
1437,role_labeled,filler,filler,The window rattled during the storm .,a reader grabs a scientist .,a scientist is grabbed by a reader .,a,reader,a,scientist,grab,grabs,grabbed,"[""AGENT=reader"", ""VERB=grab"", ""PATIENT=scientist""]","Prime sentence: The window rattled during the storm .
Event roles: AGENT=reader; VERB=grab; PATIENT=scientist
Sentence: the",Sentence: the,first_noun,-7.113188743591309,-5.527688026428223,1.585500717163086,passive,1.0
1438,role_labeled,active,active,a mayor forgets a minister .,an attorney forgets an aunt .,an aunt is forgotten by an attorney .,an,attorney,an,aunt,forget,forgets,forgotten,"[""AGENT=attorney"", ""VERB=forget"", ""PATIENT=aunt""]","Prime sentence: a mayor forgets a minister .
Event roles: AGENT=attorney; VERB=forget; PATIENT=aunt
Sentence: the",Sentence: the,first_noun,-5.591222286224365,-7.828507423400879,-2.2372851371765137,active,0.0
1438,role_labeled,passive,passive,a minister is forgotten by a mayor .,an attorney forgets an aunt .,an aunt is forgotten by an attorney .,an,attorney,an,aunt,forget,forgets,forgotten,"[""AGENT=attorney"", ""VERB=forget"", ""PATIENT=aunt""]","Prime sentence: a minister is forgotten by a mayor .
Event roles: AGENT=attorney; VERB=forget; PATIENT=aunt
Sentence: the",Sentence: the,first_noun,-5.1157331466674805,-7.957891464233398,-2.842158317565918,active,0.0
1438,role_labeled,no_prime_eos,no_prime_eos,,an attorney forgets an aunt .,an aunt is forgotten by an attorney .,an,attorney,an,aunt,forget,forgets,forgotten,"[""AGENT=attorney"", ""VERB=forget"", ""PATIENT=aunt""]","Event roles: AGENT=attorney; VERB=forget; PATIENT=aunt
Sentence: the",Sentence: the,first_noun,-5.012860298156738,-8.668146133422852,-3.6552858352661133,active,0.0
1438,role_labeled,filler,filler,The sculpture stood in the hallway .,an attorney forgets an aunt .,an aunt is forgotten by an attorney .,an,attorney,an,aunt,forget,forgets,forgotten,"[""AGENT=attorney"", ""VERB=forget"", ""PATIENT=aunt""]","Prime sentence: The sculpture stood in the hallway .
Event roles: AGENT=attorney; VERB=forget; PATIENT=aunt
Sentence: the",Sentence: the,first_noun,-5.437206268310547,-7.355446815490723,-1.9182405471801758,active,0.0
1439,role_labeled,active,active,a pilot kisses a president .,a captain kisses a champion .,a champion is kissed by a captain .,a,captain,a,champion,kiss,kisses,kissed,"[""AGENT=captain"", ""PATIENT=champion"", ""VERB=kiss""]","Prime sentence: a pilot kisses a president .
Event roles: AGENT=captain; PATIENT=champion; VERB=kiss
Sentence: the",Sentence: the,first_noun,-3.5689291954040527,-7.960996627807617,-4.3920674324035645,active,0.0
1439,role_labeled,passive,passive,a president is kissed by a pilot .,a captain kisses a champion .,a champion is kissed by a captain .,a,captain,a,champion,kiss,kisses,kissed,"[""AGENT=captain"", ""PATIENT=champion"", ""VERB=kiss""]","Prime sentence: a president is kissed by a pilot .
Event roles: AGENT=captain; PATIENT=champion; VERB=kiss
Sentence: the",Sentence: the,first_noun,-3.852074146270752,-8.275789260864258,-4.423715114593506,active,0.0
1439,role_labeled,no_prime_eos,no_prime_eos,,a captain kisses a champion .,a champion is kissed by a captain .,a,captain,a,champion,kiss,kisses,kissed,"[""AGENT=captain"", ""PATIENT=champion"", ""VERB=kiss""]","Event roles: AGENT=captain; PATIENT=champion; VERB=kiss
Sentence: the",Sentence: the,first_noun,-3.2047834396362305,-5.292644023895264,-2.087860584259033,active,0.0
1439,role_labeled,filler,filler,The tourist wandered through the plaza .,a captain kisses a champion .,a champion is kissed by a captain .,a,captain,a,champion,kiss,kisses,kissed,"[""AGENT=captain"", ""PATIENT=champion"", ""VERB=kiss""]","Prime sentence: The tourist wandered through the plaza .
Event roles: AGENT=captain; PATIENT=champion; VERB=kiss
Sentence: the",Sentence: the,first_noun,-4.250319480895996,-6.438553333282471,-2.1882338523864746,active,0.0
1440,role_labeled,active,active,a captain surprises a champion .,a physician surprises a pilot .,a pilot is surprised by a physician .,a,physician,a,pilot,surpris,surprises,surprised,"[""AGENT=physician"", ""PATIENT=pilot"", ""VERB=surpris""]","Prime sentence: a captain surprises a champion .
Event roles: AGENT=physician; PATIENT=pilot; VERB=surpris
Sentence: the",Sentence: the,first_noun,-5.9200286865234375,-3.4989545345306396,2.421074151992798,passive,1.0
1440,role_labeled,passive,passive,a champion is surprised by a captain .,a physician surprises a pilot .,a pilot is surprised by a physician .,a,physician,a,pilot,surpris,surprises,surprised,"[""AGENT=physician"", ""PATIENT=pilot"", ""VERB=surpris""]","Prime sentence: a champion is surprised by a captain .
Event roles: AGENT=physician; PATIENT=pilot; VERB=surpris
Sentence: the",Sentence: the,first_noun,-5.385737419128418,-3.739593267440796,1.646144151687622,passive,1.0
1440,role_labeled,no_prime_eos,no_prime_eos,,a physician surprises a pilot .,a pilot is surprised by a physician .,a,physician,a,pilot,surpris,surprises,surprised,"[""AGENT=physician"", ""PATIENT=pilot"", ""VERB=surpris""]","Event roles: AGENT=physician; PATIENT=pilot; VERB=surpris
Sentence: the",Sentence: the,first_noun,-4.247472763061523,-2.914699077606201,1.3327736854553223,passive,1.0
1440,role_labeled,filler,filler,The kettle whistled in the kitchen .,a physician surprises a pilot .,a pilot is surprised by a physician .,a,physician,a,pilot,surpris,surprises,surprised,"[""AGENT=physician"", ""PATIENT=pilot"", ""VERB=surpris""]","Prime sentence: The kettle whistled in the kitchen .
Event roles: AGENT=physician; PATIENT=pilot; VERB=surpris
Sentence: the",Sentence: the,first_noun,-6.974626541137695,-4.618681907653809,2.3559446334838867,passive,1.0
1441,role_labeled,active,active,a guest forgets a guy .,a student forgets a teacher .,a teacher is forgotten by a student .,a,student,a,teacher,forget,forgets,forgotten,"[""PATIENT=teacher"", ""VERB=forget"", ""AGENT=student""]","Prime sentence: a guest forgets a guy .
Event roles: PATIENT=teacher; VERB=forget; AGENT=student
Sentence: the",Sentence: the,first_noun,-3.401280403137207,-2.4756827354431152,0.9255976676940918,passive,1.0
1441,role_labeled,passive,passive,a guy is forgotten by a guest .,a student forgets a teacher .,a teacher is forgotten by a student .,a,student,a,teacher,forget,forgets,forgotten,"[""PATIENT=teacher"", ""VERB=forget"", ""AGENT=student""]","Prime sentence: a guy is forgotten by a guest .
Event roles: PATIENT=teacher; VERB=forget; AGENT=student
Sentence: the",Sentence: the,first_noun,-3.171501636505127,-2.4127321243286133,0.7587695121765137,passive,1.0
1441,role_labeled,no_prime_eos,no_prime_eos,,a student forgets a teacher .,a teacher is forgotten by a student .,a,student,a,teacher,forget,forgets,forgotten,"[""PATIENT=teacher"", ""VERB=forget"", ""AGENT=student""]","Event roles: PATIENT=teacher; VERB=forget; AGENT=student
Sentence: the",Sentence: the,first_noun,-3.097935676574707,-2.3094024658203125,0.7885332107543945,passive,1.0
1441,role_labeled,filler,filler,The planet shimmered above the valley .,a student forgets a teacher .,a teacher is forgotten by a student .,a,student,a,teacher,forget,forgets,forgotten,"[""PATIENT=teacher"", ""VERB=forget"", ""AGENT=student""]","Prime sentence: The planet shimmered above the valley .
Event roles: PATIENT=teacher; VERB=forget; AGENT=student
Sentence: the",Sentence: the,first_noun,-4.718027591705322,-3.9134674072265625,0.8045601844787598,passive,1.0
1442,role_labeled,active,active,a sheriff punches a singer .,an employee punches an employer .,an employer is punched by an employee .,an,employee,an,employer,punch,punches,punched,"[""VERB=punch"", ""AGENT=employee"", ""PATIENT=employer""]","Prime sentence: a sheriff punches a singer .
Event roles: VERB=punch; AGENT=employee; PATIENT=employer
Sentence: the",Sentence: the,first_noun,-5.464869976043701,-6.186894416809082,-0.7220244407653809,active,0.0
1442,role_labeled,passive,passive,a singer is punched by a sheriff .,an employee punches an employer .,an employer is punched by an employee .,an,employee,an,employer,punch,punches,punched,"[""VERB=punch"", ""AGENT=employee"", ""PATIENT=employer""]","Prime sentence: a singer is punched by a sheriff .
Event roles: VERB=punch; AGENT=employee; PATIENT=employer
Sentence: the",Sentence: the,first_noun,-5.087103843688965,-5.700351715087891,-0.6132478713989258,active,0.0
1442,role_labeled,no_prime_eos,no_prime_eos,,an employee punches an employer .,an employer is punched by an employee .,an,employee,an,employer,punch,punches,punched,"[""VERB=punch"", ""AGENT=employee"", ""PATIENT=employer""]","Event roles: VERB=punch; AGENT=employee; PATIENT=employer
Sentence: the",Sentence: the,first_noun,-3.536114454269409,-4.8742780685424805,-1.3381636142730713,active,0.0
1442,role_labeled,filler,filler,The signal flickered across the screen .,an employee punches an employer .,an employer is punched by an employee .,an,employee,an,employer,punch,punches,punched,"[""VERB=punch"", ""AGENT=employee"", ""PATIENT=employer""]","Prime sentence: The signal flickered across the screen .
Event roles: VERB=punch; AGENT=employee; PATIENT=employer
Sentence: the",Sentence: the,first_noun,-3.667261838912964,-5.89351749420166,-2.2262556552886963,active,0.0
1443,role_labeled,active,active,a student discovers a teacher .,a girl discovers a guest .,a guest is discovered by a girl .,a,girl,a,guest,discover,discovers,discovered,"[""VERB=discover"", ""AGENT=girl"", ""PATIENT=guest""]","Prime sentence: a student discovers a teacher .
Event roles: VERB=discover; AGENT=girl; PATIENT=guest
Sentence: the",Sentence: the,first_noun,-2.360856294631958,-6.227176666259766,-3.8663203716278076,active,0.0
1443,role_labeled,passive,passive,a teacher is discovered by a student .,a girl discovers a guest .,a guest is discovered by a girl .,a,girl,a,guest,discover,discovers,discovered,"[""VERB=discover"", ""AGENT=girl"", ""PATIENT=guest""]","Prime sentence: a teacher is discovered by a student .
Event roles: VERB=discover; AGENT=girl; PATIENT=guest
Sentence: the",Sentence: the,first_noun,-2.4329771995544434,-6.19951057434082,-3.766533374786377,active,0.0
1443,role_labeled,no_prime_eos,no_prime_eos,,a girl discovers a guest .,a guest is discovered by a girl .,a,girl,a,guest,discover,discovers,discovered,"[""VERB=discover"", ""AGENT=girl"", ""PATIENT=guest""]","Event roles: VERB=discover; AGENT=girl; PATIENT=guest
Sentence: the",Sentence: the,first_noun,-2.5971670150756836,-4.7437615394592285,-2.146594524383545,active,0.0
1443,role_labeled,filler,filler,The signal flickered across the screen .,a girl discovers a guest .,a guest is discovered by a girl .,a,girl,a,guest,discover,discovers,discovered,"[""VERB=discover"", ""AGENT=girl"", ""PATIENT=guest""]","Prime sentence: The signal flickered across the screen .
Event roles: VERB=discover; AGENT=girl; PATIENT=guest
Sentence: the",Sentence: the,first_noun,-2.408708095550537,-5.63444709777832,-3.225739002227783,active,0.0
1444,role_labeled,active,active,a soldier chases a son .,a father chases a friend .,a friend is chased by a father .,a,father,a,friend,chas,chases,chased,"[""PATIENT=friend"", ""AGENT=father"", ""VERB=chas""]","Prime sentence: a soldier chases a son .
Event roles: PATIENT=friend; AGENT=father; VERB=chas
Sentence: the",Sentence: the,first_noun,-2.7988767623901367,-5.3473076820373535,-2.548430919647217,active,0.0
1444,role_labeled,passive,passive,a son is chased by a soldier .,a father chases a friend .,a friend is chased by a father .,a,father,a,friend,chas,chases,chased,"[""PATIENT=friend"", ""AGENT=father"", ""VERB=chas""]","Prime sentence: a son is chased by a soldier .
Event roles: PATIENT=friend; AGENT=father; VERB=chas
Sentence: the",Sentence: the,first_noun,-3.1861424446105957,-5.50319242477417,-2.317049980163574,active,0.0
1444,role_labeled,no_prime_eos,no_prime_eos,,a father chases a friend .,a friend is chased by a father .,a,father,a,friend,chas,chases,chased,"[""PATIENT=friend"", ""AGENT=father"", ""VERB=chas""]","Event roles: PATIENT=friend; AGENT=father; VERB=chas
Sentence: the",Sentence: the,first_noun,-3.7248220443725586,-5.508210182189941,-1.7833881378173828,active,0.0
1444,role_labeled,filler,filler,The market opened after sunrise .,a father chases a friend .,a friend is chased by a father .,a,father,a,friend,chas,chases,chased,"[""PATIENT=friend"", ""AGENT=father"", ""VERB=chas""]","Prime sentence: The market opened after sunrise .
Event roles: PATIENT=friend; AGENT=father; VERB=chas
Sentence: the",Sentence: the,first_noun,-5.50311803817749,-7.285097599029541,-1.7819795608520508,active,0.0
1445,role_labeled,active,active,a princess teaches a professor .,a colonel teaches a cop .,a cop is taught by a colonel .,a,colonel,a,cop,teach,teaches,taught,"[""VERB=teach"", ""PATIENT=cop"", ""AGENT=colonel""]","Prime sentence: a princess teaches a professor .
Event roles: VERB=teach; PATIENT=cop; AGENT=colonel
Sentence: the",Sentence: the,first_noun,-5.718203067779541,-6.880697727203369,-1.1624946594238281,active,0.0
1445,role_labeled,passive,passive,a professor is taught by a princess .,a colonel teaches a cop .,a cop is taught by a colonel .,a,colonel,a,cop,teach,teaches,taught,"[""VERB=teach"", ""PATIENT=cop"", ""AGENT=colonel""]","Prime sentence: a professor is taught by a princess .
Event roles: VERB=teach; PATIENT=cop; AGENT=colonel
Sentence: the",Sentence: the,first_noun,-5.359367370605469,-6.782359600067139,-1.42299222946167,active,0.0
1445,role_labeled,no_prime_eos,no_prime_eos,,a colonel teaches a cop .,a cop is taught by a colonel .,a,colonel,a,cop,teach,teaches,taught,"[""VERB=teach"", ""PATIENT=cop"", ""AGENT=colonel""]","Event roles: VERB=teach; PATIENT=cop; AGENT=colonel
Sentence: the",Sentence: the,first_noun,-5.540762424468994,-6.836130142211914,-1.29536771774292,active,0.0
1445,role_labeled,filler,filler,The teacher listened during assembly .,a colonel teaches a cop .,a cop is taught by a colonel .,a,colonel,a,cop,teach,teaches,taught,"[""VERB=teach"", ""PATIENT=cop"", ""AGENT=colonel""]","Prime sentence: The teacher listened during assembly .
Event roles: VERB=teach; PATIENT=cop; AGENT=colonel
Sentence: the",Sentence: the,first_noun,-4.715490341186523,-5.39333963394165,-0.677849292755127,active,0.0
1446,role_labeled,active,active,a president kisses a priest .,a champion kisses a chief .,a chief is kissed by a champion .,a,champion,a,chief,kiss,kisses,kissed,"[""VERB=kiss"", ""PATIENT=chief"", ""AGENT=champion""]","Prime sentence: a president kisses a priest .
Event roles: VERB=kiss; PATIENT=chief; AGENT=champion
Sentence: the",Sentence: the,first_noun,-8.041349411010742,-4.780616283416748,3.260733127593994,passive,1.0
1446,role_labeled,passive,passive,a priest is kissed by a president .,a champion kisses a chief .,a chief is kissed by a champion .,a,champion,a,chief,kiss,kisses,kissed,"[""VERB=kiss"", ""PATIENT=chief"", ""AGENT=champion""]","Prime sentence: a priest is kissed by a president .
Event roles: VERB=kiss; PATIENT=chief; AGENT=champion
Sentence: the",Sentence: the,first_noun,-7.504222869873047,-4.855958461761475,2.6482644081115723,passive,1.0
1446,role_labeled,no_prime_eos,no_prime_eos,,a champion kisses a chief .,a chief is kissed by a champion .,a,champion,a,chief,kiss,kisses,kissed,"[""VERB=kiss"", ""PATIENT=chief"", ""AGENT=champion""]","Event roles: VERB=kiss; PATIENT=chief; AGENT=champion
Sentence: the",Sentence: the,first_noun,-5.959017753601074,-4.995678901672363,0.9633388519287109,passive,1.0
1446,role_labeled,filler,filler,The sculpture stood in the hallway .,a champion kisses a chief .,a chief is kissed by a champion .,a,champion,a,chief,kiss,kisses,kissed,"[""VERB=kiss"", ""PATIENT=chief"", ""AGENT=champion""]","Prime sentence: The sculpture stood in the hallway .
Event roles: VERB=kiss; PATIENT=chief; AGENT=champion
Sentence: the",Sentence: the,first_noun,-6.800381183624268,-5.47136116027832,1.3290200233459473,passive,1.0
1447,role_labeled,active,active,a wife asks a winner .,a hero asks a husband .,a husband is asked by a hero .,a,hero,a,husband,ask,asks,asked,"[""VERB=ask"", ""PATIENT=husband"", ""AGENT=hero""]","Prime sentence: a wife asks a winner .
Event roles: VERB=ask; PATIENT=husband; AGENT=hero
Sentence: the",Sentence: the,first_noun,-4.665921211242676,-3.845395565032959,0.8205256462097168,passive,1.0
1447,role_labeled,passive,passive,a winner is asked by a wife .,a hero asks a husband .,a husband is asked by a hero .,a,hero,a,husband,ask,asks,asked,"[""VERB=ask"", ""PATIENT=husband"", ""AGENT=hero""]","Prime sentence: a winner is asked by a wife .
Event roles: VERB=ask; PATIENT=husband; AGENT=hero
Sentence: the",Sentence: the,first_noun,-4.834578990936279,-3.9355711936950684,0.8990077972412109,passive,1.0
1447,role_labeled,no_prime_eos,no_prime_eos,,a hero asks a husband .,a husband is asked by a hero .,a,hero,a,husband,ask,asks,asked,"[""VERB=ask"", ""PATIENT=husband"", ""AGENT=hero""]","Event roles: VERB=ask; PATIENT=husband; AGENT=hero
Sentence: the",Sentence: the,first_noun,-3.527827739715576,-4.9148783683776855,-1.3870506286621094,active,0.0
1447,role_labeled,filler,filler,The kettle whistled in the kitchen .,a hero asks a husband .,a husband is asked by a hero .,a,hero,a,husband,ask,asks,asked,"[""VERB=ask"", ""PATIENT=husband"", ""AGENT=hero""]","Prime sentence: The kettle whistled in the kitchen .
Event roles: VERB=ask; PATIENT=husband; AGENT=hero
Sentence: the",Sentence: the,first_noun,-7.748015880584717,-5.588110446929932,2.159905433654785,passive,1.0
1448,role_labeled,active,active,a pilot selects a president .,a captain selects a champion .,a champion is selected by a captain .,a,captain,a,champion,select,selects,selected,"[""PATIENT=champion"", ""VERB=select"", ""AGENT=captain""]","Prime sentence: a pilot selects a president .
Event roles: PATIENT=champion; VERB=select; AGENT=captain
Sentence: the",Sentence: the,first_noun,-3.918543577194214,-4.947653770446777,-1.0291101932525635,active,0.0
1448,role_labeled,passive,passive,a president is selected by a pilot .,a captain selects a champion .,a champion is selected by a captain .,a,captain,a,champion,select,selects,selected,"[""PATIENT=champion"", ""VERB=select"", ""AGENT=captain""]","Prime sentence: a president is selected by a pilot .
Event roles: PATIENT=champion; VERB=select; AGENT=captain
Sentence: the",Sentence: the,first_noun,-4.050494194030762,-5.960640907287598,-1.910146713256836,active,0.0
1448,role_labeled,no_prime_eos,no_prime_eos,,a captain selects a champion .,a champion is selected by a captain .,a,captain,a,champion,select,selects,selected,"[""PATIENT=champion"", ""VERB=select"", ""AGENT=captain""]","Event roles: PATIENT=champion; VERB=select; AGENT=captain
Sentence: the",Sentence: the,first_noun,-3.344980001449585,-4.412170886993408,-1.0671908855438232,active,0.0
1448,role_labeled,filler,filler,The blanket dried on the line .,a captain selects a champion .,a champion is selected by a captain .,a,captain,a,champion,select,selects,selected,"[""PATIENT=champion"", ""VERB=select"", ""AGENT=captain""]","Prime sentence: The blanket dried on the line .
Event roles: PATIENT=champion; VERB=select; AGENT=captain
Sentence: the",Sentence: the,first_noun,-5.079451084136963,-5.820931434631348,-0.7414803504943848,active,0.0
1449,role_labeled,active,active,a teacher describes an uncle .,a guest describes a guy .,a guy is described by a guest .,a,guest,a,guy,describ,describes,described,"[""PATIENT=guy"", ""AGENT=guest"", ""VERB=describ""]","Prime sentence: a teacher describes an uncle .
Event roles: PATIENT=guy; AGENT=guest; VERB=describ
Sentence: the",Sentence: the,first_noun,-5.371033668518066,-4.490584373474121,0.8804492950439453,passive,1.0
1449,role_labeled,passive,passive,an uncle is described by a teacher .,a guest describes a guy .,a guy is described by a guest .,a,guest,a,guy,describ,describes,described,"[""PATIENT=guy"", ""AGENT=guest"", ""VERB=describ""]","Prime sentence: an uncle is described by a teacher .
Event roles: PATIENT=guy; AGENT=guest; VERB=describ
Sentence: the",Sentence: the,first_noun,-5.452302932739258,-4.688686847686768,0.7636160850524902,passive,1.0
1449,role_labeled,no_prime_eos,no_prime_eos,,a guest describes a guy .,a guy is described by a guest .,a,guest,a,guy,describ,describes,described,"[""PATIENT=guy"", ""AGENT=guest"", ""VERB=describ""]","Event roles: PATIENT=guy; AGENT=guest; VERB=describ
Sentence: the",Sentence: the,first_noun,-4.723543167114258,-4.660937309265137,0.0626058578491211,passive,1.0
1449,role_labeled,filler,filler,The teacher listened during assembly .,a guest describes a guy .,a guy is described by a guest .,a,guest,a,guy,describ,describes,described,"[""PATIENT=guy"", ""AGENT=guest"", ""VERB=describ""]","Prime sentence: The teacher listened during assembly .
Event roles: PATIENT=guy; AGENT=guest; VERB=describ
Sentence: the",Sentence: the,first_noun,-4.879031181335449,-4.21445894241333,0.6645722389221191,passive,1.0
1450,role_labeled,active,active,an attorney kisses an aunt .,a manager kisses a mayor .,a mayor is kissed by a manager .,a,manager,a,mayor,kiss,kisses,kissed,"[""AGENT=manager"", ""VERB=kiss"", ""PATIENT=mayor""]","Prime sentence: an attorney kisses an aunt .
Event roles: AGENT=manager; VERB=kiss; PATIENT=mayor
Sentence: the",Sentence: the,first_noun,-5.208651542663574,-3.114450454711914,2.09420108795166,passive,1.0
1450,role_labeled,passive,passive,an aunt is kissed by an attorney .,a manager kisses a mayor .,a mayor is kissed by a manager .,a,manager,a,mayor,kiss,kisses,kissed,"[""AGENT=manager"", ""VERB=kiss"", ""PATIENT=mayor""]","Prime sentence: an aunt is kissed by an attorney .
Event roles: AGENT=manager; VERB=kiss; PATIENT=mayor
Sentence: the",Sentence: the,first_noun,-5.273221015930176,-2.8365871906280518,2.436633825302124,passive,1.0
1450,role_labeled,no_prime_eos,no_prime_eos,,a manager kisses a mayor .,a mayor is kissed by a manager .,a,manager,a,mayor,kiss,kisses,kissed,"[""AGENT=manager"", ""VERB=kiss"", ""PATIENT=mayor""]","Event roles: AGENT=manager; VERB=kiss; PATIENT=mayor
Sentence: the",Sentence: the,first_noun,-4.639297962188721,-3.323640823364258,1.315657138824463,passive,1.0
1450,role_labeled,filler,filler,The planet shimmered above the valley .,a manager kisses a mayor .,a mayor is kissed by a manager .,a,manager,a,mayor,kiss,kisses,kissed,"[""AGENT=manager"", ""VERB=kiss"", ""PATIENT=mayor""]","Prime sentence: The planet shimmered above the valley .
Event roles: AGENT=manager; VERB=kiss; PATIENT=mayor
Sentence: the",Sentence: the,first_noun,-6.738872528076172,-4.587541103363037,2.1513314247131348,passive,1.0
1451,role_labeled,active,active,a cousin protects a daughter .,a professor protects a reader .,a reader is protected by a professor .,a,professor,a,reader,protect,protects,protected,"[""AGENT=professor"", ""VERB=protect"", ""PATIENT=reader""]","Prime sentence: a cousin protects a daughter .
Event roles: AGENT=professor; VERB=protect; PATIENT=reader
Sentence: the",Sentence: the,first_noun,-3.4676403999328613,-6.649682998657227,-3.1820425987243652,active,0.0
1451,role_labeled,passive,passive,a daughter is protected by a cousin .,a professor protects a reader .,a reader is protected by a professor .,a,professor,a,reader,protect,protects,protected,"[""AGENT=professor"", ""VERB=protect"", ""PATIENT=reader""]","Prime sentence: a daughter is protected by a cousin .
Event roles: AGENT=professor; VERB=protect; PATIENT=reader
Sentence: the",Sentence: the,first_noun,-3.6055808067321777,-6.382073402404785,-2.7764925956726074,active,0.0
1451,role_labeled,no_prime_eos,no_prime_eos,,a professor protects a reader .,a reader is protected by a professor .,a,professor,a,reader,protect,protects,protected,"[""AGENT=professor"", ""VERB=protect"", ""PATIENT=reader""]","Event roles: AGENT=professor; VERB=protect; PATIENT=reader
Sentence: the",Sentence: the,first_noun,-3.34399151802063,-5.317072868347168,-1.973081350326538,active,0.0
1451,role_labeled,filler,filler,The window rattled during the storm .,a professor protects a reader .,a reader is protected by a professor .,a,professor,a,reader,protect,protects,protected,"[""AGENT=professor"", ""VERB=protect"", ""PATIENT=reader""]","Prime sentence: The window rattled during the storm .
Event roles: AGENT=professor; VERB=protect; PATIENT=reader
Sentence: the",Sentence: the,first_noun,-4.679616928100586,-7.654126167297363,-2.9745092391967773,active,0.0
1452,role_labeled,active,active,a student raises a teacher .,a girl raises a guest .,a guest is raised by a girl .,a,girl,a,guest,rais,raises,raised,"[""AGENT=girl"", ""VERB=rais"", ""PATIENT=guest""]","Prime sentence: a student raises a teacher .
Event roles: AGENT=girl; VERB=rais; PATIENT=guest
Sentence: the",Sentence: the,first_noun,-2.0372836589813232,-6.069148063659668,-4.031864404678345,active,0.0
1452,role_labeled,passive,passive,a teacher is raised by a student .,a girl raises a guest .,a guest is raised by a girl .,a,girl,a,guest,rais,raises,raised,"[""AGENT=girl"", ""VERB=rais"", ""PATIENT=guest""]","Prime sentence: a teacher is raised by a student .
Event roles: AGENT=girl; VERB=rais; PATIENT=guest
Sentence: the",Sentence: the,first_noun,-2.2608859539031982,-6.330372333526611,-4.069486379623413,active,0.0
1452,role_labeled,no_prime_eos,no_prime_eos,,a girl raises a guest .,a guest is raised by a girl .,a,girl,a,guest,rais,raises,raised,"[""AGENT=girl"", ""VERB=rais"", ""PATIENT=guest""]","Event roles: AGENT=girl; VERB=rais; PATIENT=guest
Sentence: the",Sentence: the,first_noun,-2.0086588859558105,-4.92439079284668,-2.915731906890869,active,0.0
1452,role_labeled,filler,filler,The violin echoed in the theater .,a girl raises a guest .,a guest is raised by a girl .,a,girl,a,guest,rais,raises,raised,"[""AGENT=girl"", ""VERB=rais"", ""PATIENT=guest""]","Prime sentence: The violin echoed in the theater .
Event roles: AGENT=girl; VERB=rais; PATIENT=guest
Sentence: the",Sentence: the,first_noun,-3.4500346183776855,-6.674294471740723,-3.224259853363037,active,0.0
1453,role_labeled,active,active,a boy teaches a brother .,a nurse teaches an opponent .,an opponent is taught by a nurse .,a,nurse,an,opponent,teach,teaches,taught,"[""VERB=teach"", ""AGENT=nurse"", ""PATIENT=opponent""]","Prime sentence: a boy teaches a brother .
Event roles: VERB=teach; AGENT=nurse; PATIENT=opponent
Sentence: the",Sentence: the,first_noun,-4.672051429748535,-7.3095784187316895,-2.6375269889831543,active,0.0
1453,role_labeled,passive,passive,a brother is taught by a boy .,a nurse teaches an opponent .,an opponent is taught by a nurse .,a,nurse,an,opponent,teach,teaches,taught,"[""VERB=teach"", ""AGENT=nurse"", ""PATIENT=opponent""]","Prime sentence: a brother is taught by a boy .
Event roles: VERB=teach; AGENT=nurse; PATIENT=opponent
Sentence: the",Sentence: the,first_noun,-4.912418365478516,-7.12476921081543,-2.212350845336914,active,0.0
1453,role_labeled,no_prime_eos,no_prime_eos,,a nurse teaches an opponent .,an opponent is taught by a nurse .,a,nurse,an,opponent,teach,teaches,taught,"[""VERB=teach"", ""AGENT=nurse"", ""PATIENT=opponent""]","Event roles: VERB=teach; AGENT=nurse; PATIENT=opponent
Sentence: the",Sentence: the,first_noun,-4.538411617279053,-4.996891021728516,-0.4584794044494629,active,0.0
1453,role_labeled,filler,filler,The violin echoed in the theater .,a nurse teaches an opponent .,an opponent is taught by a nurse .,a,nurse,an,opponent,teach,teaches,taught,"[""VERB=teach"", ""AGENT=nurse"", ""PATIENT=opponent""]","Prime sentence: The violin echoed in the theater .
Event roles: VERB=teach; AGENT=nurse; PATIENT=opponent
Sentence: the",Sentence: the,first_noun,-5.74854850769043,-8.19526195526123,-2.446713447570801,active,0.0
1454,role_labeled,active,active,a guest understands a guy .,a student understands a teacher .,a teacher is understood by a student .,a,student,a,teacher,understand,understands,understood,"[""VERB=understand"", ""PATIENT=teacher"", ""AGENT=student""]","Prime sentence: a guest understands a guy .
Event roles: VERB=understand; PATIENT=teacher; AGENT=student
Sentence: the",Sentence: the,first_noun,-4.117230415344238,-3.672224283218384,0.4450061321258545,passive,1.0
1454,role_labeled,passive,passive,a guy is understood by a guest .,a student understands a teacher .,a teacher is understood by a student .,a,student,a,teacher,understand,understands,understood,"[""VERB=understand"", ""PATIENT=teacher"", ""AGENT=student""]","Prime sentence: a guy is understood by a guest .
Event roles: VERB=understand; PATIENT=teacher; AGENT=student
Sentence: the",Sentence: the,first_noun,-3.856494665145874,-3.488848924636841,0.3676457405090332,passive,1.0
1454,role_labeled,no_prime_eos,no_prime_eos,,a student understands a teacher .,a teacher is understood by a student .,a,student,a,teacher,understand,understands,understood,"[""VERB=understand"", ""PATIENT=teacher"", ""AGENT=student""]","Event roles: VERB=understand; PATIENT=teacher; AGENT=student
Sentence: the",Sentence: the,first_noun,-3.4072327613830566,-3.2219696044921875,0.18526315689086914,passive,1.0
1454,role_labeled,filler,filler,The kettle whistled in the kitchen .,a student understands a teacher .,a teacher is understood by a student .,a,student,a,teacher,understand,understands,understood,"[""VERB=understand"", ""PATIENT=teacher"", ""AGENT=student""]","Prime sentence: The kettle whistled in the kitchen .
Event roles: VERB=understand; PATIENT=teacher; AGENT=student
Sentence: the",Sentence: the,first_noun,-5.173364639282227,-4.365672588348389,0.8076920509338379,passive,1.0
1455,role_labeled,active,active,a teacher protects an uncle .,a guest protects a guy .,a guy is protected by a guest .,a,guest,a,guy,protect,protects,protected,"[""PATIENT=guy"", ""AGENT=guest"", ""VERB=protect""]","Prime sentence: a teacher protects an uncle .
Event roles: PATIENT=guy; AGENT=guest; VERB=protect
Sentence: the",Sentence: the,first_noun,-5.756525993347168,-4.558014869689941,1.1985111236572266,passive,1.0
1455,role_labeled,passive,passive,an uncle is protected by a teacher .,a guest protects a guy .,a guy is protected by a guest .,a,guest,a,guy,protect,protects,protected,"[""PATIENT=guy"", ""AGENT=guest"", ""VERB=protect""]","Prime sentence: an uncle is protected by a teacher .
Event roles: PATIENT=guy; AGENT=guest; VERB=protect
Sentence: the",Sentence: the,first_noun,-5.2931437492370605,-4.525891304016113,0.7672524452209473,passive,1.0
1455,role_labeled,no_prime_eos,no_prime_eos,,a guest protects a guy .,a guy is protected by a guest .,a,guest,a,guy,protect,protects,protected,"[""PATIENT=guy"", ""AGENT=guest"", ""VERB=protect""]","Event roles: PATIENT=guy; AGENT=guest; VERB=protect
Sentence: the",Sentence: the,first_noun,-4.570822238922119,-4.7189812660217285,-0.14815902709960938,active,0.0
1455,role_labeled,filler,filler,The garden brightened after rain .,a guest protects a guy .,a guy is protected by a guest .,a,guest,a,guy,protect,protects,protected,"[""PATIENT=guy"", ""AGENT=guest"", ""VERB=protect""]","Prime sentence: The garden brightened after rain .
Event roles: PATIENT=guy; AGENT=guest; VERB=protect
Sentence: the",Sentence: the,first_noun,-6.640341758728027,-6.010135650634766,0.6302061080932617,passive,1.0
1456,role_labeled,active,active,a guy punches a hero .,a teacher punches an uncle .,an uncle is punched by a teacher .,a,teacher,an,uncle,punch,punches,punched,"[""AGENT=teacher"", ""PATIENT=uncle"", ""VERB=punch""]","Prime sentence: a guy punches a hero .
Event roles: AGENT=teacher; PATIENT=uncle; VERB=punch
Sentence: the",Sentence: the,first_noun,-3.71820068359375,-7.130506992340088,-3.412306308746338,active,0.0
1456,role_labeled,passive,passive,a hero is punched by a guy .,a teacher punches an uncle .,an uncle is punched by a teacher .,a,teacher,an,uncle,punch,punches,punched,"[""AGENT=teacher"", ""PATIENT=uncle"", ""VERB=punch""]","Prime sentence: a hero is punched by a guy .
Event roles: AGENT=teacher; PATIENT=uncle; VERB=punch
Sentence: the",Sentence: the,first_noun,-3.229526996612549,-7.224923133850098,-3.995396137237549,active,0.0
1456,role_labeled,no_prime_eos,no_prime_eos,,a teacher punches an uncle .,an uncle is punched by a teacher .,a,teacher,an,uncle,punch,punches,punched,"[""AGENT=teacher"", ""PATIENT=uncle"", ""VERB=punch""]","Event roles: AGENT=teacher; PATIENT=uncle; VERB=punch
Sentence: the",Sentence: the,first_noun,-3.0841901302337646,-7.553125381469727,-4.468935251235962,active,0.0
1456,role_labeled,filler,filler,The singer smiled after rehearsal .,a teacher punches an uncle .,an uncle is punched by a teacher .,a,teacher,an,uncle,punch,punches,punched,"[""AGENT=teacher"", ""PATIENT=uncle"", ""VERB=punch""]","Prime sentence: The singer smiled after rehearsal .
Event roles: AGENT=teacher; PATIENT=uncle; VERB=punch
Sentence: the",Sentence: the,first_noun,-3.5527539253234863,-6.932006359100342,-3.3792524337768555,active,0.0
1457,role_labeled,active,active,a cop describes a cousin .,a princess describes a professor .,a professor is described by a princess .,a,princess,a,professor,describ,describes,described,"[""PATIENT=professor"", ""VERB=describ"", ""AGENT=princess""]","Prime sentence: a cop describes a cousin .
Event roles: PATIENT=professor; VERB=describ; AGENT=princess
Sentence: the",Sentence: the,first_noun,-4.996538162231445,-3.4793970584869385,1.5171411037445068,passive,1.0
1457,role_labeled,passive,passive,a cousin is described by a cop .,a princess describes a professor .,a professor is described by a princess .,a,princess,a,professor,describ,describes,described,"[""PATIENT=professor"", ""VERB=describ"", ""AGENT=princess""]","Prime sentence: a cousin is described by a cop .
Event roles: PATIENT=professor; VERB=describ; AGENT=princess
Sentence: the",Sentence: the,first_noun,-5.346696853637695,-3.9145398139953613,1.432157039642334,passive,1.0
1457,role_labeled,no_prime_eos,no_prime_eos,,a princess describes a professor .,a professor is described by a princess .,a,princess,a,professor,describ,describes,described,"[""PATIENT=professor"", ""VERB=describ"", ""AGENT=princess""]","Event roles: PATIENT=professor; VERB=describ; AGENT=princess
Sentence: the",Sentence: the,first_noun,-4.760385513305664,-4.361151218414307,0.3992342948913574,passive,1.0
1457,role_labeled,filler,filler,The tourist wandered through the plaza .,a princess describes a professor .,a professor is described by a princess .,a,princess,a,professor,describ,describes,described,"[""PATIENT=professor"", ""VERB=describ"", ""AGENT=princess""]","Prime sentence: The tourist wandered through the plaza .
Event roles: PATIENT=professor; VERB=describ; AGENT=princess
Sentence: the",Sentence: the,first_noun,-4.182172775268555,-3.1776442527770996,1.004528522491455,passive,1.0
1458,role_labeled,active,active,a partner judges a physician .,a buddy judges a candidate .,a candidate is judged by a buddy .,a,buddy,a,candidate,judg,judges,judged,"[""VERB=judg"", ""AGENT=buddy"", ""PATIENT=candidate""]","Prime sentence: a partner judges a physician .
Event roles: VERB=judg; AGENT=buddy; PATIENT=candidate
Sentence: the",Sentence: the,first_noun,-8.095549583435059,-5.204181671142578,2.8913679122924805,passive,1.0
1458,role_labeled,passive,passive,a physician is judged by a partner .,a buddy judges a candidate .,a candidate is judged by a buddy .,a,buddy,a,candidate,judg,judges,judged,"[""VERB=judg"", ""AGENT=buddy"", ""PATIENT=candidate""]","Prime sentence: a physician is judged by a partner .
Event roles: VERB=judg; AGENT=buddy; PATIENT=candidate
Sentence: the",Sentence: the,first_noun,-9.538675308227539,-5.789196968078613,3.749478340148926,passive,1.0
1458,role_labeled,no_prime_eos,no_prime_eos,,a buddy judges a candidate .,a candidate is judged by a buddy .,a,buddy,a,candidate,judg,judges,judged,"[""VERB=judg"", ""AGENT=buddy"", ""PATIENT=candidate""]","Event roles: VERB=judg; AGENT=buddy; PATIENT=candidate
Sentence: the",Sentence: the,first_noun,-9.081289291381836,-5.12825345993042,3.953035831451416,passive,1.0
1458,role_labeled,filler,filler,The violin echoed in the theater .,a buddy judges a candidate .,a candidate is judged by a buddy .,a,buddy,a,candidate,judg,judges,judged,"[""VERB=judg"", ""AGENT=buddy"", ""PATIENT=candidate""]","Prime sentence: The violin echoed in the theater .
Event roles: VERB=judg; AGENT=buddy; PATIENT=candidate
Sentence: the",Sentence: the,first_noun,-10.497203826904297,-7.032764434814453,3.4644393920898438,passive,1.0
1459,role_labeled,active,active,a priest understands a prince .,a chief understands a child .,a child is understood by a chief .,a,chief,a,child,understand,understands,understood,"[""AGENT=chief"", ""PATIENT=child"", ""VERB=understand""]","Prime sentence: a priest understands a prince .
Event roles: AGENT=chief; PATIENT=child; VERB=understand
Sentence: the",Sentence: the,first_noun,-5.015594482421875,-4.3408355712890625,0.6747589111328125,passive,1.0
1459,role_labeled,passive,passive,a prince is understood by a priest .,a chief understands a child .,a child is understood by a chief .,a,chief,a,child,understand,understands,understood,"[""AGENT=chief"", ""PATIENT=child"", ""VERB=understand""]","Prime sentence: a prince is understood by a priest .
Event roles: AGENT=chief; PATIENT=child; VERB=understand
Sentence: the",Sentence: the,first_noun,-4.848763465881348,-4.131176948547363,0.7175865173339844,passive,1.0
1459,role_labeled,no_prime_eos,no_prime_eos,,a chief understands a child .,a child is understood by a chief .,a,chief,a,child,understand,understands,understood,"[""AGENT=chief"", ""PATIENT=child"", ""VERB=understand""]","Event roles: AGENT=chief; PATIENT=child; VERB=understand
Sentence: the",Sentence: the,first_noun,-4.08389949798584,-3.512965440750122,0.5709340572357178,passive,1.0
1459,role_labeled,filler,filler,The pillow rested on the sofa .,a chief understands a child .,a child is understood by a chief .,a,chief,a,child,understand,understands,understood,"[""AGENT=chief"", ""PATIENT=child"", ""VERB=understand""]","Prime sentence: The pillow rested on the sofa .
Event roles: AGENT=chief; PATIENT=child; VERB=understand
Sentence: the",Sentence: the,first_noun,-7.962316513061523,-4.419423580169678,3.5428929328918457,passive,1.0
1460,role_labeled,active,active,a kid punches a king .,a winner punches a woman .,a woman is punched by a winner .,a,winner,a,woman,punch,punches,punched,"[""AGENT=winner"", ""VERB=punch"", ""PATIENT=woman""]","Prime sentence: a kid punches a king .
Event roles: AGENT=winner; VERB=punch; PATIENT=woman
Sentence: the",Sentence: the,first_noun,-7.349465370178223,-4.771960258483887,2.577505111694336,passive,1.0
1460,role_labeled,passive,passive,a king is punched by a kid .,a winner punches a woman .,a woman is punched by a winner .,a,winner,a,woman,punch,punches,punched,"[""AGENT=winner"", ""VERB=punch"", ""PATIENT=woman""]","Prime sentence: a king is punched by a kid .
Event roles: AGENT=winner; VERB=punch; PATIENT=woman
Sentence: the",Sentence: the,first_noun,-7.099763870239258,-4.913646697998047,2.186117172241211,passive,1.0
1460,role_labeled,no_prime_eos,no_prime_eos,,a winner punches a woman .,a woman is punched by a winner .,a,winner,a,woman,punch,punches,punched,"[""AGENT=winner"", ""VERB=punch"", ""PATIENT=woman""]","Event roles: AGENT=winner; VERB=punch; PATIENT=woman
Sentence: the",Sentence: the,first_noun,-3.6475863456726074,-3.26462459564209,0.3829617500305176,passive,1.0
1460,role_labeled,filler,filler,The tourist wandered through the plaza .,a winner punches a woman .,a woman is punched by a winner .,a,winner,a,woman,punch,punches,punched,"[""AGENT=winner"", ""VERB=punch"", ""PATIENT=woman""]","Prime sentence: The tourist wandered through the plaza .
Event roles: AGENT=winner; VERB=punch; PATIENT=woman
Sentence: the",Sentence: the,first_noun,-8.155271530151367,-2.824219226837158,5.331052303314209,passive,1.0
1461,role_labeled,active,active,an adult forgets an attorney .,a man forgets a manager .,a manager is forgotten by a man .,a,man,a,manager,forget,forgets,forgotten,"[""AGENT=man"", ""PATIENT=manager"", ""VERB=forget""]","Prime sentence: an adult forgets an attorney .
Event roles: AGENT=man; PATIENT=manager; VERB=forget
Sentence: the",Sentence: the,first_noun,-3.9298243522644043,-4.067442417144775,-0.1376180648803711,active,0.0
1461,role_labeled,passive,passive,an attorney is forgotten by an adult .,a man forgets a manager .,a manager is forgotten by a man .,a,man,a,manager,forget,forgets,forgotten,"[""AGENT=man"", ""PATIENT=manager"", ""VERB=forget""]","Prime sentence: an attorney is forgotten by an adult .
Event roles: AGENT=man; PATIENT=manager; VERB=forget
Sentence: the",Sentence: the,first_noun,-4.193787574768066,-5.1885786056518555,-0.9947910308837891,active,0.0
1461,role_labeled,no_prime_eos,no_prime_eos,,a man forgets a manager .,a manager is forgotten by a man .,a,man,a,manager,forget,forgets,forgotten,"[""AGENT=man"", ""PATIENT=manager"", ""VERB=forget""]","Event roles: AGENT=man; PATIENT=manager; VERB=forget
Sentence: the",Sentence: the,first_noun,-3.3448033332824707,-4.236940860748291,-0.8921375274658203,active,0.0
1461,role_labeled,filler,filler,The sculpture stood in the hallway .,a man forgets a manager .,a manager is forgotten by a man .,a,man,a,manager,forget,forgets,forgotten,"[""AGENT=man"", ""PATIENT=manager"", ""VERB=forget""]","Prime sentence: The sculpture stood in the hallway .
Event roles: AGENT=man; PATIENT=manager; VERB=forget
Sentence: the",Sentence: the,first_noun,-4.069741249084473,-5.129239082336426,-1.0594978332519531,active,0.0
1462,role_labeled,active,active,a guy strikes a hero .,a teacher strikes an uncle .,an uncle is struck by a teacher .,a,teacher,an,uncle,strik,strikes,struck,"[""VERB=strik"", ""AGENT=teacher"", ""PATIENT=uncle""]","Prime sentence: a guy strikes a hero .
Event roles: VERB=strik; AGENT=teacher; PATIENT=uncle
Sentence: the",Sentence: the,first_noun,-4.035159111022949,-7.5716423988342285,-3.5364832878112793,active,0.0
1462,role_labeled,passive,passive,a hero is struck by a guy .,a teacher strikes an uncle .,an uncle is struck by a teacher .,a,teacher,an,uncle,strik,strikes,struck,"[""VERB=strik"", ""AGENT=teacher"", ""PATIENT=uncle""]","Prime sentence: a hero is struck by a guy .
Event roles: VERB=strik; AGENT=teacher; PATIENT=uncle
Sentence: the",Sentence: the,first_noun,-3.933682680130005,-7.358585834503174,-3.424903154373169,active,0.0
1462,role_labeled,no_prime_eos,no_prime_eos,,a teacher strikes an uncle .,an uncle is struck by a teacher .,a,teacher,an,uncle,strik,strikes,struck,"[""VERB=strik"", ""AGENT=teacher"", ""PATIENT=uncle""]","Event roles: VERB=strik; AGENT=teacher; PATIENT=uncle
Sentence: the",Sentence: the,first_noun,-3.3288872241973877,-7.710126876831055,-4.381239652633667,active,0.0
1462,role_labeled,filler,filler,The jacket hung behind the chair .,a teacher strikes an uncle .,an uncle is struck by a teacher .,a,teacher,an,uncle,strik,strikes,struck,"[""VERB=strik"", ""AGENT=teacher"", ""PATIENT=uncle""]","Prime sentence: The jacket hung behind the chair .
Event roles: VERB=strik; AGENT=teacher; PATIENT=uncle
Sentence: the",Sentence: the,first_noun,-3.9129068851470947,-7.016319274902344,-3.103412389755249,active,0.0
1463,role_labeled,active,active,a king bothers a lady .,a woman bothers a worker .,a worker is bothered by a woman .,a,woman,a,worker,bother,bothers,bothered,"[""VERB=bother"", ""AGENT=woman"", ""PATIENT=worker""]","Prime sentence: a king bothers a lady .
Event roles: VERB=bother; AGENT=woman; PATIENT=worker
Sentence: the",Sentence: the,first_noun,-3.6864185333251953,-6.736117839813232,-3.049699306488037,active,0.0
1463,role_labeled,passive,passive,a lady is bothered by a king .,a woman bothers a worker .,a worker is bothered by a woman .,a,woman,a,worker,bother,bothers,bothered,"[""VERB=bother"", ""AGENT=woman"", ""PATIENT=worker""]","Prime sentence: a lady is bothered by a king .
Event roles: VERB=bother; AGENT=woman; PATIENT=worker
Sentence: the",Sentence: the,first_noun,-3.674623489379883,-6.769123554229736,-3.0945000648498535,active,0.0
1463,role_labeled,no_prime_eos,no_prime_eos,,a woman bothers a worker .,a worker is bothered by a woman .,a,woman,a,worker,bother,bothers,bothered,"[""VERB=bother"", ""AGENT=woman"", ""PATIENT=worker""]","Event roles: VERB=bother; AGENT=woman; PATIENT=worker
Sentence: the",Sentence: the,first_noun,-2.851512908935547,-5.199499130249023,-2.3479862213134766,active,0.0
1463,role_labeled,filler,filler,The blanket dried on the line .,a woman bothers a worker .,a worker is bothered by a woman .,a,woman,a,worker,bother,bothers,bothered,"[""VERB=bother"", ""AGENT=woman"", ""PATIENT=worker""]","Prime sentence: The blanket dried on the line .
Event roles: VERB=bother; AGENT=woman; PATIENT=worker
Sentence: the",Sentence: the,first_noun,-3.9251317977905273,-6.04254150390625,-2.1174097061157227,active,0.0
1464,role_labeled,active,active,an attorney beats an aunt .,a manager beats a mayor .,a mayor is beaten by a manager .,a,manager,a,mayor,beat,beats,beaten,"[""PATIENT=mayor"", ""AGENT=manager"", ""VERB=beat""]","Prime sentence: an attorney beats an aunt .
Event roles: PATIENT=mayor; AGENT=manager; VERB=beat
Sentence: the",Sentence: the,first_noun,-5.412453651428223,-2.8586971759796143,2.5537564754486084,passive,1.0
1464,role_labeled,passive,passive,an aunt is beaten by an attorney .,a manager beats a mayor .,a mayor is beaten by a manager .,a,manager,a,mayor,beat,beats,beaten,"[""PATIENT=mayor"", ""AGENT=manager"", ""VERB=beat""]","Prime sentence: an aunt is beaten by an attorney .
Event roles: PATIENT=mayor; AGENT=manager; VERB=beat
Sentence: the",Sentence: the,first_noun,-5.308454990386963,-2.663670539855957,2.644784450531006,passive,1.0
1464,role_labeled,no_prime_eos,no_prime_eos,,a manager beats a mayor .,a mayor is beaten by a manager .,a,manager,a,mayor,beat,beats,beaten,"[""PATIENT=mayor"", ""AGENT=manager"", ""VERB=beat""]","Event roles: PATIENT=mayor; AGENT=manager; VERB=beat
Sentence: the",Sentence: the,first_noun,-4.989175796508789,-3.5045299530029297,1.4846458435058594,passive,1.0
1464,role_labeled,filler,filler,The kettle whistled in the kitchen .,a manager beats a mayor .,a mayor is beaten by a manager .,a,manager,a,mayor,beat,beats,beaten,"[""PATIENT=mayor"", ""AGENT=manager"", ""VERB=beat""]","Prime sentence: The kettle whistled in the kitchen .
Event roles: PATIENT=mayor; AGENT=manager; VERB=beat
Sentence: the",Sentence: the,first_noun,-6.090963363647461,-4.169974327087402,1.9209890365600586,passive,1.0
1465,role_labeled,active,active,a captain destroys a champion .,a physician destroys a pilot .,a pilot is destroyed by a physician .,a,physician,a,pilot,destroy,destroys,destroyed,"[""VERB=destroy"", ""PATIENT=pilot"", ""AGENT=physician""]","Prime sentence: a captain destroys a champion .
Event roles: VERB=destroy; PATIENT=pilot; AGENT=physician
Sentence: the",Sentence: the,first_noun,-6.4338483810424805,-4.526311874389648,1.907536506652832,passive,1.0
1465,role_labeled,passive,passive,a champion is destroyed by a captain .,a physician destroys a pilot .,a pilot is destroyed by a physician .,a,physician,a,pilot,destroy,destroys,destroyed,"[""VERB=destroy"", ""PATIENT=pilot"", ""AGENT=physician""]","Prime sentence: a champion is destroyed by a captain .
Event roles: VERB=destroy; PATIENT=pilot; AGENT=physician
Sentence: the",Sentence: the,first_noun,-6.470351219177246,-5.103240013122559,1.3671112060546875,passive,1.0
1465,role_labeled,no_prime_eos,no_prime_eos,,a physician destroys a pilot .,a pilot is destroyed by a physician .,a,physician,a,pilot,destroy,destroys,destroyed,"[""VERB=destroy"", ""PATIENT=pilot"", ""AGENT=physician""]","Event roles: VERB=destroy; PATIENT=pilot; AGENT=physician
Sentence: the",Sentence: the,first_noun,-4.700768947601318,-3.3881664276123047,1.3126025199890137,passive,1.0
1465,role_labeled,filler,filler,The captain waited beside the harbor .,a physician destroys a pilot .,a pilot is destroyed by a physician .,a,physician,a,pilot,destroy,destroys,destroyed,"[""VERB=destroy"", ""PATIENT=pilot"", ""AGENT=physician""]","Prime sentence: The captain waited beside the harbor .
Event roles: VERB=destroy; PATIENT=pilot; AGENT=physician
Sentence: the",Sentence: the,first_noun,-6.035207271575928,-3.957326889038086,2.077880382537842,passive,1.0
1466,role_labeled,active,active,a candidate bothers a captain .,a partner bothers a physician .,a physician is bothered by a partner .,a,partner,a,physician,bother,bothers,bothered,"[""VERB=bother"", ""PATIENT=physician"", ""AGENT=partner""]","Prime sentence: a candidate bothers a captain .
Event roles: VERB=bother; PATIENT=physician; AGENT=partner
Sentence: the",Sentence: the,first_noun,-7.475590705871582,-5.808080673217773,1.6675100326538086,passive,1.0
1466,role_labeled,passive,passive,a captain is bothered by a candidate .,a partner bothers a physician .,a physician is bothered by a partner .,a,partner,a,physician,bother,bothers,bothered,"[""VERB=bother"", ""PATIENT=physician"", ""AGENT=partner""]","Prime sentence: a captain is bothered by a candidate .
Event roles: VERB=bother; PATIENT=physician; AGENT=partner
Sentence: the",Sentence: the,first_noun,-7.256897926330566,-6.078934669494629,1.1779632568359375,passive,1.0
1466,role_labeled,no_prime_eos,no_prime_eos,,a partner bothers a physician .,a physician is bothered by a partner .,a,partner,a,physician,bother,bothers,bothered,"[""VERB=bother"", ""PATIENT=physician"", ""AGENT=partner""]","Event roles: VERB=bother; PATIENT=physician; AGENT=partner
Sentence: the",Sentence: the,first_noun,-6.850351810455322,-3.916649103164673,2.9337027072906494,passive,1.0
1466,role_labeled,filler,filler,The traveler rested beside the river .,a partner bothers a physician .,a physician is bothered by a partner .,a,partner,a,physician,bother,bothers,bothered,"[""VERB=bother"", ""PATIENT=physician"", ""AGENT=partner""]","Prime sentence: The traveler rested beside the river .
Event roles: VERB=bother; PATIENT=physician; AGENT=partner
Sentence: the",Sentence: the,first_noun,-8.355315208435059,-5.063284873962402,3.2920303344726562,passive,1.0
1467,role_labeled,active,active,a mayor chases a minister .,an attorney chases an aunt .,an aunt is chased by an attorney .,an,attorney,an,aunt,chas,chases,chased,"[""AGENT=attorney"", ""VERB=chas"", ""PATIENT=aunt""]","Prime sentence: a mayor chases a minister .
Event roles: AGENT=attorney; VERB=chas; PATIENT=aunt
Sentence: the",Sentence: the,first_noun,-5.516465187072754,-8.064811706542969,-2.548346519470215,active,0.0
1467,role_labeled,passive,passive,a minister is chased by a mayor .,an attorney chases an aunt .,an aunt is chased by an attorney .,an,attorney,an,aunt,chas,chases,chased,"[""AGENT=attorney"", ""VERB=chas"", ""PATIENT=aunt""]","Prime sentence: a minister is chased by a mayor .
Event roles: AGENT=attorney; VERB=chas; PATIENT=aunt
Sentence: the",Sentence: the,first_noun,-5.392037391662598,-8.558342933654785,-3.1663055419921875,active,0.0
1467,role_labeled,no_prime_eos,no_prime_eos,,an attorney chases an aunt .,an aunt is chased by an attorney .,an,attorney,an,aunt,chas,chases,chased,"[""AGENT=attorney"", ""VERB=chas"", ""PATIENT=aunt""]","Event roles: AGENT=attorney; VERB=chas; PATIENT=aunt
Sentence: the",Sentence: the,first_noun,-5.185771942138672,-9.149443626403809,-3.9636716842651367,active,0.0
1467,role_labeled,filler,filler,The jacket hung behind the chair .,an attorney chases an aunt .,an aunt is chased by an attorney .,an,attorney,an,aunt,chas,chases,chased,"[""AGENT=attorney"", ""VERB=chas"", ""PATIENT=aunt""]","Prime sentence: The jacket hung behind the chair .
Event roles: AGENT=attorney; VERB=chas; PATIENT=aunt
Sentence: the",Sentence: the,first_noun,-6.072591781616211,-7.6958160400390625,-1.6232242584228516,active,0.0
1468,role_labeled,active,active,a physician describes a pilot .,a candidate describes a captain .,a captain is described by a candidate .,a,candidate,a,captain,describ,describes,described,"[""VERB=describ"", ""PATIENT=captain"", ""AGENT=candidate""]","Prime sentence: a physician describes a pilot .
Event roles: VERB=describ; PATIENT=captain; AGENT=candidate
Sentence: the",Sentence: the,first_noun,-6.132870197296143,-3.5590882301330566,2.573781967163086,passive,1.0
1468,role_labeled,passive,passive,a pilot is described by a physician .,a candidate describes a captain .,a captain is described by a candidate .,a,candidate,a,captain,describ,describes,described,"[""VERB=describ"", ""PATIENT=captain"", ""AGENT=candidate""]","Prime sentence: a pilot is described by a physician .
Event roles: VERB=describ; PATIENT=captain; AGENT=candidate
Sentence: the",Sentence: the,first_noun,-6.218053340911865,-3.6387343406677246,2.5793190002441406,passive,1.0
1468,role_labeled,no_prime_eos,no_prime_eos,,a candidate describes a captain .,a captain is described by a candidate .,a,candidate,a,captain,describ,describes,described,"[""VERB=describ"", ""PATIENT=captain"", ""AGENT=candidate""]","Event roles: VERB=describ; PATIENT=captain; AGENT=candidate
Sentence: the",Sentence: the,first_noun,-5.279911518096924,-4.252138614654541,1.0277729034423828,passive,1.0
1468,role_labeled,filler,filler,The planet shimmered above the valley .,a candidate describes a captain .,a captain is described by a candidate .,a,candidate,a,captain,describ,describes,described,"[""VERB=describ"", ""PATIENT=captain"", ""AGENT=candidate""]","Prime sentence: The planet shimmered above the valley .
Event roles: VERB=describ; PATIENT=captain; AGENT=candidate
Sentence: the",Sentence: the,first_noun,-7.750967979431152,-5.496455192565918,2.2545127868652344,passive,1.0
1469,role_labeled,active,active,a president follows a priest .,a champion follows a chief .,a chief is followed by a champion .,a,champion,a,chief,follow,follows,followed,"[""PATIENT=chief"", ""AGENT=champion"", ""VERB=follow""]","Prime sentence: a president follows a priest .
Event roles: PATIENT=chief; AGENT=champion; VERB=follow
Sentence: the",Sentence: the,first_noun,-8.186091423034668,-4.710171699523926,3.475919723510742,passive,1.0
1469,role_labeled,passive,passive,a priest is followed by a president .,a champion follows a chief .,a chief is followed by a champion .,a,champion,a,chief,follow,follows,followed,"[""PATIENT=chief"", ""AGENT=champion"", ""VERB=follow""]","Prime sentence: a priest is followed by a president .
Event roles: PATIENT=chief; AGENT=champion; VERB=follow
Sentence: the",Sentence: the,first_noun,-6.911500930786133,-4.551177024841309,2.360323905944824,passive,1.0
1469,role_labeled,no_prime_eos,no_prime_eos,,a champion follows a chief .,a chief is followed by a champion .,a,champion,a,chief,follow,follows,followed,"[""PATIENT=chief"", ""AGENT=champion"", ""VERB=follow""]","Event roles: PATIENT=chief; AGENT=champion; VERB=follow
Sentence: the",Sentence: the,first_noun,-5.272932052612305,-4.231411457061768,1.041520595550537,passive,1.0
1469,role_labeled,filler,filler,The captain waited beside the harbor .,a champion follows a chief .,a chief is followed by a champion .,a,champion,a,chief,follow,follows,followed,"[""PATIENT=chief"", ""AGENT=champion"", ""VERB=follow""]","Prime sentence: The captain waited beside the harbor .
Event roles: PATIENT=chief; AGENT=champion; VERB=follow
Sentence: the",Sentence: the,first_noun,-7.3041605949401855,-4.927513122558594,2.376647472381592,passive,1.0
1470,role_labeled,active,active,a mayor strikes a minister .,an attorney strikes an aunt .,an aunt is struck by an attorney .,an,attorney,an,aunt,strik,strikes,struck,"[""VERB=strik"", ""PATIENT=aunt"", ""AGENT=attorney""]","Prime sentence: a mayor strikes a minister .
Event roles: VERB=strik; PATIENT=aunt; AGENT=attorney
Sentence: the",Sentence: the,first_noun,-6.512762069702148,-8.412944793701172,-1.9001827239990234,active,0.0
1470,role_labeled,passive,passive,a minister is struck by a mayor .,an attorney strikes an aunt .,an aunt is struck by an attorney .,an,attorney,an,aunt,strik,strikes,struck,"[""VERB=strik"", ""PATIENT=aunt"", ""AGENT=attorney""]","Prime sentence: a minister is struck by a mayor .
Event roles: VERB=strik; PATIENT=aunt; AGENT=attorney
Sentence: the",Sentence: the,first_noun,-6.517162322998047,-8.835464477539062,-2.3183021545410156,active,0.0
1470,role_labeled,no_prime_eos,no_prime_eos,,an attorney strikes an aunt .,an aunt is struck by an attorney .,an,attorney,an,aunt,strik,strikes,struck,"[""VERB=strik"", ""PATIENT=aunt"", ""AGENT=attorney""]","Event roles: VERB=strik; PATIENT=aunt; AGENT=attorney
Sentence: the",Sentence: the,first_noun,-6.577214241027832,-10.358682632446289,-3.781468391418457,active,0.0
1470,role_labeled,filler,filler,The blanket dried on the line .,an attorney strikes an aunt .,an aunt is struck by an attorney .,an,attorney,an,aunt,strik,strikes,struck,"[""VERB=strik"", ""PATIENT=aunt"", ""AGENT=attorney""]","Prime sentence: The blanket dried on the line .
Event roles: VERB=strik; PATIENT=aunt; AGENT=attorney
Sentence: the",Sentence: the,first_noun,-6.955636501312256,-9.082536697387695,-2.1269001960754395,active,0.0
1471,role_labeled,active,active,a father hurries a friend .,a singer hurries a soldier .,a soldier is hurried by a singer .,a,singer,a,soldier,hurry,hurries,hurried,"[""AGENT=singer"", ""PATIENT=soldier"", ""VERB=hurry""]","Prime sentence: a father hurries a friend .
Event roles: AGENT=singer; PATIENT=soldier; VERB=hurry
Sentence: the",Sentence: the,first_noun,-6.157694339752197,-3.4020352363586426,2.7556591033935547,passive,1.0
1471,role_labeled,passive,passive,a friend is hurried by a father .,a singer hurries a soldier .,a soldier is hurried by a singer .,a,singer,a,soldier,hurry,hurries,hurried,"[""AGENT=singer"", ""PATIENT=soldier"", ""VERB=hurry""]","Prime sentence: a friend is hurried by a father .
Event roles: AGENT=singer; PATIENT=soldier; VERB=hurry
Sentence: the",Sentence: the,first_noun,-6.421402931213379,-3.664862871170044,2.756540060043335,passive,1.0
1471,role_labeled,no_prime_eos,no_prime_eos,,a singer hurries a soldier .,a soldier is hurried by a singer .,a,singer,a,soldier,hurry,hurries,hurried,"[""AGENT=singer"", ""PATIENT=soldier"", ""VERB=hurry""]","Event roles: AGENT=singer; PATIENT=soldier; VERB=hurry
Sentence: the",Sentence: the,first_noun,-4.662731170654297,-4.167102336883545,0.49562883377075195,passive,1.0
1471,role_labeled,filler,filler,The planet shimmered above the valley .,a singer hurries a soldier .,a soldier is hurried by a singer .,a,singer,a,soldier,hurry,hurries,hurried,"[""AGENT=singer"", ""PATIENT=soldier"", ""VERB=hurry""]","Prime sentence: The planet shimmered above the valley .
Event roles: AGENT=singer; PATIENT=soldier; VERB=hurry
Sentence: the",Sentence: the,first_noun,-6.7595062255859375,-4.789139270782471,1.9703669548034668,passive,1.0
1472,role_labeled,active,active,an actor protects an actress .,a lawyer protects a leader .,a leader is protected by a lawyer .,a,lawyer,a,leader,protect,protects,protected,"[""PATIENT=leader"", ""VERB=protect"", ""AGENT=lawyer""]","Prime sentence: an actor protects an actress .
Event roles: PATIENT=leader; VERB=protect; AGENT=lawyer
Sentence: the",Sentence: the,first_noun,-5.515439033508301,-4.715396881103516,0.8000421524047852,passive,1.0
1472,role_labeled,passive,passive,an actress is protected by an actor .,a lawyer protects a leader .,a leader is protected by a lawyer .,a,lawyer,a,leader,protect,protects,protected,"[""PATIENT=leader"", ""VERB=protect"", ""AGENT=lawyer""]","Prime sentence: an actress is protected by an actor .
Event roles: PATIENT=leader; VERB=protect; AGENT=lawyer
Sentence: the",Sentence: the,first_noun,-5.301365375518799,-4.504491806030273,0.7968735694885254,passive,1.0
1472,role_labeled,no_prime_eos,no_prime_eos,,a lawyer protects a leader .,a leader is protected by a lawyer .,a,lawyer,a,leader,protect,protects,protected,"[""PATIENT=leader"", ""VERB=protect"", ""AGENT=lawyer""]","Event roles: PATIENT=leader; VERB=protect; AGENT=lawyer
Sentence: the",Sentence: the,first_noun,-5.957152366638184,-4.365057468414307,1.592094898223877,passive,1.0
1472,role_labeled,filler,filler,The blanket dried on the line .,a lawyer protects a leader .,a leader is protected by a lawyer .,a,lawyer,a,leader,protect,protects,protected,"[""PATIENT=leader"", ""VERB=protect"", ""AGENT=lawyer""]","Prime sentence: The blanket dried on the line .
Event roles: PATIENT=leader; VERB=protect; AGENT=lawyer
Sentence: the",Sentence: the,first_noun,-5.417109966278076,-6.940934658050537,-1.523824691772461,active,0.0
1473,role_labeled,active,active,an uncle drags a wife .,a guy drags a hero .,a hero is dragged by a guy .,a,guy,a,hero,drag,drags,dragged,"[""PATIENT=hero"", ""VERB=drag"", ""AGENT=guy""]","Prime sentence: an uncle drags a wife .
Event roles: PATIENT=hero; VERB=drag; AGENT=guy
Sentence: the",Sentence: the,first_noun,-3.926234722137451,-4.1914873123168945,-0.26525259017944336,active,0.0
1473,role_labeled,passive,passive,a wife is dragged by an uncle .,a guy drags a hero .,a hero is dragged by a guy .,a,guy,a,hero,drag,drags,dragged,"[""PATIENT=hero"", ""VERB=drag"", ""AGENT=guy""]","Prime sentence: a wife is dragged by an uncle .
Event roles: PATIENT=hero; VERB=drag; AGENT=guy
Sentence: the",Sentence: the,first_noun,-4.4786696434021,-4.368492126464844,0.11017751693725586,passive,1.0
1473,role_labeled,no_prime_eos,no_prime_eos,,a guy drags a hero .,a hero is dragged by a guy .,a,guy,a,hero,drag,drags,dragged,"[""PATIENT=hero"", ""VERB=drag"", ""AGENT=guy""]","Event roles: PATIENT=hero; VERB=drag; AGENT=guy
Sentence: the",Sentence: the,first_noun,-4.541038990020752,-3.003396987915039,1.537642002105713,passive,1.0
1473,role_labeled,filler,filler,The signal flickered across the screen .,a guy drags a hero .,a hero is dragged by a guy .,a,guy,a,hero,drag,drags,dragged,"[""PATIENT=hero"", ""VERB=drag"", ""AGENT=guy""]","Prime sentence: The signal flickered across the screen .
Event roles: PATIENT=hero; VERB=drag; AGENT=guy
Sentence: the",Sentence: the,first_noun,-5.02853536605835,-4.199066638946533,0.8294687271118164,passive,1.0
1474,role_labeled,active,active,a father describes a friend .,a singer describes a soldier .,a soldier is described by a singer .,a,singer,a,soldier,describ,describes,described,"[""VERB=describ"", ""PATIENT=soldier"", ""AGENT=singer""]","Prime sentence: a father describes a friend .
Event roles: VERB=describ; PATIENT=soldier; AGENT=singer
Sentence: the",Sentence: the,first_noun,-6.1086344718933105,-4.003366470336914,2.1052680015563965,passive,1.0
1474,role_labeled,passive,passive,a friend is described by a father .,a singer describes a soldier .,a soldier is described by a singer .,a,singer,a,soldier,describ,describes,described,"[""VERB=describ"", ""PATIENT=soldier"", ""AGENT=singer""]","Prime sentence: a friend is described by a father .
Event roles: VERB=describ; PATIENT=soldier; AGENT=singer
Sentence: the",Sentence: the,first_noun,-5.610240936279297,-3.4255452156066895,2.1846957206726074,passive,1.0
1474,role_labeled,no_prime_eos,no_prime_eos,,a singer describes a soldier .,a soldier is described by a singer .,a,singer,a,soldier,describ,describes,described,"[""VERB=describ"", ""PATIENT=soldier"", ""AGENT=singer""]","Event roles: VERB=describ; PATIENT=soldier; AGENT=singer
Sentence: the",Sentence: the,first_noun,-5.453694820404053,-4.177462100982666,1.2762327194213867,passive,1.0
1474,role_labeled,filler,filler,The painter waited near the doorway .,a singer describes a soldier .,a soldier is described by a singer .,a,singer,a,soldier,describ,describes,described,"[""VERB=describ"", ""PATIENT=soldier"", ""AGENT=singer""]","Prime sentence: The painter waited near the doorway .
Event roles: VERB=describ; PATIENT=soldier; AGENT=singer
Sentence: the",Sentence: the,first_noun,-4.9429473876953125,-2.970402717590332,1.9725446701049805,passive,1.0
1475,role_labeled,active,active,a wife discovers a winner .,a hero discovers a husband .,a husband is discovered by a hero .,a,hero,a,husband,discover,discovers,discovered,"[""PATIENT=husband"", ""AGENT=hero"", ""VERB=discover""]","Prime sentence: a wife discovers a winner .
Event roles: PATIENT=husband; AGENT=hero; VERB=discover
Sentence: the",Sentence: the,first_noun,-4.474094390869141,-2.87777042388916,1.5963239669799805,passive,1.0
1475,role_labeled,passive,passive,a winner is discovered by a wife .,a hero discovers a husband .,a husband is discovered by a hero .,a,hero,a,husband,discover,discovers,discovered,"[""PATIENT=husband"", ""AGENT=hero"", ""VERB=discover""]","Prime sentence: a winner is discovered by a wife .
Event roles: PATIENT=husband; AGENT=hero; VERB=discover
Sentence: the",Sentence: the,first_noun,-4.301424980163574,-2.7611701488494873,1.540254831314087,passive,1.0
1475,role_labeled,no_prime_eos,no_prime_eos,,a hero discovers a husband .,a husband is discovered by a hero .,a,hero,a,husband,discover,discovers,discovered,"[""PATIENT=husband"", ""AGENT=hero"", ""VERB=discover""]","Event roles: PATIENT=husband; AGENT=hero; VERB=discover
Sentence: the",Sentence: the,first_noun,-3.0531442165374756,-4.331936359405518,-1.278792142868042,active,0.0
1475,role_labeled,filler,filler,The traveler rested beside the river .,a hero discovers a husband .,a husband is discovered by a hero .,a,hero,a,husband,discover,discovers,discovered,"[""PATIENT=husband"", ""AGENT=hero"", ""VERB=discover""]","Prime sentence: The traveler rested beside the river .
Event roles: PATIENT=husband; AGENT=hero; VERB=discover
Sentence: the",Sentence: the,first_noun,-5.595099449157715,-5.11698055267334,0.478118896484375,passive,1.0
1476,role_labeled,active,active,a parent chases a partner .,a brother chases a buddy .,a buddy is chased by a brother .,a,brother,a,buddy,chas,chases,chased,"[""AGENT=brother"", ""VERB=chas"", ""PATIENT=buddy""]","Prime sentence: a parent chases a partner .
Event roles: AGENT=brother; VERB=chas; PATIENT=buddy
Sentence: the",Sentence: the,first_noun,-4.759136199951172,-8.451863288879395,-3.6927270889282227,active,0.0
1476,role_labeled,passive,passive,a partner is chased by a parent .,a brother chases a buddy .,a buddy is chased by a brother .,a,brother,a,buddy,chas,chases,chased,"[""AGENT=brother"", ""VERB=chas"", ""PATIENT=buddy""]","Prime sentence: a partner is chased by a parent .
Event roles: AGENT=brother; VERB=chas; PATIENT=buddy
Sentence: the",Sentence: the,first_noun,-4.556528091430664,-8.106120109558105,-3.5495920181274414,active,0.0
1476,role_labeled,no_prime_eos,no_prime_eos,,a brother chases a buddy .,a buddy is chased by a brother .,a,brother,a,buddy,chas,chases,chased,"[""AGENT=brother"", ""VERB=chas"", ""PATIENT=buddy""]","Event roles: AGENT=brother; VERB=chas; PATIENT=buddy
Sentence: the",Sentence: the,first_noun,-4.37999153137207,-8.41946792602539,-4.03947639465332,active,0.0
1476,role_labeled,filler,filler,The captain waited beside the harbor .,a brother chases a buddy .,a buddy is chased by a brother .,a,brother,a,buddy,chas,chases,chased,"[""AGENT=brother"", ""VERB=chas"", ""PATIENT=buddy""]","Prime sentence: The captain waited beside the harbor .
Event roles: AGENT=brother; VERB=chas; PATIENT=buddy
Sentence: the",Sentence: the,first_noun,-6.633272171020508,-9.527934074401855,-2.8946619033813477,active,0.0
1477,role_labeled,active,active,a captain raises a champion .,a physician raises a pilot .,a pilot is raised by a physician .,a,physician,a,pilot,rais,raises,raised,"[""PATIENT=pilot"", ""AGENT=physician"", ""VERB=rais""]","Prime sentence: a captain raises a champion .
Event roles: PATIENT=pilot; AGENT=physician; VERB=rais
Sentence: the",Sentence: the,first_noun,-5.613019943237305,-3.871408700942993,1.7416112422943115,passive,1.0
1477,role_labeled,passive,passive,a champion is raised by a captain .,a physician raises a pilot .,a pilot is raised by a physician .,a,physician,a,pilot,rais,raises,raised,"[""PATIENT=pilot"", ""AGENT=physician"", ""VERB=rais""]","Prime sentence: a champion is raised by a captain .
Event roles: PATIENT=pilot; AGENT=physician; VERB=rais
Sentence: the",Sentence: the,first_noun,-5.777252197265625,-4.5191850662231445,1.2580671310424805,passive,1.0
1477,role_labeled,no_prime_eos,no_prime_eos,,a physician raises a pilot .,a pilot is raised by a physician .,a,physician,a,pilot,rais,raises,raised,"[""PATIENT=pilot"", ""AGENT=physician"", ""VERB=rais""]","Event roles: PATIENT=pilot; AGENT=physician; VERB=rais
Sentence: the",Sentence: the,first_noun,-4.673543930053711,-3.4345922470092773,1.2389516830444336,passive,1.0
1477,role_labeled,filler,filler,The signal flickered across the screen .,a physician raises a pilot .,a pilot is raised by a physician .,a,physician,a,pilot,rais,raises,raised,"[""PATIENT=pilot"", ""AGENT=physician"", ""VERB=rais""]","Prime sentence: The signal flickered across the screen .
Event roles: PATIENT=pilot; AGENT=physician; VERB=rais
Sentence: the",Sentence: the,first_noun,-5.24362850189209,-3.0681915283203125,2.1754369735717773,passive,1.0
1478,role_labeled,active,active,a buddy hurts a candidate .,a parent hurts a partner .,a partner is hurt by a parent .,a,parent,a,partner,hurt,hurts,hurt,"[""VERB=hurt"", ""PATIENT=partner"", ""AGENT=parent""]","Prime sentence: a buddy hurts a candidate .
Event roles: VERB=hurt; PATIENT=partner; AGENT=parent
Sentence: the",Sentence: the,first_noun,-5.8452606201171875,-5.442165374755859,0.4030952453613281,passive,1.0
1478,role_labeled,passive,passive,a candidate is hurt by a buddy .,a parent hurts a partner .,a partner is hurt by a parent .,a,parent,a,partner,hurt,hurts,hurt,"[""VERB=hurt"", ""PATIENT=partner"", ""AGENT=parent""]","Prime sentence: a candidate is hurt by a buddy .
Event roles: VERB=hurt; PATIENT=partner; AGENT=parent
Sentence: the",Sentence: the,first_noun,-5.389154434204102,-4.985381126403809,0.40377330780029297,passive,1.0
1478,role_labeled,no_prime_eos,no_prime_eos,,a parent hurts a partner .,a partner is hurt by a parent .,a,parent,a,partner,hurt,hurts,hurt,"[""VERB=hurt"", ""PATIENT=partner"", ""AGENT=parent""]","Event roles: VERB=hurt; PATIENT=partner; AGENT=parent
Sentence: the",Sentence: the,first_noun,-4.999026775360107,-6.233770370483398,-1.234743595123291,active,0.0
1478,role_labeled,filler,filler,The signal flickered across the screen .,a parent hurts a partner .,a partner is hurt by a parent .,a,parent,a,partner,hurt,hurts,hurt,"[""VERB=hurt"", ""PATIENT=partner"", ""AGENT=parent""]","Prime sentence: The signal flickered across the screen .
Event roles: VERB=hurt; PATIENT=partner; AGENT=parent
Sentence: the",Sentence: the,first_noun,-6.337212562561035,-7.496417999267578,-1.159205436706543,active,0.0
1479,role_labeled,active,active,an opponent kills a parent .,a boy kills a brother .,a brother is killed by a boy .,a,boy,a,brother,kill,kills,killed,"[""VERB=kill"", ""PATIENT=brother"", ""AGENT=boy""]","Prime sentence: an opponent kills a parent .
Event roles: VERB=kill; PATIENT=brother; AGENT=boy
Sentence: the",Sentence: the,first_noun,-3.079000473022461,-4.041094779968262,-0.9620943069458008,active,0.0
1479,role_labeled,passive,passive,a parent is killed by an opponent .,a boy kills a brother .,a brother is killed by a boy .,a,boy,a,brother,kill,kills,killed,"[""VERB=kill"", ""PATIENT=brother"", ""AGENT=boy""]","Prime sentence: a parent is killed by an opponent .
Event roles: VERB=kill; PATIENT=brother; AGENT=boy
Sentence: the",Sentence: the,first_noun,-3.0105104446411133,-4.852713108062744,-1.8422026634216309,active,0.0
1479,role_labeled,no_prime_eos,no_prime_eos,,a boy kills a brother .,a brother is killed by a boy .,a,boy,a,brother,kill,kills,killed,"[""VERB=kill"", ""PATIENT=brother"", ""AGENT=boy""]","Event roles: VERB=kill; PATIENT=brother; AGENT=boy
Sentence: the",Sentence: the,first_noun,-3.6501107215881348,-5.4957756996154785,-1.8456649780273438,active,0.0
1479,role_labeled,filler,filler,The market opened after sunrise .,a boy kills a brother .,a brother is killed by a boy .,a,boy,a,brother,kill,kills,killed,"[""VERB=kill"", ""PATIENT=brother"", ""AGENT=boy""]","Prime sentence: The market opened after sunrise .
Event roles: VERB=kill; PATIENT=brother; AGENT=boy
Sentence: the",Sentence: the,first_noun,-5.032332420349121,-7.5818281173706055,-2.5494956970214844,active,0.0
1480,role_labeled,active,active,a winner drags a woman .,a husband drags a kid .,a kid is dragged by a husband .,a,husband,a,kid,drag,drags,dragged,"[""AGENT=husband"", ""PATIENT=kid"", ""VERB=drag""]","Prime sentence: a winner drags a woman .
Event roles: AGENT=husband; PATIENT=kid; VERB=drag
Sentence: the",Sentence: the,first_noun,-3.0095605850219727,-5.6459174156188965,-2.636356830596924,active,0.0
1480,role_labeled,passive,passive,a woman is dragged by a winner .,a husband drags a kid .,a kid is dragged by a husband .,a,husband,a,kid,drag,drags,dragged,"[""AGENT=husband"", ""PATIENT=kid"", ""VERB=drag""]","Prime sentence: a woman is dragged by a winner .
Event roles: AGENT=husband; PATIENT=kid; VERB=drag
Sentence: the",Sentence: the,first_noun,-3.2926459312438965,-5.667572498321533,-2.3749265670776367,active,0.0
1480,role_labeled,no_prime_eos,no_prime_eos,,a husband drags a kid .,a kid is dragged by a husband .,a,husband,a,kid,drag,drags,dragged,"[""AGENT=husband"", ""PATIENT=kid"", ""VERB=drag""]","Event roles: AGENT=husband; PATIENT=kid; VERB=drag
Sentence: the",Sentence: the,first_noun,-3.772742748260498,-5.409871578216553,-1.6371288299560547,active,0.0
1480,role_labeled,filler,filler,The witness paused near the doorway .,a husband drags a kid .,a kid is dragged by a husband .,a,husband,a,kid,drag,drags,dragged,"[""AGENT=husband"", ""PATIENT=kid"", ""VERB=drag""]","Prime sentence: The witness paused near the doorway .
Event roles: AGENT=husband; PATIENT=kid; VERB=drag
Sentence: the",Sentence: the,first_noun,-3.818307399749756,-4.57418155670166,-0.7558741569519043,active,0.0
1481,role_labeled,active,active,a leader raises a man .,an actor raises an actress .,an actress is raised by an actor .,an,actor,an,actress,rais,raises,raised,"[""PATIENT=actress"", ""AGENT=actor"", ""VERB=rais""]","Prime sentence: a leader raises a man .
Event roles: PATIENT=actress; AGENT=actor; VERB=rais
Sentence: the",Sentence: the,first_noun,-4.82765007019043,-6.509855270385742,-1.6822052001953125,active,0.0
1481,role_labeled,passive,passive,a man is raised by a leader .,an actor raises an actress .,an actress is raised by an actor .,an,actor,an,actress,rais,raises,raised,"[""PATIENT=actress"", ""AGENT=actor"", ""VERB=rais""]","Prime sentence: a man is raised by a leader .
Event roles: PATIENT=actress; AGENT=actor; VERB=rais
Sentence: the",Sentence: the,first_noun,-5.0724616050720215,-6.934324264526367,-1.8618626594543457,active,0.0
1481,role_labeled,no_prime_eos,no_prime_eos,,an actor raises an actress .,an actress is raised by an actor .,an,actor,an,actress,rais,raises,raised,"[""PATIENT=actress"", ""AGENT=actor"", ""VERB=rais""]","Event roles: PATIENT=actress; AGENT=actor; VERB=rais
Sentence: the",Sentence: the,first_noun,-4.642023086547852,-6.234277725219727,-1.592254638671875,active,0.0
1481,role_labeled,filler,filler,The kettle whistled in the kitchen .,an actor raises an actress .,an actress is raised by an actor .,an,actor,an,actress,rais,raises,raised,"[""PATIENT=actress"", ""AGENT=actor"", ""VERB=rais""]","Prime sentence: The kettle whistled in the kitchen .
Event roles: PATIENT=actress; AGENT=actor; VERB=rais
Sentence: the",Sentence: the,first_noun,-7.433951377868652,-8.293509483337402,-0.85955810546875,active,0.0
1482,role_labeled,active,active,a singer embraces a soldier .,an employer embraces a father .,a father is embraced by an employer .,an,employer,a,father,embrac,embraces,embraced,"[""AGENT=employer"", ""PATIENT=father"", ""VERB=embrac""]","Prime sentence: a singer embraces a soldier .
Event roles: AGENT=employer; PATIENT=father; VERB=embrac
Sentence: the",Sentence: the,first_noun,-7.307045936584473,-4.65614128112793,2.650904655456543,passive,1.0
1482,role_labeled,passive,passive,a soldier is embraced by a singer .,an employer embraces a father .,a father is embraced by an employer .,an,employer,a,father,embrac,embraces,embraced,"[""AGENT=employer"", ""PATIENT=father"", ""VERB=embrac""]","Prime sentence: a soldier is embraced by a singer .
Event roles: AGENT=employer; PATIENT=father; VERB=embrac
Sentence: the",Sentence: the,first_noun,-7.025218963623047,-4.759437561035156,2.2657814025878906,passive,1.0
1482,role_labeled,no_prime_eos,no_prime_eos,,an employer embraces a father .,a father is embraced by an employer .,an,employer,a,father,embrac,embraces,embraced,"[""AGENT=employer"", ""PATIENT=father"", ""VERB=embrac""]","Event roles: AGENT=employer; PATIENT=father; VERB=embrac
Sentence: the",Sentence: the,first_noun,-5.2749528884887695,-4.35318660736084,0.9217662811279297,passive,1.0
1482,role_labeled,filler,filler,The painter waited near the doorway .,an employer embraces a father .,a father is embraced by an employer .,an,employer,a,father,embrac,embraces,embraced,"[""AGENT=employer"", ""PATIENT=father"", ""VERB=embrac""]","Prime sentence: The painter waited near the doorway .
Event roles: AGENT=employer; PATIENT=father; VERB=embrac
Sentence: the",Sentence: the,first_noun,-6.2384233474731445,-3.952495813369751,2.2859275341033936,passive,1.0
1483,role_labeled,active,active,a man forgets a manager .,an actress forgets an adult .,an adult is forgotten by an actress .,an,actress,an,adult,forget,forgets,forgotten,"[""AGENT=actress"", ""PATIENT=adult"", ""VERB=forget""]","Prime sentence: a man forgets a manager .
Event roles: AGENT=actress; PATIENT=adult; VERB=forget
Sentence: the",Sentence: the,first_noun,-6.5718488693237305,-7.5160231590271,-0.9441742897033691,active,0.0
1483,role_labeled,passive,passive,a manager is forgotten by a man .,an actress forgets an adult .,an adult is forgotten by an actress .,an,actress,an,adult,forget,forgets,forgotten,"[""AGENT=actress"", ""PATIENT=adult"", ""VERB=forget""]","Prime sentence: a manager is forgotten by a man .
Event roles: AGENT=actress; PATIENT=adult; VERB=forget
Sentence: the",Sentence: the,first_noun,-6.871777057647705,-7.4934000968933105,-0.6216230392456055,active,0.0
1483,role_labeled,no_prime_eos,no_prime_eos,,an actress forgets an adult .,an adult is forgotten by an actress .,an,actress,an,adult,forget,forgets,forgotten,"[""AGENT=actress"", ""PATIENT=adult"", ""VERB=forget""]","Event roles: AGENT=actress; PATIENT=adult; VERB=forget
Sentence: the",Sentence: the,first_noun,-6.555719375610352,-5.7599406242370605,0.795778751373291,passive,1.0
1483,role_labeled,filler,filler,The traveler rested beside the river .,an actress forgets an adult .,an adult is forgotten by an actress .,an,actress,an,adult,forget,forgets,forgotten,"[""AGENT=actress"", ""PATIENT=adult"", ""VERB=forget""]","Prime sentence: The traveler rested beside the river .
Event roles: AGENT=actress; PATIENT=adult; VERB=forget
Sentence: the",Sentence: the,first_noun,-7.0275983810424805,-7.195161819458008,-0.16756343841552734,active,0.0
1484,role_labeled,active,active,a brother destroys a buddy .,an opponent destroys a parent .,a parent is destroyed by an opponent .,an,opponent,a,parent,destroy,destroys,destroyed,"[""PATIENT=parent"", ""VERB=destroy"", ""AGENT=opponent""]","Prime sentence: a brother destroys a buddy .
Event roles: PATIENT=parent; VERB=destroy; AGENT=opponent
Sentence: the",Sentence: the,first_noun,-6.811203956604004,-5.29307746887207,1.5181264877319336,passive,1.0
1484,role_labeled,passive,passive,a buddy is destroyed by a brother .,an opponent destroys a parent .,a parent is destroyed by an opponent .,an,opponent,a,parent,destroy,destroys,destroyed,"[""PATIENT=parent"", ""VERB=destroy"", ""AGENT=opponent""]","Prime sentence: a buddy is destroyed by a brother .
Event roles: PATIENT=parent; VERB=destroy; AGENT=opponent
Sentence: the",Sentence: the,first_noun,-6.443171501159668,-5.167954444885254,1.275217056274414,passive,1.0
1484,role_labeled,no_prime_eos,no_prime_eos,,an opponent destroys a parent .,a parent is destroyed by an opponent .,an,opponent,a,parent,destroy,destroys,destroyed,"[""PATIENT=parent"", ""VERB=destroy"", ""AGENT=opponent""]","Event roles: PATIENT=parent; VERB=destroy; AGENT=opponent
Sentence: the",Sentence: the,first_noun,-4.911255359649658,-4.847082614898682,0.06417274475097656,passive,1.0
1484,role_labeled,filler,filler,The radio crackled in the attic .,an opponent destroys a parent .,a parent is destroyed by an opponent .,an,opponent,a,parent,destroy,destroys,destroyed,"[""PATIENT=parent"", ""VERB=destroy"", ""AGENT=opponent""]","Prime sentence: The radio crackled in the attic .
Event roles: PATIENT=parent; VERB=destroy; AGENT=opponent
Sentence: the",Sentence: the,first_noun,-9.180655479431152,-7.678793430328369,1.5018620491027832,passive,1.0
1485,role_labeled,active,active,a lawyer kisses a leader .,a writer kisses an actor .,an actor is kissed by a writer .,a,writer,an,actor,kiss,kisses,kissed,"[""VERB=kiss"", ""PATIENT=actor"", ""AGENT=writer""]","Prime sentence: a lawyer kisses a leader .
Event roles: VERB=kiss; PATIENT=actor; AGENT=writer
Sentence: the",Sentence: the,first_noun,-5.588583946228027,-4.3599443435668945,1.2286396026611328,passive,1.0
1485,role_labeled,passive,passive,a leader is kissed by a lawyer .,a writer kisses an actor .,an actor is kissed by a writer .,a,writer,an,actor,kiss,kisses,kissed,"[""VERB=kiss"", ""PATIENT=actor"", ""AGENT=writer""]","Prime sentence: a leader is kissed by a lawyer .
Event roles: VERB=kiss; PATIENT=actor; AGENT=writer
Sentence: the",Sentence: the,first_noun,-6.182002067565918,-4.686562538146973,1.4954395294189453,passive,1.0
1485,role_labeled,no_prime_eos,no_prime_eos,,a writer kisses an actor .,an actor is kissed by a writer .,a,writer,an,actor,kiss,kisses,kissed,"[""VERB=kiss"", ""PATIENT=actor"", ""AGENT=writer""]","Event roles: VERB=kiss; PATIENT=actor; AGENT=writer
Sentence: the",Sentence: the,first_noun,-5.423213958740234,-4.740007400512695,0.6832065582275391,passive,1.0
1485,role_labeled,filler,filler,The violin echoed in the theater .,a writer kisses an actor .,an actor is kissed by a writer .,a,writer,an,actor,kiss,kisses,kissed,"[""VERB=kiss"", ""PATIENT=actor"", ""AGENT=writer""]","Prime sentence: The violin echoed in the theater .
Event roles: VERB=kiss; PATIENT=actor; AGENT=writer
Sentence: the",Sentence: the,first_noun,-7.51044225692749,-5.6015543937683105,1.9088878631591797,passive,1.0
1486,role_labeled,active,active,a scientist carries a secretary .,a daughter carries a doctor .,a doctor is carried by a daughter .,a,daughter,a,doctor,carry,carries,carried,"[""PATIENT=doctor"", ""VERB=carry"", ""AGENT=daughter""]","Prime sentence: a scientist carries a secretary .
Event roles: PATIENT=doctor; VERB=carry; AGENT=daughter
Sentence: the",Sentence: the,first_noun,-5.578376293182373,-2.186408042907715,3.391968250274658,passive,1.0
1486,role_labeled,passive,passive,a secretary is carried by a scientist .,a daughter carries a doctor .,a doctor is carried by a daughter .,a,daughter,a,doctor,carry,carries,carried,"[""PATIENT=doctor"", ""VERB=carry"", ""AGENT=daughter""]","Prime sentence: a secretary is carried by a scientist .
Event roles: PATIENT=doctor; VERB=carry; AGENT=daughter
Sentence: the",Sentence: the,first_noun,-5.801887512207031,-2.6965572834014893,3.105330228805542,passive,1.0
1486,role_labeled,no_prime_eos,no_prime_eos,,a daughter carries a doctor .,a doctor is carried by a daughter .,a,daughter,a,doctor,carry,carries,carried,"[""PATIENT=doctor"", ""VERB=carry"", ""AGENT=daughter""]","Event roles: PATIENT=doctor; VERB=carry; AGENT=daughter
Sentence: the",Sentence: the,first_noun,-5.060050964355469,-2.9434902667999268,2.116560697555542,passive,1.0
1486,role_labeled,filler,filler,The captain waited beside the harbor .,a daughter carries a doctor .,a doctor is carried by a daughter .,a,daughter,a,doctor,carry,carries,carried,"[""PATIENT=doctor"", ""VERB=carry"", ""AGENT=daughter""]","Prime sentence: The captain waited beside the harbor .
Event roles: PATIENT=doctor; VERB=carry; AGENT=daughter
Sentence: the",Sentence: the,first_noun,-5.874032974243164,-3.5379390716552734,2.3360939025878906,passive,1.0
1487,role_labeled,active,active,a cop forgets a cousin .,a princess forgets a professor .,a professor is forgotten by a princess .,a,princess,a,professor,forget,forgets,forgotten,"[""AGENT=princess"", ""VERB=forget"", ""PATIENT=professor""]","Prime sentence: a cop forgets a cousin .
Event roles: AGENT=princess; VERB=forget; PATIENT=professor
Sentence: the",Sentence: the,first_noun,-5.42846155166626,-4.365970611572266,1.0624909400939941,passive,1.0
1487,role_labeled,passive,passive,a cousin is forgotten by a cop .,a princess forgets a professor .,a professor is forgotten by a princess .,a,princess,a,professor,forget,forgets,forgotten,"[""AGENT=princess"", ""VERB=forget"", ""PATIENT=professor""]","Prime sentence: a cousin is forgotten by a cop .
Event roles: AGENT=princess; VERB=forget; PATIENT=professor
Sentence: the",Sentence: the,first_noun,-5.911840438842773,-4.775597095489502,1.1362433433532715,passive,1.0
1487,role_labeled,no_prime_eos,no_prime_eos,,a princess forgets a professor .,a professor is forgotten by a princess .,a,princess,a,professor,forget,forgets,forgotten,"[""AGENT=princess"", ""VERB=forget"", ""PATIENT=professor""]","Event roles: AGENT=princess; VERB=forget; PATIENT=professor
Sentence: the",Sentence: the,first_noun,-4.358710289001465,-5.093395709991455,-0.7346854209899902,active,0.0
1487,role_labeled,filler,filler,The signal flickered across the screen .,a princess forgets a professor .,a professor is forgotten by a princess .,a,princess,a,professor,forget,forgets,forgotten,"[""AGENT=princess"", ""VERB=forget"", ""PATIENT=professor""]","Prime sentence: The signal flickered across the screen .
Event roles: AGENT=princess; VERB=forget; PATIENT=professor
Sentence: the",Sentence: the,first_noun,-4.063233375549316,-5.282732963562012,-1.2194995880126953,active,0.0
1488,role_labeled,active,active,an actress kisses an adult .,a leader kisses a man .,a man is kissed by a leader .,a,leader,a,man,kiss,kisses,kissed,"[""VERB=kiss"", ""PATIENT=man"", ""AGENT=leader""]","Prime sentence: an actress kisses an adult .
Event roles: VERB=kiss; PATIENT=man; AGENT=leader
Sentence: the",Sentence: the,first_noun,-5.472921848297119,-4.009777069091797,1.4631447792053223,passive,1.0
1488,role_labeled,passive,passive,an adult is kissed by an actress .,a leader kisses a man .,a man is kissed by a leader .,a,leader,a,man,kiss,kisses,kissed,"[""VERB=kiss"", ""PATIENT=man"", ""AGENT=leader""]","Prime sentence: an adult is kissed by an actress .
Event roles: VERB=kiss; PATIENT=man; AGENT=leader
Sentence: the",Sentence: the,first_noun,-5.739712715148926,-3.863302707672119,1.8764100074768066,passive,1.0
1488,role_labeled,no_prime_eos,no_prime_eos,,a leader kisses a man .,a man is kissed by a leader .,a,leader,a,man,kiss,kisses,kissed,"[""VERB=kiss"", ""PATIENT=man"", ""AGENT=leader""]","Event roles: VERB=kiss; PATIENT=man; AGENT=leader
Sentence: the",Sentence: the,first_noun,-4.2026872634887695,-4.62899923324585,-0.4263119697570801,active,0.0
1488,role_labeled,filler,filler,The witness paused near the doorway .,a leader kisses a man .,a man is kissed by a leader .,a,leader,a,man,kiss,kisses,kissed,"[""VERB=kiss"", ""PATIENT=man"", ""AGENT=leader""]","Prime sentence: The witness paused near the doorway .
Event roles: VERB=kiss; PATIENT=man; AGENT=leader
Sentence: the",Sentence: the,first_noun,-4.463317394256592,-2.838151693344116,1.6251657009124756,passive,1.0
1489,role_labeled,active,active,a cousin catches a daughter .,a professor catches a reader .,a reader is caught by a professor .,a,professor,a,reader,catch,catches,caught,"[""AGENT=professor"", ""PATIENT=reader"", ""VERB=catch""]","Prime sentence: a cousin catches a daughter .
Event roles: AGENT=professor; PATIENT=reader; VERB=catch
Sentence: the",Sentence: the,first_noun,-3.2858660221099854,-6.409506797790527,-3.123640775680542,active,0.0
1489,role_labeled,passive,passive,a daughter is caught by a cousin .,a professor catches a reader .,a reader is caught by a professor .,a,professor,a,reader,catch,catches,caught,"[""AGENT=professor"", ""PATIENT=reader"", ""VERB=catch""]","Prime sentence: a daughter is caught by a cousin .
Event roles: AGENT=professor; PATIENT=reader; VERB=catch
Sentence: the",Sentence: the,first_noun,-3.3961684703826904,-6.167218208312988,-2.771049737930298,active,0.0
1489,role_labeled,no_prime_eos,no_prime_eos,,a professor catches a reader .,a reader is caught by a professor .,a,professor,a,reader,catch,catches,caught,"[""AGENT=professor"", ""PATIENT=reader"", ""VERB=catch""]","Event roles: AGENT=professor; PATIENT=reader; VERB=catch
Sentence: the",Sentence: the,first_noun,-3.574146270751953,-4.699522972106934,-1.1253767013549805,active,0.0
1489,role_labeled,filler,filler,The painter waited near the doorway .,a professor catches a reader .,a reader is caught by a professor .,a,professor,a,reader,catch,catches,caught,"[""AGENT=professor"", ""PATIENT=reader"", ""VERB=catch""]","Prime sentence: The painter waited near the doorway .
Event roles: AGENT=professor; PATIENT=reader; VERB=catch
Sentence: the",Sentence: the,first_noun,-3.286754608154297,-6.067409992218018,-2.7806553840637207,active,0.0
1490,role_labeled,active,active,an opponent chases a parent .,a boy chases a brother .,a brother is chased by a boy .,a,boy,a,brother,chas,chases,chased,"[""PATIENT=brother"", ""VERB=chas"", ""AGENT=boy""]","Prime sentence: an opponent chases a parent .
Event roles: PATIENT=brother; VERB=chas; AGENT=boy
Sentence: the",Sentence: the,first_noun,-2.7850537300109863,-4.555805683135986,-1.770751953125,active,0.0
1490,role_labeled,passive,passive,a parent is chased by an opponent .,a boy chases a brother .,a brother is chased by a boy .,a,boy,a,brother,chas,chases,chased,"[""PATIENT=brother"", ""VERB=chas"", ""AGENT=boy""]","Prime sentence: a parent is chased by an opponent .
Event roles: PATIENT=brother; VERB=chas; AGENT=boy
Sentence: the",Sentence: the,first_noun,-3.208085775375366,-5.36087703704834,-2.1527912616729736,active,0.0
1490,role_labeled,no_prime_eos,no_prime_eos,,a boy chases a brother .,a brother is chased by a boy .,a,boy,a,brother,chas,chases,chased,"[""PATIENT=brother"", ""VERB=chas"", ""AGENT=boy""]","Event roles: PATIENT=brother; VERB=chas; AGENT=boy
Sentence: the",Sentence: the,first_noun,-3.595712900161743,-5.176333427429199,-1.580620527267456,active,0.0
1490,role_labeled,filler,filler,The singer smiled after rehearsal .,a boy chases a brother .,a brother is chased by a boy .,a,boy,a,brother,chas,chases,chased,"[""PATIENT=brother"", ""VERB=chas"", ""AGENT=boy""]","Prime sentence: The singer smiled after rehearsal .
Event roles: PATIENT=brother; VERB=chas; AGENT=boy
Sentence: the",Sentence: the,first_noun,-3.6289751529693604,-5.9209747314453125,-2.291999578475952,active,0.0
1491,role_labeled,active,active,a buddy selects a candidate .,a parent selects a partner .,a partner is selected by a parent .,a,parent,a,partner,select,selects,selected,"[""AGENT=parent"", ""VERB=select"", ""PATIENT=partner""]","Prime sentence: a buddy selects a candidate .
Event roles: AGENT=parent; VERB=select; PATIENT=partner
Sentence: the",Sentence: the,first_noun,-3.0977184772491455,-4.411318778991699,-1.3136003017425537,active,0.0
1491,role_labeled,passive,passive,a candidate is selected by a buddy .,a parent selects a partner .,a partner is selected by a parent .,a,parent,a,partner,select,selects,selected,"[""AGENT=parent"", ""VERB=select"", ""PATIENT=partner""]","Prime sentence: a candidate is selected by a buddy .
Event roles: AGENT=parent; VERB=select; PATIENT=partner
Sentence: the",Sentence: the,first_noun,-3.848690986633301,-4.818435192108154,-0.9697442054748535,active,0.0
1491,role_labeled,no_prime_eos,no_prime_eos,,a parent selects a partner .,a partner is selected by a parent .,a,parent,a,partner,select,selects,selected,"[""AGENT=parent"", ""VERB=select"", ""PATIENT=partner""]","Event roles: AGENT=parent; VERB=select; PATIENT=partner
Sentence: the",Sentence: the,first_noun,-4.182535171508789,-6.544645309448242,-2.362110137939453,active,0.0
1491,role_labeled,filler,filler,The captain waited beside the harbor .,a parent selects a partner .,a partner is selected by a parent .,a,parent,a,partner,select,selects,selected,"[""AGENT=parent"", ""VERB=select"", ""PATIENT=partner""]","Prime sentence: The captain waited beside the harbor .
Event roles: AGENT=parent; VERB=select; PATIENT=partner
Sentence: the",Sentence: the,first_noun,-6.482613563537598,-8.072286605834961,-1.5896730422973633,active,0.0
1492,role_labeled,active,active,a soldier describes a son .,a father describes a friend .,a friend is described by a father .,a,father,a,friend,describ,describes,described,"[""PATIENT=friend"", ""AGENT=father"", ""VERB=describ""]","Prime sentence: a soldier describes a son .
Event roles: PATIENT=friend; AGENT=father; VERB=describ
Sentence: the",Sentence: the,first_noun,-3.0026237964630127,-5.228949546813965,-2.226325750350952,active,0.0
1492,role_labeled,passive,passive,a son is described by a soldier .,a father describes a friend .,a friend is described by a father .,a,father,a,friend,describ,describes,described,"[""PATIENT=friend"", ""AGENT=father"", ""VERB=describ""]","Prime sentence: a son is described by a soldier .
Event roles: PATIENT=friend; AGENT=father; VERB=describ
Sentence: the",Sentence: the,first_noun,-3.108581066131592,-5.656796455383301,-2.548215389251709,active,0.0
1492,role_labeled,no_prime_eos,no_prime_eos,,a father describes a friend .,a friend is described by a father .,a,father,a,friend,describ,describes,described,"[""PATIENT=friend"", ""AGENT=father"", ""VERB=describ""]","Event roles: PATIENT=friend; AGENT=father; VERB=describ
Sentence: the",Sentence: the,first_noun,-3.9052388668060303,-5.467201232910156,-1.561962366104126,active,0.0
1492,role_labeled,filler,filler,The pillow rested on the sofa .,a father describes a friend .,a friend is described by a father .,a,father,a,friend,describ,describes,described,"[""PATIENT=friend"", ""AGENT=father"", ""VERB=describ""]","Prime sentence: The pillow rested on the sofa .
Event roles: PATIENT=friend; AGENT=father; VERB=describ
Sentence: the",Sentence: the,first_noun,-5.350283622741699,-6.6218719482421875,-1.2715883255004883,active,0.0
1493,role_labeled,active,active,a singer helps a soldier .,an employer helps a father .,a father is helped by an employer .,an,employer,a,father,help,helps,helped,"[""AGENT=employer"", ""VERB=help"", ""PATIENT=father""]","Prime sentence: a singer helps a soldier .
Event roles: AGENT=employer; VERB=help; PATIENT=father
Sentence: the",Sentence: the,first_noun,-6.5947465896606445,-4.425610542297363,2.1691360473632812,passive,1.0
1493,role_labeled,passive,passive,a soldier is helped by a singer .,an employer helps a father .,a father is helped by an employer .,an,employer,a,father,help,helps,helped,"[""AGENT=employer"", ""VERB=help"", ""PATIENT=father""]","Prime sentence: a soldier is helped by a singer .
Event roles: AGENT=employer; VERB=help; PATIENT=father
Sentence: the",Sentence: the,first_noun,-6.3994035720825195,-4.507161617279053,1.8922419548034668,passive,1.0
1493,role_labeled,no_prime_eos,no_prime_eos,,an employer helps a father .,a father is helped by an employer .,an,employer,a,father,help,helps,helped,"[""AGENT=employer"", ""VERB=help"", ""PATIENT=father""]","Event roles: AGENT=employer; VERB=help; PATIENT=father
Sentence: the",Sentence: the,first_noun,-4.8230299949646,-4.546961307525635,0.27606868743896484,passive,1.0
1493,role_labeled,filler,filler,The violin echoed in the theater .,an employer helps a father .,a father is helped by an employer .,an,employer,a,father,help,helps,helped,"[""AGENT=employer"", ""VERB=help"", ""PATIENT=father""]","Prime sentence: The violin echoed in the theater .
Event roles: AGENT=employer; VERB=help; PATIENT=father
Sentence: the",Sentence: the,first_noun,-8.204710960388184,-5.185275077819824,3.0194358825683594,passive,1.0
1494,role_labeled,active,active,an actress joins an adult .,a leader joins a man .,a man is joined by a leader .,a,leader,a,man,join,joins,joined,"[""AGENT=leader"", ""VERB=join"", ""PATIENT=man""]","Prime sentence: an actress joins an adult .
Event roles: AGENT=leader; VERB=join; PATIENT=man
Sentence: the",Sentence: the,first_noun,-5.04964017868042,-4.7663092613220215,0.28333091735839844,passive,1.0
1494,role_labeled,passive,passive,an adult is joined by an actress .,a leader joins a man .,a man is joined by a leader .,a,leader,a,man,join,joins,joined,"[""AGENT=leader"", ""VERB=join"", ""PATIENT=man""]","Prime sentence: an adult is joined by an actress .
Event roles: AGENT=leader; VERB=join; PATIENT=man
Sentence: the",Sentence: the,first_noun,-5.216081619262695,-4.404065132141113,0.812016487121582,passive,1.0
1494,role_labeled,no_prime_eos,no_prime_eos,,a leader joins a man .,a man is joined by a leader .,a,leader,a,man,join,joins,joined,"[""AGENT=leader"", ""VERB=join"", ""PATIENT=man""]","Event roles: AGENT=leader; VERB=join; PATIENT=man
Sentence: the",Sentence: the,first_noun,-2.9272708892822266,-5.206841468811035,-2.2795705795288086,active,0.0
1494,role_labeled,filler,filler,The planet shimmered above the valley .,a leader joins a man .,a man is joined by a leader .,a,leader,a,man,join,joins,joined,"[""AGENT=leader"", ""VERB=join"", ""PATIENT=man""]","Prime sentence: The planet shimmered above the valley .
Event roles: AGENT=leader; VERB=join; PATIENT=man
Sentence: the",Sentence: the,first_noun,-5.990886688232422,-5.032050132751465,0.958836555480957,passive,1.0
1495,role_labeled,active,active,a friend chases a girl .,a soldier chases a son .,a son is chased by a soldier .,a,soldier,a,son,chas,chases,chased,"[""VERB=chas"", ""AGENT=soldier"", ""PATIENT=son""]","Prime sentence: a friend chases a girl .
Event roles: VERB=chas; AGENT=soldier; PATIENT=son
Sentence: the",Sentence: the,first_noun,-3.752286434173584,-5.171863555908203,-1.4195771217346191,active,0.0
1495,role_labeled,passive,passive,a girl is chased by a friend .,a soldier chases a son .,a son is chased by a soldier .,a,soldier,a,son,chas,chases,chased,"[""VERB=chas"", ""AGENT=soldier"", ""PATIENT=son""]","Prime sentence: a girl is chased by a friend .
Event roles: VERB=chas; AGENT=soldier; PATIENT=son
Sentence: the",Sentence: the,first_noun,-3.967200756072998,-5.364015102386475,-1.3968143463134766,active,0.0
1495,role_labeled,no_prime_eos,no_prime_eos,,a soldier chases a son .,a son is chased by a soldier .,a,soldier,a,son,chas,chases,chased,"[""VERB=chas"", ""AGENT=soldier"", ""PATIENT=son""]","Event roles: VERB=chas; AGENT=soldier; PATIENT=son
Sentence: the",Sentence: the,first_noun,-3.96707820892334,-4.670871734619141,-0.7037935256958008,active,0.0
1495,role_labeled,filler,filler,The teacher listened during assembly .,a soldier chases a son .,a son is chased by a soldier .,a,soldier,a,son,chas,chases,chased,"[""VERB=chas"", ""AGENT=soldier"", ""PATIENT=son""]","Prime sentence: The teacher listened during assembly .
Event roles: VERB=chas; AGENT=soldier; PATIENT=son
Sentence: the",Sentence: the,first_noun,-2.6909117698669434,-4.637869834899902,-1.946958065032959,active,0.0
1496,role_labeled,active,active,an employee helps an employer .,a secretary helps a sheriff .,a sheriff is helped by a secretary .,a,secretary,a,sheriff,help,helps,helped,"[""VERB=help"", ""AGENT=secretary"", ""PATIENT=sheriff""]","Prime sentence: an employee helps an employer .
Event roles: VERB=help; AGENT=secretary; PATIENT=sheriff
Sentence: the",Sentence: the,first_noun,-5.036665916442871,-4.157997131347656,0.8786687850952148,passive,1.0
1496,role_labeled,passive,passive,an employer is helped by an employee .,a secretary helps a sheriff .,a sheriff is helped by a secretary .,a,secretary,a,sheriff,help,helps,helped,"[""VERB=help"", ""AGENT=secretary"", ""PATIENT=sheriff""]","Prime sentence: an employer is helped by an employee .
Event roles: VERB=help; AGENT=secretary; PATIENT=sheriff
Sentence: the",Sentence: the,first_noun,-5.8797783851623535,-5.001148700714111,0.8786296844482422,passive,1.0
1496,role_labeled,no_prime_eos,no_prime_eos,,a secretary helps a sheriff .,a sheriff is helped by a secretary .,a,secretary,a,sheriff,help,helps,helped,"[""VERB=help"", ""AGENT=secretary"", ""PATIENT=sheriff""]","Event roles: VERB=help; AGENT=secretary; PATIENT=sheriff
Sentence: the",Sentence: the,first_noun,-5.0372514724731445,-5.43350887298584,-0.3962574005126953,active,0.0
1496,role_labeled,filler,filler,The painter waited near the doorway .,a secretary helps a sheriff .,a sheriff is helped by a secretary .,a,secretary,a,sheriff,help,helps,helped,"[""VERB=help"", ""AGENT=secretary"", ""PATIENT=sheriff""]","Prime sentence: The painter waited near the doorway .
Event roles: VERB=help; AGENT=secretary; PATIENT=sheriff
Sentence: the",Sentence: the,first_noun,-5.690159320831299,-4.718137264251709,0.9720220565795898,passive,1.0
1497,role_labeled,active,active,an author describes a bishop .,a minister describes a mother .,a mother is described by a minister .,a,minister,a,mother,describ,describes,described,"[""PATIENT=mother"", ""AGENT=minister"", ""VERB=describ""]","Prime sentence: an author describes a bishop .
Event roles: PATIENT=mother; AGENT=minister; VERB=describ
Sentence: the",Sentence: the,first_noun,-4.554391384124756,-4.093855381011963,0.46053600311279297,passive,1.0
1497,role_labeled,passive,passive,a bishop is described by an author .,a minister describes a mother .,a mother is described by a minister .,a,minister,a,mother,describ,describes,described,"[""PATIENT=mother"", ""AGENT=minister"", ""VERB=describ""]","Prime sentence: a bishop is described by an author .
Event roles: PATIENT=mother; AGENT=minister; VERB=describ
Sentence: the",Sentence: the,first_noun,-4.989593029022217,-4.156669616699219,0.832923412322998,passive,1.0
1497,role_labeled,no_prime_eos,no_prime_eos,,a minister describes a mother .,a mother is described by a minister .,a,minister,a,mother,describ,describes,described,"[""PATIENT=mother"", ""AGENT=minister"", ""VERB=describ""]","Event roles: PATIENT=mother; AGENT=minister; VERB=describ
Sentence: the",Sentence: the,first_noun,-4.471138954162598,-3.9587671756744385,0.5123717784881592,passive,1.0
1497,role_labeled,filler,filler,The singer smiled after rehearsal .,a minister describes a mother .,a mother is described by a minister .,a,minister,a,mother,describ,describes,described,"[""PATIENT=mother"", ""AGENT=minister"", ""VERB=describ""]","Prime sentence: The singer smiled after rehearsal .
Event roles: PATIENT=mother; AGENT=minister; VERB=describ
Sentence: the",Sentence: the,first_noun,-5.022684097290039,-4.455763816833496,0.566920280456543,passive,1.0
1498,role_labeled,active,active,a winner punches a woman .,a husband punches a kid .,a kid is punched by a husband .,a,husband,a,kid,punch,punches,punched,"[""AGENT=husband"", ""VERB=punch"", ""PATIENT=kid""]","Prime sentence: a winner punches a woman .
Event roles: AGENT=husband; VERB=punch; PATIENT=kid
Sentence: the",Sentence: the,first_noun,-3.4117650985717773,-5.2790632247924805,-1.8672981262207031,active,0.0
1498,role_labeled,passive,passive,a woman is punched by a winner .,a husband punches a kid .,a kid is punched by a husband .,a,husband,a,kid,punch,punches,punched,"[""AGENT=husband"", ""VERB=punch"", ""PATIENT=kid""]","Prime sentence: a woman is punched by a winner .
Event roles: AGENT=husband; VERB=punch; PATIENT=kid
Sentence: the",Sentence: the,first_noun,-2.838318347930908,-5.152307510375977,-2.3139891624450684,active,0.0
1498,role_labeled,no_prime_eos,no_prime_eos,,a husband punches a kid .,a kid is punched by a husband .,a,husband,a,kid,punch,punches,punched,"[""AGENT=husband"", ""VERB=punch"", ""PATIENT=kid""]","Event roles: AGENT=husband; VERB=punch; PATIENT=kid
Sentence: the",Sentence: the,first_noun,-3.5919816493988037,-5.271267890930176,-1.679286241531372,active,0.0
1498,role_labeled,filler,filler,The blanket dried on the line .,a husband punches a kid .,a kid is punched by a husband .,a,husband,a,kid,punch,punches,punched,"[""AGENT=husband"", ""VERB=punch"", ""PATIENT=kid""]","Prime sentence: The blanket dried on the line .
Event roles: AGENT=husband; VERB=punch; PATIENT=kid
Sentence: the",Sentence: the,first_noun,-5.347239017486572,-5.062602996826172,0.2846360206604004,passive,1.0
1499,role_labeled,active,active,a mother punches a nurse .,an author punches a bishop .,a bishop is punched by an author .,an,author,a,bishop,punch,punches,punched,"[""PATIENT=bishop"", ""AGENT=author"", ""VERB=punch""]","Prime sentence: a mother punches a nurse .
Event roles: PATIENT=bishop; AGENT=author; VERB=punch
Sentence: the",Sentence: the,first_noun,-5.933350563049316,-3.999685764312744,1.9336647987365723,passive,1.0
1499,role_labeled,passive,passive,a nurse is punched by a mother .,an author punches a bishop .,a bishop is punched by an author .,an,author,a,bishop,punch,punches,punched,"[""PATIENT=bishop"", ""AGENT=author"", ""VERB=punch""]","Prime sentence: a nurse is punched by a mother .
Event roles: PATIENT=bishop; AGENT=author; VERB=punch
Sentence: the",Sentence: the,first_noun,-5.005097389221191,-3.732390880584717,1.2727065086364746,passive,1.0
1499,role_labeled,no_prime_eos,no_prime_eos,,an author punches a bishop .,a bishop is punched by an author .,an,author,a,bishop,punch,punches,punched,"[""PATIENT=bishop"", ""AGENT=author"", ""VERB=punch""]","Event roles: PATIENT=bishop; AGENT=author; VERB=punch
Sentence: the",Sentence: the,first_noun,-4.458187580108643,-4.357236862182617,0.10095071792602539,passive,1.0
1499,role_labeled,filler,filler,The teacher listened during assembly .,an author punches a bishop .,a bishop is punched by an author .,an,author,a,bishop,punch,punches,punched,"[""PATIENT=bishop"", ""AGENT=author"", ""VERB=punch""]","Prime sentence: The teacher listened during assembly .
Event roles: PATIENT=bishop; AGENT=author; VERB=punch
Sentence: the",Sentence: the,first_noun,-5.117252826690674,-3.043196678161621,2.0740561485290527,passive,1.0
1500,role_labeled,active,active,a guest drags a guy .,a student drags a teacher .,a teacher is dragged by a student .,a,student,a,teacher,drag,drags,dragged,"[""AGENT=student"", ""VERB=drag"", ""PATIENT=teacher""]","Prime sentence: a guest drags a guy .
Event roles: AGENT=student; VERB=drag; PATIENT=teacher
Sentence: the",Sentence: the,first_noun,-2.011262893676758,-3.140998363494873,-1.1297354698181152,active,0.0
1500,role_labeled,passive,passive,a guy is dragged by a guest .,a student drags a teacher .,a teacher is dragged by a student .,a,student,a,teacher,drag,drags,dragged,"[""AGENT=student"", ""VERB=drag"", ""PATIENT=teacher""]","Prime sentence: a guy is dragged by a guest .
Event roles: AGENT=student; VERB=drag; PATIENT=teacher
Sentence: the",Sentence: the,first_noun,-2.2912673950195312,-2.7033395767211914,-0.41207218170166016,active,0.0
1500,role_labeled,no_prime_eos,no_prime_eos,,a student drags a teacher .,a teacher is dragged by a student .,a,student,a,teacher,drag,drags,dragged,"[""AGENT=student"", ""VERB=drag"", ""PATIENT=teacher""]","Event roles: AGENT=student; VERB=drag; PATIENT=teacher
Sentence: the",Sentence: the,first_noun,-2.4034414291381836,-3.420441150665283,-1.0169997215270996,active,0.0
1500,role_labeled,filler,filler,The signal flickered across the screen .,a student drags a teacher .,a teacher is dragged by a student .,a,student,a,teacher,drag,drags,dragged,"[""AGENT=student"", ""VERB=drag"", ""PATIENT=teacher""]","Prime sentence: The signal flickered across the screen .
Event roles: AGENT=student; VERB=drag; PATIENT=teacher
Sentence: the",Sentence: the,first_noun,-2.658301591873169,-3.133303165435791,-0.47500157356262207,active,0.0
1501,role_labeled,active,active,an actor selects an actress .,a lawyer selects a leader .,a leader is selected by a lawyer .,a,lawyer,a,leader,select,selects,selected,"[""PATIENT=leader"", ""AGENT=lawyer"", ""VERB=select""]","Prime sentence: an actor selects an actress .
Event roles: PATIENT=leader; AGENT=lawyer; VERB=select
Sentence: the",Sentence: the,first_noun,-5.6778154373168945,-4.432313442230225,1.24550199508667,passive,1.0
1501,role_labeled,passive,passive,an actress is selected by an actor .,a lawyer selects a leader .,a leader is selected by a lawyer .,a,lawyer,a,leader,select,selects,selected,"[""PATIENT=leader"", ""AGENT=lawyer"", ""VERB=select""]","Prime sentence: an actress is selected by an actor .
Event roles: PATIENT=leader; AGENT=lawyer; VERB=select
Sentence: the",Sentence: the,first_noun,-5.126885890960693,-4.448077201843262,0.6788086891174316,passive,1.0
1501,role_labeled,no_prime_eos,no_prime_eos,,a lawyer selects a leader .,a leader is selected by a lawyer .,a,lawyer,a,leader,select,selects,selected,"[""PATIENT=leader"", ""AGENT=lawyer"", ""VERB=select""]","Event roles: PATIENT=leader; AGENT=lawyer; VERB=select
Sentence: the",Sentence: the,first_noun,-5.457804203033447,-4.862452507019043,0.5953516960144043,passive,1.0
1501,role_labeled,filler,filler,The notebook stayed on the shelf .,a lawyer selects a leader .,a leader is selected by a lawyer .,a,lawyer,a,leader,select,selects,selected,"[""PATIENT=leader"", ""AGENT=lawyer"", ""VERB=select""]","Prime sentence: The notebook stayed on the shelf .
Event roles: PATIENT=leader; AGENT=lawyer; VERB=select
Sentence: the",Sentence: the,first_noun,-4.949656009674072,-6.319302558898926,-1.3696465492248535,active,0.0
1502,role_labeled,active,active,a secretary kisses a sheriff .,a doctor kisses an employee .,an employee is kissed by a doctor .,a,doctor,an,employee,kiss,kisses,kissed,"[""AGENT=doctor"", ""VERB=kiss"", ""PATIENT=employee""]","Prime sentence: a secretary kisses a sheriff .
Event roles: AGENT=doctor; VERB=kiss; PATIENT=employee
Sentence: the",Sentence: the,first_noun,-3.1083414554595947,-5.670296669006348,-2.561955213546753,active,0.0
1502,role_labeled,passive,passive,a sheriff is kissed by a secretary .,a doctor kisses an employee .,an employee is kissed by a doctor .,a,doctor,an,employee,kiss,kisses,kissed,"[""AGENT=doctor"", ""VERB=kiss"", ""PATIENT=employee""]","Prime sentence: a sheriff is kissed by a secretary .
Event roles: AGENT=doctor; VERB=kiss; PATIENT=employee
Sentence: the",Sentence: the,first_noun,-3.3012197017669678,-5.615938186645508,-2.31471848487854,active,0.0
1502,role_labeled,no_prime_eos,no_prime_eos,,a doctor kisses an employee .,an employee is kissed by a doctor .,a,doctor,an,employee,kiss,kisses,kissed,"[""AGENT=doctor"", ""VERB=kiss"", ""PATIENT=employee""]","Event roles: AGENT=doctor; VERB=kiss; PATIENT=employee
Sentence: the",Sentence: the,first_noun,-2.576618194580078,-5.358293056488037,-2.781674861907959,active,0.0
1502,role_labeled,filler,filler,The singer smiled after rehearsal .,a doctor kisses an employee .,an employee is kissed by a doctor .,a,doctor,an,employee,kiss,kisses,kissed,"[""AGENT=doctor"", ""VERB=kiss"", ""PATIENT=employee""]","Prime sentence: The singer smiled after rehearsal .
Event roles: AGENT=doctor; VERB=kiss; PATIENT=employee
Sentence: the",Sentence: the,first_noun,-3.1019372940063477,-5.656642436981201,-2.5547051429748535,active,0.0
1503,role_labeled,active,active,a champion surprises a chief .,a pilot surprises a president .,a president is surprised by a pilot .,a,pilot,a,president,surpris,surprises,surprised,"[""VERB=surpris"", ""AGENT=pilot"", ""PATIENT=president""]","Prime sentence: a champion surprises a chief .
Event roles: VERB=surpris; AGENT=pilot; PATIENT=president
Sentence: the",Sentence: the,first_noun,-4.867094993591309,-3.791069746017456,1.0760252475738525,passive,1.0
1503,role_labeled,passive,passive,a chief is surprised by a champion .,a pilot surprises a president .,a president is surprised by a pilot .,a,pilot,a,president,surpris,surprises,surprised,"[""VERB=surpris"", ""AGENT=pilot"", ""PATIENT=president""]","Prime sentence: a chief is surprised by a champion .
Event roles: VERB=surpris; AGENT=pilot; PATIENT=president
Sentence: the",Sentence: the,first_noun,-4.724930763244629,-3.867647647857666,0.8572831153869629,passive,1.0
1503,role_labeled,no_prime_eos,no_prime_eos,,a pilot surprises a president .,a president is surprised by a pilot .,a,pilot,a,president,surpris,surprises,surprised,"[""VERB=surpris"", ""AGENT=pilot"", ""PATIENT=president""]","Event roles: VERB=surpris; AGENT=pilot; PATIENT=president
Sentence: the",Sentence: the,first_noun,-3.4089338779449463,-3.982924699783325,-0.5739908218383789,active,0.0
1503,role_labeled,filler,filler,The witness paused near the doorway .,a pilot surprises a president .,a president is surprised by a pilot .,a,pilot,a,president,surpris,surprises,surprised,"[""VERB=surpris"", ""AGENT=pilot"", ""PATIENT=president""]","Prime sentence: The witness paused near the doorway .
Event roles: VERB=surpris; AGENT=pilot; PATIENT=president
Sentence: the",Sentence: the,first_noun,-2.9743690490722656,-4.224649906158447,-1.2502808570861816,active,0.0
1504,role_labeled,active,active,a scientist kisses a secretary .,a daughter kisses a doctor .,a doctor is kissed by a daughter .,a,daughter,a,doctor,kiss,kisses,kissed,"[""VERB=kiss"", ""PATIENT=doctor"", ""AGENT=daughter""]","Prime sentence: a scientist kisses a secretary .
Event roles: VERB=kiss; PATIENT=doctor; AGENT=daughter
Sentence: the",Sentence: the,first_noun,-5.921333312988281,-2.9434945583343506,2.9778387546539307,passive,1.0
1504,role_labeled,passive,passive,a secretary is kissed by a scientist .,a daughter kisses a doctor .,a doctor is kissed by a daughter .,a,daughter,a,doctor,kiss,kisses,kissed,"[""VERB=kiss"", ""PATIENT=doctor"", ""AGENT=daughter""]","Prime sentence: a secretary is kissed by a scientist .
Event roles: VERB=kiss; PATIENT=doctor; AGENT=daughter
Sentence: the",Sentence: the,first_noun,-5.938676834106445,-2.932072877883911,3.006603956222534,passive,1.0
1504,role_labeled,no_prime_eos,no_prime_eos,,a daughter kisses a doctor .,a doctor is kissed by a daughter .,a,daughter,a,doctor,kiss,kisses,kissed,"[""VERB=kiss"", ""PATIENT=doctor"", ""AGENT=daughter""]","Event roles: VERB=kiss; PATIENT=doctor; AGENT=daughter
Sentence: the",Sentence: the,first_noun,-5.38134765625,-3.8861160278320312,1.4952316284179688,passive,1.0
1504,role_labeled,filler,filler,The notebook stayed on the shelf .,a daughter kisses a doctor .,a doctor is kissed by a daughter .,a,daughter,a,doctor,kiss,kisses,kissed,"[""VERB=kiss"", ""PATIENT=doctor"", ""AGENT=daughter""]","Prime sentence: The notebook stayed on the shelf .
Event roles: VERB=kiss; PATIENT=doctor; AGENT=daughter
Sentence: the",Sentence: the,first_noun,-6.308957099914551,-3.3569350242614746,2.952022075653076,passive,1.0
1505,role_labeled,active,active,a son embraces a student .,a friend embraces a girl .,a girl is embraced by a friend .,a,friend,a,girl,embrac,embraces,embraced,"[""AGENT=friend"", ""VERB=embrac"", ""PATIENT=girl""]","Prime sentence: a son embraces a student .
Event roles: AGENT=friend; VERB=embrac; PATIENT=girl
Sentence: the",Sentence: the,first_noun,-5.423715591430664,-3.6362791061401367,1.7874364852905273,passive,1.0
1505,role_labeled,passive,passive,a student is embraced by a son .,a friend embraces a girl .,a girl is embraced by a friend .,a,friend,a,girl,embrac,embraces,embraced,"[""AGENT=friend"", ""VERB=embrac"", ""PATIENT=girl""]","Prime sentence: a student is embraced by a son .
Event roles: AGENT=friend; VERB=embrac; PATIENT=girl
Sentence: the",Sentence: the,first_noun,-5.256864070892334,-3.5940332412719727,1.6628308296203613,passive,1.0
1505,role_labeled,no_prime_eos,no_prime_eos,,a friend embraces a girl .,a girl is embraced by a friend .,a,friend,a,girl,embrac,embraces,embraced,"[""AGENT=friend"", ""VERB=embrac"", ""PATIENT=girl""]","Event roles: AGENT=friend; VERB=embrac; PATIENT=girl
Sentence: the",Sentence: the,first_noun,-4.707664489746094,-2.810232162475586,1.8974323272705078,passive,1.0
1505,role_labeled,filler,filler,The notebook stayed on the shelf .,a friend embraces a girl .,a girl is embraced by a friend .,a,friend,a,girl,embrac,embraces,embraced,"[""AGENT=friend"", ""VERB=embrac"", ""PATIENT=girl""]","Prime sentence: The notebook stayed on the shelf .
Event roles: AGENT=friend; VERB=embrac; PATIENT=girl
Sentence: the",Sentence: the,first_noun,-5.526459217071533,-3.5410680770874023,1.9853911399841309,passive,1.0
1506,role_labeled,active,active,a leader helps a man .,an actor helps an actress .,an actress is helped by an actor .,an,actor,an,actress,help,helps,helped,"[""AGENT=actor"", ""PATIENT=actress"", ""VERB=help""]","Prime sentence: a leader helps a man .
Event roles: AGENT=actor; PATIENT=actress; VERB=help
Sentence: the",Sentence: the,first_noun,-5.1276092529296875,-7.426885604858398,-2.299276351928711,active,0.0
1506,role_labeled,passive,passive,a man is helped by a leader .,an actor helps an actress .,an actress is helped by an actor .,an,actor,an,actress,help,helps,helped,"[""AGENT=actor"", ""PATIENT=actress"", ""VERB=help""]","Prime sentence: a man is helped by a leader .
Event roles: AGENT=actor; PATIENT=actress; VERB=help
Sentence: the",Sentence: the,first_noun,-4.950170516967773,-7.314837455749512,-2.3646669387817383,active,0.0
1506,role_labeled,no_prime_eos,no_prime_eos,,an actor helps an actress .,an actress is helped by an actor .,an,actor,an,actress,help,helps,helped,"[""AGENT=actor"", ""PATIENT=actress"", ""VERB=help""]","Event roles: AGENT=actor; PATIENT=actress; VERB=help
Sentence: the",Sentence: the,first_noun,-4.009042739868164,-6.507027626037598,-2.4979848861694336,active,0.0
1506,role_labeled,filler,filler,The blanket dried on the line .,an actor helps an actress .,an actress is helped by an actor .,an,actor,an,actress,help,helps,helped,"[""AGENT=actor"", ""PATIENT=actress"", ""VERB=help""]","Prime sentence: The blanket dried on the line .
Event roles: AGENT=actor; PATIENT=actress; VERB=help
Sentence: the",Sentence: the,first_noun,-6.421962738037109,-7.944980621337891,-1.5230178833007812,active,0.0
1507,role_labeled,active,active,a brother surprises a buddy .,an opponent surprises a parent .,a parent is surprised by an opponent .,an,opponent,a,parent,surpris,surprises,surprised,"[""AGENT=opponent"", ""VERB=surpris"", ""PATIENT=parent""]","Prime sentence: a brother surprises a buddy .
Event roles: AGENT=opponent; VERB=surpris; PATIENT=parent
Sentence: the",Sentence: the,first_noun,-7.745072364807129,-6.327652931213379,1.41741943359375,passive,1.0
1507,role_labeled,passive,passive,a buddy is surprised by a brother .,an opponent surprises a parent .,a parent is surprised by an opponent .,an,opponent,a,parent,surpris,surprises,surprised,"[""AGENT=opponent"", ""VERB=surpris"", ""PATIENT=parent""]","Prime sentence: a buddy is surprised by a brother .
Event roles: AGENT=opponent; VERB=surpris; PATIENT=parent
Sentence: the",Sentence: the,first_noun,-7.172321796417236,-6.014171600341797,1.1581501960754395,passive,1.0
1507,role_labeled,no_prime_eos,no_prime_eos,,an opponent surprises a parent .,a parent is surprised by an opponent .,an,opponent,a,parent,surpris,surprises,surprised,"[""AGENT=opponent"", ""VERB=surpris"", ""PATIENT=parent""]","Event roles: AGENT=opponent; VERB=surpris; PATIENT=parent
Sentence: the",Sentence: the,first_noun,-4.868058204650879,-5.436856746673584,-0.5687985420227051,active,0.0
1507,role_labeled,filler,filler,The notebook stayed on the shelf .,an opponent surprises a parent .,a parent is surprised by an opponent .,an,opponent,a,parent,surpris,surprises,surprised,"[""AGENT=opponent"", ""VERB=surpris"", ""PATIENT=parent""]","Prime sentence: The notebook stayed on the shelf .
Event roles: AGENT=opponent; VERB=surpris; PATIENT=parent
Sentence: the",Sentence: the,first_noun,-8.289114952087402,-6.4687957763671875,1.8203191757202148,passive,1.0
1508,role_labeled,active,active,a lady follows a lawyer .,a worker follows a writer .,a writer is followed by a worker .,a,worker,a,writer,follow,follows,followed,"[""AGENT=worker"", ""VERB=follow"", ""PATIENT=writer""]","Prime sentence: a lady follows a lawyer .
Event roles: AGENT=worker; VERB=follow; PATIENT=writer
Sentence: the",Sentence: the,first_noun,-5.366307258605957,-6.27262020111084,-0.9063129425048828,active,0.0
1508,role_labeled,passive,passive,a lawyer is followed by a lady .,a worker follows a writer .,a writer is followed by a worker .,a,worker,a,writer,follow,follows,followed,"[""AGENT=worker"", ""VERB=follow"", ""PATIENT=writer""]","Prime sentence: a lawyer is followed by a lady .
Event roles: AGENT=worker; VERB=follow; PATIENT=writer
Sentence: the",Sentence: the,first_noun,-4.877024173736572,-6.173759460449219,-1.2967352867126465,active,0.0
1508,role_labeled,no_prime_eos,no_prime_eos,,a worker follows a writer .,a writer is followed by a worker .,a,worker,a,writer,follow,follows,followed,"[""AGENT=worker"", ""VERB=follow"", ""PATIENT=writer""]","Event roles: AGENT=worker; VERB=follow; PATIENT=writer
Sentence: the",Sentence: the,first_noun,-3.789278984069824,-5.4205756187438965,-1.6312966346740723,active,0.0
1508,role_labeled,filler,filler,The radio crackled in the attic .,a worker follows a writer .,a writer is followed by a worker .,a,worker,a,writer,follow,follows,followed,"[""AGENT=worker"", ""VERB=follow"", ""PATIENT=writer""]","Prime sentence: The radio crackled in the attic .
Event roles: AGENT=worker; VERB=follow; PATIENT=writer
Sentence: the",Sentence: the,first_noun,-5.986937522888184,-7.716485500335693,-1.7295479774475098,active,0.0
1509,role_labeled,active,active,a priest destroys a prince .,a chief destroys a child .,a child is destroyed by a chief .,a,chief,a,child,destroy,destroys,destroyed,"[""PATIENT=child"", ""VERB=destroy"", ""AGENT=chief""]","Prime sentence: a priest destroys a prince .
Event roles: PATIENT=child; VERB=destroy; AGENT=chief
Sentence: the",Sentence: the,first_noun,-4.658997058868408,-3.8751935958862305,0.7838034629821777,passive,1.0
1509,role_labeled,passive,passive,a prince is destroyed by a priest .,a chief destroys a child .,a child is destroyed by a chief .,a,chief,a,child,destroy,destroys,destroyed,"[""PATIENT=child"", ""VERB=destroy"", ""AGENT=chief""]","Prime sentence: a prince is destroyed by a priest .
Event roles: PATIENT=child; VERB=destroy; AGENT=chief
Sentence: the",Sentence: the,first_noun,-5.020541191101074,-3.8521857261657715,1.1683554649353027,passive,1.0
1509,role_labeled,no_prime_eos,no_prime_eos,,a chief destroys a child .,a child is destroyed by a chief .,a,chief,a,child,destroy,destroys,destroyed,"[""PATIENT=child"", ""VERB=destroy"", ""AGENT=chief""]","Event roles: PATIENT=child; VERB=destroy; AGENT=chief
Sentence: the",Sentence: the,first_noun,-4.13273286819458,-3.090428590774536,1.042304277420044,passive,1.0
1509,role_labeled,filler,filler,The engine cooled before dawn .,a chief destroys a child .,a child is destroyed by a chief .,a,chief,a,child,destroy,destroys,destroyed,"[""PATIENT=child"", ""VERB=destroy"", ""AGENT=chief""]","Prime sentence: The engine cooled before dawn .
Event roles: PATIENT=child; VERB=destroy; AGENT=chief
Sentence: the",Sentence: the,first_noun,-5.66195011138916,-4.469272613525391,1.1926774978637695,passive,1.0
1510,role_labeled,active,active,a scientist judges a secretary .,a daughter judges a doctor .,a doctor is judged by a daughter .,a,daughter,a,doctor,judg,judges,judged,"[""VERB=judg"", ""PATIENT=doctor"", ""AGENT=daughter""]","Prime sentence: a scientist judges a secretary .
Event roles: VERB=judg; PATIENT=doctor; AGENT=daughter
Sentence: the",Sentence: the,first_noun,-5.331438064575195,-2.9758682250976562,2.355569839477539,passive,1.0
1510,role_labeled,passive,passive,a secretary is judged by a scientist .,a daughter judges a doctor .,a doctor is judged by a daughter .,a,daughter,a,doctor,judg,judges,judged,"[""VERB=judg"", ""PATIENT=doctor"", ""AGENT=daughter""]","Prime sentence: a secretary is judged by a scientist .
Event roles: VERB=judg; PATIENT=doctor; AGENT=daughter
Sentence: the",Sentence: the,first_noun,-5.987318992614746,-3.3015263080596924,2.6857926845550537,passive,1.0
1510,role_labeled,no_prime_eos,no_prime_eos,,a daughter judges a doctor .,a doctor is judged by a daughter .,a,daughter,a,doctor,judg,judges,judged,"[""VERB=judg"", ""PATIENT=doctor"", ""AGENT=daughter""]","Event roles: VERB=judg; PATIENT=doctor; AGENT=daughter
Sentence: the",Sentence: the,first_noun,-5.358138084411621,-3.858365535736084,1.499772548675537,passive,1.0
1510,role_labeled,filler,filler,The traveler rested beside the river .,a daughter judges a doctor .,a doctor is judged by a daughter .,a,daughter,a,doctor,judg,judges,judged,"[""VERB=judg"", ""PATIENT=doctor"", ""AGENT=daughter""]","Prime sentence: The traveler rested beside the river .
Event roles: VERB=judg; PATIENT=doctor; AGENT=daughter
Sentence: the",Sentence: the,first_noun,-6.401621341705322,-4.29707670211792,2.1045446395874023,passive,1.0
1511,role_labeled,active,active,a bishop forgives a boy .,a mother forgives a nurse .,a nurse is forgiven by a mother .,a,mother,a,nurse,forgiv,forgives,forgiven,"[""AGENT=mother"", ""VERB=forgiv"", ""PATIENT=nurse""]","Prime sentence: a bishop forgives a boy .
Event roles: AGENT=mother; VERB=forgiv; PATIENT=nurse
Sentence: the",Sentence: the,first_noun,-3.0754168033599854,-4.625314235687256,-1.5498974323272705,active,0.0
1511,role_labeled,passive,passive,a boy is forgiven by a bishop .,a mother forgives a nurse .,a nurse is forgiven by a mother .,a,mother,a,nurse,forgiv,forgives,forgiven,"[""AGENT=mother"", ""VERB=forgiv"", ""PATIENT=nurse""]","Prime sentence: a boy is forgiven by a bishop .
Event roles: AGENT=mother; VERB=forgiv; PATIENT=nurse
Sentence: the",Sentence: the,first_noun,-3.854790687561035,-4.900843620300293,-1.0460529327392578,active,0.0
1511,role_labeled,no_prime_eos,no_prime_eos,,a mother forgives a nurse .,a nurse is forgiven by a mother .,a,mother,a,nurse,forgiv,forgives,forgiven,"[""AGENT=mother"", ""VERB=forgiv"", ""PATIENT=nurse""]","Event roles: AGENT=mother; VERB=forgiv; PATIENT=nurse
Sentence: the",Sentence: the,first_noun,-2.8598976135253906,-3.8712282180786133,-1.0113306045532227,active,0.0
1511,role_labeled,filler,filler,The lantern glowed near sunset .,a mother forgives a nurse .,a nurse is forgiven by a mother .,a,mother,a,nurse,forgiv,forgives,forgiven,"[""AGENT=mother"", ""VERB=forgiv"", ""PATIENT=nurse""]","Prime sentence: The lantern glowed near sunset .
Event roles: AGENT=mother; VERB=forgiv; PATIENT=nurse
Sentence: the",Sentence: the,first_noun,-4.438663005828857,-5.597452640533447,-1.1587896347045898,active,0.0
1512,role_labeled,active,active,a husband follows a kid .,a wife follows a winner .,a winner is followed by a wife .,a,wife,a,winner,follow,follows,followed,"[""PATIENT=winner"", ""AGENT=wife"", ""VERB=follow""]","Prime sentence: a husband follows a kid .
Event roles: PATIENT=winner; AGENT=wife; VERB=follow
Sentence: the",Sentence: the,first_noun,-3.058039903640747,-7.565619468688965,-4.507579565048218,active,0.0
1512,role_labeled,passive,passive,a kid is followed by a husband .,a wife follows a winner .,a winner is followed by a wife .,a,wife,a,winner,follow,follows,followed,"[""PATIENT=winner"", ""AGENT=wife"", ""VERB=follow""]","Prime sentence: a kid is followed by a husband .
Event roles: PATIENT=winner; AGENT=wife; VERB=follow
Sentence: the",Sentence: the,first_noun,-3.380380153656006,-7.2055745124816895,-3.8251943588256836,active,0.0
1512,role_labeled,no_prime_eos,no_prime_eos,,a wife follows a winner .,a winner is followed by a wife .,a,wife,a,winner,follow,follows,followed,"[""PATIENT=winner"", ""AGENT=wife"", ""VERB=follow""]","Event roles: PATIENT=winner; AGENT=wife; VERB=follow
Sentence: the",Sentence: the,first_noun,-3.8170080184936523,-4.840203762054443,-1.023195743560791,active,0.0
1512,role_labeled,filler,filler,The window rattled during the storm .,a wife follows a winner .,a winner is followed by a wife .,a,wife,a,winner,follow,follows,followed,"[""PATIENT=winner"", ""AGENT=wife"", ""VERB=follow""]","Prime sentence: The window rattled during the storm .
Event roles: PATIENT=winner; AGENT=wife; VERB=follow
Sentence: the",Sentence: the,first_noun,-5.795637130737305,-8.951960563659668,-3.1563234329223633,active,0.0
1513,role_labeled,active,active,a father catches a friend .,a singer catches a soldier .,a soldier is caught by a singer .,a,singer,a,soldier,catch,catches,caught,"[""VERB=catch"", ""PATIENT=soldier"", ""AGENT=singer""]","Prime sentence: a father catches a friend .
Event roles: VERB=catch; PATIENT=soldier; AGENT=singer
Sentence: the",Sentence: the,first_noun,-5.783786296844482,-3.2251839637756348,2.5586023330688477,passive,1.0
1513,role_labeled,passive,passive,a friend is caught by a father .,a singer catches a soldier .,a soldier is caught by a singer .,a,singer,a,soldier,catch,catches,caught,"[""VERB=catch"", ""PATIENT=soldier"", ""AGENT=singer""]","Prime sentence: a friend is caught by a father .
Event roles: VERB=catch; PATIENT=soldier; AGENT=singer
Sentence: the",Sentence: the,first_noun,-5.511058330535889,-3.042971134185791,2.4680871963500977,passive,1.0
1513,role_labeled,no_prime_eos,no_prime_eos,,a singer catches a soldier .,a soldier is caught by a singer .,a,singer,a,soldier,catch,catches,caught,"[""VERB=catch"", ""PATIENT=soldier"", ""AGENT=singer""]","Event roles: VERB=catch; PATIENT=soldier; AGENT=singer
Sentence: the",Sentence: the,first_noun,-5.2620086669921875,-3.8863790035247803,1.3756296634674072,passive,1.0
1513,role_labeled,filler,filler,The witness paused near the doorway .,a singer catches a soldier .,a soldier is caught by a singer .,a,singer,a,soldier,catch,catches,caught,"[""VERB=catch"", ""PATIENT=soldier"", ""AGENT=singer""]","Prime sentence: The witness paused near the doorway .
Event roles: VERB=catch; PATIENT=soldier; AGENT=singer
Sentence: the",Sentence: the,first_noun,-4.748565673828125,-1.564385175704956,3.184180498123169,passive,1.0
1514,role_labeled,active,active,a guest raises a guy .,a student raises a teacher .,a teacher is raised by a student .,a,student,a,teacher,rais,raises,raised,"[""VERB=rais"", ""PATIENT=teacher"", ""AGENT=student""]","Prime sentence: a guest raises a guy .
Event roles: VERB=rais; PATIENT=teacher; AGENT=student
Sentence: the",Sentence: the,first_noun,-3.717848539352417,-2.8862550258636475,0.8315935134887695,passive,1.0
1514,role_labeled,passive,passive,a guy is raised by a guest .,a student raises a teacher .,a teacher is raised by a student .,a,student,a,teacher,rais,raises,raised,"[""VERB=rais"", ""PATIENT=teacher"", ""AGENT=student""]","Prime sentence: a guy is raised by a guest .
Event roles: VERB=rais; PATIENT=teacher; AGENT=student
Sentence: the",Sentence: the,first_noun,-3.7005600929260254,-3.024287223815918,0.6762728691101074,passive,1.0
1514,role_labeled,no_prime_eos,no_prime_eos,,a student raises a teacher .,a teacher is raised by a student .,a,student,a,teacher,rais,raises,raised,"[""VERB=rais"", ""PATIENT=teacher"", ""AGENT=student""]","Event roles: VERB=rais; PATIENT=teacher; AGENT=student
Sentence: the",Sentence: the,first_noun,-3.433523178100586,-2.978271007537842,0.45525217056274414,passive,1.0
1514,role_labeled,filler,filler,The witness paused near the doorway .,a student raises a teacher .,a teacher is raised by a student .,a,student,a,teacher,rais,raises,raised,"[""VERB=rais"", ""PATIENT=teacher"", ""AGENT=student""]","Prime sentence: The witness paused near the doorway .
Event roles: VERB=rais; PATIENT=teacher; AGENT=student
Sentence: the",Sentence: the,first_noun,-2.620959758758545,-2.0947928428649902,0.5261669158935547,passive,1.0
1515,role_labeled,active,active,a secretary catches a sheriff .,a doctor catches an employee .,an employee is caught by a doctor .,a,doctor,an,employee,catch,catches,caught,"[""PATIENT=employee"", ""AGENT=doctor"", ""VERB=catch""]","Prime sentence: a secretary catches a sheriff .
Event roles: PATIENT=employee; AGENT=doctor; VERB=catch
Sentence: the",Sentence: the,first_noun,-2.864729642868042,-4.65625,-1.791520357131958,active,0.0
1515,role_labeled,passive,passive,a sheriff is caught by a secretary .,a doctor catches an employee .,an employee is caught by a doctor .,a,doctor,an,employee,catch,catches,caught,"[""PATIENT=employee"", ""AGENT=doctor"", ""VERB=catch""]","Prime sentence: a sheriff is caught by a secretary .
Event roles: PATIENT=employee; AGENT=doctor; VERB=catch
Sentence: the",Sentence: the,first_noun,-2.839857578277588,-4.242672920227051,-1.402815341949463,active,0.0
1515,role_labeled,no_prime_eos,no_prime_eos,,a doctor catches an employee .,an employee is caught by a doctor .,a,doctor,an,employee,catch,catches,caught,"[""PATIENT=employee"", ""AGENT=doctor"", ""VERB=catch""]","Event roles: PATIENT=employee; AGENT=doctor; VERB=catch
Sentence: the",Sentence: the,first_noun,-2.726451873779297,-4.653907775878906,-1.9274559020996094,active,0.0
1515,role_labeled,filler,filler,The violin echoed in the theater .,a doctor catches an employee .,an employee is caught by a doctor .,a,doctor,an,employee,catch,catches,caught,"[""PATIENT=employee"", ""AGENT=doctor"", ""VERB=catch""]","Prime sentence: The violin echoed in the theater .
Event roles: PATIENT=employee; AGENT=doctor; VERB=catch
Sentence: the",Sentence: the,first_noun,-3.484442710876465,-7.097882270812988,-3.6134395599365234,active,0.0
1516,role_labeled,active,active,a husband describes a kid .,a wife describes a winner .,a winner is described by a wife .,a,wife,a,winner,describ,describes,described,"[""AGENT=wife"", ""VERB=describ"", ""PATIENT=winner""]","Prime sentence: a husband describes a kid .
Event roles: AGENT=wife; VERB=describ; PATIENT=winner
Sentence: the",Sentence: the,first_noun,-2.846120595932007,-7.393265724182129,-4.547145128250122,active,0.0
1516,role_labeled,passive,passive,a kid is described by a husband .,a wife describes a winner .,a winner is described by a wife .,a,wife,a,winner,describ,describes,described,"[""AGENT=wife"", ""VERB=describ"", ""PATIENT=winner""]","Prime sentence: a kid is described by a husband .
Event roles: AGENT=wife; VERB=describ; PATIENT=winner
Sentence: the",Sentence: the,first_noun,-2.1648612022399902,-7.104963302612305,-4.9401021003723145,active,0.0
1516,role_labeled,no_prime_eos,no_prime_eos,,a wife describes a winner .,a winner is described by a wife .,a,wife,a,winner,describ,describes,described,"[""AGENT=wife"", ""VERB=describ"", ""PATIENT=winner""]","Event roles: AGENT=wife; VERB=describ; PATIENT=winner
Sentence: the",Sentence: the,first_noun,-2.8287386894226074,-5.034969806671143,-2.206231117248535,active,0.0
1516,role_labeled,filler,filler,The tourist wandered through the plaza .,a wife describes a winner .,a winner is described by a wife .,a,wife,a,winner,describ,describes,described,"[""AGENT=wife"", ""VERB=describ"", ""PATIENT=winner""]","Prime sentence: The tourist wandered through the plaza .
Event roles: AGENT=wife; VERB=describ; PATIENT=winner
Sentence: the",Sentence: the,first_noun,-3.652275323867798,-8.013740539550781,-4.361465215682983,active,0.0
1517,role_labeled,active,active,a wife kills a winner .,a hero kills a husband .,a husband is killed by a hero .,a,hero,a,husband,kill,kills,killed,"[""PATIENT=husband"", ""AGENT=hero"", ""VERB=kill""]","Prime sentence: a wife kills a winner .
Event roles: PATIENT=husband; AGENT=hero; VERB=kill
Sentence: the",Sentence: the,first_noun,-3.8851466178894043,-2.3816466331481934,1.503499984741211,passive,1.0
1517,role_labeled,passive,passive,a winner is killed by a wife .,a hero kills a husband .,a husband is killed by a hero .,a,hero,a,husband,kill,kills,killed,"[""PATIENT=husband"", ""AGENT=hero"", ""VERB=kill""]","Prime sentence: a winner is killed by a wife .
Event roles: PATIENT=husband; AGENT=hero; VERB=kill
Sentence: the",Sentence: the,first_noun,-2.957815170288086,-2.643078327178955,0.31473684310913086,passive,1.0
1517,role_labeled,no_prime_eos,no_prime_eos,,a hero kills a husband .,a husband is killed by a hero .,a,hero,a,husband,kill,kills,killed,"[""PATIENT=husband"", ""AGENT=hero"", ""VERB=kill""]","Event roles: PATIENT=husband; AGENT=hero; VERB=kill
Sentence: the",Sentence: the,first_noun,-2.969447612762451,-4.369430065155029,-1.3999824523925781,active,0.0
1517,role_labeled,filler,filler,The package arrived before noon .,a hero kills a husband .,a husband is killed by a hero .,a,hero,a,husband,kill,kills,killed,"[""PATIENT=husband"", ""AGENT=hero"", ""VERB=kill""]","Prime sentence: The package arrived before noon .
Event roles: PATIENT=husband; AGENT=hero; VERB=kill
Sentence: the",Sentence: the,first_noun,-6.055805683135986,-4.628486156463623,1.4273195266723633,passive,1.0
1518,role_labeled,active,active,a buddy kisses a candidate .,a parent kisses a partner .,a partner is kissed by a parent .,a,parent,a,partner,kiss,kisses,kissed,"[""PATIENT=partner"", ""VERB=kiss"", ""AGENT=parent""]","Prime sentence: a buddy kisses a candidate .
Event roles: PATIENT=partner; VERB=kiss; AGENT=parent
Sentence: the",Sentence: the,first_noun,-5.6310858726501465,-5.727243423461914,-0.09615755081176758,active,0.0
1518,role_labeled,passive,passive,a candidate is kissed by a buddy .,a parent kisses a partner .,a partner is kissed by a parent .,a,parent,a,partner,kiss,kisses,kissed,"[""PATIENT=partner"", ""VERB=kiss"", ""AGENT=parent""]","Prime sentence: a candidate is kissed by a buddy .
Event roles: PATIENT=partner; VERB=kiss; AGENT=parent
Sentence: the",Sentence: the,first_noun,-5.557575225830078,-5.5981292724609375,-0.040554046630859375,active,0.0
1518,role_labeled,no_prime_eos,no_prime_eos,,a parent kisses a partner .,a partner is kissed by a parent .,a,parent,a,partner,kiss,kisses,kissed,"[""PATIENT=partner"", ""VERB=kiss"", ""AGENT=parent""]","Event roles: PATIENT=partner; VERB=kiss; AGENT=parent
Sentence: the",Sentence: the,first_noun,-4.839591979980469,-5.6419758796691895,-0.8023838996887207,active,0.0
1518,role_labeled,filler,filler,The window rattled during the storm .,a parent kisses a partner .,a partner is kissed by a parent .,a,parent,a,partner,kiss,kisses,kissed,"[""PATIENT=partner"", ""VERB=kiss"", ""AGENT=parent""]","Prime sentence: The window rattled during the storm .
Event roles: PATIENT=partner; VERB=kiss; AGENT=parent
Sentence: the",Sentence: the,first_noun,-7.789000511169434,-8.424298286437988,-0.6352977752685547,active,0.0
1519,role_labeled,active,active,a guest judges a guy .,a student judges a teacher .,a teacher is judged by a student .,a,student,a,teacher,judg,judges,judged,"[""AGENT=student"", ""PATIENT=teacher"", ""VERB=judg""]","Prime sentence: a guest judges a guy .
Event roles: AGENT=student; PATIENT=teacher; VERB=judg
Sentence: the",Sentence: the,first_noun,-3.0243849754333496,-3.123812675476074,-0.09942770004272461,active,0.0
1519,role_labeled,passive,passive,a guy is judged by a guest .,a student judges a teacher .,a teacher is judged by a student .,a,student,a,teacher,judg,judges,judged,"[""AGENT=student"", ""PATIENT=teacher"", ""VERB=judg""]","Prime sentence: a guy is judged by a guest .
Event roles: AGENT=student; PATIENT=teacher; VERB=judg
Sentence: the",Sentence: the,first_noun,-2.729609251022339,-3.041574716567993,-0.3119654655456543,active,0.0
1519,role_labeled,no_prime_eos,no_prime_eos,,a student judges a teacher .,a teacher is judged by a student .,a,student,a,teacher,judg,judges,judged,"[""AGENT=student"", ""PATIENT=teacher"", ""VERB=judg""]","Event roles: AGENT=student; PATIENT=teacher; VERB=judg
Sentence: the",Sentence: the,first_noun,-2.7784643173217773,-3.425999641418457,-0.6475353240966797,active,0.0
1519,role_labeled,filler,filler,The tourist wandered through the plaza .,a student judges a teacher .,a teacher is judged by a student .,a,student,a,teacher,judg,judges,judged,"[""AGENT=student"", ""PATIENT=teacher"", ""VERB=judg""]","Prime sentence: The tourist wandered through the plaza .
Event roles: AGENT=student; PATIENT=teacher; VERB=judg
Sentence: the",Sentence: the,first_noun,-2.2267379760742188,-3.0308613777160645,-0.8041234016418457,active,0.0
1520,role_labeled,active,active,a sheriff drags a singer .,an employee drags an employer .,an employer is dragged by an employee .,an,employee,an,employer,drag,drags,dragged,"[""PATIENT=employer"", ""AGENT=employee"", ""VERB=drag""]","Prime sentence: a sheriff drags a singer .
Event roles: PATIENT=employer; AGENT=employee; VERB=drag
Sentence: the",Sentence: the,first_noun,-5.147852897644043,-4.670449256896973,0.4774036407470703,passive,1.0
1520,role_labeled,passive,passive,a singer is dragged by a sheriff .,an employee drags an employer .,an employer is dragged by an employee .,an,employee,an,employer,drag,drags,dragged,"[""PATIENT=employer"", ""AGENT=employee"", ""VERB=drag""]","Prime sentence: a singer is dragged by a sheriff .
Event roles: PATIENT=employer; AGENT=employee; VERB=drag
Sentence: the",Sentence: the,first_noun,-4.624858856201172,-4.5972747802734375,0.027584075927734375,passive,1.0
1520,role_labeled,no_prime_eos,no_prime_eos,,an employee drags an employer .,an employer is dragged by an employee .,an,employee,an,employer,drag,drags,dragged,"[""PATIENT=employer"", ""AGENT=employee"", ""VERB=drag""]","Event roles: PATIENT=employer; AGENT=employee; VERB=drag
Sentence: the",Sentence: the,first_noun,-3.7766470909118652,-5.011519432067871,-1.2348723411560059,active,0.0
1520,role_labeled,filler,filler,The notebook stayed on the shelf .,an employee drags an employer .,an employer is dragged by an employee .,an,employee,an,employer,drag,drags,dragged,"[""PATIENT=employer"", ""AGENT=employee"", ""VERB=drag""]","Prime sentence: The notebook stayed on the shelf .
Event roles: PATIENT=employer; AGENT=employee; VERB=drag
Sentence: the",Sentence: the,first_noun,-5.208920001983643,-6.182836532592773,-0.9739165306091309,active,0.0
1521,role_labeled,active,active,an opponent washes a parent .,a boy washes a brother .,a brother is washed by a boy .,a,boy,a,brother,wash,washes,washed,"[""AGENT=boy"", ""VERB=wash"", ""PATIENT=brother""]","Prime sentence: an opponent washes a parent .
Event roles: AGENT=boy; VERB=wash; PATIENT=brother
Sentence: the",Sentence: the,first_noun,-2.420654535293579,-4.864235877990723,-2.4435813426971436,active,0.0
1521,role_labeled,passive,passive,a parent is washed by an opponent .,a boy washes a brother .,a brother is washed by a boy .,a,boy,a,brother,wash,washes,washed,"[""AGENT=boy"", ""VERB=wash"", ""PATIENT=brother""]","Prime sentence: a parent is washed by an opponent .
Event roles: AGENT=boy; VERB=wash; PATIENT=brother
Sentence: the",Sentence: the,first_noun,-2.766230344772339,-5.494356155395508,-2.728125810623169,active,0.0
1521,role_labeled,no_prime_eos,no_prime_eos,,a boy washes a brother .,a brother is washed by a boy .,a,boy,a,brother,wash,washes,washed,"[""AGENT=boy"", ""VERB=wash"", ""PATIENT=brother""]","Event roles: AGENT=boy; VERB=wash; PATIENT=brother
Sentence: the",Sentence: the,first_noun,-2.6370415687561035,-6.012225151062012,-3.375183582305908,active,0.0
1521,role_labeled,filler,filler,The notebook stayed on the shelf .,a boy washes a brother .,a brother is washed by a boy .,a,boy,a,brother,wash,washes,washed,"[""AGENT=boy"", ""VERB=wash"", ""PATIENT=brother""]","Prime sentence: The notebook stayed on the shelf .
Event roles: AGENT=boy; VERB=wash; PATIENT=brother
Sentence: the",Sentence: the,first_noun,-3.731316089630127,-6.560080528259277,-2.8287644386291504,active,0.0
1522,role_labeled,active,active,a doctor hurts an employee .,a scientist hurts a secretary .,a secretary is hurt by a scientist .,a,scientist,a,secretary,hurt,hurts,hurt,"[""VERB=hurt"", ""AGENT=scientist"", ""PATIENT=secretary""]","Prime sentence: a doctor hurts an employee .
Event roles: VERB=hurt; AGENT=scientist; PATIENT=secretary
Sentence: the",Sentence: the,first_noun,-3.4118645191192627,-5.887587547302246,-2.4757230281829834,active,0.0
1522,role_labeled,passive,passive,an employee is hurt by a doctor .,a scientist hurts a secretary .,a secretary is hurt by a scientist .,a,scientist,a,secretary,hurt,hurts,hurt,"[""VERB=hurt"", ""AGENT=scientist"", ""PATIENT=secretary""]","Prime sentence: an employee is hurt by a doctor .
Event roles: VERB=hurt; AGENT=scientist; PATIENT=secretary
Sentence: the",Sentence: the,first_noun,-3.3552498817443848,-5.543150901794434,-2.187901020050049,active,0.0
1522,role_labeled,no_prime_eos,no_prime_eos,,a scientist hurts a secretary .,a secretary is hurt by a scientist .,a,scientist,a,secretary,hurt,hurts,hurt,"[""VERB=hurt"", ""AGENT=scientist"", ""PATIENT=secretary""]","Event roles: VERB=hurt; AGENT=scientist; PATIENT=secretary
Sentence: the",Sentence: the,first_noun,-4.450862884521484,-6.895206451416016,-2.4443435668945312,active,0.0
1522,role_labeled,filler,filler,The teacher listened during assembly .,a scientist hurts a secretary .,a secretary is hurt by a scientist .,a,scientist,a,secretary,hurt,hurts,hurt,"[""VERB=hurt"", ""AGENT=scientist"", ""PATIENT=secretary""]","Prime sentence: The teacher listened during assembly .
Event roles: VERB=hurt; AGENT=scientist; PATIENT=secretary
Sentence: the",Sentence: the,first_noun,-3.105208158493042,-5.639883995056152,-2.5346758365631104,active,0.0
1523,role_labeled,active,active,a reader drags a scientist .,a cousin drags a daughter .,a daughter is dragged by a cousin .,a,cousin,a,daughter,drag,drags,dragged,"[""PATIENT=daughter"", ""VERB=drag"", ""AGENT=cousin""]","Prime sentence: a reader drags a scientist .
Event roles: PATIENT=daughter; VERB=drag; AGENT=cousin
Sentence: the",Sentence: the,first_noun,-7.231013774871826,-3.7171263694763184,3.513887405395508,passive,1.0
1523,role_labeled,passive,passive,a scientist is dragged by a reader .,a cousin drags a daughter .,a daughter is dragged by a cousin .,a,cousin,a,daughter,drag,drags,dragged,"[""PATIENT=daughter"", ""VERB=drag"", ""AGENT=cousin""]","Prime sentence: a scientist is dragged by a reader .
Event roles: PATIENT=daughter; VERB=drag; AGENT=cousin
Sentence: the",Sentence: the,first_noun,-7.566936492919922,-4.385625839233398,3.1813106536865234,passive,1.0
1523,role_labeled,no_prime_eos,no_prime_eos,,a cousin drags a daughter .,a daughter is dragged by a cousin .,a,cousin,a,daughter,drag,drags,dragged,"[""PATIENT=daughter"", ""VERB=drag"", ""AGENT=cousin""]","Event roles: PATIENT=daughter; VERB=drag; AGENT=cousin
Sentence: the",Sentence: the,first_noun,-7.728512763977051,-4.028526306152344,3.699986457824707,passive,1.0
1523,role_labeled,filler,filler,The jacket hung behind the chair .,a cousin drags a daughter .,a daughter is dragged by a cousin .,a,cousin,a,daughter,drag,drags,dragged,"[""PATIENT=daughter"", ""VERB=drag"", ""AGENT=cousin""]","Prime sentence: The jacket hung behind the chair .
Event roles: PATIENT=daughter; VERB=drag; AGENT=cousin
Sentence: the",Sentence: the,first_noun,-8.641921997070312,-5.929074287414551,2.7128477096557617,passive,1.0
1524,role_labeled,active,active,an employer selects a father .,a sheriff selects a singer .,a singer is selected by a sheriff .,a,sheriff,a,singer,select,selects,selected,"[""AGENT=sheriff"", ""VERB=select"", ""PATIENT=singer""]","Prime sentence: an employer selects a father .
Event roles: AGENT=sheriff; VERB=select; PATIENT=singer
Sentence: the",Sentence: the,first_noun,-2.4555115699768066,-4.743237495422363,-2.2877259254455566,active,0.0
1524,role_labeled,passive,passive,a father is selected by an employer .,a sheriff selects a singer .,a singer is selected by a sheriff .,a,sheriff,a,singer,select,selects,selected,"[""AGENT=sheriff"", ""VERB=select"", ""PATIENT=singer""]","Prime sentence: a father is selected by an employer .
Event roles: AGENT=sheriff; VERB=select; PATIENT=singer
Sentence: the",Sentence: the,first_noun,-3.3584654331207275,-5.298973083496094,-1.9405076503753662,active,0.0
1524,role_labeled,no_prime_eos,no_prime_eos,,a sheriff selects a singer .,a singer is selected by a sheriff .,a,sheriff,a,singer,select,selects,selected,"[""AGENT=sheriff"", ""VERB=select"", ""PATIENT=singer""]","Event roles: AGENT=sheriff; VERB=select; PATIENT=singer
Sentence: the",Sentence: the,first_noun,-5.376780033111572,-5.4085283279418945,-0.031748294830322266,active,0.0
1524,role_labeled,filler,filler,The baker laughed during breakfast .,a sheriff selects a singer .,a singer is selected by a sheriff .,a,sheriff,a,singer,select,selects,selected,"[""AGENT=sheriff"", ""VERB=select"", ""PATIENT=singer""]","Prime sentence: The baker laughed during breakfast .
Event roles: AGENT=sheriff; VERB=select; PATIENT=singer
Sentence: the",Sentence: the,first_noun,-3.78596830368042,-5.57022762298584,-1.78425931930542,active,0.0
1525,role_labeled,active,active,a doctor follows an employee .,a scientist follows a secretary .,a secretary is followed by a scientist .,a,scientist,a,secretary,follow,follows,followed,"[""AGENT=scientist"", ""VERB=follow"", ""PATIENT=secretary""]","Prime sentence: a doctor follows an employee .
Event roles: AGENT=scientist; VERB=follow; PATIENT=secretary
Sentence: the",Sentence: the,first_noun,-3.630345106124878,-5.987401008605957,-2.357055902481079,active,0.0
1525,role_labeled,passive,passive,an employee is followed by a doctor .,a scientist follows a secretary .,a secretary is followed by a scientist .,a,scientist,a,secretary,follow,follows,followed,"[""AGENT=scientist"", ""VERB=follow"", ""PATIENT=secretary""]","Prime sentence: an employee is followed by a doctor .
Event roles: AGENT=scientist; VERB=follow; PATIENT=secretary
Sentence: the",Sentence: the,first_noun,-3.6882128715515137,-5.844698429107666,-2.1564855575561523,active,0.0
1525,role_labeled,no_prime_eos,no_prime_eos,,a scientist follows a secretary .,a secretary is followed by a scientist .,a,scientist,a,secretary,follow,follows,followed,"[""AGENT=scientist"", ""VERB=follow"", ""PATIENT=secretary""]","Event roles: AGENT=scientist; VERB=follow; PATIENT=secretary
Sentence: the",Sentence: the,first_noun,-4.000757217407227,-7.1454386711120605,-3.144681453704834,active,0.0
1525,role_labeled,filler,filler,The garden brightened after rain .,a scientist follows a secretary .,a secretary is followed by a scientist .,a,scientist,a,secretary,follow,follows,followed,"[""AGENT=scientist"", ""VERB=follow"", ""PATIENT=secretary""]","Prime sentence: The garden brightened after rain .
Event roles: AGENT=scientist; VERB=follow; PATIENT=secretary
Sentence: the",Sentence: the,first_noun,-6.380206108093262,-8.208112716674805,-1.827906608581543,active,0.0
1526,role_labeled,active,active,a soldier discovers a son .,a father discovers a friend .,a friend is discovered by a father .,a,father,a,friend,discover,discovers,discovered,"[""AGENT=father"", ""VERB=discover"", ""PATIENT=friend""]","Prime sentence: a soldier discovers a son .
Event roles: AGENT=father; VERB=discover; PATIENT=friend
Sentence: the",Sentence: the,first_noun,-2.2768754959106445,-5.784789562225342,-3.5079140663146973,active,0.0
1526,role_labeled,passive,passive,a son is discovered by a soldier .,a father discovers a friend .,a friend is discovered by a father .,a,father,a,friend,discover,discovers,discovered,"[""AGENT=father"", ""VERB=discover"", ""PATIENT=friend""]","Prime sentence: a son is discovered by a soldier .
Event roles: AGENT=father; VERB=discover; PATIENT=friend
Sentence: the",Sentence: the,first_noun,-2.3109402656555176,-5.453097343444824,-3.1421570777893066,active,0.0
1526,role_labeled,no_prime_eos,no_prime_eos,,a father discovers a friend .,a friend is discovered by a father .,a,father,a,friend,discover,discovers,discovered,"[""AGENT=father"", ""VERB=discover"", ""PATIENT=friend""]","Event roles: AGENT=father; VERB=discover; PATIENT=friend
Sentence: the",Sentence: the,first_noun,-2.694305181503296,-5.430756568908691,-2.7364513874053955,active,0.0
1526,role_labeled,filler,filler,The garden brightened after rain .,a father discovers a friend .,a friend is discovered by a father .,a,father,a,friend,discover,discovers,discovered,"[""AGENT=father"", ""VERB=discover"", ""PATIENT=friend""]","Prime sentence: The garden brightened after rain .
Event roles: AGENT=father; VERB=discover; PATIENT=friend
Sentence: the",Sentence: the,first_noun,-5.268856525421143,-6.695159912109375,-1.4263033866882324,active,0.0
1527,role_labeled,active,active,a colonel understands a cop .,a prince understands a princess .,a princess is understood by a prince .,a,prince,a,princess,understand,understands,understood,"[""VERB=understand"", ""PATIENT=princess"", ""AGENT=prince""]","Prime sentence: a colonel understands a cop .
Event roles: VERB=understand; PATIENT=princess; AGENT=prince
Sentence: the",Sentence: the,first_noun,-4.474194526672363,-4.694706916809082,-0.22051239013671875,active,0.0
1527,role_labeled,passive,passive,a cop is understood by a colonel .,a prince understands a princess .,a princess is understood by a prince .,a,prince,a,princess,understand,understands,understood,"[""VERB=understand"", ""PATIENT=princess"", ""AGENT=prince""]","Prime sentence: a cop is understood by a colonel .
Event roles: VERB=understand; PATIENT=princess; AGENT=prince
Sentence: the",Sentence: the,first_noun,-4.699036598205566,-5.066827774047852,-0.36779117584228516,active,0.0
1527,role_labeled,no_prime_eos,no_prime_eos,,a prince understands a princess .,a princess is understood by a prince .,a,prince,a,princess,understand,understands,understood,"[""VERB=understand"", ""PATIENT=princess"", ""AGENT=prince""]","Event roles: VERB=understand; PATIENT=princess; AGENT=prince
Sentence: the",Sentence: the,first_noun,-3.77352237701416,-3.8392887115478516,-0.0657663345336914,active,0.0
1527,role_labeled,filler,filler,The traveler rested beside the river .,a prince understands a princess .,a princess is understood by a prince .,a,prince,a,princess,understand,understands,understood,"[""VERB=understand"", ""PATIENT=princess"", ""AGENT=prince""]","Prime sentence: The traveler rested beside the river .
Event roles: VERB=understand; PATIENT=princess; AGENT=prince
Sentence: the",Sentence: the,first_noun,-4.343861103057861,-4.385082721710205,-0.04122161865234375,active,0.0
1528,role_labeled,active,active,a wife joins a winner .,a hero joins a husband .,a husband is joined by a hero .,a,hero,a,husband,join,joins,joined,"[""AGENT=hero"", ""VERB=join"", ""PATIENT=husband""]","Prime sentence: a wife joins a winner .
Event roles: AGENT=hero; VERB=join; PATIENT=husband
Sentence: the",Sentence: the,first_noun,-4.286870002746582,-3.217890977859497,1.068979024887085,passive,1.0
1528,role_labeled,passive,passive,a winner is joined by a wife .,a hero joins a husband .,a husband is joined by a hero .,a,hero,a,husband,join,joins,joined,"[""AGENT=hero"", ""VERB=join"", ""PATIENT=husband""]","Prime sentence: a winner is joined by a wife .
Event roles: AGENT=hero; VERB=join; PATIENT=husband
Sentence: the",Sentence: the,first_noun,-3.8615198135375977,-4.029730319976807,-0.16821050643920898,active,0.0
1528,role_labeled,no_prime_eos,no_prime_eos,,a hero joins a husband .,a husband is joined by a hero .,a,hero,a,husband,join,joins,joined,"[""AGENT=hero"", ""VERB=join"", ""PATIENT=husband""]","Event roles: AGENT=hero; VERB=join; PATIENT=husband
Sentence: the",Sentence: the,first_noun,-2.736952543258667,-5.122379302978516,-2.3854267597198486,active,0.0
1528,role_labeled,filler,filler,The singer smiled after rehearsal .,a hero joins a husband .,a husband is joined by a hero .,a,hero,a,husband,join,joins,joined,"[""AGENT=hero"", ""VERB=join"", ""PATIENT=husband""]","Prime sentence: The singer smiled after rehearsal .
Event roles: AGENT=hero; VERB=join; PATIENT=husband
Sentence: the",Sentence: the,first_noun,-5.1991658210754395,-5.159448623657227,0.03971719741821289,passive,1.0
1529,role_labeled,active,active,an opponent hurries a parent .,a boy hurries a brother .,a brother is hurried by a boy .,a,boy,a,brother,hurry,hurries,hurried,"[""AGENT=boy"", ""VERB=hurry"", ""PATIENT=brother""]","Prime sentence: an opponent hurries a parent .
Event roles: AGENT=boy; VERB=hurry; PATIENT=brother
Sentence: the",Sentence: the,first_noun,-2.027839422225952,-5.051791191101074,-3.023951768875122,active,0.0
1529,role_labeled,passive,passive,a parent is hurried by an opponent .,a boy hurries a brother .,a brother is hurried by a boy .,a,boy,a,brother,hurry,hurries,hurried,"[""AGENT=boy"", ""VERB=hurry"", ""PATIENT=brother""]","Prime sentence: a parent is hurried by an opponent .
Event roles: AGENT=boy; VERB=hurry; PATIENT=brother
Sentence: the",Sentence: the,first_noun,-2.845702886581421,-5.950292587280273,-3.1045897006988525,active,0.0
1529,role_labeled,no_prime_eos,no_prime_eos,,a boy hurries a brother .,a brother is hurried by a boy .,a,boy,a,brother,hurry,hurries,hurried,"[""AGENT=boy"", ""VERB=hurry"", ""PATIENT=brother""]","Event roles: AGENT=boy; VERB=hurry; PATIENT=brother
Sentence: the",Sentence: the,first_noun,-2.583205461502075,-6.11091423034668,-3.5277087688446045,active,0.0
1529,role_labeled,filler,filler,The kettle whistled in the kitchen .,a boy hurries a brother .,a brother is hurried by a boy .,a,boy,a,brother,hurry,hurries,hurried,"[""AGENT=boy"", ""VERB=hurry"", ""PATIENT=brother""]","Prime sentence: The kettle whistled in the kitchen .
Event roles: AGENT=boy; VERB=hurry; PATIENT=brother
Sentence: the",Sentence: the,first_noun,-4.027041435241699,-7.809839725494385,-3.7827982902526855,active,0.0
1530,role_labeled,active,active,a mother hurts a nurse .,an author hurts a bishop .,a bishop is hurt by an author .,an,author,a,bishop,hurt,hurts,hurt,"[""AGENT=author"", ""VERB=hurt"", ""PATIENT=bishop""]","Prime sentence: a mother hurts a nurse .
Event roles: AGENT=author; VERB=hurt; PATIENT=bishop
Sentence: the",Sentence: the,first_noun,-6.455697059631348,-3.7211408615112305,2.734556198120117,passive,1.0
1530,role_labeled,passive,passive,a nurse is hurt by a mother .,an author hurts a bishop .,a bishop is hurt by an author .,an,author,a,bishop,hurt,hurts,hurt,"[""AGENT=author"", ""VERB=hurt"", ""PATIENT=bishop""]","Prime sentence: a nurse is hurt by a mother .
Event roles: AGENT=author; VERB=hurt; PATIENT=bishop
Sentence: the",Sentence: the,first_noun,-5.910803318023682,-3.3491477966308594,2.5616555213928223,passive,1.0
1530,role_labeled,no_prime_eos,no_prime_eos,,an author hurts a bishop .,a bishop is hurt by an author .,an,author,a,bishop,hurt,hurts,hurt,"[""AGENT=author"", ""VERB=hurt"", ""PATIENT=bishop""]","Event roles: AGENT=author; VERB=hurt; PATIENT=bishop
Sentence: the",Sentence: the,first_noun,-4.436393737792969,-3.287559747695923,1.148833990097046,passive,1.0
1530,role_labeled,filler,filler,The captain waited beside the harbor .,an author hurts a bishop .,a bishop is hurt by an author .,an,author,a,bishop,hurt,hurts,hurt,"[""AGENT=author"", ""VERB=hurt"", ""PATIENT=bishop""]","Prime sentence: The captain waited beside the harbor .
Event roles: AGENT=author; VERB=hurt; PATIENT=bishop
Sentence: the",Sentence: the,first_noun,-7.403323650360107,-3.87400484085083,3.5293188095092773,passive,1.0
1531,role_labeled,active,active,a doctor catches an employee .,a scientist catches a secretary .,a secretary is caught by a scientist .,a,scientist,a,secretary,catch,catches,caught,"[""PATIENT=secretary"", ""VERB=catch"", ""AGENT=scientist""]","Prime sentence: a doctor catches an employee .
Event roles: PATIENT=secretary; VERB=catch; AGENT=scientist
Sentence: the",Sentence: the,first_noun,-3.709412097930908,-4.507277488708496,-0.7978653907775879,active,0.0
1531,role_labeled,passive,passive,an employee is caught by a doctor .,a scientist catches a secretary .,a secretary is caught by a scientist .,a,scientist,a,secretary,catch,catches,caught,"[""PATIENT=secretary"", ""VERB=catch"", ""AGENT=scientist""]","Prime sentence: an employee is caught by a doctor .
Event roles: PATIENT=secretary; VERB=catch; AGENT=scientist
Sentence: the",Sentence: the,first_noun,-3.52962327003479,-4.646146774291992,-1.1165235042572021,active,0.0
1531,role_labeled,no_prime_eos,no_prime_eos,,a scientist catches a secretary .,a secretary is caught by a scientist .,a,scientist,a,secretary,catch,catches,caught,"[""PATIENT=secretary"", ""VERB=catch"", ""AGENT=scientist""]","Event roles: PATIENT=secretary; VERB=catch; AGENT=scientist
Sentence: the",Sentence: the,first_noun,-4.14316987991333,-6.355194091796875,-2.212024211883545,active,0.0
1531,role_labeled,filler,filler,The garden brightened after rain .,a scientist catches a secretary .,a secretary is caught by a scientist .,a,scientist,a,secretary,catch,catches,caught,"[""PATIENT=secretary"", ""VERB=catch"", ""AGENT=scientist""]","Prime sentence: The garden brightened after rain .
Event roles: PATIENT=secretary; VERB=catch; AGENT=scientist
Sentence: the",Sentence: the,first_noun,-6.416532516479492,-8.035996437072754,-1.6194639205932617,active,0.0
1532,role_labeled,active,active,a daughter strikes a doctor .,a reader strikes a scientist .,a scientist is struck by a reader .,a,reader,a,scientist,strik,strikes,struck,"[""AGENT=reader"", ""VERB=strik"", ""PATIENT=scientist""]","Prime sentence: a daughter strikes a doctor .
Event roles: AGENT=reader; VERB=strik; PATIENT=scientist
Sentence: the",Sentence: the,first_noun,-6.287034034729004,-4.1649932861328125,2.1220407485961914,passive,1.0
1532,role_labeled,passive,passive,a doctor is struck by a daughter .,a reader strikes a scientist .,a scientist is struck by a reader .,a,reader,a,scientist,strik,strikes,struck,"[""AGENT=reader"", ""VERB=strik"", ""PATIENT=scientist""]","Prime sentence: a doctor is struck by a daughter .
Event roles: AGENT=reader; VERB=strik; PATIENT=scientist
Sentence: the",Sentence: the,first_noun,-5.646498680114746,-3.5536036491394043,2.092895030975342,passive,1.0
1532,role_labeled,no_prime_eos,no_prime_eos,,a reader strikes a scientist .,a scientist is struck by a reader .,a,reader,a,scientist,strik,strikes,struck,"[""AGENT=reader"", ""VERB=strik"", ""PATIENT=scientist""]","Event roles: AGENT=reader; VERB=strik; PATIENT=scientist
Sentence: the",Sentence: the,first_noun,-4.399855613708496,-4.994368076324463,-0.5945124626159668,active,0.0
1532,role_labeled,filler,filler,The garden brightened after rain .,a reader strikes a scientist .,a scientist is struck by a reader .,a,reader,a,scientist,strik,strikes,struck,"[""AGENT=reader"", ""VERB=strik"", ""PATIENT=scientist""]","Prime sentence: The garden brightened after rain .
Event roles: AGENT=reader; VERB=strik; PATIENT=scientist
Sentence: the",Sentence: the,first_noun,-7.903512001037598,-6.039008617401123,1.8645033836364746,passive,1.0
1533,role_labeled,active,active,an actor grabs an actress .,a lawyer grabs a leader .,a leader is grabbed by a lawyer .,a,lawyer,a,leader,grab,grabs,grabbed,"[""VERB=grab"", ""AGENT=lawyer"", ""PATIENT=leader""]","Prime sentence: an actor grabs an actress .
Event roles: VERB=grab; AGENT=lawyer; PATIENT=leader
Sentence: the",Sentence: the,first_noun,-4.759648323059082,-4.887096405029297,-0.12744808197021484,active,0.0
1533,role_labeled,passive,passive,an actress is grabbed by an actor .,a lawyer grabs a leader .,a leader is grabbed by a lawyer .,a,lawyer,a,leader,grab,grabs,grabbed,"[""VERB=grab"", ""AGENT=lawyer"", ""PATIENT=leader""]","Prime sentence: an actress is grabbed by an actor .
Event roles: VERB=grab; AGENT=lawyer; PATIENT=leader
Sentence: the",Sentence: the,first_noun,-4.612491607666016,-5.095922470092773,-0.4834308624267578,active,0.0
1533,role_labeled,no_prime_eos,no_prime_eos,,a lawyer grabs a leader .,a leader is grabbed by a lawyer .,a,lawyer,a,leader,grab,grabs,grabbed,"[""VERB=grab"", ""AGENT=lawyer"", ""PATIENT=leader""]","Event roles: VERB=grab; AGENT=lawyer; PATIENT=leader
Sentence: the",Sentence: the,first_noun,-5.23714542388916,-4.781521797180176,0.4556236267089844,passive,1.0
1533,role_labeled,filler,filler,The engine cooled before dawn .,a lawyer grabs a leader .,a leader is grabbed by a lawyer .,a,lawyer,a,leader,grab,grabs,grabbed,"[""VERB=grab"", ""AGENT=lawyer"", ""PATIENT=leader""]","Prime sentence: The engine cooled before dawn .
Event roles: VERB=grab; AGENT=lawyer; PATIENT=leader
Sentence: the",Sentence: the,first_noun,-5.5757317543029785,-6.089690685272217,-0.5139589309692383,active,0.0
1534,role_labeled,active,active,a hero surprises a husband .,an uncle surprises a wife .,a wife is surprised by an uncle .,an,uncle,a,wife,surpris,surprises,surprised,"[""AGENT=uncle"", ""VERB=surpris"", ""PATIENT=wife""]","Prime sentence: a hero surprises a husband .
Event roles: AGENT=uncle; VERB=surpris; PATIENT=wife
Sentence: the",Sentence: the,first_noun,-5.39676570892334,-3.5059032440185547,1.8908624649047852,passive,1.0
1534,role_labeled,passive,passive,a husband is surprised by a hero .,an uncle surprises a wife .,a wife is surprised by an uncle .,an,uncle,a,wife,surpris,surprises,surprised,"[""AGENT=uncle"", ""VERB=surpris"", ""PATIENT=wife""]","Prime sentence: a husband is surprised by a hero .
Event roles: AGENT=uncle; VERB=surpris; PATIENT=wife
Sentence: the",Sentence: the,first_noun,-5.890311241149902,-3.9358842372894287,1.9544270038604736,passive,1.0
1534,role_labeled,no_prime_eos,no_prime_eos,,an uncle surprises a wife .,a wife is surprised by an uncle .,an,uncle,a,wife,surpris,surprises,surprised,"[""AGENT=uncle"", ""VERB=surpris"", ""PATIENT=wife""]","Event roles: AGENT=uncle; VERB=surpris; PATIENT=wife
Sentence: the",Sentence: the,first_noun,-6.532270908355713,-4.404811382293701,2.1274595260620117,passive,1.0
1534,role_labeled,filler,filler,The jacket hung behind the chair .,an uncle surprises a wife .,a wife is surprised by an uncle .,an,uncle,a,wife,surpris,surprises,surprised,"[""AGENT=uncle"", ""VERB=surpris"", ""PATIENT=wife""]","Prime sentence: The jacket hung behind the chair .
Event roles: AGENT=uncle; VERB=surpris; PATIENT=wife
Sentence: the",Sentence: the,first_noun,-6.207797050476074,-4.5694804191589355,1.6383166313171387,passive,1.0
1535,role_labeled,active,active,a sheriff joins a singer .,an employee joins an employer .,an employer is joined by an employee .,an,employee,an,employer,join,joins,joined,"[""AGENT=employee"", ""VERB=join"", ""PATIENT=employer""]","Prime sentence: a sheriff joins a singer .
Event roles: AGENT=employee; VERB=join; PATIENT=employer
Sentence: the",Sentence: the,first_noun,-4.677556991577148,-5.889181137084961,-1.2116241455078125,active,0.0
1535,role_labeled,passive,passive,a singer is joined by a sheriff .,an employee joins an employer .,an employer is joined by an employee .,an,employee,an,employer,join,joins,joined,"[""AGENT=employee"", ""VERB=join"", ""PATIENT=employer""]","Prime sentence: a singer is joined by a sheriff .
Event roles: AGENT=employee; VERB=join; PATIENT=employer
Sentence: the",Sentence: the,first_noun,-4.861196517944336,-5.771927833557129,-0.910731315612793,active,0.0
1535,role_labeled,no_prime_eos,no_prime_eos,,an employee joins an employer .,an employer is joined by an employee .,an,employee,an,employer,join,joins,joined,"[""AGENT=employee"", ""VERB=join"", ""PATIENT=employer""]","Event roles: AGENT=employee; VERB=join; PATIENT=employer
Sentence: the",Sentence: the,first_noun,-2.8126888275146484,-4.6637091636657715,-1.851020336151123,active,0.0
1535,role_labeled,filler,filler,The planet shimmered above the valley .,an employee joins an employer .,an employer is joined by an employee .,an,employee,an,employer,join,joins,joined,"[""AGENT=employee"", ""VERB=join"", ""PATIENT=employer""]","Prime sentence: The planet shimmered above the valley .
Event roles: AGENT=employee; VERB=join; PATIENT=employer
Sentence: the",Sentence: the,first_noun,-6.768980503082275,-8.029260635375977,-1.2602801322937012,active,0.0
1536,role_labeled,active,active,an author hurries a bishop .,a minister hurries a mother .,a mother is hurried by a minister .,a,minister,a,mother,hurry,hurries,hurried,"[""VERB=hurry"", ""AGENT=minister"", ""PATIENT=mother""]","Prime sentence: an author hurries a bishop .
Event roles: VERB=hurry; AGENT=minister; PATIENT=mother
Sentence: the",Sentence: the,first_noun,-4.732841491699219,-5.168613433837891,-0.4357719421386719,active,0.0
1536,role_labeled,passive,passive,a bishop is hurried by an author .,a minister hurries a mother .,a mother is hurried by a minister .,a,minister,a,mother,hurry,hurries,hurried,"[""VERB=hurry"", ""AGENT=minister"", ""PATIENT=mother""]","Prime sentence: a bishop is hurried by an author .
Event roles: VERB=hurry; AGENT=minister; PATIENT=mother
Sentence: the",Sentence: the,first_noun,-4.839543342590332,-5.171872138977051,-0.33232879638671875,active,0.0
1536,role_labeled,no_prime_eos,no_prime_eos,,a minister hurries a mother .,a mother is hurried by a minister .,a,minister,a,mother,hurry,hurries,hurried,"[""VERB=hurry"", ""AGENT=minister"", ""PATIENT=mother""]","Event roles: VERB=hurry; AGENT=minister; PATIENT=mother
Sentence: the",Sentence: the,first_noun,-4.595496654510498,-4.692529201507568,-0.09703254699707031,active,0.0
1536,role_labeled,filler,filler,The market opened after sunrise .,a minister hurries a mother .,a mother is hurried by a minister .,a,minister,a,mother,hurry,hurries,hurried,"[""VERB=hurry"", ""AGENT=minister"", ""PATIENT=mother""]","Prime sentence: The market opened after sunrise .
Event roles: VERB=hurry; AGENT=minister; PATIENT=mother
Sentence: the",Sentence: the,first_noun,-5.848982334136963,-5.876038074493408,-0.027055740356445312,active,0.0
1537,role_labeled,active,active,a student punches a teacher .,a girl punches a guest .,a guest is punched by a girl .,a,girl,a,guest,punch,punches,punched,"[""PATIENT=guest"", ""AGENT=girl"", ""VERB=punch""]","Prime sentence: a student punches a teacher .
Event roles: PATIENT=guest; AGENT=girl; VERB=punch
Sentence: the",Sentence: the,first_noun,-2.325279712677002,-5.040754795074463,-2.715475082397461,active,0.0
1537,role_labeled,passive,passive,a teacher is punched by a student .,a girl punches a guest .,a guest is punched by a girl .,a,girl,a,guest,punch,punches,punched,"[""PATIENT=guest"", ""AGENT=girl"", ""VERB=punch""]","Prime sentence: a teacher is punched by a student .
Event roles: PATIENT=guest; AGENT=girl; VERB=punch
Sentence: the",Sentence: the,first_noun,-2.4943597316741943,-4.9800825119018555,-2.485722780227661,active,0.0
1537,role_labeled,no_prime_eos,no_prime_eos,,a girl punches a guest .,a guest is punched by a girl .,a,girl,a,guest,punch,punches,punched,"[""PATIENT=guest"", ""AGENT=girl"", ""VERB=punch""]","Event roles: PATIENT=guest; AGENT=girl; VERB=punch
Sentence: the",Sentence: the,first_noun,-2.345831871032715,-5.902167320251465,-3.55633544921875,active,0.0
1537,role_labeled,filler,filler,The radio crackled in the attic .,a girl punches a guest .,a guest is punched by a girl .,a,girl,a,guest,punch,punches,punched,"[""PATIENT=guest"", ""AGENT=girl"", ""VERB=punch""]","Prime sentence: The radio crackled in the attic .
Event roles: PATIENT=guest; AGENT=girl; VERB=punch
Sentence: the",Sentence: the,first_noun,-3.156261444091797,-6.350229740142822,-3.1939682960510254,active,0.0
1538,role_labeled,active,active,a soldier embraces a son .,a father embraces a friend .,a friend is embraced by a father .,a,father,a,friend,embrac,embraces,embraced,"[""VERB=embrac"", ""AGENT=father"", ""PATIENT=friend""]","Prime sentence: a soldier embraces a son .
Event roles: VERB=embrac; AGENT=father; PATIENT=friend
Sentence: the",Sentence: the,first_noun,-3.4811851978302,-6.147721290588379,-2.6665360927581787,active,0.0
1538,role_labeled,passive,passive,a son is embraced by a soldier .,a father embraces a friend .,a friend is embraced by a father .,a,father,a,friend,embrac,embraces,embraced,"[""VERB=embrac"", ""AGENT=father"", ""PATIENT=friend""]","Prime sentence: a son is embraced by a soldier .
Event roles: VERB=embrac; AGENT=father; PATIENT=friend
Sentence: the",Sentence: the,first_noun,-3.445636749267578,-6.103879451751709,-2.658242702484131,active,0.0
1538,role_labeled,no_prime_eos,no_prime_eos,,a father embraces a friend .,a friend is embraced by a father .,a,father,a,friend,embrac,embraces,embraced,"[""VERB=embrac"", ""AGENT=father"", ""PATIENT=friend""]","Event roles: VERB=embrac; AGENT=father; PATIENT=friend
Sentence: the",Sentence: the,first_noun,-3.9875240325927734,-6.334367752075195,-2.346843719482422,active,0.0
1538,role_labeled,filler,filler,The baker laughed during breakfast .,a father embraces a friend .,a friend is embraced by a father .,a,father,a,friend,embrac,embraces,embraced,"[""VERB=embrac"", ""AGENT=father"", ""PATIENT=friend""]","Prime sentence: The baker laughed during breakfast .
Event roles: VERB=embrac; AGENT=father; PATIENT=friend
Sentence: the",Sentence: the,first_noun,-3.55722975730896,-5.320804595947266,-1.7635748386383057,active,0.0
1539,role_labeled,active,active,an uncle kisses a wife .,a guy kisses a hero .,a hero is kissed by a guy .,a,guy,a,hero,kiss,kisses,kissed,"[""AGENT=guy"", ""VERB=kiss"", ""PATIENT=hero""]","Prime sentence: an uncle kisses a wife .
Event roles: AGENT=guy; VERB=kiss; PATIENT=hero
Sentence: the",Sentence: the,first_noun,-4.068947792053223,-4.62849235534668,-0.559544563293457,active,0.0
1539,role_labeled,passive,passive,a wife is kissed by an uncle .,a guy kisses a hero .,a hero is kissed by a guy .,a,guy,a,hero,kiss,kisses,kissed,"[""AGENT=guy"", ""VERB=kiss"", ""PATIENT=hero""]","Prime sentence: a wife is kissed by an uncle .
Event roles: AGENT=guy; VERB=kiss; PATIENT=hero
Sentence: the",Sentence: the,first_noun,-4.4905290603637695,-4.851341247558594,-0.3608121871948242,active,0.0
1539,role_labeled,no_prime_eos,no_prime_eos,,a guy kisses a hero .,a hero is kissed by a guy .,a,guy,a,hero,kiss,kisses,kissed,"[""AGENT=guy"", ""VERB=kiss"", ""PATIENT=hero""]","Event roles: AGENT=guy; VERB=kiss; PATIENT=hero
Sentence: the",Sentence: the,first_noun,-4.136884689331055,-4.001420497894287,0.13546419143676758,passive,1.0
1539,role_labeled,filler,filler,The package arrived before noon .,a guy kisses a hero .,a hero is kissed by a guy .,a,guy,a,hero,kiss,kisses,kissed,"[""AGENT=guy"", ""VERB=kiss"", ""PATIENT=hero""]","Prime sentence: The package arrived before noon .
Event roles: AGENT=guy; VERB=kiss; PATIENT=hero
Sentence: the",Sentence: the,first_noun,-4.202551364898682,-5.8152265548706055,-1.6126751899719238,active,0.0
1540,role_labeled,active,active,a daughter chases a doctor .,a reader chases a scientist .,a scientist is chased by a reader .,a,reader,a,scientist,chas,chases,chased,"[""PATIENT=scientist"", ""AGENT=reader"", ""VERB=chas""]","Prime sentence: a daughter chases a doctor .
Event roles: PATIENT=scientist; AGENT=reader; VERB=chas
Sentence: the",Sentence: the,first_noun,-6.299870491027832,-4.222643852233887,2.0772266387939453,passive,1.0
1540,role_labeled,passive,passive,a doctor is chased by a daughter .,a reader chases a scientist .,a scientist is chased by a reader .,a,reader,a,scientist,chas,chases,chased,"[""PATIENT=scientist"", ""AGENT=reader"", ""VERB=chas""]","Prime sentence: a doctor is chased by a daughter .
Event roles: PATIENT=scientist; AGENT=reader; VERB=chas
Sentence: the",Sentence: the,first_noun,-5.74867057800293,-3.4798336029052734,2.2688369750976562,passive,1.0
1540,role_labeled,no_prime_eos,no_prime_eos,,a reader chases a scientist .,a scientist is chased by a reader .,a,reader,a,scientist,chas,chases,chased,"[""PATIENT=scientist"", ""AGENT=reader"", ""VERB=chas""]","Event roles: PATIENT=scientist; AGENT=reader; VERB=chas
Sentence: the",Sentence: the,first_noun,-4.530825138092041,-4.509702205657959,0.02112293243408203,passive,1.0
1540,role_labeled,filler,filler,The witness paused near the doorway .,a reader chases a scientist .,a scientist is chased by a reader .,a,reader,a,scientist,chas,chases,chased,"[""PATIENT=scientist"", ""AGENT=reader"", ""VERB=chas""]","Prime sentence: The witness paused near the doorway .
Event roles: PATIENT=scientist; AGENT=reader; VERB=chas
Sentence: the",Sentence: the,first_noun,-4.997530937194824,-3.259568452835083,1.7379624843597412,passive,1.0
1541,role_labeled,active,active,a boy washes a brother .,a nurse washes an opponent .,an opponent is washed by a nurse .,a,nurse,an,opponent,wash,washes,washed,"[""PATIENT=opponent"", ""VERB=wash"", ""AGENT=nurse""]","Prime sentence: a boy washes a brother .
Event roles: PATIENT=opponent; VERB=wash; AGENT=nurse
Sentence: the",Sentence: the,first_noun,-3.9831738471984863,-7.44351053237915,-3.460336685180664,active,0.0
1541,role_labeled,passive,passive,a brother is washed by a boy .,a nurse washes an opponent .,an opponent is washed by a nurse .,a,nurse,an,opponent,wash,washes,washed,"[""PATIENT=opponent"", ""VERB=wash"", ""AGENT=nurse""]","Prime sentence: a brother is washed by a boy .
Event roles: PATIENT=opponent; VERB=wash; AGENT=nurse
Sentence: the",Sentence: the,first_noun,-4.255235195159912,-7.462631702423096,-3.2073965072631836,active,0.0
1541,role_labeled,no_prime_eos,no_prime_eos,,a nurse washes an opponent .,an opponent is washed by a nurse .,a,nurse,an,opponent,wash,washes,washed,"[""PATIENT=opponent"", ""VERB=wash"", ""AGENT=nurse""]","Event roles: PATIENT=opponent; VERB=wash; AGENT=nurse
Sentence: the",Sentence: the,first_noun,-3.2152419090270996,-5.686868667602539,-2.4716267585754395,active,0.0
1541,role_labeled,filler,filler,The teacher listened during assembly .,a nurse washes an opponent .,an opponent is washed by a nurse .,a,nurse,an,opponent,wash,washes,washed,"[""PATIENT=opponent"", ""VERB=wash"", ""AGENT=nurse""]","Prime sentence: The teacher listened during assembly .
Event roles: PATIENT=opponent; VERB=wash; AGENT=nurse
Sentence: the",Sentence: the,first_noun,-2.8345189094543457,-5.985744476318359,-3.1512255668640137,active,0.0
1542,role_labeled,active,active,a husband destroys a kid .,a wife destroys a winner .,a winner is destroyed by a wife .,a,wife,a,winner,destroy,destroys,destroyed,"[""VERB=destroy"", ""AGENT=wife"", ""PATIENT=winner""]","Prime sentence: a husband destroys a kid .
Event roles: VERB=destroy; AGENT=wife; PATIENT=winner
Sentence: the",Sentence: the,first_noun,-2.4533350467681885,-6.316776275634766,-3.863441228866577,active,0.0
1542,role_labeled,passive,passive,a kid is destroyed by a husband .,a wife destroys a winner .,a winner is destroyed by a wife .,a,wife,a,winner,destroy,destroys,destroyed,"[""VERB=destroy"", ""AGENT=wife"", ""PATIENT=winner""]","Prime sentence: a kid is destroyed by a husband .
Event roles: VERB=destroy; AGENT=wife; PATIENT=winner
Sentence: the",Sentence: the,first_noun,-2.873380661010742,-6.033832550048828,-3.160451889038086,active,0.0
1542,role_labeled,no_prime_eos,no_prime_eos,,a wife destroys a winner .,a winner is destroyed by a wife .,a,wife,a,winner,destroy,destroys,destroyed,"[""VERB=destroy"", ""AGENT=wife"", ""PATIENT=winner""]","Event roles: VERB=destroy; AGENT=wife; PATIENT=winner
Sentence: the",Sentence: the,first_noun,-3.6752614974975586,-4.931318759918213,-1.2560572624206543,active,0.0
1542,role_labeled,filler,filler,The teacher listened during assembly .,a wife destroys a winner .,a winner is destroyed by a wife .,a,wife,a,winner,destroy,destroys,destroyed,"[""VERB=destroy"", ""AGENT=wife"", ""PATIENT=winner""]","Prime sentence: The teacher listened during assembly .
Event roles: VERB=destroy; AGENT=wife; PATIENT=winner
Sentence: the",Sentence: the,first_noun,-3.325870990753174,-6.460674285888672,-3.134803295135498,active,0.0
1543,role_labeled,active,active,a cop protects a cousin .,a princess protects a professor .,a professor is protected by a princess .,a,princess,a,professor,protect,protects,protected,"[""PATIENT=professor"", ""AGENT=princess"", ""VERB=protect""]","Prime sentence: a cop protects a cousin .
Event roles: PATIENT=professor; AGENT=princess; VERB=protect
Sentence: the",Sentence: the,first_noun,-4.598918914794922,-3.6207141876220703,0.9782047271728516,passive,1.0
1543,role_labeled,passive,passive,a cousin is protected by a cop .,a princess protects a professor .,a professor is protected by a princess .,a,princess,a,professor,protect,protects,protected,"[""PATIENT=professor"", ""AGENT=princess"", ""VERB=protect""]","Prime sentence: a cousin is protected by a cop .
Event roles: PATIENT=professor; AGENT=princess; VERB=protect
Sentence: the",Sentence: the,first_noun,-4.116623401641846,-4.156789779663086,-0.040166378021240234,active,0.0
1543,role_labeled,no_prime_eos,no_prime_eos,,a princess protects a professor .,a professor is protected by a princess .,a,princess,a,professor,protect,protects,protected,"[""PATIENT=professor"", ""AGENT=princess"", ""VERB=protect""]","Event roles: PATIENT=professor; AGENT=princess; VERB=protect
Sentence: the",Sentence: the,first_noun,-4.371799468994141,-4.755301475524902,-0.3835020065307617,active,0.0
1543,role_labeled,filler,filler,The pillow rested on the sofa .,a princess protects a professor .,a professor is protected by a princess .,a,princess,a,professor,protect,protects,protected,"[""PATIENT=professor"", ""AGENT=princess"", ""VERB=protect""]","Prime sentence: The pillow rested on the sofa .
Event roles: PATIENT=professor; AGENT=princess; VERB=protect
Sentence: the",Sentence: the,first_noun,-5.443599224090576,-5.6204142570495605,-0.17681503295898438,active,0.0
1544,role_labeled,active,active,a sheriff raises a singer .,an employee raises an employer .,an employer is raised by an employee .,an,employee,an,employer,rais,raises,raised,"[""PATIENT=employer"", ""VERB=rais"", ""AGENT=employee""]","Prime sentence: a sheriff raises a singer .
Event roles: PATIENT=employer; VERB=rais; AGENT=employee
Sentence: the",Sentence: the,first_noun,-4.796788215637207,-4.4606733322143555,0.33611488342285156,passive,1.0
1544,role_labeled,passive,passive,a singer is raised by a sheriff .,an employee raises an employer .,an employer is raised by an employee .,an,employee,an,employer,rais,raises,raised,"[""PATIENT=employer"", ""VERB=rais"", ""AGENT=employee""]","Prime sentence: a singer is raised by a sheriff .
Event roles: PATIENT=employer; VERB=rais; AGENT=employee
Sentence: the",Sentence: the,first_noun,-5.146668434143066,-4.897241592407227,0.24942684173583984,passive,1.0
1544,role_labeled,no_prime_eos,no_prime_eos,,an employee raises an employer .,an employer is raised by an employee .,an,employee,an,employer,rais,raises,raised,"[""PATIENT=employer"", ""VERB=rais"", ""AGENT=employee""]","Event roles: PATIENT=employer; VERB=rais; AGENT=employee
Sentence: the",Sentence: the,first_noun,-3.6617136001586914,-4.457577228546143,-0.7958636283874512,active,0.0
1544,role_labeled,filler,filler,The planet shimmered above the valley .,an employee raises an employer .,an employer is raised by an employee .,an,employee,an,employer,rais,raises,raised,"[""PATIENT=employer"", ""VERB=rais"", ""AGENT=employee""]","Prime sentence: The planet shimmered above the valley .
Event roles: PATIENT=employer; VERB=rais; AGENT=employee
Sentence: the",Sentence: the,first_noun,-7.33908224105835,-7.875507354736328,-0.5364251136779785,active,0.0
1545,role_labeled,active,active,a prince protects a princess .,a child protects a colonel .,a colonel is protected by a child .,a,child,a,colonel,protect,protects,protected,"[""PATIENT=colonel"", ""VERB=protect"", ""AGENT=child""]","Prime sentence: a prince protects a princess .
Event roles: PATIENT=colonel; VERB=protect; AGENT=child
Sentence: the",Sentence: the,first_noun,-4.479419708251953,-5.932867050170898,-1.4534473419189453,active,0.0
1545,role_labeled,passive,passive,a princess is protected by a prince .,a child protects a colonel .,a colonel is protected by a child .,a,child,a,colonel,protect,protects,protected,"[""PATIENT=colonel"", ""VERB=protect"", ""AGENT=child""]","Prime sentence: a princess is protected by a prince .
Event roles: PATIENT=colonel; VERB=protect; AGENT=child
Sentence: the",Sentence: the,first_noun,-4.274077415466309,-5.961175918579102,-1.687098503112793,active,0.0
1545,role_labeled,no_prime_eos,no_prime_eos,,a child protects a colonel .,a colonel is protected by a child .,a,child,a,colonel,protect,protects,protected,"[""PATIENT=colonel"", ""VERB=protect"", ""AGENT=child""]","Event roles: PATIENT=colonel; VERB=protect; AGENT=child
Sentence: the",Sentence: the,first_noun,-3.6971356868743896,-4.886488914489746,-1.1893532276153564,active,0.0
1545,role_labeled,filler,filler,The planet shimmered above the valley .,a child protects a colonel .,a colonel is protected by a child .,a,child,a,colonel,protect,protects,protected,"[""PATIENT=colonel"", ""VERB=protect"", ""AGENT=child""]","Prime sentence: The planet shimmered above the valley .
Event roles: PATIENT=colonel; VERB=protect; AGENT=child
Sentence: the",Sentence: the,first_noun,-4.853518486022949,-5.904309272766113,-1.050790786743164,active,0.0
1546,role_labeled,active,active,a minister bothers a mother .,an aunt bothers an author .,an author is bothered by an aunt .,an,aunt,an,author,bother,bothers,bothered,"[""PATIENT=author"", ""VERB=bother"", ""AGENT=aunt""]","Prime sentence: a minister bothers a mother .
Event roles: PATIENT=author; VERB=bother; AGENT=aunt
Sentence: the",Sentence: the,first_noun,-5.9240312576293945,-5.9427809715271,-0.018749713897705078,active,0.0
1546,role_labeled,passive,passive,a mother is bothered by a minister .,an aunt bothers an author .,an author is bothered by an aunt .,an,aunt,an,author,bother,bothers,bothered,"[""PATIENT=author"", ""VERB=bother"", ""AGENT=aunt""]","Prime sentence: a mother is bothered by a minister .
Event roles: PATIENT=author; VERB=bother; AGENT=aunt
Sentence: the",Sentence: the,first_noun,-6.403158187866211,-6.0224761962890625,0.38068199157714844,passive,1.0
1546,role_labeled,no_prime_eos,no_prime_eos,,an aunt bothers an author .,an author is bothered by an aunt .,an,aunt,an,author,bother,bothers,bothered,"[""PATIENT=author"", ""VERB=bother"", ""AGENT=aunt""]","Event roles: PATIENT=author; VERB=bother; AGENT=aunt
Sentence: the",Sentence: the,first_noun,-7.730587005615234,-4.6109795570373535,3.119607448577881,passive,1.0
1546,role_labeled,filler,filler,The teacher listened during assembly .,an aunt bothers an author .,an author is bothered by an aunt .,an,aunt,an,author,bother,bothers,bothered,"[""PATIENT=author"", ""VERB=bother"", ""AGENT=aunt""]","Prime sentence: The teacher listened during assembly .
Event roles: PATIENT=author; VERB=bother; AGENT=aunt
Sentence: the",Sentence: the,first_noun,-5.007486820220947,-5.7777276039123535,-0.7702407836914062,active,0.0
1547,role_labeled,active,active,an adult kills an attorney .,a man kills a manager .,a manager is killed by a man .,a,man,a,manager,kill,kills,killed,"[""VERB=kill"", ""AGENT=man"", ""PATIENT=manager""]","Prime sentence: an adult kills an attorney .
Event roles: VERB=kill; AGENT=man; PATIENT=manager
Sentence: the",Sentence: the,first_noun,-3.6810600757598877,-5.1908369064331055,-1.5097768306732178,active,0.0
1547,role_labeled,passive,passive,an attorney is killed by an adult .,a man kills a manager .,a manager is killed by a man .,a,man,a,manager,kill,kills,killed,"[""VERB=kill"", ""AGENT=man"", ""PATIENT=manager""]","Prime sentence: an attorney is killed by an adult .
Event roles: VERB=kill; AGENT=man; PATIENT=manager
Sentence: the",Sentence: the,first_noun,-3.516169786453247,-4.35952091217041,-0.8433511257171631,active,0.0
1547,role_labeled,no_prime_eos,no_prime_eos,,a man kills a manager .,a manager is killed by a man .,a,man,a,manager,kill,kills,killed,"[""VERB=kill"", ""AGENT=man"", ""PATIENT=manager""]","Event roles: VERB=kill; AGENT=man; PATIENT=manager
Sentence: the",Sentence: the,first_noun,-3.487607955932617,-4.1791157722473145,-0.6915078163146973,active,0.0
1547,role_labeled,filler,filler,The garden brightened after rain .,a man kills a manager .,a manager is killed by a man .,a,man,a,manager,kill,kills,killed,"[""VERB=kill"", ""AGENT=man"", ""PATIENT=manager""]","Prime sentence: The garden brightened after rain .
Event roles: VERB=kill; AGENT=man; PATIENT=manager
Sentence: the",Sentence: the,first_noun,-4.548969268798828,-7.0759782791137695,-2.5270090103149414,active,0.0
1548,role_labeled,active,active,a singer hurts a soldier .,an employer hurts a father .,a father is hurt by an employer .,an,employer,a,father,hurt,hurts,hurt,"[""PATIENT=father"", ""VERB=hurt"", ""AGENT=employer""]","Prime sentence: a singer hurts a soldier .
Event roles: PATIENT=father; VERB=hurt; AGENT=employer
Sentence: the",Sentence: the,first_noun,-6.915522575378418,-3.7073259353637695,3.2081966400146484,passive,1.0
1548,role_labeled,passive,passive,a soldier is hurt by a singer .,an employer hurts a father .,a father is hurt by an employer .,an,employer,a,father,hurt,hurts,hurt,"[""PATIENT=father"", ""VERB=hurt"", ""AGENT=employer""]","Prime sentence: a soldier is hurt by a singer .
Event roles: PATIENT=father; VERB=hurt; AGENT=employer
Sentence: the",Sentence: the,first_noun,-6.522143363952637,-3.3339831829071045,3.1881601810455322,passive,1.0
1548,role_labeled,no_prime_eos,no_prime_eos,,an employer hurts a father .,a father is hurt by an employer .,an,employer,a,father,hurt,hurts,hurt,"[""PATIENT=father"", ""VERB=hurt"", ""AGENT=employer""]","Event roles: PATIENT=father; VERB=hurt; AGENT=employer
Sentence: the",Sentence: the,first_noun,-5.445293426513672,-3.6299962997436523,1.8152971267700195,passive,1.0
1548,role_labeled,filler,filler,The radio crackled in the attic .,an employer hurts a father .,a father is hurt by an employer .,an,employer,a,father,hurt,hurts,hurt,"[""PATIENT=father"", ""VERB=hurt"", ""AGENT=employer""]","Prime sentence: The radio crackled in the attic .
Event roles: PATIENT=father; VERB=hurt; AGENT=employer
Sentence: the",Sentence: the,first_noun,-8.545007705688477,-4.8958420753479,3.649165630340576,passive,1.0
1549,role_labeled,active,active,a child washes a colonel .,a priest washes a prince .,a prince is washed by a priest .,a,priest,a,prince,wash,washes,washed,"[""VERB=wash"", ""AGENT=priest"", ""PATIENT=prince""]","Prime sentence: a child washes a colonel .
Event roles: VERB=wash; AGENT=priest; PATIENT=prince
Sentence: the",Sentence: the,first_noun,-3.6979918479919434,-4.016515731811523,-0.3185238838195801,active,0.0
1549,role_labeled,passive,passive,a colonel is washed by a child .,a priest washes a prince .,a prince is washed by a priest .,a,priest,a,prince,wash,washes,washed,"[""VERB=wash"", ""AGENT=priest"", ""PATIENT=prince""]","Prime sentence: a colonel is washed by a child .
Event roles: VERB=wash; AGENT=priest; PATIENT=prince
Sentence: the",Sentence: the,first_noun,-3.6340348720550537,-4.343255043029785,-0.7092201709747314,active,0.0
1549,role_labeled,no_prime_eos,no_prime_eos,,a priest washes a prince .,a prince is washed by a priest .,a,priest,a,prince,wash,washes,washed,"[""VERB=wash"", ""AGENT=priest"", ""PATIENT=prince""]","Event roles: VERB=wash; AGENT=priest; PATIENT=prince
Sentence: the",Sentence: the,first_noun,-4.015378952026367,-4.265475749969482,-0.25009679794311523,active,0.0
1549,role_labeled,filler,filler,The sculpture stood in the hallway .,a priest washes a prince .,a prince is washed by a priest .,a,priest,a,prince,wash,washes,washed,"[""VERB=wash"", ""AGENT=priest"", ""PATIENT=prince""]","Prime sentence: The sculpture stood in the hallway .
Event roles: VERB=wash; AGENT=priest; PATIENT=prince
Sentence: the",Sentence: the,first_noun,-3.887627363204956,-5.115418434143066,-1.2277910709381104,active,0.0
1550,role_labeled,active,active,an adult raises an attorney .,a man raises a manager .,a manager is raised by a man .,a,man,a,manager,rais,raises,raised,"[""VERB=rais"", ""AGENT=man"", ""PATIENT=manager""]","Prime sentence: an adult raises an attorney .
Event roles: VERB=rais; AGENT=man; PATIENT=manager
Sentence: the",Sentence: the,first_noun,-3.5000853538513184,-4.1230340003967285,-0.6229486465454102,active,0.0
1550,role_labeled,passive,passive,an attorney is raised by an adult .,a man raises a manager .,a manager is raised by a man .,a,man,a,manager,rais,raises,raised,"[""VERB=rais"", ""AGENT=man"", ""PATIENT=manager""]","Prime sentence: an attorney is raised by an adult .
Event roles: VERB=rais; AGENT=man; PATIENT=manager
Sentence: the",Sentence: the,first_noun,-3.864943742752075,-5.080252170562744,-1.215308427810669,active,0.0
1550,role_labeled,no_prime_eos,no_prime_eos,,a man raises a manager .,a manager is raised by a man .,a,man,a,manager,rais,raises,raised,"[""VERB=rais"", ""AGENT=man"", ""PATIENT=manager""]","Event roles: VERB=rais; AGENT=man; PATIENT=manager
Sentence: the",Sentence: the,first_noun,-3.9443607330322266,-4.2805585861206055,-0.3361978530883789,active,0.0
1550,role_labeled,filler,filler,The sculpture stood in the hallway .,a man raises a manager .,a manager is raised by a man .,a,man,a,manager,rais,raises,raised,"[""VERB=rais"", ""AGENT=man"", ""PATIENT=manager""]","Prime sentence: The sculpture stood in the hallway .
Event roles: VERB=rais; AGENT=man; PATIENT=manager
Sentence: the",Sentence: the,first_noun,-3.859689474105835,-4.780317306518555,-0.9206278324127197,active,0.0
1551,role_labeled,active,active,a father comforts a friend .,a singer comforts a soldier .,a soldier is comforted by a singer .,a,singer,a,soldier,comfort,comforts,comforted,"[""AGENT=singer"", ""PATIENT=soldier"", ""VERB=comfort""]","Prime sentence: a father comforts a friend .
Event roles: AGENT=singer; PATIENT=soldier; VERB=comfort
Sentence: the",Sentence: the,first_noun,-6.007360458374023,-3.705227851867676,2.3021326065063477,passive,1.0
1551,role_labeled,passive,passive,a friend is comforted by a father .,a singer comforts a soldier .,a soldier is comforted by a singer .,a,singer,a,soldier,comfort,comforts,comforted,"[""AGENT=singer"", ""PATIENT=soldier"", ""VERB=comfort""]","Prime sentence: a friend is comforted by a father .
Event roles: AGENT=singer; PATIENT=soldier; VERB=comfort
Sentence: the",Sentence: the,first_noun,-6.397832870483398,-3.6262006759643555,2.771632194519043,passive,1.0
1551,role_labeled,no_prime_eos,no_prime_eos,,a singer comforts a soldier .,a soldier is comforted by a singer .,a,singer,a,soldier,comfort,comforts,comforted,"[""AGENT=singer"", ""PATIENT=soldier"", ""VERB=comfort""]","Event roles: AGENT=singer; PATIENT=soldier; VERB=comfort
Sentence: the",Sentence: the,first_noun,-4.905723571777344,-3.9001874923706055,1.0055360794067383,passive,1.0
1551,role_labeled,filler,filler,The package arrived before noon .,a singer comforts a soldier .,a soldier is comforted by a singer .,a,singer,a,soldier,comfort,comforts,comforted,"[""AGENT=singer"", ""PATIENT=soldier"", ""VERB=comfort""]","Prime sentence: The package arrived before noon .
Event roles: AGENT=singer; PATIENT=soldier; VERB=comfort
Sentence: the",Sentence: the,first_noun,-5.9244489669799805,-3.954115867614746,1.9703330993652344,passive,1.0
1552,role_labeled,active,active,an author understands a bishop .,a minister understands a mother .,a mother is understood by a minister .,a,minister,a,mother,understand,understands,understood,"[""VERB=understand"", ""AGENT=minister"", ""PATIENT=mother""]","Prime sentence: an author understands a bishop .
Event roles: VERB=understand; AGENT=minister; PATIENT=mother
Sentence: the",Sentence: the,first_noun,-5.25322961807251,-5.095661163330078,0.15756845474243164,passive,1.0
1552,role_labeled,passive,passive,a bishop is understood by an author .,a minister understands a mother .,a mother is understood by a minister .,a,minister,a,mother,understand,understands,understood,"[""VERB=understand"", ""AGENT=minister"", ""PATIENT=mother""]","Prime sentence: a bishop is understood by an author .
Event roles: VERB=understand; AGENT=minister; PATIENT=mother
Sentence: the",Sentence: the,first_noun,-5.486475944519043,-5.008591651916504,0.47788429260253906,passive,1.0
1552,role_labeled,no_prime_eos,no_prime_eos,,a minister understands a mother .,a mother is understood by a minister .,a,minister,a,mother,understand,understands,understood,"[""VERB=understand"", ""AGENT=minister"", ""PATIENT=mother""]","Event roles: VERB=understand; AGENT=minister; PATIENT=mother
Sentence: the",Sentence: the,first_noun,-4.580385208129883,-4.56886625289917,0.01151895523071289,passive,1.0
1552,role_labeled,filler,filler,The window rattled during the storm .,a minister understands a mother .,a mother is understood by a minister .,a,minister,a,mother,understand,understands,understood,"[""VERB=understand"", ""AGENT=minister"", ""PATIENT=mother""]","Prime sentence: The window rattled during the storm .
Event roles: VERB=understand; AGENT=minister; PATIENT=mother
Sentence: the",Sentence: the,first_noun,-7.419710159301758,-5.6982102394104,1.7214999198913574,passive,1.0
1553,role_labeled,active,active,a mother strikes a nurse .,an author strikes a bishop .,a bishop is struck by an author .,an,author,a,bishop,strik,strikes,struck,"[""AGENT=author"", ""PATIENT=bishop"", ""VERB=strik""]","Prime sentence: a mother strikes a nurse .
Event roles: AGENT=author; PATIENT=bishop; VERB=strik
Sentence: the",Sentence: the,first_noun,-6.522844314575195,-4.062136650085449,2.460707664489746,passive,1.0
1553,role_labeled,passive,passive,a nurse is struck by a mother .,an author strikes a bishop .,a bishop is struck by an author .,an,author,a,bishop,strik,strikes,struck,"[""AGENT=author"", ""PATIENT=bishop"", ""VERB=strik""]","Prime sentence: a nurse is struck by a mother .
Event roles: AGENT=author; PATIENT=bishop; VERB=strik
Sentence: the",Sentence: the,first_noun,-5.811511039733887,-3.6134588718414307,2.198052167892456,passive,1.0
1553,role_labeled,no_prime_eos,no_prime_eos,,an author strikes a bishop .,a bishop is struck by an author .,an,author,a,bishop,strik,strikes,struck,"[""AGENT=author"", ""PATIENT=bishop"", ""VERB=strik""]","Event roles: AGENT=author; PATIENT=bishop; VERB=strik
Sentence: the",Sentence: the,first_noun,-4.4097700119018555,-3.7959935665130615,0.613776445388794,passive,1.0
1553,role_labeled,filler,filler,The kettle whistled in the kitchen .,an author strikes a bishop .,a bishop is struck by an author .,an,author,a,bishop,strik,strikes,struck,"[""AGENT=author"", ""PATIENT=bishop"", ""VERB=strik""]","Prime sentence: The kettle whistled in the kitchen .
Event roles: AGENT=author; PATIENT=bishop; VERB=strik
Sentence: the",Sentence: the,first_noun,-7.381086349487305,-5.497189521789551,1.883896827697754,passive,1.0
1554,role_labeled,active,active,a bishop destroys a boy .,a mother destroys a nurse .,a nurse is destroyed by a mother .,a,mother,a,nurse,destroy,destroys,destroyed,"[""AGENT=mother"", ""PATIENT=nurse"", ""VERB=destroy""]","Prime sentence: a bishop destroys a boy .
Event roles: AGENT=mother; PATIENT=nurse; VERB=destroy
Sentence: the",Sentence: the,first_noun,-3.2515344619750977,-4.66430139541626,-1.412766933441162,active,0.0
1554,role_labeled,passive,passive,a boy is destroyed by a bishop .,a mother destroys a nurse .,a nurse is destroyed by a mother .,a,mother,a,nurse,destroy,destroys,destroyed,"[""AGENT=mother"", ""PATIENT=nurse"", ""VERB=destroy""]","Prime sentence: a boy is destroyed by a bishop .
Event roles: AGENT=mother; PATIENT=nurse; VERB=destroy
Sentence: the",Sentence: the,first_noun,-3.854698657989502,-4.96721076965332,-1.1125121116638184,active,0.0
1554,role_labeled,no_prime_eos,no_prime_eos,,a mother destroys a nurse .,a nurse is destroyed by a mother .,a,mother,a,nurse,destroy,destroys,destroyed,"[""AGENT=mother"", ""PATIENT=nurse"", ""VERB=destroy""]","Event roles: AGENT=mother; PATIENT=nurse; VERB=destroy
Sentence: the",Sentence: the,first_noun,-2.9163310527801514,-4.0080366134643555,-1.091705560684204,active,0.0
1554,role_labeled,filler,filler,The window rattled during the storm .,a mother destroys a nurse .,a nurse is destroyed by a mother .,a,mother,a,nurse,destroy,destroys,destroyed,"[""AGENT=mother"", ""PATIENT=nurse"", ""VERB=destroy""]","Prime sentence: The window rattled during the storm .
Event roles: AGENT=mother; PATIENT=nurse; VERB=destroy
Sentence: the",Sentence: the,first_noun,-4.9268879890441895,-5.198605060577393,-0.2717170715332031,active,0.0
1555,role_labeled,active,active,a kid hurts a king .,a winner hurts a woman .,a woman is hurt by a winner .,a,winner,a,woman,hurt,hurts,hurt,"[""AGENT=winner"", ""VERB=hurt"", ""PATIENT=woman""]","Prime sentence: a kid hurts a king .
Event roles: AGENT=winner; VERB=hurt; PATIENT=woman
Sentence: the",Sentence: the,first_noun,-7.363669395446777,-5.144514560699463,2.2191548347473145,passive,1.0
1555,role_labeled,passive,passive,a king is hurt by a kid .,a winner hurts a woman .,a woman is hurt by a winner .,a,winner,a,woman,hurt,hurts,hurt,"[""AGENT=winner"", ""VERB=hurt"", ""PATIENT=woman""]","Prime sentence: a king is hurt by a kid .
Event roles: AGENT=winner; VERB=hurt; PATIENT=woman
Sentence: the",Sentence: the,first_noun,-7.218310356140137,-4.951591491699219,2.266718864440918,passive,1.0
1555,role_labeled,no_prime_eos,no_prime_eos,,a winner hurts a woman .,a woman is hurt by a winner .,a,winner,a,woman,hurt,hurts,hurt,"[""AGENT=winner"", ""VERB=hurt"", ""PATIENT=woman""]","Event roles: AGENT=winner; VERB=hurt; PATIENT=woman
Sentence: the",Sentence: the,first_noun,-3.6654016971588135,-3.20273756980896,0.4626641273498535,passive,1.0
1555,role_labeled,filler,filler,The garden brightened after rain .,a winner hurts a woman .,a woman is hurt by a winner .,a,winner,a,woman,hurt,hurts,hurt,"[""AGENT=winner"", ""VERB=hurt"", ""PATIENT=woman""]","Prime sentence: The garden brightened after rain .
Event roles: AGENT=winner; VERB=hurt; PATIENT=woman
Sentence: the",Sentence: the,first_noun,-8.425838470458984,-4.828739166259766,3.5970993041992188,passive,1.0
1556,role_labeled,active,active,a champion washes a chief .,a pilot washes a president .,a president is washed by a pilot .,a,pilot,a,president,wash,washes,washed,"[""PATIENT=president"", ""AGENT=pilot"", ""VERB=wash""]","Prime sentence: a champion washes a chief .
Event roles: PATIENT=president; AGENT=pilot; VERB=wash
Sentence: the",Sentence: the,first_noun,-4.429300308227539,-3.62038516998291,0.8089151382446289,passive,1.0
1556,role_labeled,passive,passive,a chief is washed by a champion .,a pilot washes a president .,a president is washed by a pilot .,a,pilot,a,president,wash,washes,washed,"[""PATIENT=president"", ""AGENT=pilot"", ""VERB=wash""]","Prime sentence: a chief is washed by a champion .
Event roles: PATIENT=president; AGENT=pilot; VERB=wash
Sentence: the",Sentence: the,first_noun,-4.6140241622924805,-3.9405860900878906,0.6734380722045898,passive,1.0
1556,role_labeled,no_prime_eos,no_prime_eos,,a pilot washes a president .,a president is washed by a pilot .,a,pilot,a,president,wash,washes,washed,"[""PATIENT=president"", ""AGENT=pilot"", ""VERB=wash""]","Event roles: PATIENT=president; AGENT=pilot; VERB=wash
Sentence: the",Sentence: the,first_noun,-3.134526014328003,-3.506098985671997,-0.37157297134399414,active,0.0
1556,role_labeled,filler,filler,The lantern glowed near sunset .,a pilot washes a president .,a president is washed by a pilot .,a,pilot,a,president,wash,washes,washed,"[""PATIENT=president"", ""AGENT=pilot"", ""VERB=wash""]","Prime sentence: The lantern glowed near sunset .
Event roles: PATIENT=president; AGENT=pilot; VERB=wash
Sentence: the",Sentence: the,first_noun,-4.1443328857421875,-5.3633527755737305,-1.219019889831543,active,0.0
1557,role_labeled,active,active,an employer strikes a father .,a sheriff strikes a singer .,a singer is struck by a sheriff .,a,sheriff,a,singer,strik,strikes,struck,"[""VERB=strik"", ""AGENT=sheriff"", ""PATIENT=singer""]","Prime sentence: an employer strikes a father .
Event roles: VERB=strik; AGENT=sheriff; PATIENT=singer
Sentence: the",Sentence: the,first_noun,-4.631906509399414,-6.201491832733154,-1.5695853233337402,active,0.0
1557,role_labeled,passive,passive,a father is struck by an employer .,a sheriff strikes a singer .,a singer is struck by a sheriff .,a,sheriff,a,singer,strik,strikes,struck,"[""VERB=strik"", ""AGENT=sheriff"", ""PATIENT=singer""]","Prime sentence: a father is struck by an employer .
Event roles: VERB=strik; AGENT=sheriff; PATIENT=singer
Sentence: the",Sentence: the,first_noun,-4.8446784019470215,-6.100355625152588,-1.2556772232055664,active,0.0
1557,role_labeled,no_prime_eos,no_prime_eos,,a sheriff strikes a singer .,a singer is struck by a sheriff .,a,sheriff,a,singer,strik,strikes,struck,"[""VERB=strik"", ""AGENT=sheriff"", ""PATIENT=singer""]","Event roles: VERB=strik; AGENT=sheriff; PATIENT=singer
Sentence: the",Sentence: the,first_noun,-6.570295333862305,-6.550722122192383,0.019573211669921875,passive,1.0
1557,role_labeled,filler,filler,The lantern glowed near sunset .,a sheriff strikes a singer .,a singer is struck by a sheriff .,a,sheriff,a,singer,strik,strikes,struck,"[""VERB=strik"", ""AGENT=sheriff"", ""PATIENT=singer""]","Prime sentence: The lantern glowed near sunset .
Event roles: VERB=strik; AGENT=sheriff; PATIENT=singer
Sentence: the",Sentence: the,first_noun,-5.922350883483887,-7.605816841125488,-1.6834659576416016,active,0.0
1558,role_labeled,active,active,a hero describes a husband .,an uncle describes a wife .,a wife is described by an uncle .,an,uncle,a,wife,describ,describes,described,"[""VERB=describ"", ""PATIENT=wife"", ""AGENT=uncle""]","Prime sentence: a hero describes a husband .
Event roles: VERB=describ; PATIENT=wife; AGENT=uncle
Sentence: the",Sentence: the,first_noun,-7.049267768859863,-3.9889891147613525,3.0602786540985107,passive,1.0
1558,role_labeled,passive,passive,a husband is described by a hero .,an uncle describes a wife .,a wife is described by an uncle .,an,uncle,a,wife,describ,describes,described,"[""VERB=describ"", ""PATIENT=wife"", ""AGENT=uncle""]","Prime sentence: a husband is described by a hero .
Event roles: VERB=describ; PATIENT=wife; AGENT=uncle
Sentence: the",Sentence: the,first_noun,-6.758558750152588,-3.731314182281494,3.0272445678710938,passive,1.0
1558,role_labeled,no_prime_eos,no_prime_eos,,an uncle describes a wife .,a wife is described by an uncle .,an,uncle,a,wife,describ,describes,described,"[""VERB=describ"", ""PATIENT=wife"", ""AGENT=uncle""]","Event roles: VERB=describ; PATIENT=wife; AGENT=uncle
Sentence: the",Sentence: the,first_noun,-7.356086730957031,-4.092764854431152,3.263321876525879,passive,1.0
1558,role_labeled,filler,filler,The engine cooled before dawn .,an uncle describes a wife .,a wife is described by an uncle .,an,uncle,a,wife,describ,describes,described,"[""VERB=describ"", ""PATIENT=wife"", ""AGENT=uncle""]","Prime sentence: The engine cooled before dawn .
Event roles: VERB=describ; PATIENT=wife; AGENT=uncle
Sentence: the",Sentence: the,first_noun,-7.5055694580078125,-5.024382591247559,2.481186866760254,passive,1.0
1559,role_labeled,active,active,a candidate grabs a captain .,a partner grabs a physician .,a physician is grabbed by a partner .,a,partner,a,physician,grab,grabs,grabbed,"[""AGENT=partner"", ""VERB=grab"", ""PATIENT=physician""]","Prime sentence: a candidate grabs a captain .
Event roles: AGENT=partner; VERB=grab; PATIENT=physician
Sentence: the",Sentence: the,first_noun,-6.717942237854004,-5.224936485290527,1.4930057525634766,passive,1.0
1559,role_labeled,passive,passive,a captain is grabbed by a candidate .,a partner grabs a physician .,a physician is grabbed by a partner .,a,partner,a,physician,grab,grabs,grabbed,"[""AGENT=partner"", ""VERB=grab"", ""PATIENT=physician""]","Prime sentence: a captain is grabbed by a candidate .
Event roles: AGENT=partner; VERB=grab; PATIENT=physician
Sentence: the",Sentence: the,first_noun,-6.510304927825928,-5.058834552764893,1.4514703750610352,passive,1.0
1559,role_labeled,no_prime_eos,no_prime_eos,,a partner grabs a physician .,a physician is grabbed by a partner .,a,partner,a,physician,grab,grabs,grabbed,"[""AGENT=partner"", ""VERB=grab"", ""PATIENT=physician""]","Event roles: AGENT=partner; VERB=grab; PATIENT=physician
Sentence: the",Sentence: the,first_noun,-6.255892753601074,-3.9746053218841553,2.281287431716919,passive,1.0
1559,role_labeled,filler,filler,The singer smiled after rehearsal .,a partner grabs a physician .,a physician is grabbed by a partner .,a,partner,a,physician,grab,grabs,grabbed,"[""AGENT=partner"", ""VERB=grab"", ""PATIENT=physician""]","Prime sentence: The singer smiled after rehearsal .
Event roles: AGENT=partner; VERB=grab; PATIENT=physician
Sentence: the",Sentence: the,first_noun,-7.52012300491333,-6.173871994018555,1.3462510108947754,passive,1.0
1560,role_labeled,active,active,a priest grabs a prince .,a chief grabs a child .,a child is grabbed by a chief .,a,chief,a,child,grab,grabs,grabbed,"[""AGENT=chief"", ""VERB=grab"", ""PATIENT=child""]","Prime sentence: a priest grabs a prince .
Event roles: AGENT=chief; VERB=grab; PATIENT=child
Sentence: the",Sentence: the,first_noun,-4.014480113983154,-4.284515380859375,-0.2700352668762207,active,0.0
1560,role_labeled,passive,passive,a prince is grabbed by a priest .,a chief grabs a child .,a child is grabbed by a chief .,a,chief,a,child,grab,grabs,grabbed,"[""AGENT=chief"", ""VERB=grab"", ""PATIENT=child""]","Prime sentence: a prince is grabbed by a priest .
Event roles: AGENT=chief; VERB=grab; PATIENT=child
Sentence: the",Sentence: the,first_noun,-4.487903594970703,-4.040151119232178,0.4477524757385254,passive,1.0
1560,role_labeled,no_prime_eos,no_prime_eos,,a chief grabs a child .,a child is grabbed by a chief .,a,chief,a,child,grab,grabs,grabbed,"[""AGENT=chief"", ""VERB=grab"", ""PATIENT=child""]","Event roles: AGENT=chief; VERB=grab; PATIENT=child
Sentence: the",Sentence: the,first_noun,-3.606215000152588,-3.43580961227417,0.17040538787841797,passive,1.0
1560,role_labeled,filler,filler,The singer smiled after rehearsal .,a chief grabs a child .,a child is grabbed by a chief .,a,chief,a,child,grab,grabs,grabbed,"[""AGENT=chief"", ""VERB=grab"", ""PATIENT=child""]","Prime sentence: The singer smiled after rehearsal .
Event roles: AGENT=chief; VERB=grab; PATIENT=child
Sentence: the",Sentence: the,first_noun,-6.062489032745361,-5.183846950531006,0.8786420822143555,passive,1.0
1561,role_labeled,active,active,a mother raises a nurse .,an author raises a bishop .,a bishop is raised by an author .,an,author,a,bishop,rais,raises,raised,"[""VERB=rais"", ""AGENT=author"", ""PATIENT=bishop""]","Prime sentence: a mother raises a nurse .
Event roles: VERB=rais; AGENT=author; PATIENT=bishop
Sentence: the",Sentence: the,first_noun,-6.180577754974365,-3.7488479614257812,2.431729793548584,passive,1.0
1561,role_labeled,passive,passive,a nurse is raised by a mother .,an author raises a bishop .,a bishop is raised by an author .,an,author,a,bishop,rais,raises,raised,"[""VERB=rais"", ""AGENT=author"", ""PATIENT=bishop""]","Prime sentence: a nurse is raised by a mother .
Event roles: VERB=rais; AGENT=author; PATIENT=bishop
Sentence: the",Sentence: the,first_noun,-6.060054779052734,-3.959348678588867,2.100706100463867,passive,1.0
1561,role_labeled,no_prime_eos,no_prime_eos,,an author raises a bishop .,a bishop is raised by an author .,an,author,a,bishop,rais,raises,raised,"[""VERB=rais"", ""AGENT=author"", ""PATIENT=bishop""]","Event roles: VERB=rais; AGENT=author; PATIENT=bishop
Sentence: the",Sentence: the,first_noun,-4.892434120178223,-4.180758476257324,0.7116756439208984,passive,1.0
1561,role_labeled,filler,filler,The tourist wandered through the plaza .,an author raises a bishop .,a bishop is raised by an author .,an,author,a,bishop,rais,raises,raised,"[""VERB=rais"", ""AGENT=author"", ""PATIENT=bishop""]","Prime sentence: The tourist wandered through the plaza .
Event roles: VERB=rais; AGENT=author; PATIENT=bishop
Sentence: the",Sentence: the,first_noun,-7.055992126464844,-3.9873526096343994,3.0686395168304443,passive,1.0
1562,role_labeled,active,active,a candidate describes a captain .,a partner describes a physician .,a physician is described by a partner .,a,partner,a,physician,describ,describes,described,"[""AGENT=partner"", ""VERB=describ"", ""PATIENT=physician""]","Prime sentence: a candidate describes a captain .
Event roles: AGENT=partner; VERB=describ; PATIENT=physician
Sentence: the",Sentence: the,first_noun,-6.928798198699951,-4.943106174468994,1.985692024230957,passive,1.0
1562,role_labeled,passive,passive,a captain is described by a candidate .,a partner describes a physician .,a physician is described by a partner .,a,partner,a,physician,describ,describes,described,"[""AGENT=partner"", ""VERB=describ"", ""PATIENT=physician""]","Prime sentence: a captain is described by a candidate .
Event roles: AGENT=partner; VERB=describ; PATIENT=physician
Sentence: the",Sentence: the,first_noun,-6.715397834777832,-5.0075883865356445,1.7078094482421875,passive,1.0
1562,role_labeled,no_prime_eos,no_prime_eos,,a partner describes a physician .,a physician is described by a partner .,a,partner,a,physician,describ,describes,described,"[""AGENT=partner"", ""VERB=describ"", ""PATIENT=physician""]","Event roles: AGENT=partner; VERB=describ; PATIENT=physician
Sentence: the",Sentence: the,first_noun,-6.48945426940918,-3.7350142002105713,2.7544400691986084,passive,1.0
1562,role_labeled,filler,filler,The notebook stayed on the shelf .,a partner describes a physician .,a physician is described by a partner .,a,partner,a,physician,describ,describes,described,"[""AGENT=partner"", ""VERB=describ"", ""PATIENT=physician""]","Prime sentence: The notebook stayed on the shelf .
Event roles: AGENT=partner; VERB=describ; PATIENT=physician
Sentence: the",Sentence: the,first_noun,-7.376833915710449,-5.306117057800293,2.0707168579101562,passive,1.0
1563,role_labeled,active,active,a friend judges a girl .,a soldier judges a son .,a son is judged by a soldier .,a,soldier,a,son,judg,judges,judged,"[""PATIENT=son"", ""AGENT=soldier"", ""VERB=judg""]","Prime sentence: a friend judges a girl .
Event roles: PATIENT=son; AGENT=soldier; VERB=judg
Sentence: the",Sentence: the,first_noun,-3.2274229526519775,-4.577130317687988,-1.3497073650360107,active,0.0
1563,role_labeled,passive,passive,a girl is judged by a friend .,a soldier judges a son .,a son is judged by a soldier .,a,soldier,a,son,judg,judges,judged,"[""PATIENT=son"", ""AGENT=soldier"", ""VERB=judg""]","Prime sentence: a girl is judged by a friend .
Event roles: PATIENT=son; AGENT=soldier; VERB=judg
Sentence: the",Sentence: the,first_noun,-3.061060667037964,-4.879549026489258,-1.818488359451294,active,0.0
1563,role_labeled,no_prime_eos,no_prime_eos,,a soldier judges a son .,a son is judged by a soldier .,a,soldier,a,son,judg,judges,judged,"[""PATIENT=son"", ""AGENT=soldier"", ""VERB=judg""]","Event roles: PATIENT=son; AGENT=soldier; VERB=judg
Sentence: the",Sentence: the,first_noun,-3.657559633255005,-4.607295989990234,-0.9497363567352295,active,0.0
1563,role_labeled,filler,filler,The radio crackled in the attic .,a soldier judges a son .,a son is judged by a soldier .,a,soldier,a,son,judg,judges,judged,"[""PATIENT=son"", ""AGENT=soldier"", ""VERB=judg""]","Prime sentence: The radio crackled in the attic .
Event roles: PATIENT=son; AGENT=soldier; VERB=judg
Sentence: the",Sentence: the,first_noun,-4.200187683105469,-5.690488338470459,-1.4903006553649902,active,0.0
1564,role_labeled,active,active,a professor forgets a reader .,a cop forgets a cousin .,a cousin is forgotten by a cop .,a,cop,a,cousin,forget,forgets,forgotten,"[""VERB=forget"", ""AGENT=cop"", ""PATIENT=cousin""]","Prime sentence: a professor forgets a reader .
Event roles: VERB=forget; AGENT=cop; PATIENT=cousin
Sentence: the",Sentence: the,first_noun,-5.745022773742676,-8.990886688232422,-3.245863914489746,active,0.0
1564,role_labeled,passive,passive,a reader is forgotten by a professor .,a cop forgets a cousin .,a cousin is forgotten by a cop .,a,cop,a,cousin,forget,forgets,forgotten,"[""VERB=forget"", ""AGENT=cop"", ""PATIENT=cousin""]","Prime sentence: a reader is forgotten by a professor .
Event roles: VERB=forget; AGENT=cop; PATIENT=cousin
Sentence: the",Sentence: the,first_noun,-6.299424171447754,-9.491557121276855,-3.1921329498291016,active,0.0
1564,role_labeled,no_prime_eos,no_prime_eos,,a cop forgets a cousin .,a cousin is forgotten by a cop .,a,cop,a,cousin,forget,forgets,forgotten,"[""VERB=forget"", ""AGENT=cop"", ""PATIENT=cousin""]","Event roles: VERB=forget; AGENT=cop; PATIENT=cousin
Sentence: the",Sentence: the,first_noun,-6.222599029541016,-9.378730773925781,-3.1561317443847656,active,0.0
1564,role_labeled,filler,filler,The traveler rested beside the river .,a cop forgets a cousin .,a cousin is forgotten by a cop .,a,cop,a,cousin,forget,forgets,forgotten,"[""VERB=forget"", ""AGENT=cop"", ""PATIENT=cousin""]","Prime sentence: The traveler rested beside the river .
Event roles: VERB=forget; AGENT=cop; PATIENT=cousin
Sentence: the",Sentence: the,first_noun,-7.813640594482422,-8.727835655212402,-0.9141950607299805,active,0.0
1565,role_labeled,active,active,a captain helps a champion .,a physician helps a pilot .,a pilot is helped by a physician .,a,physician,a,pilot,help,helps,helped,"[""PATIENT=pilot"", ""VERB=help"", ""AGENT=physician""]","Prime sentence: a captain helps a champion .
Event roles: PATIENT=pilot; VERB=help; AGENT=physician
Sentence: the",Sentence: the,first_noun,-6.136866569519043,-4.4723687171936035,1.6644978523254395,passive,1.0
1565,role_labeled,passive,passive,a champion is helped by a captain .,a physician helps a pilot .,a pilot is helped by a physician .,a,physician,a,pilot,help,helps,helped,"[""PATIENT=pilot"", ""VERB=help"", ""AGENT=physician""]","Prime sentence: a champion is helped by a captain .
Event roles: PATIENT=pilot; VERB=help; AGENT=physician
Sentence: the",Sentence: the,first_noun,-5.712297439575195,-4.571106910705566,1.141190528869629,passive,1.0
1565,role_labeled,no_prime_eos,no_prime_eos,,a physician helps a pilot .,a pilot is helped by a physician .,a,physician,a,pilot,help,helps,helped,"[""PATIENT=pilot"", ""VERB=help"", ""AGENT=physician""]","Event roles: PATIENT=pilot; VERB=help; AGENT=physician
Sentence: the",Sentence: the,first_noun,-4.30372428894043,-3.145350933074951,1.1583733558654785,passive,1.0
1565,role_labeled,filler,filler,The notebook stayed on the shelf .,a physician helps a pilot .,a pilot is helped by a physician .,a,physician,a,pilot,help,helps,helped,"[""PATIENT=pilot"", ""VERB=help"", ""AGENT=physician""]","Prime sentence: The notebook stayed on the shelf .
Event roles: PATIENT=pilot; VERB=help; AGENT=physician
Sentence: the",Sentence: the,first_noun,-5.522591590881348,-3.708523988723755,1.8140676021575928,passive,1.0
1566,role_labeled,active,active,a son kills a student .,a friend kills a girl .,a girl is killed by a friend .,a,friend,a,girl,kill,kills,killed,"[""VERB=kill"", ""AGENT=friend"", ""PATIENT=girl""]","Prime sentence: a son kills a student .
Event roles: VERB=kill; AGENT=friend; PATIENT=girl
Sentence: the",Sentence: the,first_noun,-5.0253119468688965,-3.392256736755371,1.6330552101135254,passive,1.0
1566,role_labeled,passive,passive,a student is killed by a son .,a friend kills a girl .,a girl is killed by a friend .,a,friend,a,girl,kill,kills,killed,"[""VERB=kill"", ""AGENT=friend"", ""PATIENT=girl""]","Prime sentence: a student is killed by a son .
Event roles: VERB=kill; AGENT=friend; PATIENT=girl
Sentence: the",Sentence: the,first_noun,-4.7107133865356445,-3.0706605911254883,1.6400527954101562,passive,1.0
1566,role_labeled,no_prime_eos,no_prime_eos,,a friend kills a girl .,a girl is killed by a friend .,a,friend,a,girl,kill,kills,killed,"[""VERB=kill"", ""AGENT=friend"", ""PATIENT=girl""]","Event roles: VERB=kill; AGENT=friend; PATIENT=girl
Sentence: the",Sentence: the,first_noun,-5.623574256896973,-2.9480528831481934,2.6755213737487793,passive,1.0
1566,role_labeled,filler,filler,The teacher listened during assembly .,a friend kills a girl .,a girl is killed by a friend .,a,friend,a,girl,kill,kills,killed,"[""VERB=kill"", ""AGENT=friend"", ""PATIENT=girl""]","Prime sentence: The teacher listened during assembly .
Event roles: VERB=kill; AGENT=friend; PATIENT=girl
Sentence: the",Sentence: the,first_noun,-4.64509916305542,-2.779169797897339,1.865929365158081,passive,1.0
1567,role_labeled,active,active,an uncle surprises a wife .,a guy surprises a hero .,a hero is surprised by a guy .,a,guy,a,hero,surpris,surprises,surprised,"[""VERB=surpris"", ""PATIENT=hero"", ""AGENT=guy""]","Prime sentence: an uncle surprises a wife .
Event roles: VERB=surpris; PATIENT=hero; AGENT=guy
Sentence: the",Sentence: the,first_noun,-4.643545627593994,-4.936700344085693,-0.2931547164916992,active,0.0
1567,role_labeled,passive,passive,a wife is surprised by an uncle .,a guy surprises a hero .,a hero is surprised by a guy .,a,guy,a,hero,surpris,surprises,surprised,"[""VERB=surpris"", ""PATIENT=hero"", ""AGENT=guy""]","Prime sentence: a wife is surprised by an uncle .
Event roles: VERB=surpris; PATIENT=hero; AGENT=guy
Sentence: the",Sentence: the,first_noun,-4.899506092071533,-5.606139183044434,-0.7066330909729004,active,0.0
1567,role_labeled,no_prime_eos,no_prime_eos,,a guy surprises a hero .,a hero is surprised by a guy .,a,guy,a,hero,surpris,surprises,surprised,"[""VERB=surpris"", ""PATIENT=hero"", ""AGENT=guy""]","Event roles: VERB=surpris; PATIENT=hero; AGENT=guy
Sentence: the",Sentence: the,first_noun,-5.083219528198242,-4.34130859375,0.7419109344482422,passive,1.0
1567,role_labeled,filler,filler,The garden brightened after rain .,a guy surprises a hero .,a hero is surprised by a guy .,a,guy,a,hero,surpris,surprises,surprised,"[""VERB=surpris"", ""PATIENT=hero"", ""AGENT=guy""]","Prime sentence: The garden brightened after rain .
Event roles: VERB=surpris; PATIENT=hero; AGENT=guy
Sentence: the",Sentence: the,first_noun,-6.468008041381836,-6.1609697341918945,0.3070383071899414,passive,1.0
1568,role_labeled,active,active,a man forgives a manager .,an actress forgives an adult .,an adult is forgiven by an actress .,an,actress,an,adult,forgiv,forgives,forgiven,"[""VERB=forgiv"", ""PATIENT=adult"", ""AGENT=actress""]","Prime sentence: a man forgives a manager .
Event roles: VERB=forgiv; PATIENT=adult; AGENT=actress
Sentence: the",Sentence: the,first_noun,-7.446080684661865,-7.429549694061279,0.016530990600585938,passive,1.0
1568,role_labeled,passive,passive,a manager is forgiven by a man .,an actress forgives an adult .,an adult is forgiven by an actress .,an,actress,an,adult,forgiv,forgives,forgiven,"[""VERB=forgiv"", ""PATIENT=adult"", ""AGENT=actress""]","Prime sentence: a manager is forgiven by a man .
Event roles: VERB=forgiv; PATIENT=adult; AGENT=actress
Sentence: the",Sentence: the,first_noun,-7.669143199920654,-7.350980758666992,0.3181624412536621,passive,1.0
1568,role_labeled,no_prime_eos,no_prime_eos,,an actress forgives an adult .,an adult is forgiven by an actress .,an,actress,an,adult,forgiv,forgives,forgiven,"[""VERB=forgiv"", ""PATIENT=adult"", ""AGENT=actress""]","Event roles: VERB=forgiv; PATIENT=adult; AGENT=actress
Sentence: the",Sentence: the,first_noun,-6.619933128356934,-6.2250871658325195,0.39484596252441406,passive,1.0
1568,role_labeled,filler,filler,The radio crackled in the attic .,an actress forgives an adult .,an adult is forgiven by an actress .,an,actress,an,adult,forgiv,forgives,forgiven,"[""VERB=forgiv"", ""PATIENT=adult"", ""AGENT=actress""]","Prime sentence: The radio crackled in the attic .
Event roles: VERB=forgiv; PATIENT=adult; AGENT=actress
Sentence: the",Sentence: the,first_noun,-8.592434883117676,-7.550154685974121,1.0422801971435547,passive,1.0
1569,role_labeled,active,active,a student strikes a teacher .,a girl strikes a guest .,a guest is struck by a girl .,a,girl,a,guest,strik,strikes,struck,"[""AGENT=girl"", ""VERB=strik"", ""PATIENT=guest""]","Prime sentence: a student strikes a teacher .
Event roles: AGENT=girl; VERB=strik; PATIENT=guest
Sentence: the",Sentence: the,first_noun,-2.1127490997314453,-6.685929298400879,-4.573180198669434,active,0.0
1569,role_labeled,passive,passive,a teacher is struck by a student .,a girl strikes a guest .,a guest is struck by a girl .,a,girl,a,guest,strik,strikes,struck,"[""AGENT=girl"", ""VERB=strik"", ""PATIENT=guest""]","Prime sentence: a teacher is struck by a student .
Event roles: AGENT=girl; VERB=strik; PATIENT=guest
Sentence: the",Sentence: the,first_noun,-2.2627205848693848,-6.673219680786133,-4.410499095916748,active,0.0
1569,role_labeled,no_prime_eos,no_prime_eos,,a girl strikes a guest .,a guest is struck by a girl .,a,girl,a,guest,strik,strikes,struck,"[""AGENT=girl"", ""VERB=strik"", ""PATIENT=guest""]","Event roles: AGENT=girl; VERB=strik; PATIENT=guest
Sentence: the",Sentence: the,first_noun,-1.9207210540771484,-4.951198577880859,-3.030477523803711,active,0.0
1569,role_labeled,filler,filler,The planet shimmered above the valley .,a girl strikes a guest .,a guest is struck by a girl .,a,girl,a,guest,strik,strikes,struck,"[""AGENT=girl"", ""VERB=strik"", ""PATIENT=guest""]","Prime sentence: The planet shimmered above the valley .
Event roles: AGENT=girl; VERB=strik; PATIENT=guest
Sentence: the",Sentence: the,first_noun,-3.1991140842437744,-7.471673965454102,-4.272559881210327,active,0.0
1570,role_labeled,active,active,a singer teaches a soldier .,an employer teaches a father .,a father is taught by an employer .,an,employer,a,father,teach,teaches,taught,"[""AGENT=employer"", ""VERB=teach"", ""PATIENT=father""]","Prime sentence: a singer teaches a soldier .
Event roles: AGENT=employer; VERB=teach; PATIENT=father
Sentence: the",Sentence: the,first_noun,-6.216763496398926,-4.261263370513916,1.9555001258850098,passive,1.0
1570,role_labeled,passive,passive,a soldier is taught by a singer .,an employer teaches a father .,a father is taught by an employer .,an,employer,a,father,teach,teaches,taught,"[""AGENT=employer"", ""VERB=teach"", ""PATIENT=father""]","Prime sentence: a soldier is taught by a singer .
Event roles: AGENT=employer; VERB=teach; PATIENT=father
Sentence: the",Sentence: the,first_noun,-6.279936790466309,-4.462579727172852,1.817357063293457,passive,1.0
1570,role_labeled,no_prime_eos,no_prime_eos,,an employer teaches a father .,a father is taught by an employer .,an,employer,a,father,teach,teaches,taught,"[""AGENT=employer"", ""VERB=teach"", ""PATIENT=father""]","Event roles: AGENT=employer; VERB=teach; PATIENT=father
Sentence: the",Sentence: the,first_noun,-4.642115592956543,-4.611055850982666,0.031059741973876953,passive,1.0
1570,role_labeled,filler,filler,The teacher listened during assembly .,an employer teaches a father .,a father is taught by an employer .,an,employer,a,father,teach,teaches,taught,"[""AGENT=employer"", ""VERB=teach"", ""PATIENT=father""]","Prime sentence: The teacher listened during assembly .
Event roles: AGENT=employer; VERB=teach; PATIENT=father
Sentence: the",Sentence: the,first_noun,-4.92598295211792,-3.579535484313965,1.346447467803955,passive,1.0
1571,role_labeled,active,active,a parent drags a partner .,a brother drags a buddy .,a buddy is dragged by a brother .,a,brother,a,buddy,drag,drags,dragged,"[""PATIENT=buddy"", ""AGENT=brother"", ""VERB=drag""]","Prime sentence: a parent drags a partner .
Event roles: PATIENT=buddy; AGENT=brother; VERB=drag
Sentence: the",Sentence: the,first_noun,-5.069365501403809,-7.486429214477539,-2.4170637130737305,active,0.0
1571,role_labeled,passive,passive,a partner is dragged by a parent .,a brother drags a buddy .,a buddy is dragged by a brother .,a,brother,a,buddy,drag,drags,dragged,"[""PATIENT=buddy"", ""AGENT=brother"", ""VERB=drag""]","Prime sentence: a partner is dragged by a parent .
Event roles: PATIENT=buddy; AGENT=brother; VERB=drag
Sentence: the",Sentence: the,first_noun,-4.801650047302246,-6.992100715637207,-2.190450668334961,active,0.0
1571,role_labeled,no_prime_eos,no_prime_eos,,a brother drags a buddy .,a buddy is dragged by a brother .,a,brother,a,buddy,drag,drags,dragged,"[""PATIENT=buddy"", ""AGENT=brother"", ""VERB=drag""]","Event roles: PATIENT=buddy; AGENT=brother; VERB=drag
Sentence: the",Sentence: the,first_noun,-5.382504463195801,-7.763175010681152,-2.3806705474853516,active,0.0
1571,role_labeled,filler,filler,The window rattled during the storm .,a brother drags a buddy .,a buddy is dragged by a brother .,a,brother,a,buddy,drag,drags,dragged,"[""PATIENT=buddy"", ""AGENT=brother"", ""VERB=drag""]","Prime sentence: The window rattled during the storm .
Event roles: PATIENT=buddy; AGENT=brother; VERB=drag
Sentence: the",Sentence: the,first_noun,-8.48712158203125,-10.665177345275879,-2.178055763244629,active,0.0
1572,role_labeled,active,active,a son helps a student .,a friend helps a girl .,a girl is helped by a friend .,a,friend,a,girl,help,helps,helped,"[""AGENT=friend"", ""VERB=help"", ""PATIENT=girl""]","Prime sentence: a son helps a student .
Event roles: AGENT=friend; VERB=help; PATIENT=girl
Sentence: the",Sentence: the,first_noun,-4.405198574066162,-2.987133264541626,1.4180653095245361,passive,1.0
1572,role_labeled,passive,passive,a student is helped by a son .,a friend helps a girl .,a girl is helped by a friend .,a,friend,a,girl,help,helps,helped,"[""AGENT=friend"", ""VERB=help"", ""PATIENT=girl""]","Prime sentence: a student is helped by a son .
Event roles: AGENT=friend; VERB=help; PATIENT=girl
Sentence: the",Sentence: the,first_noun,-4.476696014404297,-3.031108856201172,1.445587158203125,passive,1.0
1572,role_labeled,no_prime_eos,no_prime_eos,,a friend helps a girl .,a girl is helped by a friend .,a,friend,a,girl,help,helps,helped,"[""AGENT=friend"", ""VERB=help"", ""PATIENT=girl""]","Event roles: AGENT=friend; VERB=help; PATIENT=girl
Sentence: the",Sentence: the,first_noun,-4.34684944152832,-2.6066644191741943,1.740185022354126,passive,1.0
1572,role_labeled,filler,filler,The captain waited beside the harbor .,a friend helps a girl .,a girl is helped by a friend .,a,friend,a,girl,help,helps,helped,"[""AGENT=friend"", ""VERB=help"", ""PATIENT=girl""]","Prime sentence: The captain waited beside the harbor .
Event roles: AGENT=friend; VERB=help; PATIENT=girl
Sentence: the",Sentence: the,first_noun,-6.275728225708008,-3.8505971431732178,2.42513108253479,passive,1.0
1573,role_labeled,active,active,a captain grabs a champion .,a physician grabs a pilot .,a pilot is grabbed by a physician .,a,physician,a,pilot,grab,grabs,grabbed,"[""PATIENT=pilot"", ""AGENT=physician"", ""VERB=grab""]","Prime sentence: a captain grabs a champion .
Event roles: PATIENT=pilot; AGENT=physician; VERB=grab
Sentence: the",Sentence: the,first_noun,-5.738405227661133,-2.943037986755371,2.7953672409057617,passive,1.0
1573,role_labeled,passive,passive,a champion is grabbed by a captain .,a physician grabs a pilot .,a pilot is grabbed by a physician .,a,physician,a,pilot,grab,grabs,grabbed,"[""PATIENT=pilot"", ""AGENT=physician"", ""VERB=grab""]","Prime sentence: a champion is grabbed by a captain .
Event roles: PATIENT=pilot; AGENT=physician; VERB=grab
Sentence: the",Sentence: the,first_noun,-5.886736869812012,-4.095552921295166,1.7911839485168457,passive,1.0
1573,role_labeled,no_prime_eos,no_prime_eos,,a physician grabs a pilot .,a pilot is grabbed by a physician .,a,physician,a,pilot,grab,grabs,grabbed,"[""PATIENT=pilot"", ""AGENT=physician"", ""VERB=grab""]","Event roles: PATIENT=pilot; AGENT=physician; VERB=grab
Sentence: the",Sentence: the,first_noun,-4.798462867736816,-3.4702584743499756,1.3282043933868408,passive,1.0
1573,role_labeled,filler,filler,The violin echoed in the theater .,a physician grabs a pilot .,a pilot is grabbed by a physician .,a,physician,a,pilot,grab,grabs,grabbed,"[""PATIENT=pilot"", ""AGENT=physician"", ""VERB=grab""]","Prime sentence: The violin echoed in the theater .
Event roles: PATIENT=pilot; AGENT=physician; VERB=grab
Sentence: the",Sentence: the,first_noun,-5.825806617736816,-4.622440338134766,1.2033662796020508,passive,1.0
1574,role_labeled,active,active,a cousin follows a daughter .,a professor follows a reader .,a reader is followed by a professor .,a,professor,a,reader,follow,follows,followed,"[""AGENT=professor"", ""PATIENT=reader"", ""VERB=follow""]","Prime sentence: a cousin follows a daughter .
Event roles: AGENT=professor; PATIENT=reader; VERB=follow
Sentence: the",Sentence: the,first_noun,-3.727017879486084,-6.569187164306641,-2.8421692848205566,active,0.0
1574,role_labeled,passive,passive,a daughter is followed by a cousin .,a professor follows a reader .,a reader is followed by a professor .,a,professor,a,reader,follow,follows,followed,"[""AGENT=professor"", ""PATIENT=reader"", ""VERB=follow""]","Prime sentence: a daughter is followed by a cousin .
Event roles: AGENT=professor; PATIENT=reader; VERB=follow
Sentence: the",Sentence: the,first_noun,-3.9411299228668213,-6.330706596374512,-2.3895766735076904,active,0.0
1574,role_labeled,no_prime_eos,no_prime_eos,,a professor follows a reader .,a reader is followed by a professor .,a,professor,a,reader,follow,follows,followed,"[""AGENT=professor"", ""PATIENT=reader"", ""VERB=follow""]","Event roles: AGENT=professor; PATIENT=reader; VERB=follow
Sentence: the",Sentence: the,first_noun,-3.5120863914489746,-4.853182315826416,-1.3410959243774414,active,0.0
1574,role_labeled,filler,filler,The garden brightened after rain .,a professor follows a reader .,a reader is followed by a professor .,a,professor,a,reader,follow,follows,followed,"[""AGENT=professor"", ""PATIENT=reader"", ""VERB=follow""]","Prime sentence: The garden brightened after rain .
Event roles: AGENT=professor; PATIENT=reader; VERB=follow
Sentence: the",Sentence: the,first_noun,-5.492010593414307,-7.861275672912598,-2.369265079498291,active,0.0
1575,role_labeled,active,active,a husband discovers a kid .,a wife discovers a winner .,a winner is discovered by a wife .,a,wife,a,winner,discover,discovers,discovered,"[""PATIENT=winner"", ""AGENT=wife"", ""VERB=discover""]","Prime sentence: a husband discovers a kid .
Event roles: PATIENT=winner; AGENT=wife; VERB=discover
Sentence: the",Sentence: the,first_noun,-2.8567564487457275,-7.146948337554932,-4.290191888809204,active,0.0
1575,role_labeled,passive,passive,a kid is discovered by a husband .,a wife discovers a winner .,a winner is discovered by a wife .,a,wife,a,winner,discover,discovers,discovered,"[""PATIENT=winner"", ""AGENT=wife"", ""VERB=discover""]","Prime sentence: a kid is discovered by a husband .
Event roles: PATIENT=winner; AGENT=wife; VERB=discover
Sentence: the",Sentence: the,first_noun,-2.5277063846588135,-6.937614440917969,-4.409908056259155,active,0.0
1575,role_labeled,no_prime_eos,no_prime_eos,,a wife discovers a winner .,a winner is discovered by a wife .,a,wife,a,winner,discover,discovers,discovered,"[""PATIENT=winner"", ""AGENT=wife"", ""VERB=discover""]","Event roles: PATIENT=winner; AGENT=wife; VERB=discover
Sentence: the",Sentence: the,first_noun,-3.94815731048584,-5.282017707824707,-1.3338603973388672,active,0.0
1575,role_labeled,filler,filler,The notebook stayed on the shelf .,a wife discovers a winner .,a winner is discovered by a wife .,a,wife,a,winner,discover,discovers,discovered,"[""PATIENT=winner"", ""AGENT=wife"", ""VERB=discover""]","Prime sentence: The notebook stayed on the shelf .
Event roles: PATIENT=winner; AGENT=wife; VERB=discover
Sentence: the",Sentence: the,first_noun,-4.51519775390625,-7.474842071533203,-2.959644317626953,active,0.0
1576,role_labeled,active,active,a reader hurries a scientist .,a cousin hurries a daughter .,a daughter is hurried by a cousin .,a,cousin,a,daughter,hurry,hurries,hurried,"[""AGENT=cousin"", ""VERB=hurry"", ""PATIENT=daughter""]","Prime sentence: a reader hurries a scientist .
Event roles: AGENT=cousin; VERB=hurry; PATIENT=daughter
Sentence: the",Sentence: the,first_noun,-7.434503078460693,-5.178727149963379,2.2557759284973145,passive,1.0
1576,role_labeled,passive,passive,a scientist is hurried by a reader .,a cousin hurries a daughter .,a daughter is hurried by a cousin .,a,cousin,a,daughter,hurry,hurries,hurried,"[""AGENT=cousin"", ""VERB=hurry"", ""PATIENT=daughter""]","Prime sentence: a scientist is hurried by a reader .
Event roles: AGENT=cousin; VERB=hurry; PATIENT=daughter
Sentence: the",Sentence: the,first_noun,-7.9845967292785645,-5.717995643615723,2.266601085662842,passive,1.0
1576,role_labeled,no_prime_eos,no_prime_eos,,a cousin hurries a daughter .,a daughter is hurried by a cousin .,a,cousin,a,daughter,hurry,hurries,hurried,"[""AGENT=cousin"", ""VERB=hurry"", ""PATIENT=daughter""]","Event roles: AGENT=cousin; VERB=hurry; PATIENT=daughter
Sentence: the",Sentence: the,first_noun,-7.3727126121521,-4.70192289352417,2.6707897186279297,passive,1.0
1576,role_labeled,filler,filler,The notebook stayed on the shelf .,a cousin hurries a daughter .,a daughter is hurried by a cousin .,a,cousin,a,daughter,hurry,hurries,hurried,"[""AGENT=cousin"", ""VERB=hurry"", ""PATIENT=daughter""]","Prime sentence: The notebook stayed on the shelf .
Event roles: AGENT=cousin; VERB=hurry; PATIENT=daughter
Sentence: the",Sentence: the,first_noun,-6.961321830749512,-5.91724967956543,1.044072151184082,passive,1.0
1577,role_labeled,active,active,a lady beats a lawyer .,a worker beats a writer .,a writer is beaten by a worker .,a,worker,a,writer,beat,beats,beaten,"[""PATIENT=writer"", ""AGENT=worker"", ""VERB=beat""]","Prime sentence: a lady beats a lawyer .
Event roles: PATIENT=writer; AGENT=worker; VERB=beat
Sentence: the",Sentence: the,first_noun,-5.930057525634766,-5.928145408630371,0.0019121170043945312,passive,1.0
1577,role_labeled,passive,passive,a lawyer is beaten by a lady .,a worker beats a writer .,a writer is beaten by a worker .,a,worker,a,writer,beat,beats,beaten,"[""PATIENT=writer"", ""AGENT=worker"", ""VERB=beat""]","Prime sentence: a lawyer is beaten by a lady .
Event roles: PATIENT=writer; AGENT=worker; VERB=beat
Sentence: the",Sentence: the,first_noun,-5.1900954246521,-4.620957374572754,0.5691380500793457,passive,1.0
1577,role_labeled,no_prime_eos,no_prime_eos,,a worker beats a writer .,a writer is beaten by a worker .,a,worker,a,writer,beat,beats,beaten,"[""PATIENT=writer"", ""AGENT=worker"", ""VERB=beat""]","Event roles: PATIENT=writer; AGENT=worker; VERB=beat
Sentence: the",Sentence: the,first_noun,-4.854282855987549,-5.153390407562256,-0.29910755157470703,active,0.0
1577,role_labeled,filler,filler,The jacket hung behind the chair .,a worker beats a writer .,a writer is beaten by a worker .,a,worker,a,writer,beat,beats,beaten,"[""PATIENT=writer"", ""AGENT=worker"", ""VERB=beat""]","Prime sentence: The jacket hung behind the chair .
Event roles: PATIENT=writer; AGENT=worker; VERB=beat
Sentence: the",Sentence: the,first_noun,-6.903799533843994,-6.212059497833252,0.6917400360107422,passive,1.0
1578,role_labeled,active,active,a son catches a student .,a friend catches a girl .,a girl is caught by a friend .,a,friend,a,girl,catch,catches,caught,"[""AGENT=friend"", ""VERB=catch"", ""PATIENT=girl""]","Prime sentence: a son catches a student .
Event roles: AGENT=friend; VERB=catch; PATIENT=girl
Sentence: the",Sentence: the,first_noun,-4.5541582107543945,-2.8837294578552246,1.67042875289917,passive,1.0
1578,role_labeled,passive,passive,a student is caught by a son .,a friend catches a girl .,a girl is caught by a friend .,a,friend,a,girl,catch,catches,caught,"[""AGENT=friend"", ""VERB=catch"", ""PATIENT=girl""]","Prime sentence: a student is caught by a son .
Event roles: AGENT=friend; VERB=catch; PATIENT=girl
Sentence: the",Sentence: the,first_noun,-4.191547393798828,-3.0775742530822754,1.1139731407165527,passive,1.0
1578,role_labeled,no_prime_eos,no_prime_eos,,a friend catches a girl .,a girl is caught by a friend .,a,friend,a,girl,catch,catches,caught,"[""AGENT=friend"", ""VERB=catch"", ""PATIENT=girl""]","Event roles: AGENT=friend; VERB=catch; PATIENT=girl
Sentence: the",Sentence: the,first_noun,-4.4659271240234375,-2.7499101161956787,1.7160170078277588,passive,1.0
1578,role_labeled,filler,filler,The teacher listened during assembly .,a friend catches a girl .,a girl is caught by a friend .,a,friend,a,girl,catch,catches,caught,"[""AGENT=friend"", ""VERB=catch"", ""PATIENT=girl""]","Prime sentence: The teacher listened during assembly .
Event roles: AGENT=friend; VERB=catch; PATIENT=girl
Sentence: the",Sentence: the,first_noun,-4.498968601226807,-2.5749197006225586,1.924048900604248,passive,1.0
1579,role_labeled,active,active,a minister hurts a mother .,an aunt hurts an author .,an author is hurt by an aunt .,an,aunt,an,author,hurt,hurts,hurt,"[""VERB=hurt"", ""AGENT=aunt"", ""PATIENT=author""]","Prime sentence: a minister hurts a mother .
Event roles: VERB=hurt; AGENT=aunt; PATIENT=author
Sentence: the",Sentence: the,first_noun,-5.746275901794434,-6.400938510894775,-0.6546626091003418,active,0.0
1579,role_labeled,passive,passive,a mother is hurt by a minister .,an aunt hurts an author .,an author is hurt by an aunt .,an,aunt,an,author,hurt,hurts,hurt,"[""VERB=hurt"", ""AGENT=aunt"", ""PATIENT=author""]","Prime sentence: a mother is hurt by a minister .
Event roles: VERB=hurt; AGENT=aunt; PATIENT=author
Sentence: the",Sentence: the,first_noun,-5.803619861602783,-6.22922945022583,-0.4256095886230469,active,0.0
1579,role_labeled,no_prime_eos,no_prime_eos,,an aunt hurts an author .,an author is hurt by an aunt .,an,aunt,an,author,hurt,hurts,hurt,"[""VERB=hurt"", ""AGENT=aunt"", ""PATIENT=author""]","Event roles: VERB=hurt; AGENT=aunt; PATIENT=author
Sentence: the",Sentence: the,first_noun,-8.318281173706055,-4.558688163757324,3.7595930099487305,passive,1.0
1579,role_labeled,filler,filler,The garden brightened after rain .,an aunt hurts an author .,an author is hurt by an aunt .,an,aunt,an,author,hurt,hurts,hurt,"[""VERB=hurt"", ""AGENT=aunt"", ""PATIENT=author""]","Prime sentence: The garden brightened after rain .
Event roles: VERB=hurt; AGENT=aunt; PATIENT=author
Sentence: the",Sentence: the,first_noun,-7.517557621002197,-7.940104961395264,-0.4225473403930664,active,0.0
1580,role_labeled,active,active,a guy grabs a hero .,a teacher grabs an uncle .,an uncle is grabbed by a teacher .,a,teacher,an,uncle,grab,grabs,grabbed,"[""PATIENT=uncle"", ""AGENT=teacher"", ""VERB=grab""]","Prime sentence: a guy grabs a hero .
Event roles: PATIENT=uncle; AGENT=teacher; VERB=grab
Sentence: the",Sentence: the,first_noun,-3.6692488193511963,-5.668479919433594,-1.9992311000823975,active,0.0
1580,role_labeled,passive,passive,a hero is grabbed by a guy .,a teacher grabs an uncle .,an uncle is grabbed by a teacher .,a,teacher,an,uncle,grab,grabs,grabbed,"[""PATIENT=uncle"", ""AGENT=teacher"", ""VERB=grab""]","Prime sentence: a hero is grabbed by a guy .
Event roles: PATIENT=uncle; AGENT=teacher; VERB=grab
Sentence: the",Sentence: the,first_noun,-3.8751370906829834,-5.917078018188477,-2.041940927505493,active,0.0
1580,role_labeled,no_prime_eos,no_prime_eos,,a teacher grabs an uncle .,an uncle is grabbed by a teacher .,a,teacher,an,uncle,grab,grabs,grabbed,"[""PATIENT=uncle"", ""AGENT=teacher"", ""VERB=grab""]","Event roles: PATIENT=uncle; AGENT=teacher; VERB=grab
Sentence: the",Sentence: the,first_noun,-3.2647628784179688,-7.352667808532715,-4.087904930114746,active,0.0
1580,role_labeled,filler,filler,The window rattled during the storm .,a teacher grabs an uncle .,an uncle is grabbed by a teacher .,a,teacher,an,uncle,grab,grabs,grabbed,"[""PATIENT=uncle"", ""AGENT=teacher"", ""VERB=grab""]","Prime sentence: The window rattled during the storm .
Event roles: PATIENT=uncle; AGENT=teacher; VERB=grab
Sentence: the",Sentence: the,first_noun,-4.018471717834473,-7.2065629959106445,-3.188091278076172,active,0.0
1581,role_labeled,active,active,a father raises a friend .,a singer raises a soldier .,a soldier is raised by a singer .,a,singer,a,soldier,rais,raises,raised,"[""PATIENT=soldier"", ""AGENT=singer"", ""VERB=rais""]","Prime sentence: a father raises a friend .
Event roles: PATIENT=soldier; AGENT=singer; VERB=rais
Sentence: the",Sentence: the,first_noun,-5.561718940734863,-3.1693294048309326,2.3923895359039307,passive,1.0
1581,role_labeled,passive,passive,a friend is raised by a father .,a singer raises a soldier .,a soldier is raised by a singer .,a,singer,a,soldier,rais,raises,raised,"[""PATIENT=soldier"", ""AGENT=singer"", ""VERB=rais""]","Prime sentence: a friend is raised by a father .
Event roles: PATIENT=soldier; AGENT=singer; VERB=rais
Sentence: the",Sentence: the,first_noun,-5.708474159240723,-3.223280191421509,2.485193967819214,passive,1.0
1581,role_labeled,no_prime_eos,no_prime_eos,,a singer raises a soldier .,a soldier is raised by a singer .,a,singer,a,soldier,rais,raises,raised,"[""PATIENT=soldier"", ""AGENT=singer"", ""VERB=rais""]","Event roles: PATIENT=soldier; AGENT=singer; VERB=rais
Sentence: the",Sentence: the,first_noun,-5.155182838439941,-4.00620174407959,1.1489810943603516,passive,1.0
1581,role_labeled,filler,filler,The engine cooled before dawn .,a singer raises a soldier .,a soldier is raised by a singer .,a,singer,a,soldier,rais,raises,raised,"[""PATIENT=soldier"", ""AGENT=singer"", ""VERB=rais""]","Prime sentence: The engine cooled before dawn .
Event roles: PATIENT=soldier; AGENT=singer; VERB=rais
Sentence: the",Sentence: the,first_noun,-7.131187438964844,-4.905802249908447,2.2253851890563965,passive,1.0
1582,role_labeled,active,active,a woman carries a worker .,a kid carries a king .,a king is carried by a kid .,a,kid,a,king,carry,carries,carried,"[""PATIENT=king"", ""AGENT=kid"", ""VERB=carry""]","Prime sentence: a woman carries a worker .
Event roles: PATIENT=king; AGENT=kid; VERB=carry
Sentence: the",Sentence: the,first_noun,-5.306740760803223,-1.9273865222930908,3.379354238510132,passive,1.0
1582,role_labeled,passive,passive,a worker is carried by a woman .,a kid carries a king .,a king is carried by a kid .,a,kid,a,king,carry,carries,carried,"[""PATIENT=king"", ""AGENT=kid"", ""VERB=carry""]","Prime sentence: a worker is carried by a woman .
Event roles: PATIENT=king; AGENT=kid; VERB=carry
Sentence: the",Sentence: the,first_noun,-5.08428955078125,-1.7521424293518066,3.3321471214294434,passive,1.0
1582,role_labeled,no_prime_eos,no_prime_eos,,a kid carries a king .,a king is carried by a kid .,a,kid,a,king,carry,carries,carried,"[""PATIENT=king"", ""AGENT=kid"", ""VERB=carry""]","Event roles: PATIENT=king; AGENT=kid; VERB=carry
Sentence: the",Sentence: the,first_noun,-5.889622688293457,-3.163801431655884,2.7258212566375732,passive,1.0
1582,role_labeled,filler,filler,The signal flickered across the screen .,a kid carries a king .,a king is carried by a kid .,a,kid,a,king,carry,carries,carried,"[""PATIENT=king"", ""AGENT=kid"", ""VERB=carry""]","Prime sentence: The signal flickered across the screen .
Event roles: PATIENT=king; AGENT=kid; VERB=carry
Sentence: the",Sentence: the,first_noun,-4.443606376647949,-3.6662943363189697,0.7773120403289795,passive,1.0
1583,role_labeled,active,active,a manager catches a mayor .,an adult catches an attorney .,an attorney is caught by an adult .,an,adult,an,attorney,catch,catches,caught,"[""AGENT=adult"", ""VERB=catch"", ""PATIENT=attorney""]","Prime sentence: a manager catches a mayor .
Event roles: AGENT=adult; VERB=catch; PATIENT=attorney
Sentence: the",Sentence: the,first_noun,-5.217679023742676,-5.348583221435547,-0.1309041976928711,active,0.0
1583,role_labeled,passive,passive,a mayor is caught by a manager .,an adult catches an attorney .,an attorney is caught by an adult .,an,adult,an,attorney,catch,catches,caught,"[""AGENT=adult"", ""VERB=catch"", ""PATIENT=attorney""]","Prime sentence: a mayor is caught by a manager .
Event roles: AGENT=adult; VERB=catch; PATIENT=attorney
Sentence: the",Sentence: the,first_noun,-5.398979187011719,-5.481586456298828,-0.08260726928710938,active,0.0
1583,role_labeled,no_prime_eos,no_prime_eos,,an adult catches an attorney .,an attorney is caught by an adult .,an,adult,an,attorney,catch,catches,caught,"[""AGENT=adult"", ""VERB=catch"", ""PATIENT=attorney""]","Event roles: AGENT=adult; VERB=catch; PATIENT=attorney
Sentence: the",Sentence: the,first_noun,-4.551527976989746,-6.099335670471191,-1.5478076934814453,active,0.0
1583,role_labeled,filler,filler,The violin echoed in the theater .,an adult catches an attorney .,an attorney is caught by an adult .,an,adult,an,attorney,catch,catches,caught,"[""AGENT=adult"", ""VERB=catch"", ""PATIENT=attorney""]","Prime sentence: The violin echoed in the theater .
Event roles: AGENT=adult; VERB=catch; PATIENT=attorney
Sentence: the",Sentence: the,first_noun,-7.023873805999756,-6.085179328918457,0.9386944770812988,passive,1.0
1584,role_labeled,active,active,a king describes a lady .,a woman describes a worker .,a worker is described by a woman .,a,woman,a,worker,describ,describes,described,"[""PATIENT=worker"", ""AGENT=woman"", ""VERB=describ""]","Prime sentence: a king describes a lady .
Event roles: PATIENT=worker; AGENT=woman; VERB=describ
Sentence: the",Sentence: the,first_noun,-3.3893625736236572,-5.555444717407227,-2.1660821437835693,active,0.0
1584,role_labeled,passive,passive,a lady is described by a king .,a woman describes a worker .,a worker is described by a woman .,a,woman,a,worker,describ,describes,described,"[""PATIENT=worker"", ""AGENT=woman"", ""VERB=describ""]","Prime sentence: a lady is described by a king .
Event roles: PATIENT=worker; AGENT=woman; VERB=describ
Sentence: the",Sentence: the,first_noun,-3.2953197956085205,-5.286214828491211,-1.9908950328826904,active,0.0
1584,role_labeled,no_prime_eos,no_prime_eos,,a woman describes a worker .,a worker is described by a woman .,a,woman,a,worker,describ,describes,described,"[""PATIENT=worker"", ""AGENT=woman"", ""VERB=describ""]","Event roles: PATIENT=worker; AGENT=woman; VERB=describ
Sentence: the",Sentence: the,first_noun,-2.710458278656006,-4.833108425140381,-2.122650146484375,active,0.0
1584,role_labeled,filler,filler,The notebook stayed on the shelf .,a woman describes a worker .,a worker is described by a woman .,a,woman,a,worker,describ,describes,described,"[""PATIENT=worker"", ""AGENT=woman"", ""VERB=describ""]","Prime sentence: The notebook stayed on the shelf .
Event roles: PATIENT=worker; AGENT=woman; VERB=describ
Sentence: the",Sentence: the,first_noun,-3.9310569763183594,-4.9643707275390625,-1.0333137512207031,active,0.0
1585,role_labeled,active,active,a woman washes a worker .,a kid washes a king .,a king is washed by a kid .,a,kid,a,king,wash,washes,washed,"[""PATIENT=king"", ""AGENT=kid"", ""VERB=wash""]","Prime sentence: a woman washes a worker .
Event roles: PATIENT=king; AGENT=kid; VERB=wash
Sentence: the",Sentence: the,first_noun,-5.111501693725586,-2.3634867668151855,2.7480149269104004,passive,1.0
1585,role_labeled,passive,passive,a worker is washed by a woman .,a kid washes a king .,a king is washed by a kid .,a,kid,a,king,wash,washes,washed,"[""PATIENT=king"", ""AGENT=kid"", ""VERB=wash""]","Prime sentence: a worker is washed by a woman .
Event roles: PATIENT=king; AGENT=kid; VERB=wash
Sentence: the",Sentence: the,first_noun,-4.8760986328125,-1.9379746913909912,2.938123941421509,passive,1.0
1585,role_labeled,no_prime_eos,no_prime_eos,,a kid washes a king .,a king is washed by a kid .,a,kid,a,king,wash,washes,washed,"[""PATIENT=king"", ""AGENT=kid"", ""VERB=wash""]","Event roles: PATIENT=king; AGENT=kid; VERB=wash
Sentence: the",Sentence: the,first_noun,-6.02897834777832,-3.616424798965454,2.412553548812866,passive,1.0
1585,role_labeled,filler,filler,The captain waited beside the harbor .,a kid washes a king .,a king is washed by a kid .,a,kid,a,king,wash,washes,washed,"[""PATIENT=king"", ""AGENT=kid"", ""VERB=wash""]","Prime sentence: The captain waited beside the harbor .
Event roles: PATIENT=king; AGENT=kid; VERB=wash
Sentence: the",Sentence: the,first_noun,-5.172649383544922,-2.7710962295532227,2.401553153991699,passive,1.0
1586,role_labeled,active,active,a woman beats a worker .,a kid beats a king .,a king is beaten by a kid .,a,kid,a,king,beat,beats,beaten,"[""VERB=beat"", ""PATIENT=king"", ""AGENT=kid""]","Prime sentence: a woman beats a worker .
Event roles: VERB=beat; PATIENT=king; AGENT=kid
Sentence: the",Sentence: the,first_noun,-5.5828728675842285,-3.1996068954467773,2.383265972137451,passive,1.0
1586,role_labeled,passive,passive,a worker is beaten by a woman .,a kid beats a king .,a king is beaten by a kid .,a,kid,a,king,beat,beats,beaten,"[""VERB=beat"", ""PATIENT=king"", ""AGENT=kid""]","Prime sentence: a worker is beaten by a woman .
Event roles: VERB=beat; PATIENT=king; AGENT=kid
Sentence: the",Sentence: the,first_noun,-5.27239990234375,-2.893690824508667,2.378709077835083,passive,1.0
1586,role_labeled,no_prime_eos,no_prime_eos,,a kid beats a king .,a king is beaten by a kid .,a,kid,a,king,beat,beats,beaten,"[""VERB=beat"", ""PATIENT=king"", ""AGENT=kid""]","Event roles: VERB=beat; PATIENT=king; AGENT=kid
Sentence: the",Sentence: the,first_noun,-6.5642008781433105,-3.787616729736328,2.7765841484069824,passive,1.0
1586,role_labeled,filler,filler,The witness paused near the doorway .,a kid beats a king .,a king is beaten by a kid .,a,kid,a,king,beat,beats,beaten,"[""VERB=beat"", ""PATIENT=king"", ""AGENT=kid""]","Prime sentence: The witness paused near the doorway .
Event roles: VERB=beat; PATIENT=king; AGENT=kid
Sentence: the",Sentence: the,first_noun,-3.961193323135376,-2.987537145614624,0.973656177520752,passive,1.0
1587,role_labeled,active,active,a singer destroys a soldier .,an employer destroys a father .,a father is destroyed by an employer .,an,employer,a,father,destroy,destroys,destroyed,"[""PATIENT=father"", ""VERB=destroy"", ""AGENT=employer""]","Prime sentence: a singer destroys a soldier .
Event roles: PATIENT=father; VERB=destroy; AGENT=employer
Sentence: the",Sentence: the,first_noun,-7.172056674957275,-3.850456953048706,3.3215997219085693,passive,1.0
1587,role_labeled,passive,passive,a soldier is destroyed by a singer .,an employer destroys a father .,a father is destroyed by an employer .,an,employer,a,father,destroy,destroys,destroyed,"[""PATIENT=father"", ""VERB=destroy"", ""AGENT=employer""]","Prime sentence: a soldier is destroyed by a singer .
Event roles: PATIENT=father; VERB=destroy; AGENT=employer
Sentence: the",Sentence: the,first_noun,-7.039926528930664,-3.8980348110198975,3.1418917179107666,passive,1.0
1587,role_labeled,no_prime_eos,no_prime_eos,,an employer destroys a father .,a father is destroyed by an employer .,an,employer,a,father,destroy,destroys,destroyed,"[""PATIENT=father"", ""VERB=destroy"", ""AGENT=employer""]","Event roles: PATIENT=father; VERB=destroy; AGENT=employer
Sentence: the",Sentence: the,first_noun,-5.760532379150391,-3.6836702823638916,2.076862096786499,passive,1.0
1587,role_labeled,filler,filler,The tourist wandered through the plaza .,an employer destroys a father .,a father is destroyed by an employer .,an,employer,a,father,destroy,destroys,destroyed,"[""PATIENT=father"", ""VERB=destroy"", ""AGENT=employer""]","Prime sentence: The tourist wandered through the plaza .
Event roles: PATIENT=father; VERB=destroy; AGENT=employer
Sentence: the",Sentence: the,first_noun,-7.522467613220215,-3.4434406757354736,4.079026937484741,passive,1.0
1588,role_labeled,active,active,a princess chases a professor .,a colonel chases a cop .,a cop is chased by a colonel .,a,colonel,a,cop,chas,chases,chased,"[""PATIENT=cop"", ""VERB=chas"", ""AGENT=colonel""]","Prime sentence: a princess chases a professor .
Event roles: PATIENT=cop; VERB=chas; AGENT=colonel
Sentence: the",Sentence: the,first_noun,-5.116604804992676,-5.905036926269531,-0.7884321212768555,active,0.0
1588,role_labeled,passive,passive,a professor is chased by a princess .,a colonel chases a cop .,a cop is chased by a colonel .,a,colonel,a,cop,chas,chases,chased,"[""PATIENT=cop"", ""VERB=chas"", ""AGENT=colonel""]","Prime sentence: a professor is chased by a princess .
Event roles: PATIENT=cop; VERB=chas; AGENT=colonel
Sentence: the",Sentence: the,first_noun,-4.951979160308838,-5.015028953552246,-0.0630497932434082,active,0.0
1588,role_labeled,no_prime_eos,no_prime_eos,,a colonel chases a cop .,a cop is chased by a colonel .,a,colonel,a,cop,chas,chases,chased,"[""PATIENT=cop"", ""VERB=chas"", ""AGENT=colonel""]","Event roles: PATIENT=cop; VERB=chas; AGENT=colonel
Sentence: the",Sentence: the,first_noun,-5.289754867553711,-5.400045871734619,-0.1102910041809082,active,0.0
1588,role_labeled,filler,filler,The notebook stayed on the shelf .,a colonel chases a cop .,a cop is chased by a colonel .,a,colonel,a,cop,chas,chases,chased,"[""PATIENT=cop"", ""VERB=chas"", ""AGENT=colonel""]","Prime sentence: The notebook stayed on the shelf .
Event roles: PATIENT=cop; VERB=chas; AGENT=colonel
Sentence: the",Sentence: the,first_noun,-5.486809730529785,-5.133582592010498,0.3532271385192871,passive,1.0
1589,role_labeled,active,active,a leader catches a man .,an actor catches an actress .,an actress is caught by an actor .,an,actor,an,actress,catch,catches,caught,"[""PATIENT=actress"", ""AGENT=actor"", ""VERB=catch""]","Prime sentence: a leader catches a man .
Event roles: PATIENT=actress; AGENT=actor; VERB=catch
Sentence: the",Sentence: the,first_noun,-4.452061176300049,-6.10833740234375,-1.6562762260437012,active,0.0
1589,role_labeled,passive,passive,a man is caught by a leader .,an actor catches an actress .,an actress is caught by an actor .,an,actor,an,actress,catch,catches,caught,"[""PATIENT=actress"", ""AGENT=actor"", ""VERB=catch""]","Prime sentence: a man is caught by a leader .
Event roles: PATIENT=actress; AGENT=actor; VERB=catch
Sentence: the",Sentence: the,first_noun,-4.382741928100586,-6.259641647338867,-1.8768997192382812,active,0.0
1589,role_labeled,no_prime_eos,no_prime_eos,,an actor catches an actress .,an actress is caught by an actor .,an,actor,an,actress,catch,catches,caught,"[""PATIENT=actress"", ""AGENT=actor"", ""VERB=catch""]","Event roles: PATIENT=actress; AGENT=actor; VERB=catch
Sentence: the",Sentence: the,first_noun,-3.831134796142578,-5.59393835067749,-1.762803554534912,active,0.0
1589,role_labeled,filler,filler,The engine cooled before dawn .,an actor catches an actress .,an actress is caught by an actor .,an,actor,an,actress,catch,catches,caught,"[""PATIENT=actress"", ""AGENT=actor"", ""VERB=catch""]","Prime sentence: The engine cooled before dawn .
Event roles: PATIENT=actress; AGENT=actor; VERB=catch
Sentence: the",Sentence: the,first_noun,-6.848786354064941,-7.596741199493408,-0.7479548454284668,active,0.0
1590,role_labeled,active,active,a prince destroys a princess .,a child destroys a colonel .,a colonel is destroyed by a child .,a,child,a,colonel,destroy,destroys,destroyed,"[""VERB=destroy"", ""AGENT=child"", ""PATIENT=colonel""]","Prime sentence: a prince destroys a princess .
Event roles: VERB=destroy; AGENT=child; PATIENT=colonel
Sentence: the",Sentence: the,first_noun,-4.251114368438721,-6.287045001983643,-2.035930633544922,active,0.0
1590,role_labeled,passive,passive,a princess is destroyed by a prince .,a child destroys a colonel .,a colonel is destroyed by a child .,a,child,a,colonel,destroy,destroys,destroyed,"[""VERB=destroy"", ""AGENT=child"", ""PATIENT=colonel""]","Prime sentence: a princess is destroyed by a prince .
Event roles: VERB=destroy; AGENT=child; PATIENT=colonel
Sentence: the",Sentence: the,first_noun,-4.261164665222168,-6.490607261657715,-2.229442596435547,active,0.0
1590,role_labeled,no_prime_eos,no_prime_eos,,a child destroys a colonel .,a colonel is destroyed by a child .,a,child,a,colonel,destroy,destroys,destroyed,"[""VERB=destroy"", ""AGENT=child"", ""PATIENT=colonel""]","Event roles: VERB=destroy; AGENT=child; PATIENT=colonel
Sentence: the",Sentence: the,first_noun,-4.566218852996826,-5.200099468231201,-0.633880615234375,active,0.0
1590,role_labeled,filler,filler,The witness paused near the doorway .,a child destroys a colonel .,a colonel is destroyed by a child .,a,child,a,colonel,destroy,destroys,destroyed,"[""VERB=destroy"", ""AGENT=child"", ""PATIENT=colonel""]","Prime sentence: The witness paused near the doorway .
Event roles: VERB=destroy; AGENT=child; PATIENT=colonel
Sentence: the",Sentence: the,first_noun,-3.9930930137634277,-4.581918239593506,-0.5888252258300781,active,0.0
1591,role_labeled,active,active,a teacher catches an uncle .,a guest catches a guy .,a guy is caught by a guest .,a,guest,a,guy,catch,catches,caught,"[""PATIENT=guy"", ""VERB=catch"", ""AGENT=guest""]","Prime sentence: a teacher catches an uncle .
Event roles: PATIENT=guy; VERB=catch; AGENT=guest
Sentence: the",Sentence: the,first_noun,-5.641003608703613,-4.122518539428711,1.5184850692749023,passive,1.0
1591,role_labeled,passive,passive,an uncle is caught by a teacher .,a guest catches a guy .,a guy is caught by a guest .,a,guest,a,guy,catch,catches,caught,"[""PATIENT=guy"", ""VERB=catch"", ""AGENT=guest""]","Prime sentence: an uncle is caught by a teacher .
Event roles: PATIENT=guy; VERB=catch; AGENT=guest
Sentence: the",Sentence: the,first_noun,-5.618739128112793,-4.210477828979492,1.4082612991333008,passive,1.0
1591,role_labeled,no_prime_eos,no_prime_eos,,a guest catches a guy .,a guy is caught by a guest .,a,guest,a,guy,catch,catches,caught,"[""PATIENT=guy"", ""VERB=catch"", ""AGENT=guest""]","Event roles: PATIENT=guy; VERB=catch; AGENT=guest
Sentence: the",Sentence: the,first_noun,-4.526910781860352,-4.363741397857666,0.16316938400268555,passive,1.0
1591,role_labeled,filler,filler,The engine cooled before dawn .,a guest catches a guy .,a guy is caught by a guest .,a,guest,a,guy,catch,catches,caught,"[""PATIENT=guy"", ""VERB=catch"", ""AGENT=guest""]","Prime sentence: The engine cooled before dawn .
Event roles: PATIENT=guy; VERB=catch; AGENT=guest
Sentence: the",Sentence: the,first_noun,-7.2008256912231445,-5.640456199645996,1.5603694915771484,passive,1.0
1592,role_labeled,active,active,a friend destroys a girl .,a soldier destroys a son .,a son is destroyed by a soldier .,a,soldier,a,son,destroy,destroys,destroyed,"[""PATIENT=son"", ""VERB=destroy"", ""AGENT=soldier""]","Prime sentence: a friend destroys a girl .
Event roles: PATIENT=son; VERB=destroy; AGENT=soldier
Sentence: the",Sentence: the,first_noun,-3.2855591773986816,-4.060255527496338,-0.7746963500976562,active,0.0
1592,role_labeled,passive,passive,a girl is destroyed by a friend .,a soldier destroys a son .,a son is destroyed by a soldier .,a,soldier,a,son,destroy,destroys,destroyed,"[""PATIENT=son"", ""VERB=destroy"", ""AGENT=soldier""]","Prime sentence: a girl is destroyed by a friend .
Event roles: PATIENT=son; VERB=destroy; AGENT=soldier
Sentence: the",Sentence: the,first_noun,-3.4938817024230957,-4.601881504058838,-1.1079998016357422,active,0.0
1592,role_labeled,no_prime_eos,no_prime_eos,,a soldier destroys a son .,a son is destroyed by a soldier .,a,soldier,a,son,destroy,destroys,destroyed,"[""PATIENT=son"", ""VERB=destroy"", ""AGENT=soldier""]","Event roles: PATIENT=son; VERB=destroy; AGENT=soldier
Sentence: the",Sentence: the,first_noun,-3.5107345581054688,-4.256155014038086,-0.7454204559326172,active,0.0
1592,role_labeled,filler,filler,The garden brightened after rain .,a soldier destroys a son .,a son is destroyed by a soldier .,a,soldier,a,son,destroy,destroys,destroyed,"[""PATIENT=son"", ""VERB=destroy"", ""AGENT=soldier""]","Prime sentence: The garden brightened after rain .
Event roles: PATIENT=son; VERB=destroy; AGENT=soldier
Sentence: the",Sentence: the,first_noun,-5.397017955780029,-5.574440956115723,-0.17742300033569336,active,0.0
1593,role_labeled,active,active,a brother follows a buddy .,an opponent follows a parent .,a parent is followed by an opponent .,an,opponent,a,parent,follow,follows,followed,"[""PATIENT=parent"", ""VERB=follow"", ""AGENT=opponent""]","Prime sentence: a brother follows a buddy .
Event roles: PATIENT=parent; VERB=follow; AGENT=opponent
Sentence: the",Sentence: the,first_noun,-7.326624870300293,-5.432912826538086,1.893712043762207,passive,1.0
1593,role_labeled,passive,passive,a buddy is followed by a brother .,an opponent follows a parent .,a parent is followed by an opponent .,an,opponent,a,parent,follow,follows,followed,"[""PATIENT=parent"", ""VERB=follow"", ""AGENT=opponent""]","Prime sentence: a buddy is followed by a brother .
Event roles: PATIENT=parent; VERB=follow; AGENT=opponent
Sentence: the",Sentence: the,first_noun,-6.817800998687744,-5.159912109375,1.6578888893127441,passive,1.0
1593,role_labeled,no_prime_eos,no_prime_eos,,an opponent follows a parent .,a parent is followed by an opponent .,an,opponent,a,parent,follow,follows,followed,"[""PATIENT=parent"", ""VERB=follow"", ""AGENT=opponent""]","Event roles: PATIENT=parent; VERB=follow; AGENT=opponent
Sentence: the",Sentence: the,first_noun,-5.229274749755859,-5.023578643798828,0.20569610595703125,passive,1.0
1593,role_labeled,filler,filler,The garden brightened after rain .,an opponent follows a parent .,a parent is followed by an opponent .,an,opponent,a,parent,follow,follows,followed,"[""PATIENT=parent"", ""VERB=follow"", ""AGENT=opponent""]","Prime sentence: The garden brightened after rain .
Event roles: PATIENT=parent; VERB=follow; AGENT=opponent
Sentence: the",Sentence: the,first_noun,-8.989068031311035,-7.499920845031738,1.4891471862792969,passive,1.0
1594,role_labeled,active,active,a scientist catches a secretary .,a daughter catches a doctor .,a doctor is caught by a daughter .,a,daughter,a,doctor,catch,catches,caught,"[""VERB=catch"", ""AGENT=daughter"", ""PATIENT=doctor""]","Prime sentence: a scientist catches a secretary .
Event roles: VERB=catch; AGENT=daughter; PATIENT=doctor
Sentence: the",Sentence: the,first_noun,-4.867574691772461,-2.8054256439208984,2.0621490478515625,passive,1.0
1594,role_labeled,passive,passive,a secretary is caught by a scientist .,a daughter catches a doctor .,a doctor is caught by a daughter .,a,daughter,a,doctor,catch,catches,caught,"[""VERB=catch"", ""AGENT=daughter"", ""PATIENT=doctor""]","Prime sentence: a secretary is caught by a scientist .
Event roles: VERB=catch; AGENT=daughter; PATIENT=doctor
Sentence: the",Sentence: the,first_noun,-5.013017177581787,-2.7153239250183105,2.2976932525634766,passive,1.0
1594,role_labeled,no_prime_eos,no_prime_eos,,a daughter catches a doctor .,a doctor is caught by a daughter .,a,daughter,a,doctor,catch,catches,caught,"[""VERB=catch"", ""AGENT=daughter"", ""PATIENT=doctor""]","Event roles: VERB=catch; AGENT=daughter; PATIENT=doctor
Sentence: the",Sentence: the,first_noun,-5.449785232543945,-3.3515024185180664,2.098282814025879,passive,1.0
1594,role_labeled,filler,filler,The signal flickered across the screen .,a daughter catches a doctor .,a doctor is caught by a daughter .,a,daughter,a,doctor,catch,catches,caught,"[""VERB=catch"", ""AGENT=daughter"", ""PATIENT=doctor""]","Prime sentence: The signal flickered across the screen .
Event roles: VERB=catch; AGENT=daughter; PATIENT=doctor
Sentence: the",Sentence: the,first_noun,-5.567566871643066,-3.618567705154419,1.9489991664886475,passive,1.0
1595,role_labeled,active,active,a kid selects a king .,a winner selects a woman .,a woman is selected by a winner .,a,winner,a,woman,select,selects,selected,"[""PATIENT=woman"", ""VERB=select"", ""AGENT=winner""]","Prime sentence: a kid selects a king .
Event roles: PATIENT=woman; VERB=select; AGENT=winner
Sentence: the",Sentence: the,first_noun,-5.019252300262451,-3.4103403091430664,1.6089119911193848,passive,1.0
1595,role_labeled,passive,passive,a king is selected by a kid .,a winner selects a woman .,a woman is selected by a winner .,a,winner,a,woman,select,selects,selected,"[""PATIENT=woman"", ""VERB=select"", ""AGENT=winner""]","Prime sentence: a king is selected by a kid .
Event roles: PATIENT=woman; VERB=select; AGENT=winner
Sentence: the",Sentence: the,first_noun,-5.489716529846191,-4.64404296875,0.8456735610961914,passive,1.0
1595,role_labeled,no_prime_eos,no_prime_eos,,a winner selects a woman .,a woman is selected by a winner .,a,winner,a,woman,select,selects,selected,"[""PATIENT=woman"", ""VERB=select"", ""AGENT=winner""]","Event roles: PATIENT=woman; VERB=select; AGENT=winner
Sentence: the",Sentence: the,first_noun,-3.970813512802124,-2.787621259689331,1.183192253112793,passive,1.0
1595,role_labeled,filler,filler,The baker laughed during breakfast .,a winner selects a woman .,a woman is selected by a winner .,a,winner,a,woman,select,selects,selected,"[""PATIENT=woman"", ""VERB=select"", ""AGENT=winner""]","Prime sentence: The baker laughed during breakfast .
Event roles: PATIENT=woman; VERB=select; AGENT=winner
Sentence: the",Sentence: the,first_noun,-6.437725067138672,-3.354421854019165,3.083303213119507,passive,1.0
1596,role_labeled,active,active,an opponent catches a parent .,a boy catches a brother .,a brother is caught by a boy .,a,boy,a,brother,catch,catches,caught,"[""PATIENT=brother"", ""VERB=catch"", ""AGENT=boy""]","Prime sentence: an opponent catches a parent .
Event roles: PATIENT=brother; VERB=catch; AGENT=boy
Sentence: the",Sentence: the,first_noun,-2.503077983856201,-4.156576633453369,-1.653498649597168,active,0.0
1596,role_labeled,passive,passive,a parent is caught by an opponent .,a boy catches a brother .,a brother is caught by a boy .,a,boy,a,brother,catch,catches,caught,"[""PATIENT=brother"", ""VERB=catch"", ""AGENT=boy""]","Prime sentence: a parent is caught by an opponent .
Event roles: PATIENT=brother; VERB=catch; AGENT=boy
Sentence: the",Sentence: the,first_noun,-2.862602949142456,-4.485193252563477,-1.6225903034210205,active,0.0
1596,role_labeled,no_prime_eos,no_prime_eos,,a boy catches a brother .,a brother is caught by a boy .,a,boy,a,brother,catch,catches,caught,"[""PATIENT=brother"", ""VERB=catch"", ""AGENT=boy""]","Event roles: PATIENT=brother; VERB=catch; AGENT=boy
Sentence: the",Sentence: the,first_noun,-3.1801815032958984,-5.173132419586182,-1.9929509162902832,active,0.0
1596,role_labeled,filler,filler,The teacher listened during assembly .,a boy catches a brother .,a brother is caught by a boy .,a,boy,a,brother,catch,catches,caught,"[""PATIENT=brother"", ""VERB=catch"", ""AGENT=boy""]","Prime sentence: The teacher listened during assembly .
Event roles: PATIENT=brother; VERB=catch; AGENT=boy
Sentence: the",Sentence: the,first_noun,-2.0429177284240723,-4.5992584228515625,-2.5563406944274902,active,0.0
1597,role_labeled,active,active,a lady chases a lawyer .,a worker chases a writer .,a writer is chased by a worker .,a,worker,a,writer,chas,chases,chased,"[""VERB=chas"", ""PATIENT=writer"", ""AGENT=worker""]","Prime sentence: a lady chases a lawyer .
Event roles: VERB=chas; PATIENT=writer; AGENT=worker
Sentence: the",Sentence: the,first_noun,-6.738007545471191,-6.2217535972595215,0.5162539482116699,passive,1.0
1597,role_labeled,passive,passive,a lawyer is chased by a lady .,a worker chases a writer .,a writer is chased by a worker .,a,worker,a,writer,chas,chases,chased,"[""VERB=chas"", ""PATIENT=writer"", ""AGENT=worker""]","Prime sentence: a lawyer is chased by a lady .
Event roles: VERB=chas; PATIENT=writer; AGENT=worker
Sentence: the",Sentence: the,first_noun,-6.253053665161133,-5.810233116149902,0.44282054901123047,passive,1.0
1597,role_labeled,no_prime_eos,no_prime_eos,,a worker chases a writer .,a writer is chased by a worker .,a,worker,a,writer,chas,chases,chased,"[""VERB=chas"", ""PATIENT=writer"", ""AGENT=worker""]","Event roles: VERB=chas; PATIENT=writer; AGENT=worker
Sentence: the",Sentence: the,first_noun,-5.283394813537598,-5.5993266105651855,-0.3159317970275879,active,0.0
1597,role_labeled,filler,filler,The window rattled during the storm .,a worker chases a writer .,a writer is chased by a worker .,a,worker,a,writer,chas,chases,chased,"[""VERB=chas"", ""PATIENT=writer"", ""AGENT=worker""]","Prime sentence: The window rattled during the storm .
Event roles: VERB=chas; PATIENT=writer; AGENT=worker
Sentence: the",Sentence: the,first_noun,-7.57008171081543,-8.135740280151367,-0.5656585693359375,active,0.0
1598,role_labeled,active,active,a cop hurries a cousin .,a princess hurries a professor .,a professor is hurried by a princess .,a,princess,a,professor,hurry,hurries,hurried,"[""AGENT=princess"", ""VERB=hurry"", ""PATIENT=professor""]","Prime sentence: a cop hurries a cousin .
Event roles: AGENT=princess; VERB=hurry; PATIENT=professor
Sentence: the",Sentence: the,first_noun,-4.874955654144287,-4.153687953948975,0.7212677001953125,passive,1.0
1598,role_labeled,passive,passive,a cousin is hurried by a cop .,a princess hurries a professor .,a professor is hurried by a princess .,a,princess,a,professor,hurry,hurries,hurried,"[""AGENT=princess"", ""VERB=hurry"", ""PATIENT=professor""]","Prime sentence: a cousin is hurried by a cop .
Event roles: AGENT=princess; VERB=hurry; PATIENT=professor
Sentence: the",Sentence: the,first_noun,-5.821793556213379,-4.745278358459473,1.0765151977539062,passive,1.0
1598,role_labeled,no_prime_eos,no_prime_eos,,a princess hurries a professor .,a professor is hurried by a princess .,a,princess,a,professor,hurry,hurries,hurried,"[""AGENT=princess"", ""VERB=hurry"", ""PATIENT=professor""]","Event roles: AGENT=princess; VERB=hurry; PATIENT=professor
Sentence: the",Sentence: the,first_noun,-4.436665058135986,-5.024655342102051,-0.5879902839660645,active,0.0
1598,role_labeled,filler,filler,The window rattled during the storm .,a princess hurries a professor .,a professor is hurried by a princess .,a,princess,a,professor,hurry,hurries,hurried,"[""AGENT=princess"", ""VERB=hurry"", ""PATIENT=professor""]","Prime sentence: The window rattled during the storm .
Event roles: AGENT=princess; VERB=hurry; PATIENT=professor
Sentence: the",Sentence: the,first_noun,-5.974091053009033,-6.001043319702148,-0.026952266693115234,active,0.0
1599,role_labeled,active,active,an uncle selects a wife .,a guy selects a hero .,a hero is selected by a guy .,a,guy,a,hero,select,selects,selected,"[""AGENT=guy"", ""PATIENT=hero"", ""VERB=select""]","Prime sentence: an uncle selects a wife .
Event roles: AGENT=guy; PATIENT=hero; VERB=select
Sentence: the",Sentence: the,first_noun,-3.467623710632324,-3.390490770339966,0.0771329402923584,passive,1.0
1599,role_labeled,passive,passive,a wife is selected by an uncle .,a guy selects a hero .,a hero is selected by a guy .,a,guy,a,hero,select,selects,selected,"[""AGENT=guy"", ""PATIENT=hero"", ""VERB=select""]","Prime sentence: a wife is selected by an uncle .
Event roles: AGENT=guy; PATIENT=hero; VERB=select
Sentence: the",Sentence: the,first_noun,-4.225945949554443,-4.226053237915039,-0.00010728836059570312,active,0.0
1599,role_labeled,no_prime_eos,no_prime_eos,,a guy selects a hero .,a hero is selected by a guy .,a,guy,a,hero,select,selects,selected,"[""AGENT=guy"", ""PATIENT=hero"", ""VERB=select""]","Event roles: AGENT=guy; PATIENT=hero; VERB=select
Sentence: the",Sentence: the,first_noun,-4.493923187255859,-3.3669497966766357,1.1269733905792236,passive,1.0
1599,role_labeled,filler,filler,The teacher listened during assembly .,a guy selects a hero .,a hero is selected by a guy .,a,guy,a,hero,select,selects,selected,"[""AGENT=guy"", ""PATIENT=hero"", ""VERB=select""]","Prime sentence: The teacher listened during assembly .
Event roles: AGENT=guy; PATIENT=hero; VERB=select
Sentence: the",Sentence: the,first_noun,-3.912106513977051,-4.335196018218994,-0.42308950424194336,active,0.0
1600,role_labeled,active,active,a president carries a priest .,a champion carries a chief .,a chief is carried by a champion .,a,champion,a,chief,carry,carries,carried,"[""VERB=carry"", ""PATIENT=chief"", ""AGENT=champion""]","Prime sentence: a president carries a priest .
Event roles: VERB=carry; PATIENT=chief; AGENT=champion
Sentence: the",Sentence: the,first_noun,-7.932946681976318,-5.245907783508301,2.6870388984680176,passive,1.0
1600,role_labeled,passive,passive,a priest is carried by a president .,a champion carries a chief .,a chief is carried by a champion .,a,champion,a,chief,carry,carries,carried,"[""VERB=carry"", ""PATIENT=chief"", ""AGENT=champion""]","Prime sentence: a priest is carried by a president .
Event roles: VERB=carry; PATIENT=chief; AGENT=champion
Sentence: the",Sentence: the,first_noun,-7.423964500427246,-5.247211456298828,2.176753044128418,passive,1.0
1600,role_labeled,no_prime_eos,no_prime_eos,,a champion carries a chief .,a chief is carried by a champion .,a,champion,a,chief,carry,carries,carried,"[""VERB=carry"", ""PATIENT=chief"", ""AGENT=champion""]","Event roles: VERB=carry; PATIENT=chief; AGENT=champion
Sentence: the",Sentence: the,first_noun,-5.334999084472656,-4.378267288208008,0.9567317962646484,passive,1.0
1600,role_labeled,filler,filler,The violin echoed in the theater .,a champion carries a chief .,a chief is carried by a champion .,a,champion,a,chief,carry,carries,carried,"[""VERB=carry"", ""PATIENT=chief"", ""AGENT=champion""]","Prime sentence: The violin echoed in the theater .
Event roles: VERB=carry; PATIENT=chief; AGENT=champion
Sentence: the",Sentence: the,first_noun,-8.02205753326416,-6.704346656799316,1.3177108764648438,passive,1.0
1601,role_labeled,active,active,an aunt hurries an author .,a mayor hurries a minister .,a minister is hurried by a mayor .,a,mayor,a,minister,hurry,hurries,hurried,"[""AGENT=mayor"", ""VERB=hurry"", ""PATIENT=minister""]","Prime sentence: an aunt hurries an author .
Event roles: AGENT=mayor; VERB=hurry; PATIENT=minister
Sentence: the",Sentence: the,first_noun,-2.981365919113159,-4.874081134796143,-1.8927152156829834,active,0.0
1601,role_labeled,passive,passive,an author is hurried by an aunt .,a mayor hurries a minister .,a minister is hurried by a mayor .,a,mayor,a,minister,hurry,hurries,hurried,"[""AGENT=mayor"", ""VERB=hurry"", ""PATIENT=minister""]","Prime sentence: an author is hurried by an aunt .
Event roles: AGENT=mayor; VERB=hurry; PATIENT=minister
Sentence: the",Sentence: the,first_noun,-3.132270336151123,-5.081300735473633,-1.9490303993225098,active,0.0
1601,role_labeled,no_prime_eos,no_prime_eos,,a mayor hurries a minister .,a minister is hurried by a mayor .,a,mayor,a,minister,hurry,hurries,hurried,"[""AGENT=mayor"", ""VERB=hurry"", ""PATIENT=minister""]","Event roles: AGENT=mayor; VERB=hurry; PATIENT=minister
Sentence: the",Sentence: the,first_noun,-2.6876220703125,-4.976570129394531,-2.2889480590820312,active,0.0
1601,role_labeled,filler,filler,The baker laughed during breakfast .,a mayor hurries a minister .,a minister is hurried by a mayor .,a,mayor,a,minister,hurry,hurries,hurried,"[""AGENT=mayor"", ""VERB=hurry"", ""PATIENT=minister""]","Prime sentence: The baker laughed during breakfast .
Event roles: AGENT=mayor; VERB=hurry; PATIENT=minister
Sentence: the",Sentence: the,first_noun,-2.8155465126037598,-5.302648544311523,-2.4871020317077637,active,0.0
1602,role_labeled,active,active,an actress hurts an adult .,a leader hurts a man .,a man is hurt by a leader .,a,leader,a,man,hurt,hurts,hurt,"[""AGENT=leader"", ""PATIENT=man"", ""VERB=hurt""]","Prime sentence: an actress hurts an adult .
Event roles: AGENT=leader; PATIENT=man; VERB=hurt
Sentence: the",Sentence: the,first_noun,-6.154921531677246,-4.276945114135742,1.877976417541504,passive,1.0
1602,role_labeled,passive,passive,an adult is hurt by an actress .,a leader hurts a man .,a man is hurt by a leader .,a,leader,a,man,hurt,hurts,hurt,"[""AGENT=leader"", ""PATIENT=man"", ""VERB=hurt""]","Prime sentence: an adult is hurt by an actress .
Event roles: AGENT=leader; PATIENT=man; VERB=hurt
Sentence: the",Sentence: the,first_noun,-6.203788757324219,-4.093846321105957,2.1099424362182617,passive,1.0
1602,role_labeled,no_prime_eos,no_prime_eos,,a leader hurts a man .,a man is hurt by a leader .,a,leader,a,man,hurt,hurts,hurt,"[""AGENT=leader"", ""PATIENT=man"", ""VERB=hurt""]","Event roles: AGENT=leader; PATIENT=man; VERB=hurt
Sentence: the",Sentence: the,first_noun,-3.713618755340576,-4.14116096496582,-0.42754220962524414,active,0.0
1602,role_labeled,filler,filler,The baker laughed during breakfast .,a leader hurts a man .,a man is hurt by a leader .,a,leader,a,man,hurt,hurts,hurt,"[""AGENT=leader"", ""PATIENT=man"", ""VERB=hurt""]","Prime sentence: The baker laughed during breakfast .
Event roles: AGENT=leader; PATIENT=man; VERB=hurt
Sentence: the",Sentence: the,first_noun,-6.962660789489746,-3.830096960067749,3.132563829421997,passive,1.0
1603,role_labeled,active,active,a partner describes a physician .,a buddy describes a candidate .,a candidate is described by a buddy .,a,buddy,a,candidate,describ,describes,described,"[""AGENT=buddy"", ""PATIENT=candidate"", ""VERB=describ""]","Prime sentence: a partner describes a physician .
Event roles: AGENT=buddy; PATIENT=candidate; VERB=describ
Sentence: the",Sentence: the,first_noun,-8.355032920837402,-5.961572647094727,2.393460273742676,passive,1.0
1603,role_labeled,passive,passive,a physician is described by a partner .,a buddy describes a candidate .,a candidate is described by a buddy .,a,buddy,a,candidate,describ,describes,described,"[""AGENT=buddy"", ""PATIENT=candidate"", ""VERB=describ""]","Prime sentence: a physician is described by a partner .
Event roles: AGENT=buddy; PATIENT=candidate; VERB=describ
Sentence: the",Sentence: the,first_noun,-8.79556941986084,-5.839694499969482,2.9558749198913574,passive,1.0
1603,role_labeled,no_prime_eos,no_prime_eos,,a buddy describes a candidate .,a candidate is described by a buddy .,a,buddy,a,candidate,describ,describes,described,"[""AGENT=buddy"", ""PATIENT=candidate"", ""VERB=describ""]","Event roles: AGENT=buddy; PATIENT=candidate; VERB=describ
Sentence: the",Sentence: the,first_noun,-7.651730060577393,-4.578769683837891,3.072960376739502,passive,1.0
1603,role_labeled,filler,filler,The window rattled during the storm .,a buddy describes a candidate .,a candidate is described by a buddy .,a,buddy,a,candidate,describ,describes,described,"[""AGENT=buddy"", ""PATIENT=candidate"", ""VERB=describ""]","Prime sentence: The window rattled during the storm .
Event roles: AGENT=buddy; PATIENT=candidate; VERB=describ
Sentence: the",Sentence: the,first_noun,-11.089093208312988,-7.329042434692383,3.7600507736206055,passive,1.0
1604,role_labeled,active,active,a cousin strikes a daughter .,a professor strikes a reader .,a reader is struck by a professor .,a,professor,a,reader,strik,strikes,struck,"[""AGENT=professor"", ""VERB=strik"", ""PATIENT=reader""]","Prime sentence: a cousin strikes a daughter .
Event roles: AGENT=professor; VERB=strik; PATIENT=reader
Sentence: the",Sentence: the,first_noun,-3.876709461212158,-6.978797912597656,-3.102088451385498,active,0.0
1604,role_labeled,passive,passive,a daughter is struck by a cousin .,a professor strikes a reader .,a reader is struck by a professor .,a,professor,a,reader,strik,strikes,struck,"[""AGENT=professor"", ""VERB=strik"", ""PATIENT=reader""]","Prime sentence: a daughter is struck by a cousin .
Event roles: AGENT=professor; VERB=strik; PATIENT=reader
Sentence: the",Sentence: the,first_noun,-3.5991530418395996,-6.526371479034424,-2.927218437194824,active,0.0
1604,role_labeled,no_prime_eos,no_prime_eos,,a professor strikes a reader .,a reader is struck by a professor .,a,professor,a,reader,strik,strikes,struck,"[""AGENT=professor"", ""VERB=strik"", ""PATIENT=reader""]","Event roles: AGENT=professor; VERB=strik; PATIENT=reader
Sentence: the",Sentence: the,first_noun,-3.3812811374664307,-5.240505218505859,-1.8592240810394287,active,0.0
1604,role_labeled,filler,filler,The painter waited near the doorway .,a professor strikes a reader .,a reader is struck by a professor .,a,professor,a,reader,strik,strikes,struck,"[""AGENT=professor"", ""VERB=strik"", ""PATIENT=reader""]","Prime sentence: The painter waited near the doorway .
Event roles: AGENT=professor; VERB=strik; PATIENT=reader
Sentence: the",Sentence: the,first_noun,-3.217939853668213,-6.3264617919921875,-3.1085219383239746,active,0.0
1605,role_labeled,active,active,a princess comforts a professor .,a colonel comforts a cop .,a cop is comforted by a colonel .,a,colonel,a,cop,comfort,comforts,comforted,"[""PATIENT=cop"", ""VERB=comfort"", ""AGENT=colonel""]","Prime sentence: a princess comforts a professor .
Event roles: PATIENT=cop; VERB=comfort; AGENT=colonel
Sentence: the",Sentence: the,first_noun,-5.160077095031738,-6.175751686096191,-1.0156745910644531,active,0.0
1605,role_labeled,passive,passive,a professor is comforted by a princess .,a colonel comforts a cop .,a cop is comforted by a colonel .,a,colonel,a,cop,comfort,comforts,comforted,"[""PATIENT=cop"", ""VERB=comfort"", ""AGENT=colonel""]","Prime sentence: a professor is comforted by a princess .
Event roles: PATIENT=cop; VERB=comfort; AGENT=colonel
Sentence: the",Sentence: the,first_noun,-4.816720008850098,-5.759833335876465,-0.9431133270263672,active,0.0
1605,role_labeled,no_prime_eos,no_prime_eos,,a colonel comforts a cop .,a cop is comforted by a colonel .,a,colonel,a,cop,comfort,comforts,comforted,"[""PATIENT=cop"", ""VERB=comfort"", ""AGENT=colonel""]","Event roles: PATIENT=cop; VERB=comfort; AGENT=colonel
Sentence: the",Sentence: the,first_noun,-4.735734939575195,-5.779140472412109,-1.043405532836914,active,0.0
1605,role_labeled,filler,filler,The captain waited beside the harbor .,a colonel comforts a cop .,a cop is comforted by a colonel .,a,colonel,a,cop,comfort,comforts,comforted,"[""PATIENT=cop"", ""VERB=comfort"", ""AGENT=colonel""]","Prime sentence: The captain waited beside the harbor .
Event roles: PATIENT=cop; VERB=comfort; AGENT=colonel
Sentence: the",Sentence: the,first_noun,-5.717320919036865,-6.418118476867676,-0.7007975578308105,active,0.0
1606,role_labeled,active,active,a cousin hurts a daughter .,a professor hurts a reader .,a reader is hurt by a professor .,a,professor,a,reader,hurt,hurts,hurt,"[""VERB=hurt"", ""AGENT=professor"", ""PATIENT=reader""]","Prime sentence: a cousin hurts a daughter .
Event roles: VERB=hurt; AGENT=professor; PATIENT=reader
Sentence: the",Sentence: the,first_noun,-3.552692413330078,-6.947429656982422,-3.3947372436523438,active,0.0
1606,role_labeled,passive,passive,a daughter is hurt by a cousin .,a professor hurts a reader .,a reader is hurt by a professor .,a,professor,a,reader,hurt,hurts,hurt,"[""VERB=hurt"", ""AGENT=professor"", ""PATIENT=reader""]","Prime sentence: a daughter is hurt by a cousin .
Event roles: VERB=hurt; AGENT=professor; PATIENT=reader
Sentence: the",Sentence: the,first_noun,-3.7017149925231934,-6.71299934387207,-3.011284351348877,active,0.0
1606,role_labeled,no_prime_eos,no_prime_eos,,a professor hurts a reader .,a reader is hurt by a professor .,a,professor,a,reader,hurt,hurts,hurt,"[""VERB=hurt"", ""AGENT=professor"", ""PATIENT=reader""]","Event roles: VERB=hurt; AGENT=professor; PATIENT=reader
Sentence: the",Sentence: the,first_noun,-3.554281234741211,-5.050536155700684,-1.4962549209594727,active,0.0
1606,role_labeled,filler,filler,The singer smiled after rehearsal .,a professor hurts a reader .,a reader is hurt by a professor .,a,professor,a,reader,hurt,hurts,hurt,"[""VERB=hurt"", ""AGENT=professor"", ""PATIENT=reader""]","Prime sentence: The singer smiled after rehearsal .
Event roles: VERB=hurt; AGENT=professor; PATIENT=reader
Sentence: the",Sentence: the,first_noun,-3.539285659790039,-6.459132671356201,-2.919847011566162,active,0.0
1607,role_labeled,active,active,a champion destroys a chief .,a pilot destroys a president .,a president is destroyed by a pilot .,a,pilot,a,president,destroy,destroys,destroyed,"[""AGENT=pilot"", ""VERB=destroy"", ""PATIENT=president""]","Prime sentence: a champion destroys a chief .
Event roles: AGENT=pilot; VERB=destroy; PATIENT=president
Sentence: the",Sentence: the,first_noun,-4.26832389831543,-3.888413667678833,0.3799102306365967,passive,1.0
1607,role_labeled,passive,passive,a chief is destroyed by a champion .,a pilot destroys a president .,a president is destroyed by a pilot .,a,pilot,a,president,destroy,destroys,destroyed,"[""AGENT=pilot"", ""VERB=destroy"", ""PATIENT=president""]","Prime sentence: a chief is destroyed by a champion .
Event roles: AGENT=pilot; VERB=destroy; PATIENT=president
Sentence: the",Sentence: the,first_noun,-4.632526874542236,-4.014377593994141,0.6181492805480957,passive,1.0
1607,role_labeled,no_prime_eos,no_prime_eos,,a pilot destroys a president .,a president is destroyed by a pilot .,a,pilot,a,president,destroy,destroys,destroyed,"[""AGENT=pilot"", ""VERB=destroy"", ""PATIENT=president""]","Event roles: AGENT=pilot; VERB=destroy; PATIENT=president
Sentence: the",Sentence: the,first_noun,-2.554928779602051,-4.175419807434082,-1.6204910278320312,active,0.0
1607,role_labeled,filler,filler,The market opened after sunrise .,a pilot destroys a president .,a president is destroyed by a pilot .,a,pilot,a,president,destroy,destroys,destroyed,"[""AGENT=pilot"", ""VERB=destroy"", ""PATIENT=president""]","Prime sentence: The market opened after sunrise .
Event roles: AGENT=pilot; VERB=destroy; PATIENT=president
Sentence: the",Sentence: the,first_noun,-4.465909004211426,-4.98313045501709,-0.5172214508056641,active,0.0
1608,role_labeled,active,active,a winner washes a woman .,a husband washes a kid .,a kid is washed by a husband .,a,husband,a,kid,wash,washes,washed,"[""PATIENT=kid"", ""VERB=wash"", ""AGENT=husband""]","Prime sentence: a winner washes a woman .
Event roles: PATIENT=kid; VERB=wash; AGENT=husband
Sentence: the",Sentence: the,first_noun,-3.5945582389831543,-5.4318108558654785,-1.8372526168823242,active,0.0
1608,role_labeled,passive,passive,a woman is washed by a winner .,a husband washes a kid .,a kid is washed by a husband .,a,husband,a,kid,wash,washes,washed,"[""PATIENT=kid"", ""VERB=wash"", ""AGENT=husband""]","Prime sentence: a woman is washed by a winner .
Event roles: PATIENT=kid; VERB=wash; AGENT=husband
Sentence: the",Sentence: the,first_noun,-3.577010154724121,-5.79862117767334,-2.2216110229492188,active,0.0
1608,role_labeled,no_prime_eos,no_prime_eos,,a husband washes a kid .,a kid is washed by a husband .,a,husband,a,kid,wash,washes,washed,"[""PATIENT=kid"", ""VERB=wash"", ""AGENT=husband""]","Event roles: PATIENT=kid; VERB=wash; AGENT=husband
Sentence: the",Sentence: the,first_noun,-3.7564172744750977,-5.935047149658203,-2.1786298751831055,active,0.0
1608,role_labeled,filler,filler,The kettle whistled in the kitchen .,a husband washes a kid .,a kid is washed by a husband .,a,husband,a,kid,wash,washes,washed,"[""PATIENT=kid"", ""VERB=wash"", ""AGENT=husband""]","Prime sentence: The kettle whistled in the kitchen .
Event roles: PATIENT=kid; VERB=wash; AGENT=husband
Sentence: the",Sentence: the,first_noun,-5.026678085327148,-5.403802871704102,-0.3771247863769531,active,0.0
1609,role_labeled,active,active,a boy kisses a brother .,a nurse kisses an opponent .,an opponent is kissed by a nurse .,a,nurse,an,opponent,kiss,kisses,kissed,"[""VERB=kiss"", ""PATIENT=opponent"", ""AGENT=nurse""]","Prime sentence: a boy kisses a brother .
Event roles: VERB=kiss; PATIENT=opponent; AGENT=nurse
Sentence: the",Sentence: the,first_noun,-4.262588024139404,-8.01780891418457,-3.755220890045166,active,0.0
1609,role_labeled,passive,passive,a brother is kissed by a boy .,a nurse kisses an opponent .,an opponent is kissed by a nurse .,a,nurse,an,opponent,kiss,kisses,kissed,"[""VERB=kiss"", ""PATIENT=opponent"", ""AGENT=nurse""]","Prime sentence: a brother is kissed by a boy .
Event roles: VERB=kiss; PATIENT=opponent; AGENT=nurse
Sentence: the",Sentence: the,first_noun,-4.361997604370117,-7.8840742111206055,-3.5220766067504883,active,0.0
1609,role_labeled,no_prime_eos,no_prime_eos,,a nurse kisses an opponent .,an opponent is kissed by a nurse .,a,nurse,an,opponent,kiss,kisses,kissed,"[""VERB=kiss"", ""PATIENT=opponent"", ""AGENT=nurse""]","Event roles: VERB=kiss; PATIENT=opponent; AGENT=nurse
Sentence: the",Sentence: the,first_noun,-3.1876769065856934,-5.8695969581604,-2.681920051574707,active,0.0
1609,role_labeled,filler,filler,The pillow rested on the sofa .,a nurse kisses an opponent .,an opponent is kissed by a nurse .,a,nurse,an,opponent,kiss,kisses,kissed,"[""VERB=kiss"", ""PATIENT=opponent"", ""AGENT=nurse""]","Prime sentence: The pillow rested on the sofa .
Event roles: VERB=kiss; PATIENT=opponent; AGENT=nurse
Sentence: the",Sentence: the,first_noun,-4.429901123046875,-8.488907814025879,-4.059006690979004,active,0.0
1610,role_labeled,active,active,an attorney washes an aunt .,a manager washes a mayor .,a mayor is washed by a manager .,a,manager,a,mayor,wash,washes,washed,"[""PATIENT=mayor"", ""AGENT=manager"", ""VERB=wash""]","Prime sentence: an attorney washes an aunt .
Event roles: PATIENT=mayor; AGENT=manager; VERB=wash
Sentence: the",Sentence: the,first_noun,-5.286606788635254,-2.2374374866485596,3.0491693019866943,passive,1.0
1610,role_labeled,passive,passive,an aunt is washed by an attorney .,a manager washes a mayor .,a mayor is washed by a manager .,a,manager,a,mayor,wash,washes,washed,"[""PATIENT=mayor"", ""AGENT=manager"", ""VERB=wash""]","Prime sentence: an aunt is washed by an attorney .
Event roles: PATIENT=mayor; AGENT=manager; VERB=wash
Sentence: the",Sentence: the,first_noun,-5.3707194328308105,-2.8699755668640137,2.500743865966797,passive,1.0
1610,role_labeled,no_prime_eos,no_prime_eos,,a manager washes a mayor .,a mayor is washed by a manager .,a,manager,a,mayor,wash,washes,washed,"[""PATIENT=mayor"", ""AGENT=manager"", ""VERB=wash""]","Event roles: PATIENT=mayor; AGENT=manager; VERB=wash
Sentence: the",Sentence: the,first_noun,-5.250207424163818,-3.4783730506896973,1.771834373474121,passive,1.0
1610,role_labeled,filler,filler,The radio crackled in the attic .,a manager washes a mayor .,a mayor is washed by a manager .,a,manager,a,mayor,wash,washes,washed,"[""PATIENT=mayor"", ""AGENT=manager"", ""VERB=wash""]","Prime sentence: The radio crackled in the attic .
Event roles: PATIENT=mayor; AGENT=manager; VERB=wash
Sentence: the",Sentence: the,first_noun,-6.318795680999756,-4.3831095695495605,1.9356861114501953,passive,1.0
1611,role_labeled,active,active,a parent embraces a partner .,a brother embraces a buddy .,a buddy is embraced by a brother .,a,brother,a,buddy,embrac,embraces,embraced,"[""AGENT=brother"", ""PATIENT=buddy"", ""VERB=embrac""]","Prime sentence: a parent embraces a partner .
Event roles: AGENT=brother; PATIENT=buddy; VERB=embrac
Sentence: the",Sentence: the,first_noun,-6.043270111083984,-9.385849952697754,-3.3425798416137695,active,0.0
1611,role_labeled,passive,passive,a partner is embraced by a parent .,a brother embraces a buddy .,a buddy is embraced by a brother .,a,brother,a,buddy,embrac,embraces,embraced,"[""AGENT=brother"", ""PATIENT=buddy"", ""VERB=embrac""]","Prime sentence: a partner is embraced by a parent .
Event roles: AGENT=brother; PATIENT=buddy; VERB=embrac
Sentence: the",Sentence: the,first_noun,-5.598461151123047,-8.851794242858887,-3.25333309173584,active,0.0
1611,role_labeled,no_prime_eos,no_prime_eos,,a brother embraces a buddy .,a buddy is embraced by a brother .,a,brother,a,buddy,embrac,embraces,embraced,"[""AGENT=brother"", ""PATIENT=buddy"", ""VERB=embrac""]","Event roles: AGENT=brother; PATIENT=buddy; VERB=embrac
Sentence: the",Sentence: the,first_noun,-5.035320281982422,-8.802107810974121,-3.766787528991699,active,0.0
1611,role_labeled,filler,filler,The garden brightened after rain .,a brother embraces a buddy .,a buddy is embraced by a brother .,a,brother,a,buddy,embrac,embraces,embraced,"[""AGENT=brother"", ""PATIENT=buddy"", ""VERB=embrac""]","Prime sentence: The garden brightened after rain .
Event roles: AGENT=brother; PATIENT=buddy; VERB=embrac
Sentence: the",Sentence: the,first_noun,-7.999865531921387,-10.69680404663086,-2.6969385147094727,active,0.0
1612,role_labeled,active,active,a partner joins a physician .,a buddy joins a candidate .,a candidate is joined by a buddy .,a,buddy,a,candidate,join,joins,joined,"[""VERB=join"", ""PATIENT=candidate"", ""AGENT=buddy""]","Prime sentence: a partner joins a physician .
Event roles: VERB=join; PATIENT=candidate; AGENT=buddy
Sentence: the",Sentence: the,first_noun,-8.061786651611328,-4.872992515563965,3.1887941360473633,passive,1.0
1612,role_labeled,passive,passive,a physician is joined by a partner .,a buddy joins a candidate .,a candidate is joined by a buddy .,a,buddy,a,candidate,join,joins,joined,"[""VERB=join"", ""PATIENT=candidate"", ""AGENT=buddy""]","Prime sentence: a physician is joined by a partner .
Event roles: VERB=join; PATIENT=candidate; AGENT=buddy
Sentence: the",Sentence: the,first_noun,-9.105008125305176,-4.888609886169434,4.216398239135742,passive,1.0
1612,role_labeled,no_prime_eos,no_prime_eos,,a buddy joins a candidate .,a candidate is joined by a buddy .,a,buddy,a,candidate,join,joins,joined,"[""VERB=join"", ""PATIENT=candidate"", ""AGENT=buddy""]","Event roles: VERB=join; PATIENT=candidate; AGENT=buddy
Sentence: the",Sentence: the,first_noun,-7.856271743774414,-4.869361877441406,2.986909866333008,passive,1.0
1612,role_labeled,filler,filler,The blanket dried on the line .,a buddy joins a candidate .,a candidate is joined by a buddy .,a,buddy,a,candidate,join,joins,joined,"[""VERB=join"", ""PATIENT=candidate"", ""AGENT=buddy""]","Prime sentence: The blanket dried on the line .
Event roles: VERB=join; PATIENT=candidate; AGENT=buddy
Sentence: the",Sentence: the,first_noun,-8.447295188903809,-6.161202430725098,2.286092758178711,passive,1.0
1613,role_labeled,active,active,a soldier kills a son .,a father kills a friend .,a friend is killed by a father .,a,father,a,friend,kill,kills,killed,"[""PATIENT=friend"", ""AGENT=father"", ""VERB=kill""]","Prime sentence: a soldier kills a son .
Event roles: PATIENT=friend; AGENT=father; VERB=kill
Sentence: the",Sentence: the,first_noun,-2.3718600273132324,-4.968513488769531,-2.596653461456299,active,0.0
1613,role_labeled,passive,passive,a son is killed by a soldier .,a father kills a friend .,a friend is killed by a father .,a,father,a,friend,kill,kills,killed,"[""PATIENT=friend"", ""AGENT=father"", ""VERB=kill""]","Prime sentence: a son is killed by a soldier .
Event roles: PATIENT=friend; AGENT=father; VERB=kill
Sentence: the",Sentence: the,first_noun,-2.5348494052886963,-5.348392486572266,-2.8135430812835693,active,0.0
1613,role_labeled,no_prime_eos,no_prime_eos,,a father kills a friend .,a friend is killed by a father .,a,father,a,friend,kill,kills,killed,"[""PATIENT=friend"", ""AGENT=father"", ""VERB=kill""]","Event roles: PATIENT=friend; AGENT=father; VERB=kill
Sentence: the",Sentence: the,first_noun,-4.03521203994751,-5.380707740783691,-1.3454957008361816,active,0.0
1613,role_labeled,filler,filler,The captain waited beside the harbor .,a father kills a friend .,a friend is killed by a father .,a,father,a,friend,kill,kills,killed,"[""PATIENT=friend"", ""AGENT=father"", ""VERB=kill""]","Prime sentence: The captain waited beside the harbor .
Event roles: PATIENT=friend; AGENT=father; VERB=kill
Sentence: the",Sentence: the,first_noun,-5.014625549316406,-6.954863548278809,-1.9402379989624023,active,0.0
1614,role_labeled,active,active,a princess raises a professor .,a colonel raises a cop .,a cop is raised by a colonel .,a,colonel,a,cop,rais,raises,raised,"[""VERB=rais"", ""PATIENT=cop"", ""AGENT=colonel""]","Prime sentence: a princess raises a professor .
Event roles: VERB=rais; PATIENT=cop; AGENT=colonel
Sentence: the",Sentence: the,first_noun,-5.286449432373047,-6.677347660064697,-1.3908982276916504,active,0.0
1614,role_labeled,passive,passive,a professor is raised by a princess .,a colonel raises a cop .,a cop is raised by a colonel .,a,colonel,a,cop,rais,raises,raised,"[""VERB=rais"", ""PATIENT=cop"", ""AGENT=colonel""]","Prime sentence: a professor is raised by a princess .
Event roles: VERB=rais; PATIENT=cop; AGENT=colonel
Sentence: the",Sentence: the,first_noun,-5.446636199951172,-6.624824523925781,-1.1781883239746094,active,0.0
1614,role_labeled,no_prime_eos,no_prime_eos,,a colonel raises a cop .,a cop is raised by a colonel .,a,colonel,a,cop,rais,raises,raised,"[""VERB=rais"", ""PATIENT=cop"", ""AGENT=colonel""]","Event roles: VERB=rais; PATIENT=cop; AGENT=colonel
Sentence: the",Sentence: the,first_noun,-5.736209869384766,-6.615634918212891,-0.879425048828125,active,0.0
1614,role_labeled,filler,filler,The window rattled during the storm .,a colonel raises a cop .,a cop is raised by a colonel .,a,colonel,a,cop,rais,raises,raised,"[""VERB=rais"", ""PATIENT=cop"", ""AGENT=colonel""]","Prime sentence: The window rattled during the storm .
Event roles: VERB=rais; PATIENT=cop; AGENT=colonel
Sentence: the",Sentence: the,first_noun,-6.866860389709473,-7.179533958435059,-0.31267356872558594,active,0.0
1615,role_labeled,active,active,a doctor describes an employee .,a scientist describes a secretary .,a secretary is described by a scientist .,a,scientist,a,secretary,describ,describes,described,"[""PATIENT=secretary"", ""AGENT=scientist"", ""VERB=describ""]","Prime sentence: a doctor describes an employee .
Event roles: PATIENT=secretary; AGENT=scientist; VERB=describ
Sentence: the",Sentence: the,first_noun,-4.0930633544921875,-4.642853736877441,-0.5497903823852539,active,0.0
1615,role_labeled,passive,passive,an employee is described by a doctor .,a scientist describes a secretary .,a secretary is described by a scientist .,a,scientist,a,secretary,describ,describes,described,"[""PATIENT=secretary"", ""AGENT=scientist"", ""VERB=describ""]","Prime sentence: an employee is described by a doctor .
Event roles: PATIENT=secretary; AGENT=scientist; VERB=describ
Sentence: the",Sentence: the,first_noun,-4.120929718017578,-4.935055255889893,-0.8141255378723145,active,0.0
1615,role_labeled,no_prime_eos,no_prime_eos,,a scientist describes a secretary .,a secretary is described by a scientist .,a,scientist,a,secretary,describ,describes,described,"[""PATIENT=secretary"", ""AGENT=scientist"", ""VERB=describ""]","Event roles: PATIENT=secretary; AGENT=scientist; VERB=describ
Sentence: the",Sentence: the,first_noun,-4.17982292175293,-6.455153465270996,-2.2753305435180664,active,0.0
1615,role_labeled,filler,filler,The lantern glowed near sunset .,a scientist describes a secretary .,a secretary is described by a scientist .,a,scientist,a,secretary,describ,describes,described,"[""PATIENT=secretary"", ""AGENT=scientist"", ""VERB=describ""]","Prime sentence: The lantern glowed near sunset .
Event roles: PATIENT=secretary; AGENT=scientist; VERB=describ
Sentence: the",Sentence: the,first_noun,-5.840752601623535,-8.456509590148926,-2.6157569885253906,active,0.0
1616,role_labeled,active,active,a nurse describes an opponent .,a bishop describes a boy .,a boy is described by a bishop .,a,bishop,a,boy,describ,describes,described,"[""PATIENT=boy"", ""AGENT=bishop"", ""VERB=describ""]","Prime sentence: a nurse describes an opponent .
Event roles: PATIENT=boy; AGENT=bishop; VERB=describ
Sentence: the",Sentence: the,first_noun,-3.393462657928467,-3.445434331893921,-0.0519716739654541,active,0.0
1616,role_labeled,passive,passive,an opponent is described by a nurse .,a bishop describes a boy .,a boy is described by a bishop .,a,bishop,a,boy,describ,describes,described,"[""PATIENT=boy"", ""AGENT=bishop"", ""VERB=describ""]","Prime sentence: an opponent is described by a nurse .
Event roles: PATIENT=boy; AGENT=bishop; VERB=describ
Sentence: the",Sentence: the,first_noun,-3.511739492416382,-3.7363154888153076,-0.22457599639892578,active,0.0
1616,role_labeled,no_prime_eos,no_prime_eos,,a bishop describes a boy .,a boy is described by a bishop .,a,bishop,a,boy,describ,describes,described,"[""PATIENT=boy"", ""AGENT=bishop"", ""VERB=describ""]","Event roles: PATIENT=boy; AGENT=bishop; VERB=describ
Sentence: the",Sentence: the,first_noun,-3.852786064147949,-3.56929349899292,0.2834925651550293,passive,1.0
1616,role_labeled,filler,filler,The jacket hung behind the chair .,a bishop describes a boy .,a boy is described by a bishop .,a,bishop,a,boy,describ,describes,described,"[""PATIENT=boy"", ""AGENT=bishop"", ""VERB=describ""]","Prime sentence: The jacket hung behind the chair .
Event roles: PATIENT=boy; AGENT=bishop; VERB=describ
Sentence: the",Sentence: the,first_noun,-4.153802871704102,-3.7200124263763428,0.4337904453277588,passive,1.0
1617,role_labeled,active,active,a lawyer hurts a leader .,a writer hurts an actor .,an actor is hurt by a writer .,a,writer,an,actor,hurt,hurts,hurt,"[""AGENT=writer"", ""PATIENT=actor"", ""VERB=hurt""]","Prime sentence: a lawyer hurts a leader .
Event roles: AGENT=writer; PATIENT=actor; VERB=hurt
Sentence: the",Sentence: the,first_noun,-5.666876316070557,-5.2762675285339355,0.3906087875366211,passive,1.0
1617,role_labeled,passive,passive,a leader is hurt by a lawyer .,a writer hurts an actor .,an actor is hurt by a writer .,a,writer,an,actor,hurt,hurts,hurt,"[""AGENT=writer"", ""PATIENT=actor"", ""VERB=hurt""]","Prime sentence: a leader is hurt by a lawyer .
Event roles: AGENT=writer; PATIENT=actor; VERB=hurt
Sentence: the",Sentence: the,first_noun,-5.874144554138184,-5.285577774047852,0.588566780090332,passive,1.0
1617,role_labeled,no_prime_eos,no_prime_eos,,a writer hurts an actor .,an actor is hurt by a writer .,a,writer,an,actor,hurt,hurts,hurt,"[""AGENT=writer"", ""PATIENT=actor"", ""VERB=hurt""]","Event roles: AGENT=writer; PATIENT=actor; VERB=hurt
Sentence: the",Sentence: the,first_noun,-4.938856601715088,-4.840022563934326,0.09883403778076172,passive,1.0
1617,role_labeled,filler,filler,The jacket hung behind the chair .,a writer hurts an actor .,an actor is hurt by a writer .,a,writer,an,actor,hurt,hurts,hurt,"[""AGENT=writer"", ""PATIENT=actor"", ""VERB=hurt""]","Prime sentence: The jacket hung behind the chair .
Event roles: AGENT=writer; PATIENT=actor; VERB=hurt
Sentence: the",Sentence: the,first_noun,-6.549665451049805,-6.2106828689575195,0.33898258209228516,passive,1.0
1618,role_labeled,active,active,a student catches a teacher .,a girl catches a guest .,a guest is caught by a girl .,a,girl,a,guest,catch,catches,caught,"[""AGENT=girl"", ""PATIENT=guest"", ""VERB=catch""]","Prime sentence: a student catches a teacher .
Event roles: AGENT=girl; PATIENT=guest; VERB=catch
Sentence: the",Sentence: the,first_noun,-1.8936225175857544,-5.82225227355957,-3.928629755973816,active,0.0
1618,role_labeled,passive,passive,a teacher is caught by a student .,a girl catches a guest .,a guest is caught by a girl .,a,girl,a,guest,catch,catches,caught,"[""AGENT=girl"", ""PATIENT=guest"", ""VERB=catch""]","Prime sentence: a teacher is caught by a student .
Event roles: AGENT=girl; PATIENT=guest; VERB=catch
Sentence: the",Sentence: the,first_noun,-2.135672092437744,-6.193813323974609,-4.058141231536865,active,0.0
1618,role_labeled,no_prime_eos,no_prime_eos,,a girl catches a guest .,a guest is caught by a girl .,a,girl,a,guest,catch,catches,caught,"[""AGENT=girl"", ""PATIENT=guest"", ""VERB=catch""]","Event roles: AGENT=girl; PATIENT=guest; VERB=catch
Sentence: the",Sentence: the,first_noun,-2.1387031078338623,-4.627338409423828,-2.488635301589966,active,0.0
1618,role_labeled,filler,filler,The painter waited near the doorway .,a girl catches a guest .,a guest is caught by a girl .,a,girl,a,guest,catch,catches,caught,"[""AGENT=girl"", ""PATIENT=guest"", ""VERB=catch""]","Prime sentence: The painter waited near the doorway .
Event roles: AGENT=girl; PATIENT=guest; VERB=catch
Sentence: the",Sentence: the,first_noun,-2.3680591583251953,-4.770547866821289,-2.4024887084960938,active,0.0
1619,role_labeled,active,active,a cop raises a cousin .,a princess raises a professor .,a professor is raised by a princess .,a,princess,a,professor,rais,raises,raised,"[""PATIENT=professor"", ""AGENT=princess"", ""VERB=rais""]","Prime sentence: a cop raises a cousin .
Event roles: PATIENT=professor; AGENT=princess; VERB=rais
Sentence: the",Sentence: the,first_noun,-4.733083248138428,-3.8438730239868164,0.8892102241516113,passive,1.0
1619,role_labeled,passive,passive,a cousin is raised by a cop .,a princess raises a professor .,a professor is raised by a princess .,a,princess,a,professor,rais,raises,raised,"[""PATIENT=professor"", ""AGENT=princess"", ""VERB=rais""]","Prime sentence: a cousin is raised by a cop .
Event roles: PATIENT=professor; AGENT=princess; VERB=rais
Sentence: the",Sentence: the,first_noun,-5.138697624206543,-4.464113235473633,0.6745843887329102,passive,1.0
1619,role_labeled,no_prime_eos,no_prime_eos,,a princess raises a professor .,a professor is raised by a princess .,a,princess,a,professor,rais,raises,raised,"[""PATIENT=professor"", ""AGENT=princess"", ""VERB=rais""]","Event roles: PATIENT=professor; AGENT=princess; VERB=rais
Sentence: the",Sentence: the,first_noun,-4.527525424957275,-4.746988773345947,-0.21946334838867188,active,0.0
1619,role_labeled,filler,filler,The window rattled during the storm .,a princess raises a professor .,a professor is raised by a princess .,a,princess,a,professor,rais,raises,raised,"[""PATIENT=professor"", ""AGENT=princess"", ""VERB=rais""]","Prime sentence: The window rattled during the storm .
Event roles: PATIENT=professor; AGENT=princess; VERB=rais
Sentence: the",Sentence: the,first_noun,-6.070364475250244,-5.741828441619873,0.3285360336303711,passive,1.0
1620,role_labeled,active,active,a candidate beats a captain .,a partner beats a physician .,a physician is beaten by a partner .,a,partner,a,physician,beat,beats,beaten,"[""VERB=beat"", ""PATIENT=physician"", ""AGENT=partner""]","Prime sentence: a candidate beats a captain .
Event roles: VERB=beat; PATIENT=physician; AGENT=partner
Sentence: the",Sentence: the,first_noun,-7.178072452545166,-5.889593124389648,1.2884793281555176,passive,1.0
1620,role_labeled,passive,passive,a captain is beaten by a candidate .,a partner beats a physician .,a physician is beaten by a partner .,a,partner,a,physician,beat,beats,beaten,"[""VERB=beat"", ""PATIENT=physician"", ""AGENT=partner""]","Prime sentence: a captain is beaten by a candidate .
Event roles: VERB=beat; PATIENT=physician; AGENT=partner
Sentence: the",Sentence: the,first_noun,-7.216915130615234,-5.882630825042725,1.3342843055725098,passive,1.0
1620,role_labeled,no_prime_eos,no_prime_eos,,a partner beats a physician .,a physician is beaten by a partner .,a,partner,a,physician,beat,beats,beaten,"[""VERB=beat"", ""PATIENT=physician"", ""AGENT=partner""]","Event roles: VERB=beat; PATIENT=physician; AGENT=partner
Sentence: the",Sentence: the,first_noun,-6.699544906616211,-4.099987030029297,2.599557876586914,passive,1.0
1620,role_labeled,filler,filler,The package arrived before noon .,a partner beats a physician .,a physician is beaten by a partner .,a,partner,a,physician,beat,beats,beaten,"[""VERB=beat"", ""PATIENT=physician"", ""AGENT=partner""]","Prime sentence: The package arrived before noon .
Event roles: VERB=beat; PATIENT=physician; AGENT=partner
Sentence: the",Sentence: the,first_noun,-7.0146870613098145,-5.449956893920898,1.564730167388916,passive,1.0
1621,role_labeled,active,active,a pilot chases a president .,a captain chases a champion .,a champion is chased by a captain .,a,captain,a,champion,chas,chases,chased,"[""PATIENT=champion"", ""AGENT=captain"", ""VERB=chas""]","Prime sentence: a pilot chases a president .
Event roles: PATIENT=champion; AGENT=captain; VERB=chas
Sentence: the",Sentence: the,first_noun,-4.483391761779785,-6.825615882873535,-2.34222412109375,active,0.0
1621,role_labeled,passive,passive,a president is chased by a pilot .,a captain chases a champion .,a champion is chased by a captain .,a,captain,a,champion,chas,chases,chased,"[""PATIENT=champion"", ""AGENT=captain"", ""VERB=chas""]","Prime sentence: a president is chased by a pilot .
Event roles: PATIENT=champion; AGENT=captain; VERB=chas
Sentence: the",Sentence: the,first_noun,-4.576125144958496,-7.3546247482299805,-2.7784996032714844,active,0.0
1621,role_labeled,no_prime_eos,no_prime_eos,,a captain chases a champion .,a champion is chased by a captain .,a,captain,a,champion,chas,chases,chased,"[""PATIENT=champion"", ""AGENT=captain"", ""VERB=chas""]","Event roles: PATIENT=champion; AGENT=captain; VERB=chas
Sentence: the",Sentence: the,first_noun,-3.6632893085479736,-4.971255302429199,-1.3079659938812256,active,0.0
1621,role_labeled,filler,filler,The lantern glowed near sunset .,a captain chases a champion .,a champion is chased by a captain .,a,captain,a,champion,chas,chases,chased,"[""PATIENT=champion"", ""AGENT=captain"", ""VERB=chas""]","Prime sentence: The lantern glowed near sunset .
Event roles: PATIENT=champion; AGENT=captain; VERB=chas
Sentence: the",Sentence: the,first_noun,-4.789289951324463,-6.590957164764404,-1.8016672134399414,active,0.0
1622,role_labeled,active,active,a worker describes a writer .,a king describes a lady .,a lady is described by a king .,a,king,a,lady,describ,describes,described,"[""AGENT=king"", ""PATIENT=lady"", ""VERB=describ""]","Prime sentence: a worker describes a writer .
Event roles: AGENT=king; PATIENT=lady; VERB=describ
Sentence: the",Sentence: the,first_noun,-2.525106906890869,-5.975959777832031,-3.450852870941162,active,0.0
1622,role_labeled,passive,passive,a writer is described by a worker .,a king describes a lady .,a lady is described by a king .,a,king,a,lady,describ,describes,described,"[""AGENT=king"", ""PATIENT=lady"", ""VERB=describ""]","Prime sentence: a writer is described by a worker .
Event roles: AGENT=king; PATIENT=lady; VERB=describ
Sentence: the",Sentence: the,first_noun,-2.8254823684692383,-6.183074474334717,-3.3575921058654785,active,0.0
1622,role_labeled,no_prime_eos,no_prime_eos,,a king describes a lady .,a lady is described by a king .,a,king,a,lady,describ,describes,described,"[""AGENT=king"", ""PATIENT=lady"", ""VERB=describ""]","Event roles: AGENT=king; PATIENT=lady; VERB=describ
Sentence: the",Sentence: the,first_noun,-3.301811933517456,-5.376926898956299,-2.0751149654388428,active,0.0
1622,role_labeled,filler,filler,The teacher listened during assembly .,a king describes a lady .,a lady is described by a king .,a,king,a,lady,describ,describes,described,"[""AGENT=king"", ""PATIENT=lady"", ""VERB=describ""]","Prime sentence: The teacher listened during assembly .
Event roles: AGENT=king; PATIENT=lady; VERB=describ
Sentence: the",Sentence: the,first_noun,-2.07607364654541,-4.462776184082031,-2.386702537536621,active,0.0
1623,role_labeled,active,active,a hero washes a husband .,an uncle washes a wife .,a wife is washed by an uncle .,an,uncle,a,wife,wash,washes,washed,"[""VERB=wash"", ""AGENT=uncle"", ""PATIENT=wife""]","Prime sentence: a hero washes a husband .
Event roles: VERB=wash; AGENT=uncle; PATIENT=wife
Sentence: the",Sentence: the,first_noun,-5.784780979156494,-4.0063862800598145,1.7783946990966797,passive,1.0
1623,role_labeled,passive,passive,a husband is washed by a hero .,an uncle washes a wife .,a wife is washed by an uncle .,an,uncle,a,wife,wash,washes,washed,"[""VERB=wash"", ""AGENT=uncle"", ""PATIENT=wife""]","Prime sentence: a husband is washed by a hero .
Event roles: VERB=wash; AGENT=uncle; PATIENT=wife
Sentence: the",Sentence: the,first_noun,-6.029982566833496,-4.079888343811035,1.950094223022461,passive,1.0
1623,role_labeled,no_prime_eos,no_prime_eos,,an uncle washes a wife .,a wife is washed by an uncle .,an,uncle,a,wife,wash,washes,washed,"[""VERB=wash"", ""AGENT=uncle"", ""PATIENT=wife""]","Event roles: VERB=wash; AGENT=uncle; PATIENT=wife
Sentence: the",Sentence: the,first_noun,-7.494176864624023,-4.268368721008301,3.2258081436157227,passive,1.0
1623,role_labeled,filler,filler,The witness paused near the doorway .,an uncle washes a wife .,a wife is washed by an uncle .,an,uncle,a,wife,wash,washes,washed,"[""VERB=wash"", ""AGENT=uncle"", ""PATIENT=wife""]","Prime sentence: The witness paused near the doorway .
Event roles: VERB=wash; AGENT=uncle; PATIENT=wife
Sentence: the",Sentence: the,first_noun,-5.456101417541504,-4.183894634246826,1.2722067832946777,passive,1.0
1624,role_labeled,active,active,a bishop hurts a boy .,a mother hurts a nurse .,a nurse is hurt by a mother .,a,mother,a,nurse,hurt,hurts,hurt,"[""AGENT=mother"", ""VERB=hurt"", ""PATIENT=nurse""]","Prime sentence: a bishop hurts a boy .
Event roles: AGENT=mother; VERB=hurt; PATIENT=nurse
Sentence: the",Sentence: the,first_noun,-2.913878917694092,-4.338760852813721,-1.424881935119629,active,0.0
1624,role_labeled,passive,passive,a boy is hurt by a bishop .,a mother hurts a nurse .,a nurse is hurt by a mother .,a,mother,a,nurse,hurt,hurts,hurt,"[""AGENT=mother"", ""VERB=hurt"", ""PATIENT=nurse""]","Prime sentence: a boy is hurt by a bishop .
Event roles: AGENT=mother; VERB=hurt; PATIENT=nurse
Sentence: the",Sentence: the,first_noun,-3.4682748317718506,-4.525191783905029,-1.0569169521331787,active,0.0
1624,role_labeled,no_prime_eos,no_prime_eos,,a mother hurts a nurse .,a nurse is hurt by a mother .,a,mother,a,nurse,hurt,hurts,hurt,"[""AGENT=mother"", ""VERB=hurt"", ""PATIENT=nurse""]","Event roles: AGENT=mother; VERB=hurt; PATIENT=nurse
Sentence: the",Sentence: the,first_noun,-2.7928452491760254,-3.440934181213379,-0.6480889320373535,active,0.0
1624,role_labeled,filler,filler,The teacher listened during assembly .,a mother hurts a nurse .,a nurse is hurt by a mother .,a,mother,a,nurse,hurt,hurts,hurt,"[""AGENT=mother"", ""VERB=hurt"", ""PATIENT=nurse""]","Prime sentence: The teacher listened during assembly .
Event roles: AGENT=mother; VERB=hurt; PATIENT=nurse
Sentence: the",Sentence: the,first_noun,-2.5153002738952637,-2.8053154945373535,-0.29001522064208984,active,0.0
1625,role_labeled,active,active,a prince chases a princess .,a child chases a colonel .,a colonel is chased by a child .,a,child,a,colonel,chas,chases,chased,"[""PATIENT=colonel"", ""AGENT=child"", ""VERB=chas""]","Prime sentence: a prince chases a princess .
Event roles: PATIENT=colonel; AGENT=child; VERB=chas
Sentence: the",Sentence: the,first_noun,-4.558379173278809,-4.971540451049805,-0.4131612777709961,active,0.0
1625,role_labeled,passive,passive,a princess is chased by a prince .,a child chases a colonel .,a colonel is chased by a child .,a,child,a,colonel,chas,chases,chased,"[""PATIENT=colonel"", ""AGENT=child"", ""VERB=chas""]","Prime sentence: a princess is chased by a prince .
Event roles: PATIENT=colonel; AGENT=child; VERB=chas
Sentence: the",Sentence: the,first_noun,-4.423577785491943,-5.475687503814697,-1.052109718322754,active,0.0
1625,role_labeled,no_prime_eos,no_prime_eos,,a child chases a colonel .,a colonel is chased by a child .,a,child,a,colonel,chas,chases,chased,"[""PATIENT=colonel"", ""AGENT=child"", ""VERB=chas""]","Event roles: PATIENT=colonel; AGENT=child; VERB=chas
Sentence: the",Sentence: the,first_noun,-3.6722218990325928,-5.046304702758789,-1.3740828037261963,active,0.0
1625,role_labeled,filler,filler,The radio crackled in the attic .,a child chases a colonel .,a colonel is chased by a child .,a,child,a,colonel,chas,chases,chased,"[""PATIENT=colonel"", ""AGENT=child"", ""VERB=chas""]","Prime sentence: The radio crackled in the attic .
Event roles: PATIENT=colonel; AGENT=child; VERB=chas
Sentence: the",Sentence: the,first_noun,-4.560488700866699,-4.752964019775391,-0.1924753189086914,active,0.0
1626,role_labeled,active,active,a father helps a friend .,a singer helps a soldier .,a soldier is helped by a singer .,a,singer,a,soldier,help,helps,helped,"[""AGENT=singer"", ""VERB=help"", ""PATIENT=soldier""]","Prime sentence: a father helps a friend .
Event roles: AGENT=singer; VERB=help; PATIENT=soldier
Sentence: the",Sentence: the,first_noun,-5.406825065612793,-3.573146104812622,1.833678960800171,passive,1.0
1626,role_labeled,passive,passive,a friend is helped by a father .,a singer helps a soldier .,a soldier is helped by a singer .,a,singer,a,soldier,help,helps,helped,"[""AGENT=singer"", ""VERB=help"", ""PATIENT=soldier""]","Prime sentence: a friend is helped by a father .
Event roles: AGENT=singer; VERB=help; PATIENT=soldier
Sentence: the",Sentence: the,first_noun,-5.680426597595215,-3.4733407497406006,2.2070858478546143,passive,1.0
1626,role_labeled,no_prime_eos,no_prime_eos,,a singer helps a soldier .,a soldier is helped by a singer .,a,singer,a,soldier,help,helps,helped,"[""AGENT=singer"", ""VERB=help"", ""PATIENT=soldier""]","Event roles: AGENT=singer; VERB=help; PATIENT=soldier
Sentence: the",Sentence: the,first_noun,-4.088907718658447,-4.219632148742676,-0.13072443008422852,active,0.0
1626,role_labeled,filler,filler,The kettle whistled in the kitchen .,a singer helps a soldier .,a soldier is helped by a singer .,a,singer,a,soldier,help,helps,helped,"[""AGENT=singer"", ""VERB=help"", ""PATIENT=soldier""]","Prime sentence: The kettle whistled in the kitchen .
Event roles: AGENT=singer; VERB=help; PATIENT=soldier
Sentence: the",Sentence: the,first_noun,-7.477297782897949,-4.673812389373779,2.80348539352417,passive,1.0
1627,role_labeled,active,active,an opponent follows a parent .,a boy follows a brother .,a brother is followed by a boy .,a,boy,a,brother,follow,follows,followed,"[""VERB=follow"", ""AGENT=boy"", ""PATIENT=brother""]","Prime sentence: an opponent follows a parent .
Event roles: VERB=follow; AGENT=boy; PATIENT=brother
Sentence: the",Sentence: the,first_noun,-3.1182236671447754,-5.314578056335449,-2.196354389190674,active,0.0
1627,role_labeled,passive,passive,a parent is followed by an opponent .,a boy follows a brother .,a brother is followed by a boy .,a,boy,a,brother,follow,follows,followed,"[""VERB=follow"", ""AGENT=boy"", ""PATIENT=brother""]","Prime sentence: a parent is followed by an opponent .
Event roles: VERB=follow; AGENT=boy; PATIENT=brother
Sentence: the",Sentence: the,first_noun,-3.260244131088257,-5.733803749084473,-2.473559617996216,active,0.0
1627,role_labeled,no_prime_eos,no_prime_eos,,a boy follows a brother .,a brother is followed by a boy .,a,boy,a,brother,follow,follows,followed,"[""VERB=follow"", ""AGENT=boy"", ""PATIENT=brother""]","Event roles: VERB=follow; AGENT=boy; PATIENT=brother
Sentence: the",Sentence: the,first_noun,-3.5643863677978516,-6.058915615081787,-2.4945292472839355,active,0.0
1627,role_labeled,filler,filler,The painter waited near the doorway .,a boy follows a brother .,a brother is followed by a boy .,a,boy,a,brother,follow,follows,followed,"[""VERB=follow"", ""AGENT=boy"", ""PATIENT=brother""]","Prime sentence: The painter waited near the doorway .
Event roles: VERB=follow; AGENT=boy; PATIENT=brother
Sentence: the",Sentence: the,first_noun,-2.6863508224487305,-6.072094917297363,-3.385744094848633,active,0.0
1628,role_labeled,active,active,a wife destroys a winner .,a hero destroys a husband .,a husband is destroyed by a hero .,a,hero,a,husband,destroy,destroys,destroyed,"[""AGENT=hero"", ""VERB=destroy"", ""PATIENT=husband""]","Prime sentence: a wife destroys a winner .
Event roles: AGENT=hero; VERB=destroy; PATIENT=husband
Sentence: the",Sentence: the,first_noun,-4.270966529846191,-3.2710986137390137,0.9998679161071777,passive,1.0
1628,role_labeled,passive,passive,a winner is destroyed by a wife .,a hero destroys a husband .,a husband is destroyed by a hero .,a,hero,a,husband,destroy,destroys,destroyed,"[""AGENT=hero"", ""VERB=destroy"", ""PATIENT=husband""]","Prime sentence: a winner is destroyed by a wife .
Event roles: AGENT=hero; VERB=destroy; PATIENT=husband
Sentence: the",Sentence: the,first_noun,-3.6517493724823,-3.9863879680633545,-0.3346385955810547,active,0.0
1628,role_labeled,no_prime_eos,no_prime_eos,,a hero destroys a husband .,a husband is destroyed by a hero .,a,hero,a,husband,destroy,destroys,destroyed,"[""AGENT=hero"", ""VERB=destroy"", ""PATIENT=husband""]","Event roles: AGENT=hero; VERB=destroy; PATIENT=husband
Sentence: the",Sentence: the,first_noun,-2.4122703075408936,-5.331596374511719,-2.919326066970825,active,0.0
1628,role_labeled,filler,filler,The witness paused near the doorway .,a hero destroys a husband .,a husband is destroyed by a hero .,a,hero,a,husband,destroy,destroys,destroyed,"[""AGENT=hero"", ""VERB=destroy"", ""PATIENT=husband""]","Prime sentence: The witness paused near the doorway .
Event roles: AGENT=hero; VERB=destroy; PATIENT=husband
Sentence: the",Sentence: the,first_noun,-4.745816230773926,-4.942651748657227,-0.19683551788330078,active,0.0
1629,role_labeled,active,active,a man carries a manager .,an actress carries an adult .,an adult is carried by an actress .,an,actress,an,adult,carry,carries,carried,"[""AGENT=actress"", ""VERB=carry"", ""PATIENT=adult""]","Prime sentence: a man carries a manager .
Event roles: AGENT=actress; VERB=carry; PATIENT=adult
Sentence: the",Sentence: the,first_noun,-6.001312255859375,-7.161251068115234,-1.1599388122558594,active,0.0
1629,role_labeled,passive,passive,a manager is carried by a man .,an actress carries an adult .,an adult is carried by an actress .,an,actress,an,adult,carry,carries,carried,"[""AGENT=actress"", ""VERB=carry"", ""PATIENT=adult""]","Prime sentence: a manager is carried by a man .
Event roles: AGENT=actress; VERB=carry; PATIENT=adult
Sentence: the",Sentence: the,first_noun,-6.280333518981934,-7.13498592376709,-0.8546524047851562,active,0.0
1629,role_labeled,no_prime_eos,no_prime_eos,,an actress carries an adult .,an adult is carried by an actress .,an,actress,an,adult,carry,carries,carried,"[""AGENT=actress"", ""VERB=carry"", ""PATIENT=adult""]","Event roles: AGENT=actress; VERB=carry; PATIENT=adult
Sentence: the",Sentence: the,first_noun,-6.276895523071289,-5.793088912963867,0.4838066101074219,passive,1.0
1629,role_labeled,filler,filler,The engine cooled before dawn .,an actress carries an adult .,an adult is carried by an actress .,an,actress,an,adult,carry,carries,carried,"[""AGENT=actress"", ""VERB=carry"", ""PATIENT=adult""]","Prime sentence: The engine cooled before dawn .
Event roles: AGENT=actress; VERB=carry; PATIENT=adult
Sentence: the",Sentence: the,first_noun,-7.75724983215332,-8.217737197875977,-0.46048736572265625,active,0.0
1630,role_labeled,active,active,a kid carries a king .,a winner carries a woman .,a woman is carried by a winner .,a,winner,a,woman,carry,carries,carried,"[""AGENT=winner"", ""PATIENT=woman"", ""VERB=carry""]","Prime sentence: a kid carries a king .
Event roles: AGENT=winner; PATIENT=woman; VERB=carry
Sentence: the",Sentence: the,first_noun,-6.87022590637207,-4.255891799926758,2.6143341064453125,passive,1.0
1630,role_labeled,passive,passive,a king is carried by a kid .,a winner carries a woman .,a woman is carried by a winner .,a,winner,a,woman,carry,carries,carried,"[""AGENT=winner"", ""PATIENT=woman"", ""VERB=carry""]","Prime sentence: a king is carried by a kid .
Event roles: AGENT=winner; PATIENT=woman; VERB=carry
Sentence: the",Sentence: the,first_noun,-7.257597923278809,-4.769367694854736,2.4882302284240723,passive,1.0
1630,role_labeled,no_prime_eos,no_prime_eos,,a winner carries a woman .,a woman is carried by a winner .,a,winner,a,woman,carry,carries,carried,"[""AGENT=winner"", ""PATIENT=woman"", ""VERB=carry""]","Event roles: AGENT=winner; PATIENT=woman; VERB=carry
Sentence: the",Sentence: the,first_noun,-3.691502332687378,-3.0132932662963867,0.6782090663909912,passive,1.0
1630,role_labeled,filler,filler,The violin echoed in the theater .,a winner carries a woman .,a woman is carried by a winner .,a,winner,a,woman,carry,carries,carried,"[""AGENT=winner"", ""PATIENT=woman"", ""VERB=carry""]","Prime sentence: The violin echoed in the theater .
Event roles: AGENT=winner; PATIENT=woman; VERB=carry
Sentence: the",Sentence: the,first_noun,-8.508073806762695,-4.313872337341309,4.194201469421387,passive,1.0
1631,role_labeled,active,active,an actor washes an actress .,a lawyer washes a leader .,a leader is washed by a lawyer .,a,lawyer,a,leader,wash,washes,washed,"[""AGENT=lawyer"", ""VERB=wash"", ""PATIENT=leader""]","Prime sentence: an actor washes an actress .
Event roles: AGENT=lawyer; VERB=wash; PATIENT=leader
Sentence: the",Sentence: the,first_noun,-3.8777315616607666,-6.024446487426758,-2.146714925765991,active,0.0
1631,role_labeled,passive,passive,an actress is washed by an actor .,a lawyer washes a leader .,a leader is washed by a lawyer .,a,lawyer,a,leader,wash,washes,washed,"[""AGENT=lawyer"", ""VERB=wash"", ""PATIENT=leader""]","Prime sentence: an actress is washed by an actor .
Event roles: AGENT=lawyer; VERB=wash; PATIENT=leader
Sentence: the",Sentence: the,first_noun,-4.050358772277832,-6.065313339233398,-2.0149545669555664,active,0.0
1631,role_labeled,no_prime_eos,no_prime_eos,,a lawyer washes a leader .,a leader is washed by a lawyer .,a,lawyer,a,leader,wash,washes,washed,"[""AGENT=lawyer"", ""VERB=wash"", ""PATIENT=leader""]","Event roles: AGENT=lawyer; VERB=wash; PATIENT=leader
Sentence: the",Sentence: the,first_noun,-4.2060418128967285,-5.264203071594238,-1.0581612586975098,active,0.0
1631,role_labeled,filler,filler,The singer smiled after rehearsal .,a lawyer washes a leader .,a leader is washed by a lawyer .,a,lawyer,a,leader,wash,washes,washed,"[""AGENT=lawyer"", ""VERB=wash"", ""PATIENT=leader""]","Prime sentence: The singer smiled after rehearsal .
Event roles: AGENT=lawyer; VERB=wash; PATIENT=leader
Sentence: the",Sentence: the,first_noun,-4.091606616973877,-6.068826675415039,-1.977220058441162,active,0.0
1632,role_labeled,active,active,a worker kisses a writer .,a king kisses a lady .,a lady is kissed by a king .,a,king,a,lady,kiss,kisses,kissed,"[""VERB=kiss"", ""AGENT=king"", ""PATIENT=lady""]","Prime sentence: a worker kisses a writer .
Event roles: VERB=kiss; AGENT=king; PATIENT=lady
Sentence: the",Sentence: the,first_noun,-2.965264320373535,-5.330287456512451,-2.365023136138916,active,0.0
1632,role_labeled,passive,passive,a writer is kissed by a worker .,a king kisses a lady .,a lady is kissed by a king .,a,king,a,lady,kiss,kisses,kissed,"[""VERB=kiss"", ""AGENT=king"", ""PATIENT=lady""]","Prime sentence: a writer is kissed by a worker .
Event roles: VERB=kiss; AGENT=king; PATIENT=lady
Sentence: the",Sentence: the,first_noun,-2.939131498336792,-5.403284072875977,-2.4641525745391846,active,0.0
1632,role_labeled,no_prime_eos,no_prime_eos,,a king kisses a lady .,a lady is kissed by a king .,a,king,a,lady,kiss,kisses,kissed,"[""VERB=kiss"", ""AGENT=king"", ""PATIENT=lady""]","Event roles: VERB=kiss; AGENT=king; PATIENT=lady
Sentence: the",Sentence: the,first_noun,-3.917757987976074,-6.055914878845215,-2.1381568908691406,active,0.0
1632,role_labeled,filler,filler,The tourist wandered through the plaza .,a king kisses a lady .,a lady is kissed by a king .,a,king,a,lady,kiss,kisses,kissed,"[""VERB=kiss"", ""AGENT=king"", ""PATIENT=lady""]","Prime sentence: The tourist wandered through the plaza .
Event roles: VERB=kiss; AGENT=king; PATIENT=lady
Sentence: the",Sentence: the,first_noun,-3.0677013397216797,-3.9936599731445312,-0.9259586334228516,active,0.0
1633,role_labeled,active,active,a mother grabs a nurse .,an author grabs a bishop .,a bishop is grabbed by an author .,an,author,a,bishop,grab,grabs,grabbed,"[""VERB=grab"", ""PATIENT=bishop"", ""AGENT=author""]","Prime sentence: a mother grabs a nurse .
Event roles: VERB=grab; PATIENT=bishop; AGENT=author
Sentence: the",Sentence: the,first_noun,-6.187535285949707,-3.9499688148498535,2.2375664710998535,passive,1.0
1633,role_labeled,passive,passive,a nurse is grabbed by a mother .,an author grabs a bishop .,a bishop is grabbed by an author .,an,author,a,bishop,grab,grabs,grabbed,"[""VERB=grab"", ""PATIENT=bishop"", ""AGENT=author""]","Prime sentence: a nurse is grabbed by a mother .
Event roles: VERB=grab; PATIENT=bishop; AGENT=author
Sentence: the",Sentence: the,first_noun,-5.723058700561523,-3.841291904449463,1.8817667961120605,passive,1.0
1633,role_labeled,no_prime_eos,no_prime_eos,,an author grabs a bishop .,a bishop is grabbed by an author .,an,author,a,bishop,grab,grabs,grabbed,"[""VERB=grab"", ""PATIENT=bishop"", ""AGENT=author""]","Event roles: VERB=grab; PATIENT=bishop; AGENT=author
Sentence: the",Sentence: the,first_noun,-4.743163108825684,-4.353940486907959,0.3892226219177246,passive,1.0
1633,role_labeled,filler,filler,The radio crackled in the attic .,an author grabs a bishop .,a bishop is grabbed by an author .,an,author,a,bishop,grab,grabs,grabbed,"[""VERB=grab"", ""PATIENT=bishop"", ""AGENT=author""]","Prime sentence: The radio crackled in the attic .
Event roles: VERB=grab; PATIENT=bishop; AGENT=author
Sentence: the",Sentence: the,first_noun,-7.305120468139648,-5.6785993576049805,1.626521110534668,passive,1.0
1634,role_labeled,active,active,a brother comforts a buddy .,an opponent comforts a parent .,a parent is comforted by an opponent .,an,opponent,a,parent,comfort,comforts,comforted,"[""PATIENT=parent"", ""VERB=comfort"", ""AGENT=opponent""]","Prime sentence: a brother comforts a buddy .
Event roles: PATIENT=parent; VERB=comfort; AGENT=opponent
Sentence: the",Sentence: the,first_noun,-7.546672821044922,-5.819414138793945,1.7272586822509766,passive,1.0
1634,role_labeled,passive,passive,a buddy is comforted by a brother .,an opponent comforts a parent .,a parent is comforted by an opponent .,an,opponent,a,parent,comfort,comforts,comforted,"[""PATIENT=parent"", ""VERB=comfort"", ""AGENT=opponent""]","Prime sentence: a buddy is comforted by a brother .
Event roles: PATIENT=parent; VERB=comfort; AGENT=opponent
Sentence: the",Sentence: the,first_noun,-7.397467136383057,-5.7435102462768555,1.6539568901062012,passive,1.0
1634,role_labeled,no_prime_eos,no_prime_eos,,an opponent comforts a parent .,a parent is comforted by an opponent .,an,opponent,a,parent,comfort,comforts,comforted,"[""PATIENT=parent"", ""VERB=comfort"", ""AGENT=opponent""]","Event roles: PATIENT=parent; VERB=comfort; AGENT=opponent
Sentence: the",Sentence: the,first_noun,-5.74696159362793,-5.70358419418335,0.04337739944458008,passive,1.0
1634,role_labeled,filler,filler,The garden brightened after rain .,an opponent comforts a parent .,a parent is comforted by an opponent .,an,opponent,a,parent,comfort,comforts,comforted,"[""PATIENT=parent"", ""VERB=comfort"", ""AGENT=opponent""]","Prime sentence: The garden brightened after rain .
Event roles: PATIENT=parent; VERB=comfort; AGENT=opponent
Sentence: the",Sentence: the,first_noun,-9.210540771484375,-7.621516227722168,1.589024543762207,passive,1.0
1635,role_labeled,active,active,a champion beats a chief .,a pilot beats a president .,a president is beaten by a pilot .,a,pilot,a,president,beat,beats,beaten,"[""AGENT=pilot"", ""PATIENT=president"", ""VERB=beat""]","Prime sentence: a champion beats a chief .
Event roles: AGENT=pilot; PATIENT=president; VERB=beat
Sentence: the",Sentence: the,first_noun,-4.2754740715026855,-3.8295035362243652,0.4459705352783203,passive,1.0
1635,role_labeled,passive,passive,a chief is beaten by a champion .,a pilot beats a president .,a president is beaten by a pilot .,a,pilot,a,president,beat,beats,beaten,"[""AGENT=pilot"", ""PATIENT=president"", ""VERB=beat""]","Prime sentence: a chief is beaten by a champion .
Event roles: AGENT=pilot; PATIENT=president; VERB=beat
Sentence: the",Sentence: the,first_noun,-3.9041173458099365,-3.6267800331115723,0.27733731269836426,passive,1.0
1635,role_labeled,no_prime_eos,no_prime_eos,,a pilot beats a president .,a president is beaten by a pilot .,a,pilot,a,president,beat,beats,beaten,"[""AGENT=pilot"", ""PATIENT=president"", ""VERB=beat""]","Event roles: AGENT=pilot; PATIENT=president; VERB=beat
Sentence: the",Sentence: the,first_noun,-3.372877597808838,-3.5185494422912598,-0.14567184448242188,active,0.0
1635,role_labeled,filler,filler,The planet shimmered above the valley .,a pilot beats a president .,a president is beaten by a pilot .,a,pilot,a,president,beat,beats,beaten,"[""AGENT=pilot"", ""PATIENT=president"", ""VERB=beat""]","Prime sentence: The planet shimmered above the valley .
Event roles: AGENT=pilot; PATIENT=president; VERB=beat
Sentence: the",Sentence: the,first_noun,-5.016806602478027,-4.5084991455078125,0.5083074569702148,passive,1.0
1636,role_labeled,active,active,a candidate follows a captain .,a partner follows a physician .,a physician is followed by a partner .,a,partner,a,physician,follow,follows,followed,"[""VERB=follow"", ""AGENT=partner"", ""PATIENT=physician""]","Prime sentence: a candidate follows a captain .
Event roles: VERB=follow; AGENT=partner; PATIENT=physician
Sentence: the",Sentence: the,first_noun,-7.016124248504639,-5.663187026977539,1.3529372215270996,passive,1.0
1636,role_labeled,passive,passive,a captain is followed by a candidate .,a partner follows a physician .,a physician is followed by a partner .,a,partner,a,physician,follow,follows,followed,"[""VERB=follow"", ""AGENT=partner"", ""PATIENT=physician""]","Prime sentence: a captain is followed by a candidate .
Event roles: VERB=follow; AGENT=partner; PATIENT=physician
Sentence: the",Sentence: the,first_noun,-7.141908645629883,-5.537525653839111,1.6043829917907715,passive,1.0
1636,role_labeled,no_prime_eos,no_prime_eos,,a partner follows a physician .,a physician is followed by a partner .,a,partner,a,physician,follow,follows,followed,"[""VERB=follow"", ""AGENT=partner"", ""PATIENT=physician""]","Event roles: VERB=follow; AGENT=partner; PATIENT=physician
Sentence: the",Sentence: the,first_noun,-7.154229164123535,-3.9893147945404053,3.16491436958313,passive,1.0
1636,role_labeled,filler,filler,The signal flickered across the screen .,a partner follows a physician .,a physician is followed by a partner .,a,partner,a,physician,follow,follows,followed,"[""VERB=follow"", ""AGENT=partner"", ""PATIENT=physician""]","Prime sentence: The signal flickered across the screen .
Event roles: VERB=follow; AGENT=partner; PATIENT=physician
Sentence: the",Sentence: the,first_noun,-7.554482460021973,-5.219511032104492,2.3349714279174805,passive,1.0
1637,role_labeled,active,active,a man describes a manager .,an actress describes an adult .,an adult is described by an actress .,an,actress,an,adult,describ,describes,described,"[""VERB=describ"", ""PATIENT=adult"", ""AGENT=actress""]","Prime sentence: a man describes a manager .
Event roles: VERB=describ; PATIENT=adult; AGENT=actress
Sentence: the",Sentence: the,first_noun,-6.382315158843994,-7.201080322265625,-0.8187651634216309,active,0.0
1637,role_labeled,passive,passive,a manager is described by a man .,an actress describes an adult .,an adult is described by an actress .,an,actress,an,adult,describ,describes,described,"[""VERB=describ"", ""PATIENT=adult"", ""AGENT=actress""]","Prime sentence: a manager is described by a man .
Event roles: VERB=describ; PATIENT=adult; AGENT=actress
Sentence: the",Sentence: the,first_noun,-6.804450035095215,-7.149686813354492,-0.34523677825927734,active,0.0
1637,role_labeled,no_prime_eos,no_prime_eos,,an actress describes an adult .,an adult is described by an actress .,an,actress,an,adult,describ,describes,described,"[""VERB=describ"", ""PATIENT=adult"", ""AGENT=actress""]","Event roles: VERB=describ; PATIENT=adult; AGENT=actress
Sentence: the",Sentence: the,first_noun,-6.703879356384277,-6.237496852874756,0.4663825035095215,passive,1.0
1637,role_labeled,filler,filler,The market opened after sunrise .,an actress describes an adult .,an adult is described by an actress .,an,actress,an,adult,describ,describes,described,"[""VERB=describ"", ""PATIENT=adult"", ""AGENT=actress""]","Prime sentence: The market opened after sunrise .
Event roles: VERB=describ; PATIENT=adult; AGENT=actress
Sentence: the",Sentence: the,first_noun,-8.052790641784668,-8.024585723876953,0.028204917907714844,passive,1.0
1638,role_labeled,active,active,an employer forgives a father .,a sheriff forgives a singer .,a singer is forgiven by a sheriff .,a,sheriff,a,singer,forgiv,forgives,forgiven,"[""VERB=forgiv"", ""AGENT=sheriff"", ""PATIENT=singer""]","Prime sentence: an employer forgives a father .
Event roles: VERB=forgiv; AGENT=sheriff; PATIENT=singer
Sentence: the",Sentence: the,first_noun,-4.34815788269043,-6.546140193939209,-2.1979823112487793,active,0.0
1638,role_labeled,passive,passive,a father is forgiven by an employer .,a sheriff forgives a singer .,a singer is forgiven by a sheriff .,a,sheriff,a,singer,forgiv,forgives,forgiven,"[""VERB=forgiv"", ""AGENT=sheriff"", ""PATIENT=singer""]","Prime sentence: a father is forgiven by an employer .
Event roles: VERB=forgiv; AGENT=sheriff; PATIENT=singer
Sentence: the",Sentence: the,first_noun,-5.186107635498047,-6.838805675506592,-1.652698040008545,active,0.0
1638,role_labeled,no_prime_eos,no_prime_eos,,a sheriff forgives a singer .,a singer is forgiven by a sheriff .,a,sheriff,a,singer,forgiv,forgives,forgiven,"[""VERB=forgiv"", ""AGENT=sheriff"", ""PATIENT=singer""]","Event roles: VERB=forgiv; AGENT=sheriff; PATIENT=singer
Sentence: the",Sentence: the,first_noun,-6.630280017852783,-6.757567405700684,-0.1272873878479004,active,0.0
1638,role_labeled,filler,filler,The garden brightened after rain .,a sheriff forgives a singer .,a singer is forgiven by a sheriff .,a,sheriff,a,singer,forgiv,forgives,forgiven,"[""VERB=forgiv"", ""AGENT=sheriff"", ""PATIENT=singer""]","Prime sentence: The garden brightened after rain .
Event roles: VERB=forgiv; AGENT=sheriff; PATIENT=singer
Sentence: the",Sentence: the,first_noun,-7.345986366271973,-7.882939338684082,-0.5369529724121094,active,0.0
1639,role_labeled,active,active,a father surprises a friend .,a singer surprises a soldier .,a soldier is surprised by a singer .,a,singer,a,soldier,surpris,surprises,surprised,"[""VERB=surpris"", ""AGENT=singer"", ""PATIENT=soldier""]","Prime sentence: a father surprises a friend .
Event roles: VERB=surpris; AGENT=singer; PATIENT=soldier
Sentence: the",Sentence: the,first_noun,-6.056163787841797,-4.758810520172119,1.2973532676696777,passive,1.0
1639,role_labeled,passive,passive,a friend is surprised by a father .,a singer surprises a soldier .,a soldier is surprised by a singer .,a,singer,a,soldier,surpris,surprises,surprised,"[""VERB=surpris"", ""AGENT=singer"", ""PATIENT=soldier""]","Prime sentence: a friend is surprised by a father .
Event roles: VERB=surpris; AGENT=singer; PATIENT=soldier
Sentence: the",Sentence: the,first_noun,-6.034046173095703,-4.50859260559082,1.5254535675048828,passive,1.0
1639,role_labeled,no_prime_eos,no_prime_eos,,a singer surprises a soldier .,a soldier is surprised by a singer .,a,singer,a,soldier,surpris,surprises,surprised,"[""VERB=surpris"", ""AGENT=singer"", ""PATIENT=soldier""]","Event roles: VERB=surpris; AGENT=singer; PATIENT=soldier
Sentence: the",Sentence: the,first_noun,-5.668293476104736,-4.514407157897949,1.153886318206787,passive,1.0
1639,role_labeled,filler,filler,The market opened after sunrise .,a singer surprises a soldier .,a soldier is surprised by a singer .,a,singer,a,soldier,surpris,surprises,surprised,"[""VERB=surpris"", ""AGENT=singer"", ""PATIENT=soldier""]","Prime sentence: The market opened after sunrise .
Event roles: VERB=surpris; AGENT=singer; PATIENT=soldier
Sentence: the",Sentence: the,first_noun,-6.598793983459473,-6.144097328186035,0.4546966552734375,passive,1.0
1640,role_labeled,active,active,a student understands a teacher .,a girl understands a guest .,a guest is understood by a girl .,a,girl,a,guest,understand,understands,understood,"[""VERB=understand"", ""PATIENT=guest"", ""AGENT=girl""]","Prime sentence: a student understands a teacher .
Event roles: VERB=understand; PATIENT=guest; AGENT=girl
Sentence: the",Sentence: the,first_noun,-2.973933458328247,-6.494701385498047,-3.5207679271698,active,0.0
1640,role_labeled,passive,passive,a teacher is understood by a student .,a girl understands a guest .,a guest is understood by a girl .,a,girl,a,guest,understand,understands,understood,"[""VERB=understand"", ""PATIENT=guest"", ""AGENT=girl""]","Prime sentence: a teacher is understood by a student .
Event roles: VERB=understand; PATIENT=guest; AGENT=girl
Sentence: the",Sentence: the,first_noun,-3.059797525405884,-6.748180389404297,-3.688382863998413,active,0.0
1640,role_labeled,no_prime_eos,no_prime_eos,,a girl understands a guest .,a guest is understood by a girl .,a,girl,a,guest,understand,understands,understood,"[""VERB=understand"", ""PATIENT=guest"", ""AGENT=girl""]","Event roles: VERB=understand; PATIENT=guest; AGENT=girl
Sentence: the",Sentence: the,first_noun,-3.0594139099121094,-5.994434356689453,-2.9350204467773438,active,0.0
1640,role_labeled,filler,filler,The pillow rested on the sofa .,a girl understands a guest .,a guest is understood by a girl .,a,girl,a,guest,understand,understands,understood,"[""VERB=understand"", ""PATIENT=guest"", ""AGENT=girl""]","Prime sentence: The pillow rested on the sofa .
Event roles: VERB=understand; PATIENT=guest; AGENT=girl
Sentence: the",Sentence: the,first_noun,-4.22266149520874,-6.264177322387695,-2.041515827178955,active,0.0
1641,role_labeled,active,active,a student helps a teacher .,a girl helps a guest .,a guest is helped by a girl .,a,girl,a,guest,help,helps,helped,"[""PATIENT=guest"", ""AGENT=girl"", ""VERB=help""]","Prime sentence: a student helps a teacher .
Event roles: PATIENT=guest; AGENT=girl; VERB=help
Sentence: the",Sentence: the,first_noun,-2.378721237182617,-5.457356929779053,-3.0786356925964355,active,0.0
1641,role_labeled,passive,passive,a teacher is helped by a student .,a girl helps a guest .,a guest is helped by a girl .,a,girl,a,guest,help,helps,helped,"[""PATIENT=guest"", ""AGENT=girl"", ""VERB=help""]","Prime sentence: a teacher is helped by a student .
Event roles: PATIENT=guest; AGENT=girl; VERB=help
Sentence: the",Sentence: the,first_noun,-2.48195219039917,-5.0097198486328125,-2.5277676582336426,active,0.0
1641,role_labeled,no_prime_eos,no_prime_eos,,a girl helps a guest .,a guest is helped by a girl .,a,girl,a,guest,help,helps,helped,"[""PATIENT=guest"", ""AGENT=girl"", ""VERB=help""]","Event roles: PATIENT=guest; AGENT=girl; VERB=help
Sentence: the",Sentence: the,first_noun,-2.383370876312256,-5.447785377502441,-3.0644145011901855,active,0.0
1641,role_labeled,filler,filler,The kettle whistled in the kitchen .,a girl helps a guest .,a guest is helped by a girl .,a,girl,a,guest,help,helps,helped,"[""PATIENT=guest"", ""AGENT=girl"", ""VERB=help""]","Prime sentence: The kettle whistled in the kitchen .
Event roles: PATIENT=guest; AGENT=girl; VERB=help
Sentence: the",Sentence: the,first_noun,-4.1574859619140625,-6.742487907409668,-2.5850019454956055,active,0.0
1642,role_labeled,active,active,a manager follows a mayor .,an adult follows an attorney .,an attorney is followed by an adult .,an,adult,an,attorney,follow,follows,followed,"[""VERB=follow"", ""AGENT=adult"", ""PATIENT=attorney""]","Prime sentence: a manager follows a mayor .
Event roles: VERB=follow; AGENT=adult; PATIENT=attorney
Sentence: the",Sentence: the,first_noun,-6.299676895141602,-6.91855525970459,-0.6188783645629883,active,0.0
1642,role_labeled,passive,passive,a mayor is followed by a manager .,an adult follows an attorney .,an attorney is followed by an adult .,an,adult,an,attorney,follow,follows,followed,"[""VERB=follow"", ""AGENT=adult"", ""PATIENT=attorney""]","Prime sentence: a mayor is followed by a manager .
Event roles: VERB=follow; AGENT=adult; PATIENT=attorney
Sentence: the",Sentence: the,first_noun,-6.2946882247924805,-6.937823295593262,-0.6431350708007812,active,0.0
1642,role_labeled,no_prime_eos,no_prime_eos,,an adult follows an attorney .,an attorney is followed by an adult .,an,adult,an,attorney,follow,follows,followed,"[""VERB=follow"", ""AGENT=adult"", ""PATIENT=attorney""]","Event roles: VERB=follow; AGENT=adult; PATIENT=attorney
Sentence: the",Sentence: the,first_noun,-5.123998165130615,-6.604775905609131,-1.4807777404785156,active,0.0
1642,role_labeled,filler,filler,The package arrived before noon .,an adult follows an attorney .,an attorney is followed by an adult .,an,adult,an,attorney,follow,follows,followed,"[""VERB=follow"", ""AGENT=adult"", ""PATIENT=attorney""]","Prime sentence: The package arrived before noon .
Event roles: VERB=follow; AGENT=adult; PATIENT=attorney
Sentence: the",Sentence: the,first_noun,-5.729036808013916,-6.516292572021484,-0.7872557640075684,active,0.0
1643,role_labeled,active,active,a captain protects a champion .,a physician protects a pilot .,a pilot is protected by a physician .,a,physician,a,pilot,protect,protects,protected,"[""AGENT=physician"", ""VERB=protect"", ""PATIENT=pilot""]","Prime sentence: a captain protects a champion .
Event roles: AGENT=physician; VERB=protect; PATIENT=pilot
Sentence: the",Sentence: the,first_noun,-5.929671287536621,-4.126412391662598,1.8032588958740234,passive,1.0
1643,role_labeled,passive,passive,a champion is protected by a captain .,a physician protects a pilot .,a pilot is protected by a physician .,a,physician,a,pilot,protect,protects,protected,"[""AGENT=physician"", ""VERB=protect"", ""PATIENT=pilot""]","Prime sentence: a champion is protected by a captain .
Event roles: AGENT=physician; VERB=protect; PATIENT=pilot
Sentence: the",Sentence: the,first_noun,-5.411129951477051,-3.700395107269287,1.7107348442077637,passive,1.0
1643,role_labeled,no_prime_eos,no_prime_eos,,a physician protects a pilot .,a pilot is protected by a physician .,a,physician,a,pilot,protect,protects,protected,"[""AGENT=physician"", ""VERB=protect"", ""PATIENT=pilot""]","Event roles: AGENT=physician; VERB=protect; PATIENT=pilot
Sentence: the",Sentence: the,first_noun,-4.058384895324707,-2.9316916465759277,1.1266932487487793,passive,1.0
1643,role_labeled,filler,filler,The planet shimmered above the valley .,a physician protects a pilot .,a pilot is protected by a physician .,a,physician,a,pilot,protect,protects,protected,"[""AGENT=physician"", ""VERB=protect"", ""PATIENT=pilot""]","Prime sentence: The planet shimmered above the valley .
Event roles: AGENT=physician; VERB=protect; PATIENT=pilot
Sentence: the",Sentence: the,first_noun,-6.133823871612549,-3.9238157272338867,2.210008144378662,passive,1.0
1644,role_labeled,active,active,a friend carries a girl .,a soldier carries a son .,a son is carried by a soldier .,a,soldier,a,son,carry,carries,carried,"[""VERB=carry"", ""PATIENT=son"", ""AGENT=soldier""]","Prime sentence: a friend carries a girl .
Event roles: VERB=carry; PATIENT=son; AGENT=soldier
Sentence: the",Sentence: the,first_noun,-3.3400251865386963,-5.006827354431152,-1.666802167892456,active,0.0
1644,role_labeled,passive,passive,a girl is carried by a friend .,a soldier carries a son .,a son is carried by a soldier .,a,soldier,a,son,carry,carries,carried,"[""VERB=carry"", ""PATIENT=son"", ""AGENT=soldier""]","Prime sentence: a girl is carried by a friend .
Event roles: VERB=carry; PATIENT=son; AGENT=soldier
Sentence: the",Sentence: the,first_noun,-3.5758328437805176,-5.45359468460083,-1.8777618408203125,active,0.0
1644,role_labeled,no_prime_eos,no_prime_eos,,a soldier carries a son .,a son is carried by a soldier .,a,soldier,a,son,carry,carries,carried,"[""VERB=carry"", ""PATIENT=son"", ""AGENT=soldier""]","Event roles: VERB=carry; PATIENT=son; AGENT=soldier
Sentence: the",Sentence: the,first_noun,-3.7159433364868164,-5.2733917236328125,-1.557448387145996,active,0.0
1644,role_labeled,filler,filler,The painter waited near the doorway .,a soldier carries a son .,a son is carried by a soldier .,a,soldier,a,son,carry,carries,carried,"[""VERB=carry"", ""PATIENT=son"", ""AGENT=soldier""]","Prime sentence: The painter waited near the doorway .
Event roles: VERB=carry; PATIENT=son; AGENT=soldier
Sentence: the",Sentence: the,first_noun,-3.2745933532714844,-5.3656697273254395,-2.091076374053955,active,0.0
1645,role_labeled,active,active,a hero grabs a husband .,an uncle grabs a wife .,a wife is grabbed by an uncle .,an,uncle,a,wife,grab,grabs,grabbed,"[""PATIENT=wife"", ""AGENT=uncle"", ""VERB=grab""]","Prime sentence: a hero grabs a husband .
Event roles: PATIENT=wife; AGENT=uncle; VERB=grab
Sentence: the",Sentence: the,first_noun,-5.792197227478027,-3.1232621669769287,2.6689350605010986,passive,1.0
1645,role_labeled,passive,passive,a husband is grabbed by a hero .,an uncle grabs a wife .,a wife is grabbed by an uncle .,an,uncle,a,wife,grab,grabs,grabbed,"[""PATIENT=wife"", ""AGENT=uncle"", ""VERB=grab""]","Prime sentence: a husband is grabbed by a hero .
Event roles: PATIENT=wife; AGENT=uncle; VERB=grab
Sentence: the",Sentence: the,first_noun,-5.899868011474609,-3.443877935409546,2.4559900760650635,passive,1.0
1645,role_labeled,no_prime_eos,no_prime_eos,,an uncle grabs a wife .,a wife is grabbed by an uncle .,an,uncle,a,wife,grab,grabs,grabbed,"[""PATIENT=wife"", ""AGENT=uncle"", ""VERB=grab""]","Event roles: PATIENT=wife; AGENT=uncle; VERB=grab
Sentence: the",Sentence: the,first_noun,-6.476048469543457,-3.9143428802490234,2.5617055892944336,passive,1.0
1645,role_labeled,filler,filler,The captain waited beside the harbor .,an uncle grabs a wife .,a wife is grabbed by an uncle .,an,uncle,a,wife,grab,grabs,grabbed,"[""PATIENT=wife"", ""AGENT=uncle"", ""VERB=grab""]","Prime sentence: The captain waited beside the harbor .
Event roles: PATIENT=wife; AGENT=uncle; VERB=grab
Sentence: the",Sentence: the,first_noun,-6.163793563842773,-4.43351411819458,1.7302794456481934,passive,1.0
1646,role_labeled,active,active,a boy strikes a brother .,a nurse strikes an opponent .,an opponent is struck by a nurse .,a,nurse,an,opponent,strik,strikes,struck,"[""PATIENT=opponent"", ""VERB=strik"", ""AGENT=nurse""]","Prime sentence: a boy strikes a brother .
Event roles: PATIENT=opponent; VERB=strik; AGENT=nurse
Sentence: the",Sentence: the,first_noun,-4.111310958862305,-7.551178932189941,-3.4398679733276367,active,0.0
1646,role_labeled,passive,passive,a brother is struck by a boy .,a nurse strikes an opponent .,an opponent is struck by a nurse .,a,nurse,an,opponent,strik,strikes,struck,"[""PATIENT=opponent"", ""VERB=strik"", ""AGENT=nurse""]","Prime sentence: a brother is struck by a boy .
Event roles: PATIENT=opponent; VERB=strik; AGENT=nurse
Sentence: the",Sentence: the,first_noun,-3.780640125274658,-6.817019939422607,-3.036379814147949,active,0.0
1646,role_labeled,no_prime_eos,no_prime_eos,,a nurse strikes an opponent .,an opponent is struck by a nurse .,a,nurse,an,opponent,strik,strikes,struck,"[""PATIENT=opponent"", ""VERB=strik"", ""AGENT=nurse""]","Event roles: PATIENT=opponent; VERB=strik; AGENT=nurse
Sentence: the",Sentence: the,first_noun,-3.1747570037841797,-5.558894634246826,-2.3841376304626465,active,0.0
1646,role_labeled,filler,filler,The tourist wandered through the plaza .,a nurse strikes an opponent .,an opponent is struck by a nurse .,a,nurse,an,opponent,strik,strikes,struck,"[""PATIENT=opponent"", ""VERB=strik"", ""AGENT=nurse""]","Prime sentence: The tourist wandered through the plaza .
Event roles: PATIENT=opponent; VERB=strik; AGENT=nurse
Sentence: the",Sentence: the,first_noun,-3.834872245788574,-7.142299175262451,-3.307426929473877,active,0.0
1647,role_labeled,active,active,an employee forgets an employer .,a secretary forgets a sheriff .,a sheriff is forgotten by a secretary .,a,secretary,a,sheriff,forget,forgets,forgotten,"[""PATIENT=sheriff"", ""VERB=forget"", ""AGENT=secretary""]","Prime sentence: an employee forgets an employer .
Event roles: PATIENT=sheriff; VERB=forget; AGENT=secretary
Sentence: the",Sentence: the,first_noun,-5.196611404418945,-3.4887397289276123,1.707871675491333,passive,1.0
1647,role_labeled,passive,passive,an employer is forgotten by an employee .,a secretary forgets a sheriff .,a sheriff is forgotten by a secretary .,a,secretary,a,sheriff,forget,forgets,forgotten,"[""PATIENT=sheriff"", ""VERB=forget"", ""AGENT=secretary""]","Prime sentence: an employer is forgotten by an employee .
Event roles: PATIENT=sheriff; VERB=forget; AGENT=secretary
Sentence: the",Sentence: the,first_noun,-5.8677473068237305,-4.003411293029785,1.8643360137939453,passive,1.0
1647,role_labeled,no_prime_eos,no_prime_eos,,a secretary forgets a sheriff .,a sheriff is forgotten by a secretary .,a,secretary,a,sheriff,forget,forgets,forgotten,"[""PATIENT=sheriff"", ""VERB=forget"", ""AGENT=secretary""]","Event roles: PATIENT=sheriff; VERB=forget; AGENT=secretary
Sentence: the",Sentence: the,first_noun,-5.3303680419921875,-6.322649955749512,-0.9922819137573242,active,0.0
1647,role_labeled,filler,filler,The tourist wandered through the plaza .,a secretary forgets a sheriff .,a sheriff is forgotten by a secretary .,a,secretary,a,sheriff,forget,forgets,forgotten,"[""PATIENT=sheriff"", ""VERB=forget"", ""AGENT=secretary""]","Prime sentence: The tourist wandered through the plaza .
Event roles: PATIENT=sheriff; VERB=forget; AGENT=secretary
Sentence: the",Sentence: the,first_noun,-6.446477890014648,-3.675826072692871,2.7706518173217773,passive,1.0
1648,role_labeled,active,active,a sheriff destroys a singer .,an employee destroys an employer .,an employer is destroyed by an employee .,an,employee,an,employer,destroy,destroys,destroyed,"[""AGENT=employee"", ""VERB=destroy"", ""PATIENT=employer""]","Prime sentence: a sheriff destroys a singer .
Event roles: AGENT=employee; VERB=destroy; PATIENT=employer
Sentence: the",Sentence: the,first_noun,-4.368206024169922,-5.298238277435303,-0.9300322532653809,active,0.0
1648,role_labeled,passive,passive,a singer is destroyed by a sheriff .,an employee destroys an employer .,an employer is destroyed by an employee .,an,employee,an,employer,destroy,destroys,destroyed,"[""AGENT=employee"", ""VERB=destroy"", ""PATIENT=employer""]","Prime sentence: a singer is destroyed by a sheriff .
Event roles: AGENT=employee; VERB=destroy; PATIENT=employer
Sentence: the",Sentence: the,first_noun,-4.799641132354736,-5.703763008117676,-0.9041218757629395,active,0.0
1648,role_labeled,no_prime_eos,no_prime_eos,,an employee destroys an employer .,an employer is destroyed by an employee .,an,employee,an,employer,destroy,destroys,destroyed,"[""AGENT=employee"", ""VERB=destroy"", ""PATIENT=employer""]","Event roles: AGENT=employee; VERB=destroy; PATIENT=employer
Sentence: the",Sentence: the,first_noun,-2.819714069366455,-4.993824481964111,-2.1741104125976562,active,0.0
1648,role_labeled,filler,filler,The witness paused near the doorway .,an employee destroys an employer .,an employer is destroyed by an employee .,an,employee,an,employer,destroy,destroys,destroyed,"[""AGENT=employee"", ""VERB=destroy"", ""PATIENT=employer""]","Prime sentence: The witness paused near the doorway .
Event roles: AGENT=employee; VERB=destroy; PATIENT=employer
Sentence: the",Sentence: the,first_noun,-3.4666996002197266,-6.020290851593018,-2.553591251373291,active,0.0
1649,role_labeled,active,active,a priest helps a prince .,a chief helps a child .,a child is helped by a chief .,a,chief,a,child,help,helps,helped,"[""PATIENT=child"", ""VERB=help"", ""AGENT=chief""]","Prime sentence: a priest helps a prince .
Event roles: PATIENT=child; VERB=help; AGENT=chief
Sentence: the",Sentence: the,first_noun,-4.805473804473877,-4.045887470245361,0.7595863342285156,passive,1.0
1649,role_labeled,passive,passive,a prince is helped by a priest .,a chief helps a child .,a child is helped by a chief .,a,chief,a,child,help,helps,helped,"[""PATIENT=child"", ""VERB=help"", ""AGENT=chief""]","Prime sentence: a prince is helped by a priest .
Event roles: PATIENT=child; VERB=help; AGENT=chief
Sentence: the",Sentence: the,first_noun,-4.899478912353516,-3.784398317337036,1.1150805950164795,passive,1.0
1649,role_labeled,no_prime_eos,no_prime_eos,,a chief helps a child .,a child is helped by a chief .,a,chief,a,child,help,helps,helped,"[""PATIENT=child"", ""VERB=help"", ""AGENT=chief""]","Event roles: PATIENT=child; VERB=help; AGENT=chief
Sentence: the",Sentence: the,first_noun,-4.218716144561768,-3.2366323471069336,0.982083797454834,passive,1.0
1649,role_labeled,filler,filler,The captain waited beside the harbor .,a chief helps a child .,a child is helped by a chief .,a,chief,a,child,help,helps,helped,"[""PATIENT=child"", ""VERB=help"", ""AGENT=chief""]","Prime sentence: The captain waited beside the harbor .
Event roles: PATIENT=child; VERB=help; AGENT=chief
Sentence: the",Sentence: the,first_noun,-4.923438549041748,-4.544829368591309,0.37860918045043945,passive,1.0
1650,role_labeled,active,active,a lady strikes a lawyer .,a worker strikes a writer .,a writer is struck by a worker .,a,worker,a,writer,strik,strikes,struck,"[""PATIENT=writer"", ""VERB=strik"", ""AGENT=worker""]","Prime sentence: a lady strikes a lawyer .
Event roles: PATIENT=writer; VERB=strik; AGENT=worker
Sentence: the",Sentence: the,first_noun,-5.907636642456055,-5.866604804992676,0.041031837463378906,passive,1.0
1650,role_labeled,passive,passive,a lawyer is struck by a lady .,a worker strikes a writer .,a writer is struck by a worker .,a,worker,a,writer,strik,strikes,struck,"[""PATIENT=writer"", ""VERB=strik"", ""AGENT=worker""]","Prime sentence: a lawyer is struck by a lady .
Event roles: PATIENT=writer; VERB=strik; AGENT=worker
Sentence: the",Sentence: the,first_noun,-5.688419818878174,-4.883814811706543,0.8046050071716309,passive,1.0
1650,role_labeled,no_prime_eos,no_prime_eos,,a worker strikes a writer .,a writer is struck by a worker .,a,worker,a,writer,strik,strikes,struck,"[""PATIENT=writer"", ""VERB=strik"", ""AGENT=worker""]","Event roles: PATIENT=writer; VERB=strik; AGENT=worker
Sentence: the",Sentence: the,first_noun,-4.791526794433594,-5.448543548583984,-0.6570167541503906,active,0.0
1650,role_labeled,filler,filler,The window rattled during the storm .,a worker strikes a writer .,a writer is struck by a worker .,a,worker,a,writer,strik,strikes,struck,"[""PATIENT=writer"", ""VERB=strik"", ""AGENT=worker""]","Prime sentence: The window rattled during the storm .
Event roles: PATIENT=writer; VERB=strik; AGENT=worker
Sentence: the",Sentence: the,first_noun,-6.98275089263916,-8.06265926361084,-1.0799083709716797,active,0.0
1651,role_labeled,active,active,an attorney kills an aunt .,a manager kills a mayor .,a mayor is killed by a manager .,a,manager,a,mayor,kill,kills,killed,"[""AGENT=manager"", ""PATIENT=mayor"", ""VERB=kill""]","Prime sentence: an attorney kills an aunt .
Event roles: AGENT=manager; PATIENT=mayor; VERB=kill
Sentence: the",Sentence: the,first_noun,-4.765896797180176,-3.1175618171691895,1.6483349800109863,passive,1.0
1651,role_labeled,passive,passive,an aunt is killed by an attorney .,a manager kills a mayor .,a mayor is killed by a manager .,a,manager,a,mayor,kill,kills,killed,"[""AGENT=manager"", ""PATIENT=mayor"", ""VERB=kill""]","Prime sentence: an aunt is killed by an attorney .
Event roles: AGENT=manager; PATIENT=mayor; VERB=kill
Sentence: the",Sentence: the,first_noun,-5.350411415100098,-2.671638250350952,2.6787731647491455,passive,1.0
1651,role_labeled,no_prime_eos,no_prime_eos,,a manager kills a mayor .,a mayor is killed by a manager .,a,manager,a,mayor,kill,kills,killed,"[""AGENT=manager"", ""PATIENT=mayor"", ""VERB=kill""]","Event roles: AGENT=manager; PATIENT=mayor; VERB=kill
Sentence: the",Sentence: the,first_noun,-4.770284652709961,-3.31225323677063,1.458031415939331,passive,1.0
1651,role_labeled,filler,filler,The violin echoed in the theater .,a manager kills a mayor .,a mayor is killed by a manager .,a,manager,a,mayor,kill,kills,killed,"[""AGENT=manager"", ""PATIENT=mayor"", ""VERB=kill""]","Prime sentence: The violin echoed in the theater .
Event roles: AGENT=manager; PATIENT=mayor; VERB=kill
Sentence: the",Sentence: the,first_noun,-6.133292198181152,-4.656898021697998,1.4763941764831543,passive,1.0
1652,role_labeled,active,active,a writer describes an actor .,a lady describes a lawyer .,a lawyer is described by a lady .,a,lady,a,lawyer,describ,describes,described,"[""AGENT=lady"", ""PATIENT=lawyer"", ""VERB=describ""]","Prime sentence: a writer describes an actor .
Event roles: AGENT=lady; PATIENT=lawyer; VERB=describ
Sentence: the",Sentence: the,first_noun,-5.726469039916992,-5.4439897537231445,0.28247928619384766,passive,1.0
1652,role_labeled,passive,passive,an actor is described by a writer .,a lady describes a lawyer .,a lawyer is described by a lady .,a,lady,a,lawyer,describ,describes,described,"[""AGENT=lady"", ""PATIENT=lawyer"", ""VERB=describ""]","Prime sentence: an actor is described by a writer .
Event roles: AGENT=lady; PATIENT=lawyer; VERB=describ
Sentence: the",Sentence: the,first_noun,-6.374250411987305,-5.826594352722168,0.5476560592651367,passive,1.0
1652,role_labeled,no_prime_eos,no_prime_eos,,a lady describes a lawyer .,a lawyer is described by a lady .,a,lady,a,lawyer,describ,describes,described,"[""AGENT=lady"", ""PATIENT=lawyer"", ""VERB=describ""]","Event roles: AGENT=lady; PATIENT=lawyer; VERB=describ
Sentence: the",Sentence: the,first_noun,-5.210522174835205,-5.657595634460449,-0.44707345962524414,active,0.0
1652,role_labeled,filler,filler,The planet shimmered above the valley .,a lady describes a lawyer .,a lawyer is described by a lady .,a,lady,a,lawyer,describ,describes,described,"[""AGENT=lady"", ""PATIENT=lawyer"", ""VERB=describ""]","Prime sentence: The planet shimmered above the valley .
Event roles: AGENT=lady; PATIENT=lawyer; VERB=describ
Sentence: the",Sentence: the,first_noun,-5.483883857727051,-6.556943893432617,-1.0730600357055664,active,0.0
1653,role_labeled,active,active,a nurse carries an opponent .,a bishop carries a boy .,a boy is carried by a bishop .,a,bishop,a,boy,carry,carries,carried,"[""AGENT=bishop"", ""VERB=carry"", ""PATIENT=boy""]","Prime sentence: a nurse carries an opponent .
Event roles: AGENT=bishop; VERB=carry; PATIENT=boy
Sentence: the",Sentence: the,first_noun,-2.9165070056915283,-3.4979734420776367,-0.5814664363861084,active,0.0
1653,role_labeled,passive,passive,an opponent is carried by a nurse .,a bishop carries a boy .,a boy is carried by a bishop .,a,bishop,a,boy,carry,carries,carried,"[""AGENT=bishop"", ""VERB=carry"", ""PATIENT=boy""]","Prime sentence: an opponent is carried by a nurse .
Event roles: AGENT=bishop; VERB=carry; PATIENT=boy
Sentence: the",Sentence: the,first_noun,-3.1912899017333984,-3.728363513946533,-0.5370736122131348,active,0.0
1653,role_labeled,no_prime_eos,no_prime_eos,,a bishop carries a boy .,a boy is carried by a bishop .,a,bishop,a,boy,carry,carries,carried,"[""AGENT=bishop"", ""VERB=carry"", ""PATIENT=boy""]","Event roles: AGENT=bishop; VERB=carry; PATIENT=boy
Sentence: the",Sentence: the,first_noun,-3.4193732738494873,-3.7656729221343994,-0.3462996482849121,active,0.0
1653,role_labeled,filler,filler,The singer smiled after rehearsal .,a bishop carries a boy .,a boy is carried by a bishop .,a,bishop,a,boy,carry,carries,carried,"[""AGENT=bishop"", ""VERB=carry"", ""PATIENT=boy""]","Prime sentence: The singer smiled after rehearsal .
Event roles: AGENT=bishop; VERB=carry; PATIENT=boy
Sentence: the",Sentence: the,first_noun,-4.324236869812012,-3.8006670475006104,0.5235698223114014,passive,1.0
1654,role_labeled,active,active,an employee follows an employer .,a secretary follows a sheriff .,a sheriff is followed by a secretary .,a,secretary,a,sheriff,follow,follows,followed,"[""AGENT=secretary"", ""VERB=follow"", ""PATIENT=sheriff""]","Prime sentence: an employee follows an employer .
Event roles: AGENT=secretary; VERB=follow; PATIENT=sheriff
Sentence: the",Sentence: the,first_noun,-4.841270446777344,-4.405843734741211,0.4354267120361328,passive,1.0
1654,role_labeled,passive,passive,an employer is followed by an employee .,a secretary follows a sheriff .,a sheriff is followed by a secretary .,a,secretary,a,sheriff,follow,follows,followed,"[""AGENT=secretary"", ""VERB=follow"", ""PATIENT=sheriff""]","Prime sentence: an employer is followed by an employee .
Event roles: AGENT=secretary; VERB=follow; PATIENT=sheriff
Sentence: the",Sentence: the,first_noun,-5.155022621154785,-4.554017066955566,0.6010055541992188,passive,1.0
1654,role_labeled,no_prime_eos,no_prime_eos,,a secretary follows a sheriff .,a sheriff is followed by a secretary .,a,secretary,a,sheriff,follow,follows,followed,"[""AGENT=secretary"", ""VERB=follow"", ""PATIENT=sheriff""]","Event roles: AGENT=secretary; VERB=follow; PATIENT=sheriff
Sentence: the",Sentence: the,first_noun,-4.296390056610107,-5.302596569061279,-1.0062065124511719,active,0.0
1654,role_labeled,filler,filler,The package arrived before noon .,a secretary follows a sheriff .,a sheriff is followed by a secretary .,a,secretary,a,sheriff,follow,follows,followed,"[""AGENT=secretary"", ""VERB=follow"", ""PATIENT=sheriff""]","Prime sentence: The package arrived before noon .
Event roles: AGENT=secretary; VERB=follow; PATIENT=sheriff
Sentence: the",Sentence: the,first_noun,-5.762597560882568,-4.842782974243164,0.9198145866394043,passive,1.0
1655,role_labeled,active,active,a boy protects a brother .,a nurse protects an opponent .,an opponent is protected by a nurse .,a,nurse,an,opponent,protect,protects,protected,"[""VERB=protect"", ""PATIENT=opponent"", ""AGENT=nurse""]","Prime sentence: a boy protects a brother .
Event roles: VERB=protect; PATIENT=opponent; AGENT=nurse
Sentence: the",Sentence: the,first_noun,-4.882465362548828,-7.803208351135254,-2.920742988586426,active,0.0
1655,role_labeled,passive,passive,a brother is protected by a boy .,a nurse protects an opponent .,an opponent is protected by a nurse .,a,nurse,an,opponent,protect,protects,protected,"[""VERB=protect"", ""PATIENT=opponent"", ""AGENT=nurse""]","Prime sentence: a brother is protected by a boy .
Event roles: VERB=protect; PATIENT=opponent; AGENT=nurse
Sentence: the",Sentence: the,first_noun,-4.567435264587402,-7.287590026855469,-2.7201547622680664,active,0.0
1655,role_labeled,no_prime_eos,no_prime_eos,,a nurse protects an opponent .,an opponent is protected by a nurse .,a,nurse,an,opponent,protect,protects,protected,"[""VERB=protect"", ""PATIENT=opponent"", ""AGENT=nurse""]","Event roles: VERB=protect; PATIENT=opponent; AGENT=nurse
Sentence: the",Sentence: the,first_noun,-3.7894160747528076,-6.003918170928955,-2.2145020961761475,active,0.0
1655,role_labeled,filler,filler,The planet shimmered above the valley .,a nurse protects an opponent .,an opponent is protected by a nurse .,a,nurse,an,opponent,protect,protects,protected,"[""VERB=protect"", ""PATIENT=opponent"", ""AGENT=nurse""]","Prime sentence: The planet shimmered above the valley .
Event roles: VERB=protect; PATIENT=opponent; AGENT=nurse
Sentence: the",Sentence: the,first_noun,-6.025625705718994,-8.449989318847656,-2.424363613128662,active,0.0
1656,role_labeled,active,active,a bishop discovers a boy .,a mother discovers a nurse .,a nurse is discovered by a mother .,a,mother,a,nurse,discover,discovers,discovered,"[""VERB=discover"", ""AGENT=mother"", ""PATIENT=nurse""]","Prime sentence: a bishop discovers a boy .
Event roles: VERB=discover; AGENT=mother; PATIENT=nurse
Sentence: the",Sentence: the,first_noun,-3.5926127433776855,-5.016139030456543,-1.4235262870788574,active,0.0
1656,role_labeled,passive,passive,a boy is discovered by a bishop .,a mother discovers a nurse .,a nurse is discovered by a mother .,a,mother,a,nurse,discover,discovers,discovered,"[""VERB=discover"", ""AGENT=mother"", ""PATIENT=nurse""]","Prime sentence: a boy is discovered by a bishop .
Event roles: VERB=discover; AGENT=mother; PATIENT=nurse
Sentence: the",Sentence: the,first_noun,-3.8565194606781006,-5.082245826721191,-1.2257263660430908,active,0.0
1656,role_labeled,no_prime_eos,no_prime_eos,,a mother discovers a nurse .,a nurse is discovered by a mother .,a,mother,a,nurse,discover,discovers,discovered,"[""VERB=discover"", ""AGENT=mother"", ""PATIENT=nurse""]","Event roles: VERB=discover; AGENT=mother; PATIENT=nurse
Sentence: the",Sentence: the,first_noun,-3.937411069869995,-3.9858686923980713,-0.04845762252807617,active,0.0
1656,role_labeled,filler,filler,The pillow rested on the sofa .,a mother discovers a nurse .,a nurse is discovered by a mother .,a,mother,a,nurse,discover,discovers,discovered,"[""VERB=discover"", ""AGENT=mother"", ""PATIENT=nurse""]","Prime sentence: The pillow rested on the sofa .
Event roles: VERB=discover; AGENT=mother; PATIENT=nurse
Sentence: the",Sentence: the,first_noun,-4.904630661010742,-4.660820484161377,0.24381017684936523,passive,1.0
1657,role_labeled,active,active,an attorney follows an aunt .,a manager follows a mayor .,a mayor is followed by a manager .,a,manager,a,mayor,follow,follows,followed,"[""VERB=follow"", ""AGENT=manager"", ""PATIENT=mayor""]","Prime sentence: an attorney follows an aunt .
Event roles: VERB=follow; AGENT=manager; PATIENT=mayor
Sentence: the",Sentence: the,first_noun,-5.0292205810546875,-3.1943953037261963,1.8348252773284912,passive,1.0
1657,role_labeled,passive,passive,an aunt is followed by an attorney .,a manager follows a mayor .,a mayor is followed by a manager .,a,manager,a,mayor,follow,follows,followed,"[""VERB=follow"", ""AGENT=manager"", ""PATIENT=mayor""]","Prime sentence: an aunt is followed by an attorney .
Event roles: VERB=follow; AGENT=manager; PATIENT=mayor
Sentence: the",Sentence: the,first_noun,-5.389952182769775,-3.1511130332946777,2.2388391494750977,passive,1.0
1657,role_labeled,no_prime_eos,no_prime_eos,,a manager follows a mayor .,a mayor is followed by a manager .,a,manager,a,mayor,follow,follows,followed,"[""VERB=follow"", ""AGENT=manager"", ""PATIENT=mayor""]","Event roles: VERB=follow; AGENT=manager; PATIENT=mayor
Sentence: the",Sentence: the,first_noun,-4.9449944496154785,-2.987088203430176,1.9579062461853027,passive,1.0
1657,role_labeled,filler,filler,The pillow rested on the sofa .,a manager follows a mayor .,a mayor is followed by a manager .,a,manager,a,mayor,follow,follows,followed,"[""VERB=follow"", ""AGENT=manager"", ""PATIENT=mayor""]","Prime sentence: The pillow rested on the sofa .
Event roles: VERB=follow; AGENT=manager; PATIENT=mayor
Sentence: the",Sentence: the,first_noun,-5.917360305786133,-5.524235725402832,0.3931245803833008,passive,1.0
1658,role_labeled,active,active,a winner understands a woman .,a husband understands a kid .,a kid is understood by a husband .,a,husband,a,kid,understand,understands,understood,"[""VERB=understand"", ""AGENT=husband"", ""PATIENT=kid""]","Prime sentence: a winner understands a woman .
Event roles: VERB=understand; AGENT=husband; PATIENT=kid
Sentence: the",Sentence: the,first_noun,-4.418639183044434,-6.385476112365723,-1.966836929321289,active,0.0
1658,role_labeled,passive,passive,a woman is understood by a winner .,a husband understands a kid .,a kid is understood by a husband .,a,husband,a,kid,understand,understands,understood,"[""VERB=understand"", ""AGENT=husband"", ""PATIENT=kid""]","Prime sentence: a woman is understood by a winner .
Event roles: VERB=understand; AGENT=husband; PATIENT=kid
Sentence: the",Sentence: the,first_noun,-3.9558968544006348,-6.893620014190674,-2.937723159790039,active,0.0
1658,role_labeled,no_prime_eos,no_prime_eos,,a husband understands a kid .,a kid is understood by a husband .,a,husband,a,kid,understand,understands,understood,"[""VERB=understand"", ""AGENT=husband"", ""PATIENT=kid""]","Event roles: VERB=understand; AGENT=husband; PATIENT=kid
Sentence: the",Sentence: the,first_noun,-3.7941505908966064,-6.245758056640625,-2.4516074657440186,active,0.0
1658,role_labeled,filler,filler,The teacher listened during assembly .,a husband understands a kid .,a kid is understood by a husband .,a,husband,a,kid,understand,understands,understood,"[""VERB=understand"", ""AGENT=husband"", ""PATIENT=kid""]","Prime sentence: The teacher listened during assembly .
Event roles: VERB=understand; AGENT=husband; PATIENT=kid
Sentence: the",Sentence: the,first_noun,-3.9029510021209717,-5.278297424316406,-1.3753464221954346,active,0.0
1659,role_labeled,active,active,a buddy comforts a candidate .,a parent comforts a partner .,a partner is comforted by a parent .,a,parent,a,partner,comfort,comforts,comforted,"[""VERB=comfort"", ""PATIENT=partner"", ""AGENT=parent""]","Prime sentence: a buddy comforts a candidate .
Event roles: VERB=comfort; PATIENT=partner; AGENT=parent
Sentence: the",Sentence: the,first_noun,-6.141188621520996,-6.909829139709473,-0.7686405181884766,active,0.0
1659,role_labeled,passive,passive,a candidate is comforted by a buddy .,a parent comforts a partner .,a partner is comforted by a parent .,a,parent,a,partner,comfort,comforts,comforted,"[""VERB=comfort"", ""PATIENT=partner"", ""AGENT=parent""]","Prime sentence: a candidate is comforted by a buddy .
Event roles: VERB=comfort; PATIENT=partner; AGENT=parent
Sentence: the",Sentence: the,first_noun,-6.153670310974121,-6.48577356338501,-0.33210325241088867,active,0.0
1659,role_labeled,no_prime_eos,no_prime_eos,,a parent comforts a partner .,a partner is comforted by a parent .,a,parent,a,partner,comfort,comforts,comforted,"[""VERB=comfort"", ""PATIENT=partner"", ""AGENT=parent""]","Event roles: VERB=comfort; PATIENT=partner; AGENT=parent
Sentence: the",Sentence: the,first_noun,-5.429553985595703,-6.912961959838867,-1.483407974243164,active,0.0
1659,role_labeled,filler,filler,The witness paused near the doorway .,a parent comforts a partner .,a partner is comforted by a parent .,a,parent,a,partner,comfort,comforts,comforted,"[""VERB=comfort"", ""PATIENT=partner"", ""AGENT=parent""]","Prime sentence: The witness paused near the doorway .
Event roles: VERB=comfort; PATIENT=partner; AGENT=parent
Sentence: the",Sentence: the,first_noun,-5.935415267944336,-6.622298240661621,-0.6868829727172852,active,0.0
1660,role_labeled,active,active,an author helps a bishop .,a minister helps a mother .,a mother is helped by a minister .,a,minister,a,mother,help,helps,helped,"[""AGENT=minister"", ""PATIENT=mother"", ""VERB=help""]","Prime sentence: an author helps a bishop .
Event roles: AGENT=minister; PATIENT=mother; VERB=help
Sentence: the",Sentence: the,first_noun,-4.28369140625,-5.067379474639893,-0.7836880683898926,active,0.0
1660,role_labeled,passive,passive,a bishop is helped by an author .,a minister helps a mother .,a mother is helped by a minister .,a,minister,a,mother,help,helps,helped,"[""AGENT=minister"", ""PATIENT=mother"", ""VERB=help""]","Prime sentence: a bishop is helped by an author .
Event roles: AGENT=minister; PATIENT=mother; VERB=help
Sentence: the",Sentence: the,first_noun,-4.331531524658203,-4.89024543762207,-0.5587139129638672,active,0.0
1660,role_labeled,no_prime_eos,no_prime_eos,,a minister helps a mother .,a mother is helped by a minister .,a,minister,a,mother,help,helps,helped,"[""AGENT=minister"", ""PATIENT=mother"", ""VERB=help""]","Event roles: AGENT=minister; PATIENT=mother; VERB=help
Sentence: the",Sentence: the,first_noun,-4.159146308898926,-4.086467266082764,0.07267904281616211,passive,1.0
1660,role_labeled,filler,filler,The kettle whistled in the kitchen .,a minister helps a mother .,a mother is helped by a minister .,a,minister,a,mother,help,helps,helped,"[""AGENT=minister"", ""PATIENT=mother"", ""VERB=help""]","Prime sentence: The kettle whistled in the kitchen .
Event roles: AGENT=minister; PATIENT=mother; VERB=help
Sentence: the",Sentence: the,first_noun,-6.480535984039307,-5.58125638961792,0.8992795944213867,passive,1.0
1661,role_labeled,active,active,a writer selects an actor .,a lady selects a lawyer .,a lawyer is selected by a lady .,a,lady,a,lawyer,select,selects,selected,"[""AGENT=lady"", ""PATIENT=lawyer"", ""VERB=select""]","Prime sentence: a writer selects an actor .
Event roles: AGENT=lady; PATIENT=lawyer; VERB=select
Sentence: the",Sentence: the,first_noun,-5.032776832580566,-5.461162567138672,-0.42838573455810547,active,0.0
1661,role_labeled,passive,passive,an actor is selected by a writer .,a lady selects a lawyer .,a lawyer is selected by a lady .,a,lady,a,lawyer,select,selects,selected,"[""AGENT=lady"", ""PATIENT=lawyer"", ""VERB=select""]","Prime sentence: an actor is selected by a writer .
Event roles: AGENT=lady; PATIENT=lawyer; VERB=select
Sentence: the",Sentence: the,first_noun,-5.554407119750977,-5.195089340209961,0.3593177795410156,passive,1.0
1661,role_labeled,no_prime_eos,no_prime_eos,,a lady selects a lawyer .,a lawyer is selected by a lady .,a,lady,a,lawyer,select,selects,selected,"[""AGENT=lady"", ""PATIENT=lawyer"", ""VERB=select""]","Event roles: AGENT=lady; PATIENT=lawyer; VERB=select
Sentence: the",Sentence: the,first_noun,-5.013002872467041,-5.366703510284424,-0.3537006378173828,active,0.0
1661,role_labeled,filler,filler,The violin echoed in the theater .,a lady selects a lawyer .,a lawyer is selected by a lady .,a,lady,a,lawyer,select,selects,selected,"[""AGENT=lady"", ""PATIENT=lawyer"", ""VERB=select""]","Prime sentence: The violin echoed in the theater .
Event roles: AGENT=lady; PATIENT=lawyer; VERB=select
Sentence: the",Sentence: the,first_noun,-5.10977840423584,-5.51543664932251,-0.4056582450866699,active,0.0
1662,role_labeled,active,active,a pilot asks a president .,a captain asks a champion .,a champion is asked by a captain .,a,captain,a,champion,ask,asks,asked,"[""VERB=ask"", ""AGENT=captain"", ""PATIENT=champion""]","Prime sentence: a pilot asks a president .
Event roles: VERB=ask; AGENT=captain; PATIENT=champion
Sentence: the",Sentence: the,first_noun,-4.009234428405762,-7.489006042480469,-3.479771614074707,active,0.0
1662,role_labeled,passive,passive,a president is asked by a pilot .,a captain asks a champion .,a champion is asked by a captain .,a,captain,a,champion,ask,asks,asked,"[""VERB=ask"", ""AGENT=captain"", ""PATIENT=champion""]","Prime sentence: a president is asked by a pilot .
Event roles: VERB=ask; AGENT=captain; PATIENT=champion
Sentence: the",Sentence: the,first_noun,-4.024653911590576,-7.7863545417785645,-3.7617006301879883,active,0.0
1662,role_labeled,no_prime_eos,no_prime_eos,,a captain asks a champion .,a champion is asked by a captain .,a,captain,a,champion,ask,asks,asked,"[""VERB=ask"", ""AGENT=captain"", ""PATIENT=champion""]","Event roles: VERB=ask; AGENT=captain; PATIENT=champion
Sentence: the",Sentence: the,first_noun,-3.172194480895996,-5.125897407531738,-1.9537029266357422,active,0.0
1662,role_labeled,filler,filler,The lantern glowed near sunset .,a captain asks a champion .,a champion is asked by a captain .,a,captain,a,champion,ask,asks,asked,"[""VERB=ask"", ""AGENT=captain"", ""PATIENT=champion""]","Prime sentence: The lantern glowed near sunset .
Event roles: VERB=ask; AGENT=captain; PATIENT=champion
Sentence: the",Sentence: the,first_noun,-4.281700134277344,-6.9739885330200195,-2.692288398742676,active,0.0
1663,role_labeled,active,active,a hero destroys a husband .,an uncle destroys a wife .,a wife is destroyed by an uncle .,an,uncle,a,wife,destroy,destroys,destroyed,"[""AGENT=uncle"", ""VERB=destroy"", ""PATIENT=wife""]","Prime sentence: a hero destroys a husband .
Event roles: AGENT=uncle; VERB=destroy; PATIENT=wife
Sentence: the",Sentence: the,first_noun,-4.770079612731934,-3.5016050338745117,1.2684745788574219,passive,1.0
1663,role_labeled,passive,passive,a husband is destroyed by a hero .,an uncle destroys a wife .,a wife is destroyed by an uncle .,an,uncle,a,wife,destroy,destroys,destroyed,"[""AGENT=uncle"", ""VERB=destroy"", ""PATIENT=wife""]","Prime sentence: a husband is destroyed by a hero .
Event roles: AGENT=uncle; VERB=destroy; PATIENT=wife
Sentence: the",Sentence: the,first_noun,-5.947206497192383,-3.634538412094116,2.3126680850982666,passive,1.0
1663,role_labeled,no_prime_eos,no_prime_eos,,an uncle destroys a wife .,a wife is destroyed by an uncle .,an,uncle,a,wife,destroy,destroys,destroyed,"[""AGENT=uncle"", ""VERB=destroy"", ""PATIENT=wife""]","Event roles: AGENT=uncle; VERB=destroy; PATIENT=wife
Sentence: the",Sentence: the,first_noun,-6.407647132873535,-4.494349002838135,1.9132981300354004,passive,1.0
1663,role_labeled,filler,filler,The pillow rested on the sofa .,an uncle destroys a wife .,a wife is destroyed by an uncle .,an,uncle,a,wife,destroy,destroys,destroyed,"[""AGENT=uncle"", ""VERB=destroy"", ""PATIENT=wife""]","Prime sentence: The pillow rested on the sofa .
Event roles: AGENT=uncle; VERB=destroy; PATIENT=wife
Sentence: the",Sentence: the,first_noun,-7.8828887939453125,-5.340807914733887,2.542080879211426,passive,1.0
1664,role_labeled,active,active,an adult understands an attorney .,a man understands a manager .,a manager is understood by a man .,a,man,a,manager,understand,understands,understood,"[""PATIENT=manager"", ""VERB=understand"", ""AGENT=man""]","Prime sentence: an adult understands an attorney .
Event roles: PATIENT=manager; VERB=understand; AGENT=man
Sentence: the",Sentence: the,first_noun,-4.838046073913574,-3.5192184448242188,1.3188276290893555,passive,1.0
1664,role_labeled,passive,passive,an attorney is understood by an adult .,a man understands a manager .,a manager is understood by a man .,a,man,a,manager,understand,understands,understood,"[""PATIENT=manager"", ""VERB=understand"", ""AGENT=man""]","Prime sentence: an attorney is understood by an adult .
Event roles: PATIENT=manager; VERB=understand; AGENT=man
Sentence: the",Sentence: the,first_noun,-5.130577087402344,-4.199408054351807,0.9311690330505371,passive,1.0
1664,role_labeled,no_prime_eos,no_prime_eos,,a man understands a manager .,a manager is understood by a man .,a,man,a,manager,understand,understands,understood,"[""PATIENT=manager"", ""VERB=understand"", ""AGENT=man""]","Event roles: PATIENT=manager; VERB=understand; AGENT=man
Sentence: the",Sentence: the,first_noun,-5.000979423522949,-4.099370002746582,0.9016094207763672,passive,1.0
1664,role_labeled,filler,filler,The notebook stayed on the shelf .,a man understands a manager .,a manager is understood by a man .,a,man,a,manager,understand,understands,understood,"[""PATIENT=manager"", ""VERB=understand"", ""AGENT=man""]","Prime sentence: The notebook stayed on the shelf .
Event roles: PATIENT=manager; VERB=understand; AGENT=man
Sentence: the",Sentence: the,first_noun,-5.245574951171875,-3.545010566711426,1.7005643844604492,passive,1.0
1665,role_labeled,active,active,a chief drags a child .,a president drags a priest .,a priest is dragged by a president .,a,president,a,priest,drag,drags,dragged,"[""AGENT=president"", ""PATIENT=priest"", ""VERB=drag""]","Prime sentence: a chief drags a child .
Event roles: AGENT=president; PATIENT=priest; VERB=drag
Sentence: the",Sentence: the,first_noun,-3.4384706020355225,-3.463902711868286,-0.025432109832763672,active,0.0
1665,role_labeled,passive,passive,a child is dragged by a chief .,a president drags a priest .,a priest is dragged by a president .,a,president,a,priest,drag,drags,dragged,"[""AGENT=president"", ""PATIENT=priest"", ""VERB=drag""]","Prime sentence: a child is dragged by a chief .
Event roles: AGENT=president; PATIENT=priest; VERB=drag
Sentence: the",Sentence: the,first_noun,-3.4024534225463867,-3.20651912689209,0.19593429565429688,passive,1.0
1665,role_labeled,no_prime_eos,no_prime_eos,,a president drags a priest .,a priest is dragged by a president .,a,president,a,priest,drag,drags,dragged,"[""AGENT=president"", ""PATIENT=priest"", ""VERB=drag""]","Event roles: AGENT=president; PATIENT=priest; VERB=drag
Sentence: the",Sentence: the,first_noun,-3.742609977722168,-3.741452217102051,0.0011577606201171875,passive,1.0
1665,role_labeled,filler,filler,The kettle whistled in the kitchen .,a president drags a priest .,a priest is dragged by a president .,a,president,a,priest,drag,drags,dragged,"[""AGENT=president"", ""PATIENT=priest"", ""VERB=drag""]","Prime sentence: The kettle whistled in the kitchen .
Event roles: AGENT=president; PATIENT=priest; VERB=drag
Sentence: the",Sentence: the,first_noun,-5.1166791915893555,-4.836374282836914,0.2803049087524414,passive,1.0
1666,role_labeled,active,active,a prince carries a princess .,a child carries a colonel .,a colonel is carried by a child .,a,child,a,colonel,carry,carries,carried,"[""VERB=carry"", ""PATIENT=colonel"", ""AGENT=child""]","Prime sentence: a prince carries a princess .
Event roles: VERB=carry; PATIENT=colonel; AGENT=child
Sentence: the",Sentence: the,first_noun,-4.521291255950928,-6.364572525024414,-1.8432812690734863,active,0.0
1666,role_labeled,passive,passive,a princess is carried by a prince .,a child carries a colonel .,a colonel is carried by a child .,a,child,a,colonel,carry,carries,carried,"[""VERB=carry"", ""PATIENT=colonel"", ""AGENT=child""]","Prime sentence: a princess is carried by a prince .
Event roles: VERB=carry; PATIENT=colonel; AGENT=child
Sentence: the",Sentence: the,first_noun,-4.579917907714844,-6.68910026550293,-2.109182357788086,active,0.0
1666,role_labeled,no_prime_eos,no_prime_eos,,a child carries a colonel .,a colonel is carried by a child .,a,child,a,colonel,carry,carries,carried,"[""VERB=carry"", ""PATIENT=colonel"", ""AGENT=child""]","Event roles: VERB=carry; PATIENT=colonel; AGENT=child
Sentence: the",Sentence: the,first_noun,-4.195240497589111,-5.056435585021973,-0.8611950874328613,active,0.0
1666,role_labeled,filler,filler,The painter waited near the doorway .,a child carries a colonel .,a colonel is carried by a child .,a,child,a,colonel,carry,carries,carried,"[""VERB=carry"", ""PATIENT=colonel"", ""AGENT=child""]","Prime sentence: The painter waited near the doorway .
Event roles: VERB=carry; PATIENT=colonel; AGENT=child
Sentence: the",Sentence: the,first_noun,-3.940086841583252,-4.889529705047607,-0.9494428634643555,active,0.0
1667,role_labeled,active,active,a princess drags a professor .,a colonel drags a cop .,a cop is dragged by a colonel .,a,colonel,a,cop,drag,drags,dragged,"[""PATIENT=cop"", ""VERB=drag"", ""AGENT=colonel""]","Prime sentence: a princess drags a professor .
Event roles: PATIENT=cop; VERB=drag; AGENT=colonel
Sentence: the",Sentence: the,first_noun,-4.68204402923584,-5.378870487213135,-0.6968264579772949,active,0.0
1667,role_labeled,passive,passive,a professor is dragged by a princess .,a colonel drags a cop .,a cop is dragged by a colonel .,a,colonel,a,cop,drag,drags,dragged,"[""PATIENT=cop"", ""VERB=drag"", ""AGENT=colonel""]","Prime sentence: a professor is dragged by a princess .
Event roles: PATIENT=cop; VERB=drag; AGENT=colonel
Sentence: the",Sentence: the,first_noun,-4.356324195861816,-5.0332112312316895,-0.676887035369873,active,0.0
1667,role_labeled,no_prime_eos,no_prime_eos,,a colonel drags a cop .,a cop is dragged by a colonel .,a,colonel,a,cop,drag,drags,dragged,"[""PATIENT=cop"", ""VERB=drag"", ""AGENT=colonel""]","Event roles: PATIENT=cop; VERB=drag; AGENT=colonel
Sentence: the",Sentence: the,first_noun,-4.636743068695068,-5.3451666831970215,-0.7084236145019531,active,0.0
1667,role_labeled,filler,filler,The teacher listened during assembly .,a colonel drags a cop .,a cop is dragged by a colonel .,a,colonel,a,cop,drag,drags,dragged,"[""PATIENT=cop"", ""VERB=drag"", ""AGENT=colonel""]","Prime sentence: The teacher listened during assembly .
Event roles: PATIENT=cop; VERB=drag; AGENT=colonel
Sentence: the",Sentence: the,first_noun,-4.485605716705322,-4.916609287261963,-0.4310035705566406,active,0.0
1668,role_labeled,active,active,a father washes a friend .,a singer washes a soldier .,a soldier is washed by a singer .,a,singer,a,soldier,wash,washes,washed,"[""AGENT=singer"", ""VERB=wash"", ""PATIENT=soldier""]","Prime sentence: a father washes a friend .
Event roles: AGENT=singer; VERB=wash; PATIENT=soldier
Sentence: the",Sentence: the,first_noun,-5.5405778884887695,-3.66382098197937,1.8767569065093994,passive,1.0
1668,role_labeled,passive,passive,a friend is washed by a father .,a singer washes a soldier .,a soldier is washed by a singer .,a,singer,a,soldier,wash,washes,washed,"[""AGENT=singer"", ""VERB=wash"", ""PATIENT=soldier""]","Prime sentence: a friend is washed by a father .
Event roles: AGENT=singer; VERB=wash; PATIENT=soldier
Sentence: the",Sentence: the,first_noun,-6.389482498168945,-3.7803256511688232,2.609156847000122,passive,1.0
1668,role_labeled,no_prime_eos,no_prime_eos,,a singer washes a soldier .,a soldier is washed by a singer .,a,singer,a,soldier,wash,washes,washed,"[""AGENT=singer"", ""VERB=wash"", ""PATIENT=soldier""]","Event roles: AGENT=singer; VERB=wash; PATIENT=soldier
Sentence: the",Sentence: the,first_noun,-4.469829559326172,-4.456528186798096,0.013301372528076172,passive,1.0
1668,role_labeled,filler,filler,The package arrived before noon .,a singer washes a soldier .,a soldier is washed by a singer .,a,singer,a,soldier,wash,washes,washed,"[""AGENT=singer"", ""VERB=wash"", ""PATIENT=soldier""]","Prime sentence: The package arrived before noon .
Event roles: AGENT=singer; VERB=wash; PATIENT=soldier
Sentence: the",Sentence: the,first_noun,-5.678009986877441,-4.223733425140381,1.4542765617370605,passive,1.0
1669,role_labeled,active,active,a professor hurries a reader .,a cop hurries a cousin .,a cousin is hurried by a cop .,a,cop,a,cousin,hurry,hurries,hurried,"[""PATIENT=cousin"", ""AGENT=cop"", ""VERB=hurry""]","Prime sentence: a professor hurries a reader .
Event roles: PATIENT=cousin; AGENT=cop; VERB=hurry
Sentence: the",Sentence: the,first_noun,-4.7060546875,-7.929041862487793,-3.222987174987793,active,0.0
1669,role_labeled,passive,passive,a reader is hurried by a professor .,a cop hurries a cousin .,a cousin is hurried by a cop .,a,cop,a,cousin,hurry,hurries,hurried,"[""PATIENT=cousin"", ""AGENT=cop"", ""VERB=hurry""]","Prime sentence: a reader is hurried by a professor .
Event roles: PATIENT=cousin; AGENT=cop; VERB=hurry
Sentence: the",Sentence: the,first_noun,-5.372522830963135,-8.689212799072266,-3.316689968109131,active,0.0
1669,role_labeled,no_prime_eos,no_prime_eos,,a cop hurries a cousin .,a cousin is hurried by a cop .,a,cop,a,cousin,hurry,hurries,hurried,"[""PATIENT=cousin"", ""AGENT=cop"", ""VERB=hurry""]","Event roles: PATIENT=cousin; AGENT=cop; VERB=hurry
Sentence: the",Sentence: the,first_noun,-5.091413497924805,-8.228424072265625,-3.1370105743408203,active,0.0
1669,role_labeled,filler,filler,The notebook stayed on the shelf .,a cop hurries a cousin .,a cousin is hurried by a cop .,a,cop,a,cousin,hurry,hurries,hurried,"[""PATIENT=cousin"", ""AGENT=cop"", ""VERB=hurry""]","Prime sentence: The notebook stayed on the shelf .
Event roles: PATIENT=cousin; AGENT=cop; VERB=hurry
Sentence: the",Sentence: the,first_noun,-5.143924236297607,-7.357314109802246,-2.2133898735046387,active,0.0
1670,role_labeled,active,active,a cousin comforts a daughter .,a professor comforts a reader .,a reader is comforted by a professor .,a,professor,a,reader,comfort,comforts,comforted,"[""PATIENT=reader"", ""AGENT=professor"", ""VERB=comfort""]","Prime sentence: a cousin comforts a daughter .
Event roles: PATIENT=reader; AGENT=professor; VERB=comfort
Sentence: the",Sentence: the,first_noun,-4.271778583526611,-6.178786754608154,-1.907008171081543,active,0.0
1670,role_labeled,passive,passive,a daughter is comforted by a cousin .,a professor comforts a reader .,a reader is comforted by a professor .,a,professor,a,reader,comfort,comforts,comforted,"[""PATIENT=reader"", ""AGENT=professor"", ""VERB=comfort""]","Prime sentence: a daughter is comforted by a cousin .
Event roles: PATIENT=reader; AGENT=professor; VERB=comfort
Sentence: the",Sentence: the,first_noun,-4.472822189331055,-5.868907928466797,-1.3960857391357422,active,0.0
1670,role_labeled,no_prime_eos,no_prime_eos,,a professor comforts a reader .,a reader is comforted by a professor .,a,professor,a,reader,comfort,comforts,comforted,"[""PATIENT=reader"", ""AGENT=professor"", ""VERB=comfort""]","Event roles: PATIENT=reader; AGENT=professor; VERB=comfort
Sentence: the",Sentence: the,first_noun,-3.9743099212646484,-5.575307369232178,-1.6009974479675293,active,0.0
1670,role_labeled,filler,filler,The package arrived before noon .,a professor comforts a reader .,a reader is comforted by a professor .,a,professor,a,reader,comfort,comforts,comforted,"[""PATIENT=reader"", ""AGENT=professor"", ""VERB=comfort""]","Prime sentence: The package arrived before noon .
Event roles: PATIENT=reader; AGENT=professor; VERB=comfort
Sentence: the",Sentence: the,first_noun,-4.183189868927002,-6.7321391105651855,-2.5489492416381836,active,0.0
1671,role_labeled,active,active,an aunt forgives an author .,a mayor forgives a minister .,a minister is forgiven by a mayor .,a,mayor,a,minister,forgiv,forgives,forgiven,"[""VERB=forgiv"", ""PATIENT=minister"", ""AGENT=mayor""]","Prime sentence: an aunt forgives an author .
Event roles: VERB=forgiv; PATIENT=minister; AGENT=mayor
Sentence: the",Sentence: the,first_noun,-3.863452911376953,-5.432193756103516,-1.5687408447265625,active,0.0
1671,role_labeled,passive,passive,an author is forgiven by an aunt .,a mayor forgives a minister .,a minister is forgiven by a mayor .,a,mayor,a,minister,forgiv,forgives,forgiven,"[""VERB=forgiv"", ""PATIENT=minister"", ""AGENT=mayor""]","Prime sentence: an author is forgiven by an aunt .
Event roles: VERB=forgiv; PATIENT=minister; AGENT=mayor
Sentence: the",Sentence: the,first_noun,-4.062008380889893,-5.443748474121094,-1.3817400932312012,active,0.0
1671,role_labeled,no_prime_eos,no_prime_eos,,a mayor forgives a minister .,a minister is forgiven by a mayor .,a,mayor,a,minister,forgiv,forgives,forgiven,"[""VERB=forgiv"", ""PATIENT=minister"", ""AGENT=mayor""]","Event roles: VERB=forgiv; PATIENT=minister; AGENT=mayor
Sentence: the",Sentence: the,first_noun,-3.4896633625030518,-5.197491645812988,-1.7078282833099365,active,0.0
1671,role_labeled,filler,filler,The witness paused near the doorway .,a mayor forgives a minister .,a minister is forgiven by a mayor .,a,mayor,a,minister,forgiv,forgives,forgiven,"[""VERB=forgiv"", ""PATIENT=minister"", ""AGENT=mayor""]","Prime sentence: The witness paused near the doorway .
Event roles: VERB=forgiv; PATIENT=minister; AGENT=mayor
Sentence: the",Sentence: the,first_noun,-4.408258438110352,-4.602048873901367,-0.19379043579101562,active,0.0
1672,role_labeled,active,active,a husband comforts a kid .,a wife comforts a winner .,a winner is comforted by a wife .,a,wife,a,winner,comfort,comforts,comforted,"[""PATIENT=winner"", ""AGENT=wife"", ""VERB=comfort""]","Prime sentence: a husband comforts a kid .
Event roles: PATIENT=winner; AGENT=wife; VERB=comfort
Sentence: the",Sentence: the,first_noun,-3.4235498905181885,-8.012079238891602,-4.588529348373413,active,0.0
1672,role_labeled,passive,passive,a kid is comforted by a husband .,a wife comforts a winner .,a winner is comforted by a wife .,a,wife,a,winner,comfort,comforts,comforted,"[""PATIENT=winner"", ""AGENT=wife"", ""VERB=comfort""]","Prime sentence: a kid is comforted by a husband .
Event roles: PATIENT=winner; AGENT=wife; VERB=comfort
Sentence: the",Sentence: the,first_noun,-3.6779322624206543,-7.657601833343506,-3.9796695709228516,active,0.0
1672,role_labeled,no_prime_eos,no_prime_eos,,a wife comforts a winner .,a winner is comforted by a wife .,a,wife,a,winner,comfort,comforts,comforted,"[""PATIENT=winner"", ""AGENT=wife"", ""VERB=comfort""]","Event roles: PATIENT=winner; AGENT=wife; VERB=comfort
Sentence: the",Sentence: the,first_noun,-4.066986560821533,-5.650204181671143,-1.5832176208496094,active,0.0
1672,role_labeled,filler,filler,The blanket dried on the line .,a wife comforts a winner .,a winner is comforted by a wife .,a,wife,a,winner,comfort,comforts,comforted,"[""PATIENT=winner"", ""AGENT=wife"", ""VERB=comfort""]","Prime sentence: The blanket dried on the line .
Event roles: PATIENT=winner; AGENT=wife; VERB=comfort
Sentence: the",Sentence: the,first_noun,-5.242618560791016,-7.774658203125,-2.5320396423339844,active,0.0
1673,role_labeled,active,active,a prince forgives a princess .,a child forgives a colonel .,a colonel is forgiven by a child .,a,child,a,colonel,forgiv,forgives,forgiven,"[""PATIENT=colonel"", ""AGENT=child"", ""VERB=forgiv""]","Prime sentence: a prince forgives a princess .
Event roles: PATIENT=colonel; AGENT=child; VERB=forgiv
Sentence: the",Sentence: the,first_noun,-4.397110462188721,-5.625584125518799,-1.2284736633300781,active,0.0
1673,role_labeled,passive,passive,a princess is forgiven by a prince .,a child forgives a colonel .,a colonel is forgiven by a child .,a,child,a,colonel,forgiv,forgives,forgiven,"[""PATIENT=colonel"", ""AGENT=child"", ""VERB=forgiv""]","Prime sentence: a princess is forgiven by a prince .
Event roles: PATIENT=colonel; AGENT=child; VERB=forgiv
Sentence: the",Sentence: the,first_noun,-4.456462383270264,-5.926188945770264,-1.4697265625,active,0.0
1673,role_labeled,no_prime_eos,no_prime_eos,,a child forgives a colonel .,a colonel is forgiven by a child .,a,child,a,colonel,forgiv,forgives,forgiven,"[""PATIENT=colonel"", ""AGENT=child"", ""VERB=forgiv""]","Event roles: PATIENT=colonel; AGENT=child; VERB=forgiv
Sentence: the",Sentence: the,first_noun,-3.81491756439209,-5.255368709564209,-1.4404511451721191,active,0.0
1673,role_labeled,filler,filler,The engine cooled before dawn .,a child forgives a colonel .,a colonel is forgiven by a child .,a,child,a,colonel,forgiv,forgives,forgiven,"[""PATIENT=colonel"", ""AGENT=child"", ""VERB=forgiv""]","Prime sentence: The engine cooled before dawn .
Event roles: PATIENT=colonel; AGENT=child; VERB=forgiv
Sentence: the",Sentence: the,first_noun,-5.059051513671875,-6.049504280090332,-0.990452766418457,active,0.0
1674,role_labeled,active,active,a bishop comforts a boy .,a mother comforts a nurse .,a nurse is comforted by a mother .,a,mother,a,nurse,comfort,comforts,comforted,"[""PATIENT=nurse"", ""VERB=comfort"", ""AGENT=mother""]","Prime sentence: a bishop comforts a boy .
Event roles: PATIENT=nurse; VERB=comfort; AGENT=mother
Sentence: the",Sentence: the,first_noun,-3.928797483444214,-3.929668664932251,-0.0008711814880371094,active,0.0
1674,role_labeled,passive,passive,a boy is comforted by a bishop .,a mother comforts a nurse .,a nurse is comforted by a mother .,a,mother,a,nurse,comfort,comforts,comforted,"[""PATIENT=nurse"", ""VERB=comfort"", ""AGENT=mother""]","Prime sentence: a boy is comforted by a bishop .
Event roles: PATIENT=nurse; VERB=comfort; AGENT=mother
Sentence: the",Sentence: the,first_noun,-3.9463043212890625,-4.254550457000732,-0.3082461357116699,active,0.0
1674,role_labeled,no_prime_eos,no_prime_eos,,a mother comforts a nurse .,a nurse is comforted by a mother .,a,mother,a,nurse,comfort,comforts,comforted,"[""PATIENT=nurse"", ""VERB=comfort"", ""AGENT=mother""]","Event roles: PATIENT=nurse; VERB=comfort; AGENT=mother
Sentence: the",Sentence: the,first_noun,-3.853628635406494,-3.244011163711548,0.6096174716949463,passive,1.0
1674,role_labeled,filler,filler,The blanket dried on the line .,a mother comforts a nurse .,a nurse is comforted by a mother .,a,mother,a,nurse,comfort,comforts,comforted,"[""PATIENT=nurse"", ""VERB=comfort"", ""AGENT=mother""]","Prime sentence: The blanket dried on the line .
Event roles: PATIENT=nurse; VERB=comfort; AGENT=mother
Sentence: the",Sentence: the,first_noun,-4.99396276473999,-3.8899426460266113,1.104020118713379,passive,1.0
1675,role_labeled,active,active,a wife beats a winner .,a hero beats a husband .,a husband is beaten by a hero .,a,hero,a,husband,beat,beats,beaten,"[""PATIENT=husband"", ""VERB=beat"", ""AGENT=hero""]","Prime sentence: a wife beats a winner .
Event roles: PATIENT=husband; VERB=beat; AGENT=hero
Sentence: the",Sentence: the,first_noun,-4.943366050720215,-2.449782133102417,2.493583917617798,passive,1.0
1675,role_labeled,passive,passive,a winner is beaten by a wife .,a hero beats a husband .,a husband is beaten by a hero .,a,hero,a,husband,beat,beats,beaten,"[""PATIENT=husband"", ""VERB=beat"", ""AGENT=hero""]","Prime sentence: a winner is beaten by a wife .
Event roles: PATIENT=husband; VERB=beat; AGENT=hero
Sentence: the",Sentence: the,first_noun,-4.786816596984863,-2.8898861408233643,1.896930456161499,passive,1.0
1675,role_labeled,no_prime_eos,no_prime_eos,,a hero beats a husband .,a husband is beaten by a hero .,a,hero,a,husband,beat,beats,beaten,"[""PATIENT=husband"", ""VERB=beat"", ""AGENT=hero""]","Event roles: PATIENT=husband; VERB=beat; AGENT=hero
Sentence: the",Sentence: the,first_noun,-3.6707661151885986,-3.8007724285125732,-0.1300063133239746,active,0.0
1675,role_labeled,filler,filler,The kettle whistled in the kitchen .,a hero beats a husband .,a husband is beaten by a hero .,a,hero,a,husband,beat,beats,beaten,"[""PATIENT=husband"", ""VERB=beat"", ""AGENT=hero""]","Prime sentence: The kettle whistled in the kitchen .
Event roles: PATIENT=husband; VERB=beat; AGENT=hero
Sentence: the",Sentence: the,first_noun,-7.579123020172119,-4.814994812011719,2.7641282081604004,passive,1.0
1676,role_labeled,active,active,a minister comforts a mother .,an aunt comforts an author .,an author is comforted by an aunt .,an,aunt,an,author,comfort,comforts,comforted,"[""PATIENT=author"", ""VERB=comfort"", ""AGENT=aunt""]","Prime sentence: a minister comforts a mother .
Event roles: PATIENT=author; VERB=comfort; AGENT=aunt
Sentence: the",Sentence: the,first_noun,-6.453160285949707,-5.5949788093566895,0.8581814765930176,passive,1.0
1676,role_labeled,passive,passive,a mother is comforted by a minister .,an aunt comforts an author .,an author is comforted by an aunt .,an,aunt,an,author,comfort,comforts,comforted,"[""PATIENT=author"", ""VERB=comfort"", ""AGENT=aunt""]","Prime sentence: a mother is comforted by a minister .
Event roles: PATIENT=author; VERB=comfort; AGENT=aunt
Sentence: the",Sentence: the,first_noun,-6.63577938079834,-5.9024529457092285,0.7333264350891113,passive,1.0
1676,role_labeled,no_prime_eos,no_prime_eos,,an aunt comforts an author .,an author is comforted by an aunt .,an,aunt,an,author,comfort,comforts,comforted,"[""PATIENT=author"", ""VERB=comfort"", ""AGENT=aunt""]","Event roles: PATIENT=author; VERB=comfort; AGENT=aunt
Sentence: the",Sentence: the,first_noun,-7.076141357421875,-5.205099582672119,1.8710417747497559,passive,1.0
1676,role_labeled,filler,filler,The planet shimmered above the valley .,an aunt comforts an author .,an author is comforted by an aunt .,an,aunt,an,author,comfort,comforts,comforted,"[""PATIENT=author"", ""VERB=comfort"", ""AGENT=aunt""]","Prime sentence: The planet shimmered above the valley .
Event roles: PATIENT=author; VERB=comfort; AGENT=aunt
Sentence: the",Sentence: the,first_noun,-9.673040390014648,-8.327900886535645,1.345139503479004,passive,1.0
1677,role_labeled,active,active,a kid destroys a king .,a winner destroys a woman .,a woman is destroyed by a winner .,a,winner,a,woman,destroy,destroys,destroyed,"[""PATIENT=woman"", ""AGENT=winner"", ""VERB=destroy""]","Prime sentence: a kid destroys a king .
Event roles: PATIENT=woman; AGENT=winner; VERB=destroy
Sentence: the",Sentence: the,first_noun,-5.976899147033691,-3.9895825386047363,1.987316608428955,passive,1.0
1677,role_labeled,passive,passive,a king is destroyed by a kid .,a winner destroys a woman .,a woman is destroyed by a winner .,a,winner,a,woman,destroy,destroys,destroyed,"[""PATIENT=woman"", ""AGENT=winner"", ""VERB=destroy""]","Prime sentence: a king is destroyed by a kid .
Event roles: PATIENT=woman; AGENT=winner; VERB=destroy
Sentence: the",Sentence: the,first_noun,-6.384060859680176,-4.641796112060547,1.742264747619629,passive,1.0
1677,role_labeled,no_prime_eos,no_prime_eos,,a winner destroys a woman .,a woman is destroyed by a winner .,a,winner,a,woman,destroy,destroys,destroyed,"[""PATIENT=woman"", ""AGENT=winner"", ""VERB=destroy""]","Event roles: PATIENT=woman; AGENT=winner; VERB=destroy
Sentence: the",Sentence: the,first_noun,-3.827275514602661,-3.068249225616455,0.759026288986206,passive,1.0
1677,role_labeled,filler,filler,The signal flickered across the screen .,a winner destroys a woman .,a woman is destroyed by a winner .,a,winner,a,woman,destroy,destroys,destroyed,"[""PATIENT=woman"", ""AGENT=winner"", ""VERB=destroy""]","Prime sentence: The signal flickered across the screen .
Event roles: PATIENT=woman; AGENT=winner; VERB=destroy
Sentence: the",Sentence: the,first_noun,-6.15145206451416,-3.51680326461792,2.6346487998962402,passive,1.0
1678,role_labeled,active,active,a king chases a lady .,a woman chases a worker .,a worker is chased by a woman .,a,woman,a,worker,chas,chases,chased,"[""PATIENT=worker"", ""AGENT=woman"", ""VERB=chas""]","Prime sentence: a king chases a lady .
Event roles: PATIENT=worker; AGENT=woman; VERB=chas
Sentence: the",Sentence: the,first_noun,-3.752932071685791,-5.772963523864746,-2.020031452178955,active,0.0
1678,role_labeled,passive,passive,a lady is chased by a king .,a woman chases a worker .,a worker is chased by a woman .,a,woman,a,worker,chas,chases,chased,"[""PATIENT=worker"", ""AGENT=woman"", ""VERB=chas""]","Prime sentence: a lady is chased by a king .
Event roles: PATIENT=worker; AGENT=woman; VERB=chas
Sentence: the",Sentence: the,first_noun,-3.4273643493652344,-5.323517322540283,-1.8961529731750488,active,0.0
1678,role_labeled,no_prime_eos,no_prime_eos,,a woman chases a worker .,a worker is chased by a woman .,a,woman,a,worker,chas,chases,chased,"[""PATIENT=worker"", ""AGENT=woman"", ""VERB=chas""]","Event roles: PATIENT=worker; AGENT=woman; VERB=chas
Sentence: the",Sentence: the,first_noun,-2.7610247135162354,-5.0616960525512695,-2.300671339035034,active,0.0
1678,role_labeled,filler,filler,The lantern glowed near sunset .,a woman chases a worker .,a worker is chased by a woman .,a,woman,a,worker,chas,chases,chased,"[""PATIENT=worker"", ""AGENT=woman"", ""VERB=chas""]","Prime sentence: The lantern glowed near sunset .
Event roles: PATIENT=worker; AGENT=woman; VERB=chas
Sentence: the",Sentence: the,first_noun,-4.130677223205566,-6.242441177368164,-2.1117639541625977,active,0.0
1679,role_labeled,active,active,a professor drags a reader .,a cop drags a cousin .,a cousin is dragged by a cop .,a,cop,a,cousin,drag,drags,dragged,"[""AGENT=cop"", ""PATIENT=cousin"", ""VERB=drag""]","Prime sentence: a professor drags a reader .
Event roles: AGENT=cop; PATIENT=cousin; VERB=drag
Sentence: the",Sentence: the,first_noun,-3.961566686630249,-8.604008674621582,-4.642441987991333,active,0.0
1679,role_labeled,passive,passive,a reader is dragged by a professor .,a cop drags a cousin .,a cousin is dragged by a cop .,a,cop,a,cousin,drag,drags,dragged,"[""AGENT=cop"", ""PATIENT=cousin"", ""VERB=drag""]","Prime sentence: a reader is dragged by a professor .
Event roles: AGENT=cop; PATIENT=cousin; VERB=drag
Sentence: the",Sentence: the,first_noun,-4.429810047149658,-8.86744213104248,-4.437632083892822,active,0.0
1679,role_labeled,no_prime_eos,no_prime_eos,,a cop drags a cousin .,a cousin is dragged by a cop .,a,cop,a,cousin,drag,drags,dragged,"[""AGENT=cop"", ""PATIENT=cousin"", ""VERB=drag""]","Event roles: AGENT=cop; PATIENT=cousin; VERB=drag
Sentence: the",Sentence: the,first_noun,-4.797886371612549,-9.20041275024414,-4.402526378631592,active,0.0
1679,role_labeled,filler,filler,The radio crackled in the attic .,a cop drags a cousin .,a cousin is dragged by a cop .,a,cop,a,cousin,drag,drags,dragged,"[""AGENT=cop"", ""PATIENT=cousin"", ""VERB=drag""]","Prime sentence: The radio crackled in the attic .
Event roles: AGENT=cop; PATIENT=cousin; VERB=drag
Sentence: the",Sentence: the,first_noun,-5.646355628967285,-8.353155136108398,-2.7067995071411133,active,0.0
1680,role_labeled,active,active,an opponent protects a parent .,a boy protects a brother .,a brother is protected by a boy .,a,boy,a,brother,protect,protects,protected,"[""AGENT=boy"", ""PATIENT=brother"", ""VERB=protect""]","Prime sentence: an opponent protects a parent .
Event roles: AGENT=boy; PATIENT=brother; VERB=protect
Sentence: the",Sentence: the,first_noun,-3.308600425720215,-5.460125923156738,-2.1515254974365234,active,0.0
1680,role_labeled,passive,passive,a parent is protected by an opponent .,a boy protects a brother .,a brother is protected by a boy .,a,boy,a,brother,protect,protects,protected,"[""AGENT=boy"", ""PATIENT=brother"", ""VERB=protect""]","Prime sentence: a parent is protected by an opponent .
Event roles: AGENT=boy; PATIENT=brother; VERB=protect
Sentence: the",Sentence: the,first_noun,-3.202110767364502,-5.8137969970703125,-2.6116862297058105,active,0.0
1680,role_labeled,no_prime_eos,no_prime_eos,,a boy protects a brother .,a brother is protected by a boy .,a,boy,a,brother,protect,protects,protected,"[""AGENT=boy"", ""PATIENT=brother"", ""VERB=protect""]","Event roles: AGENT=boy; PATIENT=brother; VERB=protect
Sentence: the",Sentence: the,first_noun,-3.0116889476776123,-5.913030624389648,-2.901341676712036,active,0.0
1680,role_labeled,filler,filler,The tourist wandered through the plaza .,a boy protects a brother .,a brother is protected by a boy .,a,boy,a,brother,protect,protects,protected,"[""AGENT=boy"", ""PATIENT=brother"", ""VERB=protect""]","Prime sentence: The tourist wandered through the plaza .
Event roles: AGENT=boy; PATIENT=brother; VERB=protect
Sentence: the",Sentence: the,first_noun,-2.8256235122680664,-5.909026145935059,-3.083402633666992,active,0.0
1681,role_labeled,active,active,a worker selects a writer .,a king selects a lady .,a lady is selected by a king .,a,king,a,lady,select,selects,selected,"[""PATIENT=lady"", ""VERB=select"", ""AGENT=king""]","Prime sentence: a worker selects a writer .
Event roles: PATIENT=lady; VERB=select; AGENT=king
Sentence: the",Sentence: the,first_noun,-2.952627658843994,-4.24114465713501,-1.2885169982910156,active,0.0
1681,role_labeled,passive,passive,a writer is selected by a worker .,a king selects a lady .,a lady is selected by a king .,a,king,a,lady,select,selects,selected,"[""PATIENT=lady"", ""VERB=select"", ""AGENT=king""]","Prime sentence: a writer is selected by a worker .
Event roles: PATIENT=lady; VERB=select; AGENT=king
Sentence: the",Sentence: the,first_noun,-2.77675199508667,-5.1803083419799805,-2.4035563468933105,active,0.0
1681,role_labeled,no_prime_eos,no_prime_eos,,a king selects a lady .,a lady is selected by a king .,a,king,a,lady,select,selects,selected,"[""PATIENT=lady"", ""VERB=select"", ""AGENT=king""]","Event roles: PATIENT=lady; VERB=select; AGENT=king
Sentence: the",Sentence: the,first_noun,-3.07179594039917,-4.582888603210449,-1.5110926628112793,active,0.0
1681,role_labeled,filler,filler,The painter waited near the doorway .,a king selects a lady .,a lady is selected by a king .,a,king,a,lady,select,selects,selected,"[""PATIENT=lady"", ""VERB=select"", ""AGENT=king""]","Prime sentence: The painter waited near the doorway .
Event roles: PATIENT=lady; VERB=select; AGENT=king
Sentence: the",Sentence: the,first_noun,-3.375878095626831,-3.9988467693328857,-0.6229686737060547,active,0.0
1682,role_labeled,active,active,a student beats a teacher .,a girl beats a guest .,a guest is beaten by a girl .,a,girl,a,guest,beat,beats,beaten,"[""VERB=beat"", ""AGENT=girl"", ""PATIENT=guest""]","Prime sentence: a student beats a teacher .
Event roles: VERB=beat; AGENT=girl; PATIENT=guest
Sentence: the",Sentence: the,first_noun,-2.485578775405884,-6.474264621734619,-3.9886858463287354,active,0.0
1682,role_labeled,passive,passive,a teacher is beaten by a student .,a girl beats a guest .,a guest is beaten by a girl .,a,girl,a,guest,beat,beats,beaten,"[""VERB=beat"", ""AGENT=girl"", ""PATIENT=guest""]","Prime sentence: a teacher is beaten by a student .
Event roles: VERB=beat; AGENT=girl; PATIENT=guest
Sentence: the",Sentence: the,first_noun,-2.682189464569092,-6.600356578826904,-3.9181671142578125,active,0.0
1682,role_labeled,no_prime_eos,no_prime_eos,,a girl beats a guest .,a guest is beaten by a girl .,a,girl,a,guest,beat,beats,beaten,"[""VERB=beat"", ""AGENT=girl"", ""PATIENT=guest""]","Event roles: VERB=beat; AGENT=girl; PATIENT=guest
Sentence: the",Sentence: the,first_noun,-2.6229803562164307,-5.686302661895752,-3.0633223056793213,active,0.0
1682,role_labeled,filler,filler,The baker laughed during breakfast .,a girl beats a guest .,a guest is beaten by a girl .,a,girl,a,guest,beat,beats,beaten,"[""VERB=beat"", ""AGENT=girl"", ""PATIENT=guest""]","Prime sentence: The baker laughed during breakfast .
Event roles: VERB=beat; AGENT=girl; PATIENT=guest
Sentence: the",Sentence: the,first_noun,-3.05952525138855,-5.712255477905273,-2.6527302265167236,active,0.0
1683,role_labeled,active,active,a girl chases a guest .,a son chases a student .,a student is chased by a son .,a,son,a,student,chas,chases,chased,"[""AGENT=son"", ""PATIENT=student"", ""VERB=chas""]","Prime sentence: a girl chases a guest .
Event roles: AGENT=son; PATIENT=student; VERB=chas
Sentence: the",Sentence: the,first_noun,-5.2004313468933105,-3.9961304664611816,1.204300880432129,passive,1.0
1683,role_labeled,passive,passive,a guest is chased by a girl .,a son chases a student .,a student is chased by a son .,a,son,a,student,chas,chases,chased,"[""AGENT=son"", ""PATIENT=student"", ""VERB=chas""]","Prime sentence: a guest is chased by a girl .
Event roles: AGENT=son; PATIENT=student; VERB=chas
Sentence: the",Sentence: the,first_noun,-5.238173007965088,-3.6559863090515137,1.5821866989135742,passive,1.0
1683,role_labeled,no_prime_eos,no_prime_eos,,a son chases a student .,a student is chased by a son .,a,son,a,student,chas,chases,chased,"[""AGENT=son"", ""PATIENT=student"", ""VERB=chas""]","Event roles: AGENT=son; PATIENT=student; VERB=chas
Sentence: the",Sentence: the,first_noun,-4.471163749694824,-3.2373828887939453,1.233780860900879,passive,1.0
1683,role_labeled,filler,filler,The captain waited beside the harbor .,a son chases a student .,a student is chased by a son .,a,son,a,student,chas,chases,chased,"[""AGENT=son"", ""PATIENT=student"", ""VERB=chas""]","Prime sentence: The captain waited beside the harbor .
Event roles: AGENT=son; PATIENT=student; VERB=chas
Sentence: the",Sentence: the,first_noun,-5.677504539489746,-5.395292282104492,0.2822122573852539,passive,1.0
1684,role_labeled,active,active,a boy joins a brother .,a nurse joins an opponent .,an opponent is joined by a nurse .,a,nurse,an,opponent,join,joins,joined,"[""PATIENT=opponent"", ""VERB=join"", ""AGENT=nurse""]","Prime sentence: a boy joins a brother .
Event roles: PATIENT=opponent; VERB=join; AGENT=nurse
Sentence: the",Sentence: the,first_noun,-3.7815895080566406,-7.129096984863281,-3.3475074768066406,active,0.0
1684,role_labeled,passive,passive,a brother is joined by a boy .,a nurse joins an opponent .,an opponent is joined by a nurse .,a,nurse,an,opponent,join,joins,joined,"[""PATIENT=opponent"", ""VERB=join"", ""AGENT=nurse""]","Prime sentence: a brother is joined by a boy .
Event roles: PATIENT=opponent; VERB=join; AGENT=nurse
Sentence: the",Sentence: the,first_noun,-4.009123802185059,-7.315066337585449,-3.3059425354003906,active,0.0
1684,role_labeled,no_prime_eos,no_prime_eos,,a nurse joins an opponent .,an opponent is joined by a nurse .,a,nurse,an,opponent,join,joins,joined,"[""PATIENT=opponent"", ""VERB=join"", ""AGENT=nurse""]","Event roles: PATIENT=opponent; VERB=join; AGENT=nurse
Sentence: the",Sentence: the,first_noun,-3.4778544902801514,-5.375380516052246,-1.8975260257720947,active,0.0
1684,role_labeled,filler,filler,The engine cooled before dawn .,a nurse joins an opponent .,an opponent is joined by a nurse .,a,nurse,an,opponent,join,joins,joined,"[""PATIENT=opponent"", ""VERB=join"", ""AGENT=nurse""]","Prime sentence: The engine cooled before dawn .
Event roles: PATIENT=opponent; VERB=join; AGENT=nurse
Sentence: the",Sentence: the,first_noun,-4.9076151847839355,-7.809383392333984,-2.901768207550049,active,0.0
1685,role_labeled,active,active,an actor hurts an actress .,a lawyer hurts a leader .,a leader is hurt by a lawyer .,a,lawyer,a,leader,hurt,hurts,hurt,"[""VERB=hurt"", ""AGENT=lawyer"", ""PATIENT=leader""]","Prime sentence: an actor hurts an actress .
Event roles: VERB=hurt; AGENT=lawyer; PATIENT=leader
Sentence: the",Sentence: the,first_noun,-4.844575881958008,-5.631697177886963,-0.7871212959289551,active,0.0
1685,role_labeled,passive,passive,an actress is hurt by an actor .,a lawyer hurts a leader .,a leader is hurt by a lawyer .,a,lawyer,a,leader,hurt,hurts,hurt,"[""VERB=hurt"", ""AGENT=lawyer"", ""PATIENT=leader""]","Prime sentence: an actress is hurt by an actor .
Event roles: VERB=hurt; AGENT=lawyer; PATIENT=leader
Sentence: the",Sentence: the,first_noun,-4.654829978942871,-5.600807189941406,-0.9459772109985352,active,0.0
1685,role_labeled,no_prime_eos,no_prime_eos,,a lawyer hurts a leader .,a leader is hurt by a lawyer .,a,lawyer,a,leader,hurt,hurts,hurt,"[""VERB=hurt"", ""AGENT=lawyer"", ""PATIENT=leader""]","Event roles: VERB=hurt; AGENT=lawyer; PATIENT=leader
Sentence: the",Sentence: the,first_noun,-4.643038272857666,-5.032546520233154,-0.3895082473754883,active,0.0
1685,role_labeled,filler,filler,The lantern glowed near sunset .,a lawyer hurts a leader .,a leader is hurt by a lawyer .,a,lawyer,a,leader,hurt,hurts,hurt,"[""VERB=hurt"", ""AGENT=lawyer"", ""PATIENT=leader""]","Prime sentence: The lantern glowed near sunset .
Event roles: VERB=hurt; AGENT=lawyer; PATIENT=leader
Sentence: the",Sentence: the,first_noun,-5.60994291305542,-5.230313301086426,0.37962961196899414,passive,1.0
1686,role_labeled,active,active,an aunt chases an author .,a mayor chases a minister .,a minister is chased by a mayor .,a,mayor,a,minister,chas,chases,chased,"[""AGENT=mayor"", ""PATIENT=minister"", ""VERB=chas""]","Prime sentence: an aunt chases an author .
Event roles: AGENT=mayor; PATIENT=minister; VERB=chas
Sentence: the",Sentence: the,first_noun,-3.0931968688964844,-4.79473876953125,-1.7015419006347656,active,0.0
1686,role_labeled,passive,passive,an author is chased by an aunt .,a mayor chases a minister .,a minister is chased by a mayor .,a,mayor,a,minister,chas,chases,chased,"[""AGENT=mayor"", ""PATIENT=minister"", ""VERB=chas""]","Prime sentence: an author is chased by an aunt .
Event roles: AGENT=mayor; PATIENT=minister; VERB=chas
Sentence: the",Sentence: the,first_noun,-3.205104112625122,-5.207342147827148,-2.0022380352020264,active,0.0
1686,role_labeled,no_prime_eos,no_prime_eos,,a mayor chases a minister .,a minister is chased by a mayor .,a,mayor,a,minister,chas,chases,chased,"[""AGENT=mayor"", ""PATIENT=minister"", ""VERB=chas""]","Event roles: AGENT=mayor; PATIENT=minister; VERB=chas
Sentence: the",Sentence: the,first_noun,-3.0351831912994385,-4.567930221557617,-1.5327470302581787,active,0.0
1686,role_labeled,filler,filler,The violin echoed in the theater .,a mayor chases a minister .,a minister is chased by a mayor .,a,mayor,a,minister,chas,chases,chased,"[""AGENT=mayor"", ""PATIENT=minister"", ""VERB=chas""]","Prime sentence: The violin echoed in the theater .
Event roles: AGENT=mayor; PATIENT=minister; VERB=chas
Sentence: the",Sentence: the,first_noun,-3.9816949367523193,-6.038074493408203,-2.056379556655884,active,0.0
1687,role_labeled,active,active,a nurse follows an opponent .,a bishop follows a boy .,a boy is followed by a bishop .,a,bishop,a,boy,follow,follows,followed,"[""PATIENT=boy"", ""VERB=follow"", ""AGENT=bishop""]","Prime sentence: a nurse follows an opponent .
Event roles: PATIENT=boy; VERB=follow; AGENT=bishop
Sentence: the",Sentence: the,first_noun,-3.1805896759033203,-3.544252395629883,-0.3636627197265625,active,0.0
1687,role_labeled,passive,passive,an opponent is followed by a nurse .,a bishop follows a boy .,a boy is followed by a bishop .,a,bishop,a,boy,follow,follows,followed,"[""PATIENT=boy"", ""VERB=follow"", ""AGENT=bishop""]","Prime sentence: an opponent is followed by a nurse .
Event roles: PATIENT=boy; VERB=follow; AGENT=bishop
Sentence: the",Sentence: the,first_noun,-2.9533908367156982,-3.6430752277374268,-0.6896843910217285,active,0.0
1687,role_labeled,no_prime_eos,no_prime_eos,,a bishop follows a boy .,a boy is followed by a bishop .,a,bishop,a,boy,follow,follows,followed,"[""PATIENT=boy"", ""VERB=follow"", ""AGENT=bishop""]","Event roles: PATIENT=boy; VERB=follow; AGENT=bishop
Sentence: the",Sentence: the,first_noun,-3.872819185256958,-2.891920804977417,0.980898380279541,passive,1.0
1687,role_labeled,filler,filler,The teacher listened during assembly .,a bishop follows a boy .,a boy is followed by a bishop .,a,bishop,a,boy,follow,follows,followed,"[""PATIENT=boy"", ""VERB=follow"", ""AGENT=bishop""]","Prime sentence: The teacher listened during assembly .
Event roles: PATIENT=boy; VERB=follow; AGENT=bishop
Sentence: the",Sentence: the,first_noun,-3.3718361854553223,-1.632026195526123,1.7398099899291992,passive,1.0
1688,role_labeled,active,active,a soldier raises a son .,a father raises a friend .,a friend is raised by a father .,a,father,a,friend,rais,raises,raised,"[""PATIENT=friend"", ""AGENT=father"", ""VERB=rais""]","Prime sentence: a soldier raises a son .
Event roles: PATIENT=friend; AGENT=father; VERB=rais
Sentence: the",Sentence: the,first_noun,-2.8925437927246094,-5.390372276306152,-2.497828483581543,active,0.0
1688,role_labeled,passive,passive,a son is raised by a soldier .,a father raises a friend .,a friend is raised by a father .,a,father,a,friend,rais,raises,raised,"[""PATIENT=friend"", ""AGENT=father"", ""VERB=rais""]","Prime sentence: a son is raised by a soldier .
Event roles: PATIENT=friend; AGENT=father; VERB=rais
Sentence: the",Sentence: the,first_noun,-3.1232171058654785,-5.597202301025391,-2.473985195159912,active,0.0
1688,role_labeled,no_prime_eos,no_prime_eos,,a father raises a friend .,a friend is raised by a father .,a,father,a,friend,rais,raises,raised,"[""PATIENT=friend"", ""AGENT=father"", ""VERB=rais""]","Event roles: PATIENT=friend; AGENT=father; VERB=rais
Sentence: the",Sentence: the,first_noun,-3.9486217498779297,-5.767232894897461,-1.8186111450195312,active,0.0
1688,role_labeled,filler,filler,The garden brightened after rain .,a father raises a friend .,a friend is raised by a father .,a,father,a,friend,rais,raises,raised,"[""PATIENT=friend"", ""AGENT=father"", ""VERB=rais""]","Prime sentence: The garden brightened after rain .
Event roles: PATIENT=friend; AGENT=father; VERB=rais
Sentence: the",Sentence: the,first_noun,-5.736690521240234,-6.706585884094238,-0.9698953628540039,active,0.0
1689,role_labeled,active,active,a candidate teaches a captain .,a partner teaches a physician .,a physician is taught by a partner .,a,partner,a,physician,teach,teaches,taught,"[""AGENT=partner"", ""VERB=teach"", ""PATIENT=physician""]","Prime sentence: a candidate teaches a captain .
Event roles: AGENT=partner; VERB=teach; PATIENT=physician
Sentence: the",Sentence: the,first_noun,-7.185839653015137,-5.1750335693359375,2.010806083679199,passive,1.0
1689,role_labeled,passive,passive,a captain is taught by a candidate .,a partner teaches a physician .,a physician is taught by a partner .,a,partner,a,physician,teach,teaches,taught,"[""AGENT=partner"", ""VERB=teach"", ""PATIENT=physician""]","Prime sentence: a captain is taught by a candidate .
Event roles: AGENT=partner; VERB=teach; PATIENT=physician
Sentence: the",Sentence: the,first_noun,-7.331179141998291,-4.98165225982666,2.349526882171631,passive,1.0
1689,role_labeled,no_prime_eos,no_prime_eos,,a partner teaches a physician .,a physician is taught by a partner .,a,partner,a,physician,teach,teaches,taught,"[""AGENT=partner"", ""VERB=teach"", ""PATIENT=physician""]","Event roles: AGENT=partner; VERB=teach; PATIENT=physician
Sentence: the",Sentence: the,first_noun,-6.440107345581055,-4.134532928466797,2.305574417114258,passive,1.0
1689,role_labeled,filler,filler,The singer smiled after rehearsal .,a partner teaches a physician .,a physician is taught by a partner .,a,partner,a,physician,teach,teaches,taught,"[""AGENT=partner"", ""VERB=teach"", ""PATIENT=physician""]","Prime sentence: The singer smiled after rehearsal .
Event roles: AGENT=partner; VERB=teach; PATIENT=physician
Sentence: the",Sentence: the,first_noun,-7.413029193878174,-5.946821689605713,1.466207504272461,passive,1.0
1690,role_labeled,active,active,a lady describes a lawyer .,a worker describes a writer .,a writer is described by a worker .,a,worker,a,writer,describ,describes,described,"[""AGENT=worker"", ""VERB=describ"", ""PATIENT=writer""]","Prime sentence: a lady describes a lawyer .
Event roles: AGENT=worker; VERB=describ; PATIENT=writer
Sentence: the",Sentence: the,first_noun,-5.39604377746582,-5.85847282409668,-0.4624290466308594,active,0.0
1690,role_labeled,passive,passive,a lawyer is described by a lady .,a worker describes a writer .,a writer is described by a worker .,a,worker,a,writer,describ,describes,described,"[""AGENT=worker"", ""VERB=describ"", ""PATIENT=writer""]","Prime sentence: a lawyer is described by a lady .
Event roles: AGENT=worker; VERB=describ; PATIENT=writer
Sentence: the",Sentence: the,first_noun,-4.912027835845947,-5.33018684387207,-0.41815900802612305,active,0.0
1690,role_labeled,no_prime_eos,no_prime_eos,,a worker describes a writer .,a writer is described by a worker .,a,worker,a,writer,describ,describes,described,"[""AGENT=worker"", ""VERB=describ"", ""PATIENT=writer""]","Event roles: AGENT=worker; VERB=describ; PATIENT=writer
Sentence: the",Sentence: the,first_noun,-3.873892068862915,-5.623837947845459,-1.749945878982544,active,0.0
1690,role_labeled,filler,filler,The tourist wandered through the plaza .,a worker describes a writer .,a writer is described by a worker .,a,worker,a,writer,describ,describes,described,"[""AGENT=worker"", ""VERB=describ"", ""PATIENT=writer""]","Prime sentence: The tourist wandered through the plaza .
Event roles: AGENT=worker; VERB=describ; PATIENT=writer
Sentence: the",Sentence: the,first_noun,-4.251521110534668,-7.5008087158203125,-3.2492876052856445,active,0.0
1691,role_labeled,active,active,an attorney bothers an aunt .,a manager bothers a mayor .,a mayor is bothered by a manager .,a,manager,a,mayor,bother,bothers,bothered,"[""VERB=bother"", ""PATIENT=mayor"", ""AGENT=manager""]","Prime sentence: an attorney bothers an aunt .
Event roles: VERB=bother; PATIENT=mayor; AGENT=manager
Sentence: the",Sentence: the,first_noun,-5.574923515319824,-2.268077850341797,3.3068456649780273,passive,1.0
1691,role_labeled,passive,passive,an aunt is bothered by an attorney .,a manager bothers a mayor .,a mayor is bothered by a manager .,a,manager,a,mayor,bother,bothers,bothered,"[""VERB=bother"", ""PATIENT=mayor"", ""AGENT=manager""]","Prime sentence: an aunt is bothered by an attorney .
Event roles: VERB=bother; PATIENT=mayor; AGENT=manager
Sentence: the",Sentence: the,first_noun,-5.522925853729248,-2.4566681385040283,3.0662577152252197,passive,1.0
1691,role_labeled,no_prime_eos,no_prime_eos,,a manager bothers a mayor .,a mayor is bothered by a manager .,a,manager,a,mayor,bother,bothers,bothered,"[""VERB=bother"", ""PATIENT=mayor"", ""AGENT=manager""]","Event roles: VERB=bother; PATIENT=mayor; AGENT=manager
Sentence: the",Sentence: the,first_noun,-5.469300270080566,-2.646068811416626,2.8232314586639404,passive,1.0
1691,role_labeled,filler,filler,The tourist wandered through the plaza .,a manager bothers a mayor .,a mayor is bothered by a manager .,a,manager,a,mayor,bother,bothers,bothered,"[""VERB=bother"", ""PATIENT=mayor"", ""AGENT=manager""]","Prime sentence: The tourist wandered through the plaza .
Event roles: VERB=bother; PATIENT=mayor; AGENT=manager
Sentence: the",Sentence: the,first_noun,-5.163871765136719,-3.23921799659729,1.9246537685394287,passive,1.0
1692,role_labeled,active,active,a guy follows a hero .,a teacher follows an uncle .,an uncle is followed by a teacher .,a,teacher,an,uncle,follow,follows,followed,"[""VERB=follow"", ""AGENT=teacher"", ""PATIENT=uncle""]","Prime sentence: a guy follows a hero .
Event roles: VERB=follow; AGENT=teacher; PATIENT=uncle
Sentence: the",Sentence: the,first_noun,-4.174609184265137,-7.518645286560059,-3.344036102294922,active,0.0
1692,role_labeled,passive,passive,a hero is followed by a guy .,a teacher follows an uncle .,an uncle is followed by a teacher .,a,teacher,an,uncle,follow,follows,followed,"[""VERB=follow"", ""AGENT=teacher"", ""PATIENT=uncle""]","Prime sentence: a hero is followed by a guy .
Event roles: VERB=follow; AGENT=teacher; PATIENT=uncle
Sentence: the",Sentence: the,first_noun,-4.444068908691406,-7.646418571472168,-3.2023496627807617,active,0.0
1692,role_labeled,no_prime_eos,no_prime_eos,,a teacher follows an uncle .,an uncle is followed by a teacher .,a,teacher,an,uncle,follow,follows,followed,"[""VERB=follow"", ""AGENT=teacher"", ""PATIENT=uncle""]","Event roles: VERB=follow; AGENT=teacher; PATIENT=uncle
Sentence: the",Sentence: the,first_noun,-3.336717128753662,-7.785350322723389,-4.448633193969727,active,0.0
1692,role_labeled,filler,filler,The market opened after sunrise .,a teacher follows an uncle .,an uncle is followed by a teacher .,a,teacher,an,uncle,follow,follows,followed,"[""VERB=follow"", ""AGENT=teacher"", ""PATIENT=uncle""]","Prime sentence: The market opened after sunrise .
Event roles: VERB=follow; AGENT=teacher; PATIENT=uncle
Sentence: the",Sentence: the,first_noun,-4.464707851409912,-8.605923652648926,-4.141215801239014,active,0.0
1693,role_labeled,active,active,a champion forgets a chief .,a pilot forgets a president .,a president is forgotten by a pilot .,a,pilot,a,president,forget,forgets,forgotten,"[""VERB=forget"", ""AGENT=pilot"", ""PATIENT=president""]","Prime sentence: a champion forgets a chief .
Event roles: VERB=forget; AGENT=pilot; PATIENT=president
Sentence: the",Sentence: the,first_noun,-5.3843207359313965,-3.679969072341919,1.7043516635894775,passive,1.0
1693,role_labeled,passive,passive,a chief is forgotten by a champion .,a pilot forgets a president .,a president is forgotten by a pilot .,a,pilot,a,president,forget,forgets,forgotten,"[""VERB=forget"", ""AGENT=pilot"", ""PATIENT=president""]","Prime sentence: a chief is forgotten by a champion .
Event roles: VERB=forget; AGENT=pilot; PATIENT=president
Sentence: the",Sentence: the,first_noun,-5.311095714569092,-4.050792217254639,1.2603034973144531,passive,1.0
1693,role_labeled,no_prime_eos,no_prime_eos,,a pilot forgets a president .,a president is forgotten by a pilot .,a,pilot,a,president,forget,forgets,forgotten,"[""VERB=forget"", ""AGENT=pilot"", ""PATIENT=president""]","Event roles: VERB=forget; AGENT=pilot; PATIENT=president
Sentence: the",Sentence: the,first_noun,-3.433060646057129,-3.9386258125305176,-0.5055651664733887,active,0.0
1693,role_labeled,filler,filler,The planet shimmered above the valley .,a pilot forgets a president .,a president is forgotten by a pilot .,a,pilot,a,president,forget,forgets,forgotten,"[""VERB=forget"", ""AGENT=pilot"", ""PATIENT=president""]","Prime sentence: The planet shimmered above the valley .
Event roles: VERB=forget; AGENT=pilot; PATIENT=president
Sentence: the",Sentence: the,first_noun,-5.699690818786621,-4.884298324584961,0.8153924942016602,passive,1.0
1694,role_labeled,active,active,a wife chases a winner .,a hero chases a husband .,a husband is chased by a hero .,a,hero,a,husband,chas,chases,chased,"[""PATIENT=husband"", ""VERB=chas"", ""AGENT=hero""]","Prime sentence: a wife chases a winner .
Event roles: PATIENT=husband; VERB=chas; AGENT=hero
Sentence: the",Sentence: the,first_noun,-4.6831512451171875,-3.4253649711608887,1.2577862739562988,passive,1.0
1694,role_labeled,passive,passive,a winner is chased by a wife .,a hero chases a husband .,a husband is chased by a hero .,a,hero,a,husband,chas,chases,chased,"[""PATIENT=husband"", ""VERB=chas"", ""AGENT=hero""]","Prime sentence: a winner is chased by a wife .
Event roles: PATIENT=husband; VERB=chas; AGENT=hero
Sentence: the",Sentence: the,first_noun,-4.490636825561523,-3.238529682159424,1.2521071434020996,passive,1.0
1694,role_labeled,no_prime_eos,no_prime_eos,,a hero chases a husband .,a husband is chased by a hero .,a,hero,a,husband,chas,chases,chased,"[""PATIENT=husband"", ""VERB=chas"", ""AGENT=hero""]","Event roles: PATIENT=husband; VERB=chas; AGENT=hero
Sentence: the",Sentence: the,first_noun,-3.622011661529541,-4.003859519958496,-0.3818478584289551,active,0.0
1694,role_labeled,filler,filler,The package arrived before noon .,a hero chases a husband .,a husband is chased by a hero .,a,hero,a,husband,chas,chases,chased,"[""PATIENT=husband"", ""VERB=chas"", ""AGENT=hero""]","Prime sentence: The package arrived before noon .
Event roles: PATIENT=husband; VERB=chas; AGENT=hero
Sentence: the",Sentence: the,first_noun,-6.517122268676758,-4.199700355529785,2.3174219131469727,passive,1.0
1695,role_labeled,active,active,a manager kisses a mayor .,an adult kisses an attorney .,an attorney is kissed by an adult .,an,adult,an,attorney,kiss,kisses,kissed,"[""PATIENT=attorney"", ""AGENT=adult"", ""VERB=kiss""]","Prime sentence: a manager kisses a mayor .
Event roles: PATIENT=attorney; AGENT=adult; VERB=kiss
Sentence: the",Sentence: the,first_noun,-6.399508476257324,-5.50704288482666,0.8924655914306641,passive,1.0
1695,role_labeled,passive,passive,a mayor is kissed by a manager .,an adult kisses an attorney .,an attorney is kissed by an adult .,an,adult,an,attorney,kiss,kisses,kissed,"[""PATIENT=attorney"", ""AGENT=adult"", ""VERB=kiss""]","Prime sentence: a mayor is kissed by a manager .
Event roles: PATIENT=attorney; AGENT=adult; VERB=kiss
Sentence: the",Sentence: the,first_noun,-6.813662528991699,-5.80638313293457,1.007279396057129,passive,1.0
1695,role_labeled,no_prime_eos,no_prime_eos,,an adult kisses an attorney .,an attorney is kissed by an adult .,an,adult,an,attorney,kiss,kisses,kissed,"[""PATIENT=attorney"", ""AGENT=adult"", ""VERB=kiss""]","Event roles: PATIENT=attorney; AGENT=adult; VERB=kiss
Sentence: the",Sentence: the,first_noun,-5.466844081878662,-5.8450212478637695,-0.3781771659851074,active,0.0
1695,role_labeled,filler,filler,The radio crackled in the attic .,an adult kisses an attorney .,an attorney is kissed by an adult .,an,adult,an,attorney,kiss,kisses,kissed,"[""PATIENT=attorney"", ""AGENT=adult"", ""VERB=kiss""]","Prime sentence: The radio crackled in the attic .
Event roles: PATIENT=attorney; AGENT=adult; VERB=kiss
Sentence: the",Sentence: the,first_noun,-6.197744369506836,-5.802804470062256,0.3949398994445801,passive,1.0
1696,role_labeled,active,active,a champion teaches a chief .,a pilot teaches a president .,a president is taught by a pilot .,a,pilot,a,president,teach,teaches,taught,"[""AGENT=pilot"", ""VERB=teach"", ""PATIENT=president""]","Prime sentence: a champion teaches a chief .
Event roles: AGENT=pilot; VERB=teach; PATIENT=president
Sentence: the",Sentence: the,first_noun,-4.572272300720215,-3.955552816390991,0.6167194843292236,passive,1.0
1696,role_labeled,passive,passive,a chief is taught by a champion .,a pilot teaches a president .,a president is taught by a pilot .,a,pilot,a,president,teach,teaches,taught,"[""AGENT=pilot"", ""VERB=teach"", ""PATIENT=president""]","Prime sentence: a chief is taught by a champion .
Event roles: AGENT=pilot; VERB=teach; PATIENT=president
Sentence: the",Sentence: the,first_noun,-4.221571445465088,-3.8497166633605957,0.3718547821044922,passive,1.0
1696,role_labeled,no_prime_eos,no_prime_eos,,a pilot teaches a president .,a president is taught by a pilot .,a,pilot,a,president,teach,teaches,taught,"[""AGENT=pilot"", ""VERB=teach"", ""PATIENT=president""]","Event roles: AGENT=pilot; VERB=teach; PATIENT=president
Sentence: the",Sentence: the,first_noun,-2.8250811100006104,-4.171801567077637,-1.3467204570770264,active,0.0
1696,role_labeled,filler,filler,The baker laughed during breakfast .,a pilot teaches a president .,a president is taught by a pilot .,a,pilot,a,president,teach,teaches,taught,"[""AGENT=pilot"", ""VERB=teach"", ""PATIENT=president""]","Prime sentence: The baker laughed during breakfast .
Event roles: AGENT=pilot; VERB=teach; PATIENT=president
Sentence: the",Sentence: the,first_noun,-3.82397198677063,-3.591155767440796,0.23281621932983398,passive,1.0
1697,role_labeled,active,active,an actor drags an actress .,a lawyer drags a leader .,a leader is dragged by a lawyer .,a,lawyer,a,leader,drag,drags,dragged,"[""VERB=drag"", ""PATIENT=leader"", ""AGENT=lawyer""]","Prime sentence: an actor drags an actress .
Event roles: VERB=drag; PATIENT=leader; AGENT=lawyer
Sentence: the",Sentence: the,first_noun,-5.591310501098633,-5.109701156616211,0.4816093444824219,passive,1.0
1697,role_labeled,passive,passive,an actress is dragged by an actor .,a lawyer drags a leader .,a leader is dragged by a lawyer .,a,lawyer,a,leader,drag,drags,dragged,"[""VERB=drag"", ""PATIENT=leader"", ""AGENT=lawyer""]","Prime sentence: an actress is dragged by an actor .
Event roles: VERB=drag; PATIENT=leader; AGENT=lawyer
Sentence: the",Sentence: the,first_noun,-5.440793991088867,-5.231806755065918,0.20898723602294922,passive,1.0
1697,role_labeled,no_prime_eos,no_prime_eos,,a lawyer drags a leader .,a leader is dragged by a lawyer .,a,lawyer,a,leader,drag,drags,dragged,"[""VERB=drag"", ""PATIENT=leader"", ""AGENT=lawyer""]","Event roles: VERB=drag; PATIENT=leader; AGENT=lawyer
Sentence: the",Sentence: the,first_noun,-5.691582202911377,-4.974713325500488,0.7168688774108887,passive,1.0
1697,role_labeled,filler,filler,The notebook stayed on the shelf .,a lawyer drags a leader .,a leader is dragged by a lawyer .,a,lawyer,a,leader,drag,drags,dragged,"[""VERB=drag"", ""PATIENT=leader"", ""AGENT=lawyer""]","Prime sentence: The notebook stayed on the shelf .
Event roles: VERB=drag; PATIENT=leader; AGENT=lawyer
Sentence: the",Sentence: the,first_noun,-5.367099761962891,-5.87890100479126,-0.5118012428283691,active,0.0
1698,role_labeled,active,active,a daughter forgets a doctor .,a reader forgets a scientist .,a scientist is forgotten by a reader .,a,reader,a,scientist,forget,forgets,forgotten,"[""PATIENT=scientist"", ""AGENT=reader"", ""VERB=forget""]","Prime sentence: a daughter forgets a doctor .
Event roles: PATIENT=scientist; AGENT=reader; VERB=forget
Sentence: the",Sentence: the,first_noun,-6.162654876708984,-4.237612724304199,1.9250421524047852,passive,1.0
1698,role_labeled,passive,passive,a doctor is forgotten by a daughter .,a reader forgets a scientist .,a scientist is forgotten by a reader .,a,reader,a,scientist,forget,forgets,forgotten,"[""PATIENT=scientist"", ""AGENT=reader"", ""VERB=forget""]","Prime sentence: a doctor is forgotten by a daughter .
Event roles: PATIENT=scientist; AGENT=reader; VERB=forget
Sentence: the",Sentence: the,first_noun,-5.99829626083374,-3.9350929260253906,2.0632033348083496,passive,1.0
1698,role_labeled,no_prime_eos,no_prime_eos,,a reader forgets a scientist .,a scientist is forgotten by a reader .,a,reader,a,scientist,forget,forgets,forgotten,"[""PATIENT=scientist"", ""AGENT=reader"", ""VERB=forget""]","Event roles: PATIENT=scientist; AGENT=reader; VERB=forget
Sentence: the",Sentence: the,first_noun,-4.473211288452148,-4.545012950897217,-0.07180166244506836,active,0.0
1698,role_labeled,filler,filler,The engine cooled before dawn .,a reader forgets a scientist .,a scientist is forgotten by a reader .,a,reader,a,scientist,forget,forgets,forgotten,"[""PATIENT=scientist"", ""AGENT=reader"", ""VERB=forget""]","Prime sentence: The engine cooled before dawn .
Event roles: PATIENT=scientist; AGENT=reader; VERB=forget
Sentence: the",Sentence: the,first_noun,-7.530307769775391,-5.669281959533691,1.8610258102416992,passive,1.0
1699,role_labeled,active,active,a brother catches a buddy .,an opponent catches a parent .,a parent is caught by an opponent .,an,opponent,a,parent,catch,catches,caught,"[""PATIENT=parent"", ""VERB=catch"", ""AGENT=opponent""]","Prime sentence: a brother catches a buddy .
Event roles: PATIENT=parent; VERB=catch; AGENT=opponent
Sentence: the",Sentence: the,first_noun,-6.780013084411621,-5.230995178222656,1.5490179061889648,passive,1.0
1699,role_labeled,passive,passive,a buddy is caught by a brother .,an opponent catches a parent .,a parent is caught by an opponent .,an,opponent,a,parent,catch,catches,caught,"[""PATIENT=parent"", ""VERB=catch"", ""AGENT=opponent""]","Prime sentence: a buddy is caught by a brother .
Event roles: PATIENT=parent; VERB=catch; AGENT=opponent
Sentence: the",Sentence: the,first_noun,-6.189969062805176,-4.89127779006958,1.2986912727355957,passive,1.0
1699,role_labeled,no_prime_eos,no_prime_eos,,an opponent catches a parent .,a parent is caught by an opponent .,an,opponent,a,parent,catch,catches,caught,"[""PATIENT=parent"", ""VERB=catch"", ""AGENT=opponent""]","Event roles: PATIENT=parent; VERB=catch; AGENT=opponent
Sentence: the",Sentence: the,first_noun,-4.923245429992676,-4.928799629211426,-0.00555419921875,active,0.0
1699,role_labeled,filler,filler,The lantern glowed near sunset .,an opponent catches a parent .,a parent is caught by an opponent .,an,opponent,a,parent,catch,catches,caught,"[""PATIENT=parent"", ""VERB=catch"", ""AGENT=opponent""]","Prime sentence: The lantern glowed near sunset .
Event roles: PATIENT=parent; VERB=catch; AGENT=opponent
Sentence: the",Sentence: the,first_noun,-7.790890216827393,-7.469614505767822,0.3212757110595703,passive,1.0
1700,role_labeled,active,active,a princess surprises a professor .,a colonel surprises a cop .,a cop is surprised by a colonel .,a,colonel,a,cop,surpris,surprises,surprised,"[""PATIENT=cop"", ""AGENT=colonel"", ""VERB=surpris""]","Prime sentence: a princess surprises a professor .
Event roles: PATIENT=cop; AGENT=colonel; VERB=surpris
Sentence: the",Sentence: the,first_noun,-5.185583114624023,-6.040561676025391,-0.8549785614013672,active,0.0
1700,role_labeled,passive,passive,a professor is surprised by a princess .,a colonel surprises a cop .,a cop is surprised by a colonel .,a,colonel,a,cop,surpris,surprises,surprised,"[""PATIENT=cop"", ""AGENT=colonel"", ""VERB=surpris""]","Prime sentence: a professor is surprised by a princess .
Event roles: PATIENT=cop; AGENT=colonel; VERB=surpris
Sentence: the",Sentence: the,first_noun,-4.529038429260254,-5.285149574279785,-0.7561111450195312,active,0.0
1700,role_labeled,no_prime_eos,no_prime_eos,,a colonel surprises a cop .,a cop is surprised by a colonel .,a,colonel,a,cop,surpris,surprises,surprised,"[""PATIENT=cop"", ""AGENT=colonel"", ""VERB=surpris""]","Event roles: PATIENT=cop; AGENT=colonel; VERB=surpris
Sentence: the",Sentence: the,first_noun,-5.350764274597168,-5.643354415893555,-0.2925901412963867,active,0.0
1700,role_labeled,filler,filler,The market opened after sunrise .,a colonel surprises a cop .,a cop is surprised by a colonel .,a,colonel,a,cop,surpris,surprises,surprised,"[""PATIENT=cop"", ""AGENT=colonel"", ""VERB=surpris""]","Prime sentence: The market opened after sunrise .
Event roles: PATIENT=cop; AGENT=colonel; VERB=surpris
Sentence: the",Sentence: the,first_noun,-6.623310089111328,-7.3813347816467285,-0.7580246925354004,active,0.0
1701,role_labeled,active,active,a minister helps a mother .,an aunt helps an author .,an author is helped by an aunt .,an,aunt,an,author,help,helps,helped,"[""AGENT=aunt"", ""VERB=help"", ""PATIENT=author""]","Prime sentence: a minister helps a mother .
Event roles: AGENT=aunt; VERB=help; PATIENT=author
Sentence: the",Sentence: the,first_noun,-5.257922172546387,-6.4319963455200195,-1.1740741729736328,active,0.0
1701,role_labeled,passive,passive,a mother is helped by a minister .,an aunt helps an author .,an author is helped by an aunt .,an,aunt,an,author,help,helps,helped,"[""AGENT=aunt"", ""VERB=help"", ""PATIENT=author""]","Prime sentence: a mother is helped by a minister .
Event roles: AGENT=aunt; VERB=help; PATIENT=author
Sentence: the",Sentence: the,first_noun,-5.805573463439941,-6.241023063659668,-0.43544960021972656,active,0.0
1701,role_labeled,no_prime_eos,no_prime_eos,,an aunt helps an author .,an author is helped by an aunt .,an,aunt,an,author,help,helps,helped,"[""AGENT=aunt"", ""VERB=help"", ""PATIENT=author""]","Event roles: AGENT=aunt; VERB=help; PATIENT=author
Sentence: the",Sentence: the,first_noun,-8.146239280700684,-4.732832908630371,3.4134063720703125,passive,1.0
1701,role_labeled,filler,filler,The garden brightened after rain .,an aunt helps an author .,an author is helped by an aunt .,an,aunt,an,author,help,helps,helped,"[""AGENT=aunt"", ""VERB=help"", ""PATIENT=author""]","Prime sentence: The garden brightened after rain .
Event roles: AGENT=aunt; VERB=help; PATIENT=author
Sentence: the",Sentence: the,first_noun,-7.220089912414551,-7.860903739929199,-0.6408138275146484,active,0.0
1702,role_labeled,active,active,an opponent discovers a parent .,a boy discovers a brother .,a brother is discovered by a boy .,a,boy,a,brother,discover,discovers,discovered,"[""VERB=discover"", ""PATIENT=brother"", ""AGENT=boy""]","Prime sentence: an opponent discovers a parent .
Event roles: VERB=discover; PATIENT=brother; AGENT=boy
Sentence: the",Sentence: the,first_noun,-3.0054235458374023,-4.5548601150512695,-1.5494365692138672,active,0.0
1702,role_labeled,passive,passive,a parent is discovered by an opponent .,a boy discovers a brother .,a brother is discovered by a boy .,a,boy,a,brother,discover,discovers,discovered,"[""VERB=discover"", ""PATIENT=brother"", ""AGENT=boy""]","Prime sentence: a parent is discovered by an opponent .
Event roles: VERB=discover; PATIENT=brother; AGENT=boy
Sentence: the",Sentence: the,first_noun,-3.3393492698669434,-5.0174784660339355,-1.6781291961669922,active,0.0
1702,role_labeled,no_prime_eos,no_prime_eos,,a boy discovers a brother .,a brother is discovered by a boy .,a,boy,a,brother,discover,discovers,discovered,"[""VERB=discover"", ""PATIENT=brother"", ""AGENT=boy""]","Event roles: VERB=discover; PATIENT=brother; AGENT=boy
Sentence: the",Sentence: the,first_noun,-3.913093090057373,-5.7870073318481445,-1.8739142417907715,active,0.0
1702,role_labeled,filler,filler,The package arrived before noon .,a boy discovers a brother .,a brother is discovered by a boy .,a,boy,a,brother,discover,discovers,discovered,"[""VERB=discover"", ""PATIENT=brother"", ""AGENT=boy""]","Prime sentence: The package arrived before noon .
Event roles: VERB=discover; PATIENT=brother; AGENT=boy
Sentence: the",Sentence: the,first_noun,-4.293674945831299,-6.539956569671631,-2.246281623840332,active,0.0
1703,role_labeled,active,active,a friend kisses a girl .,a soldier kisses a son .,a son is kissed by a soldier .,a,soldier,a,son,kiss,kisses,kissed,"[""VERB=kiss"", ""PATIENT=son"", ""AGENT=soldier""]","Prime sentence: a friend kisses a girl .
Event roles: VERB=kiss; PATIENT=son; AGENT=soldier
Sentence: the",Sentence: the,first_noun,-3.451157331466675,-5.200080871582031,-1.7489235401153564,active,0.0
1703,role_labeled,passive,passive,a girl is kissed by a friend .,a soldier kisses a son .,a son is kissed by a soldier .,a,soldier,a,son,kiss,kisses,kissed,"[""VERB=kiss"", ""PATIENT=son"", ""AGENT=soldier""]","Prime sentence: a girl is kissed by a friend .
Event roles: VERB=kiss; PATIENT=son; AGENT=soldier
Sentence: the",Sentence: the,first_noun,-3.3380494117736816,-5.435913562774658,-2.0978641510009766,active,0.0
1703,role_labeled,no_prime_eos,no_prime_eos,,a soldier kisses a son .,a son is kissed by a soldier .,a,soldier,a,son,kiss,kisses,kissed,"[""VERB=kiss"", ""PATIENT=son"", ""AGENT=soldier""]","Event roles: VERB=kiss; PATIENT=son; AGENT=soldier
Sentence: the",Sentence: the,first_noun,-4.255465984344482,-5.512639999389648,-1.257174015045166,active,0.0
1703,role_labeled,filler,filler,The garden brightened after rain .,a soldier kisses a son .,a son is kissed by a soldier .,a,soldier,a,son,kiss,kisses,kissed,"[""VERB=kiss"", ""PATIENT=son"", ""AGENT=soldier""]","Prime sentence: The garden brightened after rain .
Event roles: VERB=kiss; PATIENT=son; AGENT=soldier
Sentence: the",Sentence: the,first_noun,-6.493717193603516,-6.174970626831055,0.31874656677246094,passive,1.0
1704,role_labeled,active,active,a president embraces a priest .,a champion embraces a chief .,a chief is embraced by a champion .,a,champion,a,chief,embrac,embraces,embraced,"[""PATIENT=chief"", ""VERB=embrac"", ""AGENT=champion""]","Prime sentence: a president embraces a priest .
Event roles: PATIENT=chief; VERB=embrac; AGENT=champion
Sentence: the",Sentence: the,first_noun,-7.926997184753418,-4.944031715393066,2.9829654693603516,passive,1.0
1704,role_labeled,passive,passive,a priest is embraced by a president .,a champion embraces a chief .,a chief is embraced by a champion .,a,champion,a,chief,embrac,embraces,embraced,"[""PATIENT=chief"", ""VERB=embrac"", ""AGENT=champion""]","Prime sentence: a priest is embraced by a president .
Event roles: PATIENT=chief; VERB=embrac; AGENT=champion
Sentence: the",Sentence: the,first_noun,-7.499336242675781,-4.944502830505371,2.55483341217041,passive,1.0
1704,role_labeled,no_prime_eos,no_prime_eos,,a champion embraces a chief .,a chief is embraced by a champion .,a,champion,a,chief,embrac,embraces,embraced,"[""PATIENT=chief"", ""VERB=embrac"", ""AGENT=champion""]","Event roles: PATIENT=chief; VERB=embrac; AGENT=champion
Sentence: the",Sentence: the,first_noun,-5.303342819213867,-4.033773422241211,1.2695693969726562,passive,1.0
1704,role_labeled,filler,filler,The jacket hung behind the chair .,a champion embraces a chief .,a chief is embraced by a champion .,a,champion,a,chief,embrac,embraces,embraced,"[""PATIENT=chief"", ""VERB=embrac"", ""AGENT=champion""]","Prime sentence: The jacket hung behind the chair .
Event roles: PATIENT=chief; VERB=embrac; AGENT=champion
Sentence: the",Sentence: the,first_noun,-6.386749744415283,-5.517717361450195,0.8690323829650879,passive,1.0
1705,role_labeled,active,active,a bishop selects a boy .,a mother selects a nurse .,a nurse is selected by a mother .,a,mother,a,nurse,select,selects,selected,"[""VERB=select"", ""PATIENT=nurse"", ""AGENT=mother""]","Prime sentence: a bishop selects a boy .
Event roles: VERB=select; PATIENT=nurse; AGENT=mother
Sentence: the",Sentence: the,first_noun,-4.008587837219238,-4.623939514160156,-0.615351676940918,active,0.0
1705,role_labeled,passive,passive,a boy is selected by a bishop .,a mother selects a nurse .,a nurse is selected by a mother .,a,mother,a,nurse,select,selects,selected,"[""VERB=select"", ""PATIENT=nurse"", ""AGENT=mother""]","Prime sentence: a boy is selected by a bishop .
Event roles: VERB=select; PATIENT=nurse; AGENT=mother
Sentence: the",Sentence: the,first_noun,-3.9356515407562256,-4.219026565551758,-0.2833750247955322,active,0.0
1705,role_labeled,no_prime_eos,no_prime_eos,,a mother selects a nurse .,a nurse is selected by a mother .,a,mother,a,nurse,select,selects,selected,"[""VERB=select"", ""PATIENT=nurse"", ""AGENT=mother""]","Event roles: VERB=select; PATIENT=nurse; AGENT=mother
Sentence: the",Sentence: the,first_noun,-3.8222923278808594,-3.982058048248291,-0.15976572036743164,active,0.0
1705,role_labeled,filler,filler,The lantern glowed near sunset .,a mother selects a nurse .,a nurse is selected by a mother .,a,mother,a,nurse,select,selects,selected,"[""VERB=select"", ""PATIENT=nurse"", ""AGENT=mother""]","Prime sentence: The lantern glowed near sunset .
Event roles: VERB=select; PATIENT=nurse; AGENT=mother
Sentence: the",Sentence: the,first_noun,-4.743776798248291,-5.389073848724365,-0.6452970504760742,active,0.0
1706,role_labeled,active,active,a son carries a student .,a friend carries a girl .,a girl is carried by a friend .,a,friend,a,girl,carry,carries,carried,"[""PATIENT=girl"", ""VERB=carry"", ""AGENT=friend""]","Prime sentence: a son carries a student .
Event roles: PATIENT=girl; VERB=carry; AGENT=friend
Sentence: the",Sentence: the,first_noun,-5.406135559082031,-2.7505321502685547,2.6556034088134766,passive,1.0
1706,role_labeled,passive,passive,a student is carried by a son .,a friend carries a girl .,a girl is carried by a friend .,a,friend,a,girl,carry,carries,carried,"[""PATIENT=girl"", ""VERB=carry"", ""AGENT=friend""]","Prime sentence: a student is carried by a son .
Event roles: PATIENT=girl; VERB=carry; AGENT=friend
Sentence: the",Sentence: the,first_noun,-5.264423370361328,-2.6676716804504395,2.5967516899108887,passive,1.0
1706,role_labeled,no_prime_eos,no_prime_eos,,a friend carries a girl .,a girl is carried by a friend .,a,friend,a,girl,carry,carries,carried,"[""PATIENT=girl"", ""VERB=carry"", ""AGENT=friend""]","Event roles: PATIENT=girl; VERB=carry; AGENT=friend
Sentence: the",Sentence: the,first_noun,-5.660617828369141,-1.9437062740325928,3.716911554336548,passive,1.0
1706,role_labeled,filler,filler,The market opened after sunrise .,a friend carries a girl .,a girl is carried by a friend .,a,friend,a,girl,carry,carries,carried,"[""PATIENT=girl"", ""VERB=carry"", ""AGENT=friend""]","Prime sentence: The market opened after sunrise .
Event roles: PATIENT=girl; VERB=carry; AGENT=friend
Sentence: the",Sentence: the,first_noun,-7.098532199859619,-3.8954200744628906,3.2031121253967285,passive,1.0
1707,role_labeled,active,active,a leader comforts a man .,an actor comforts an actress .,an actress is comforted by an actor .,an,actor,an,actress,comfort,comforts,comforted,"[""VERB=comfort"", ""AGENT=actor"", ""PATIENT=actress""]","Prime sentence: a leader comforts a man .
Event roles: VERB=comfort; AGENT=actor; PATIENT=actress
Sentence: the",Sentence: the,first_noun,-5.37807559967041,-6.90358829498291,-1.5255126953125,active,0.0
1707,role_labeled,passive,passive,a man is comforted by a leader .,an actor comforts an actress .,an actress is comforted by an actor .,an,actor,an,actress,comfort,comforts,comforted,"[""VERB=comfort"", ""AGENT=actor"", ""PATIENT=actress""]","Prime sentence: a man is comforted by a leader .
Event roles: VERB=comfort; AGENT=actor; PATIENT=actress
Sentence: the",Sentence: the,first_noun,-6.0119524002075195,-7.636926651000977,-1.624974250793457,active,0.0
1707,role_labeled,no_prime_eos,no_prime_eos,,an actor comforts an actress .,an actress is comforted by an actor .,an,actor,an,actress,comfort,comforts,comforted,"[""VERB=comfort"", ""AGENT=actor"", ""PATIENT=actress""]","Event roles: VERB=comfort; AGENT=actor; PATIENT=actress
Sentence: the",Sentence: the,first_noun,-4.5410966873168945,-6.035385608673096,-1.4942889213562012,active,0.0
1707,role_labeled,filler,filler,The sculpture stood in the hallway .,an actor comforts an actress .,an actress is comforted by an actor .,an,actor,an,actress,comfort,comforts,comforted,"[""VERB=comfort"", ""AGENT=actor"", ""PATIENT=actress""]","Prime sentence: The sculpture stood in the hallway .
Event roles: VERB=comfort; AGENT=actor; PATIENT=actress
Sentence: the",Sentence: the,first_noun,-5.883042335510254,-6.893105506896973,-1.0100631713867188,active,0.0
1708,role_labeled,active,active,a pilot punches a president .,a captain punches a champion .,a champion is punched by a captain .,a,captain,a,champion,punch,punches,punched,"[""AGENT=captain"", ""VERB=punch"", ""PATIENT=champion""]","Prime sentence: a pilot punches a president .
Event roles: AGENT=captain; VERB=punch; PATIENT=champion
Sentence: the",Sentence: the,first_noun,-3.4943180084228516,-7.719456195831299,-4.225138187408447,active,0.0
1708,role_labeled,passive,passive,a president is punched by a pilot .,a captain punches a champion .,a champion is punched by a captain .,a,captain,a,champion,punch,punches,punched,"[""AGENT=captain"", ""VERB=punch"", ""PATIENT=champion""]","Prime sentence: a president is punched by a pilot .
Event roles: AGENT=captain; VERB=punch; PATIENT=champion
Sentence: the",Sentence: the,first_noun,-3.452235698699951,-8.00727653503418,-4.5550408363342285,active,0.0
1708,role_labeled,no_prime_eos,no_prime_eos,,a captain punches a champion .,a champion is punched by a captain .,a,captain,a,champion,punch,punches,punched,"[""AGENT=captain"", ""VERB=punch"", ""PATIENT=champion""]","Event roles: AGENT=captain; VERB=punch; PATIENT=champion
Sentence: the",Sentence: the,first_noun,-2.879556655883789,-5.082270622253418,-2.202713966369629,active,0.0
1708,role_labeled,filler,filler,The radio crackled in the attic .,a captain punches a champion .,a champion is punched by a captain .,a,captain,a,champion,punch,punches,punched,"[""AGENT=captain"", ""VERB=punch"", ""PATIENT=champion""]","Prime sentence: The radio crackled in the attic .
Event roles: AGENT=captain; VERB=punch; PATIENT=champion
Sentence: the",Sentence: the,first_noun,-4.0857133865356445,-8.393854141235352,-4.308140754699707,active,0.0
1709,role_labeled,active,active,an uncle understands a wife .,a guy understands a hero .,a hero is understood by a guy .,a,guy,a,hero,understand,understands,understood,"[""PATIENT=hero"", ""VERB=understand"", ""AGENT=guy""]","Prime sentence: an uncle understands a wife .
Event roles: PATIENT=hero; VERB=understand; AGENT=guy
Sentence: the",Sentence: the,first_noun,-4.982619285583496,-4.552613258361816,0.4300060272216797,passive,1.0
1709,role_labeled,passive,passive,a wife is understood by an uncle .,a guy understands a hero .,a hero is understood by a guy .,a,guy,a,hero,understand,understands,understood,"[""PATIENT=hero"", ""VERB=understand"", ""AGENT=guy""]","Prime sentence: a wife is understood by an uncle .
Event roles: PATIENT=hero; VERB=understand; AGENT=guy
Sentence: the",Sentence: the,first_noun,-5.218924522399902,-4.939064025878906,0.2798604965209961,passive,1.0
1709,role_labeled,no_prime_eos,no_prime_eos,,a guy understands a hero .,a hero is understood by a guy .,a,guy,a,hero,understand,understands,understood,"[""PATIENT=hero"", ""VERB=understand"", ""AGENT=guy""]","Event roles: PATIENT=hero; VERB=understand; AGENT=guy
Sentence: the",Sentence: the,first_noun,-4.633773326873779,-3.393235683441162,1.2405376434326172,passive,1.0
1709,role_labeled,filler,filler,The planet shimmered above the valley .,a guy understands a hero .,a hero is understood by a guy .,a,guy,a,hero,understand,understands,understood,"[""PATIENT=hero"", ""VERB=understand"", ""AGENT=guy""]","Prime sentence: The planet shimmered above the valley .
Event roles: PATIENT=hero; VERB=understand; AGENT=guy
Sentence: the",Sentence: the,first_noun,-7.094659328460693,-5.93162202835083,1.1630373001098633,passive,1.0
1710,role_labeled,active,active,a child carries a colonel .,a priest carries a prince .,a prince is carried by a priest .,a,priest,a,prince,carry,carries,carried,"[""VERB=carry"", ""PATIENT=prince"", ""AGENT=priest""]","Prime sentence: a child carries a colonel .
Event roles: VERB=carry; PATIENT=prince; AGENT=priest
Sentence: the",Sentence: the,first_noun,-4.435924530029297,-4.226689338684082,0.20923519134521484,passive,1.0
1710,role_labeled,passive,passive,a colonel is carried by a child .,a priest carries a prince .,a prince is carried by a priest .,a,priest,a,prince,carry,carries,carried,"[""VERB=carry"", ""PATIENT=prince"", ""AGENT=priest""]","Prime sentence: a colonel is carried by a child .
Event roles: VERB=carry; PATIENT=prince; AGENT=priest
Sentence: the",Sentence: the,first_noun,-3.838425874710083,-4.249992847442627,-0.41156697273254395,active,0.0
1710,role_labeled,no_prime_eos,no_prime_eos,,a priest carries a prince .,a prince is carried by a priest .,a,priest,a,prince,carry,carries,carried,"[""VERB=carry"", ""PATIENT=prince"", ""AGENT=priest""]","Event roles: VERB=carry; PATIENT=prince; AGENT=priest
Sentence: the",Sentence: the,first_noun,-4.0389275550842285,-4.015961170196533,0.022966384887695312,passive,1.0
1710,role_labeled,filler,filler,The radio crackled in the attic .,a priest carries a prince .,a prince is carried by a priest .,a,priest,a,prince,carry,carries,carried,"[""VERB=carry"", ""PATIENT=prince"", ""AGENT=priest""]","Prime sentence: The radio crackled in the attic .
Event roles: VERB=carry; PATIENT=prince; AGENT=priest
Sentence: the",Sentence: the,first_noun,-4.689251899719238,-6.40434455871582,-1.715092658996582,active,0.0
1711,role_labeled,active,active,a reader raises a scientist .,a cousin raises a daughter .,a daughter is raised by a cousin .,a,cousin,a,daughter,rais,raises,raised,"[""AGENT=cousin"", ""PATIENT=daughter"", ""VERB=rais""]","Prime sentence: a reader raises a scientist .
Event roles: AGENT=cousin; PATIENT=daughter; VERB=rais
Sentence: the",Sentence: the,first_noun,-6.723877906799316,-4.802052021026611,1.921825885772705,passive,1.0
1711,role_labeled,passive,passive,a scientist is raised by a reader .,a cousin raises a daughter .,a daughter is raised by a cousin .,a,cousin,a,daughter,rais,raises,raised,"[""AGENT=cousin"", ""PATIENT=daughter"", ""VERB=rais""]","Prime sentence: a scientist is raised by a reader .
Event roles: AGENT=cousin; PATIENT=daughter; VERB=rais
Sentence: the",Sentence: the,first_noun,-8.218744277954102,-5.645351886749268,2.573392391204834,passive,1.0
1711,role_labeled,no_prime_eos,no_prime_eos,,a cousin raises a daughter .,a daughter is raised by a cousin .,a,cousin,a,daughter,rais,raises,raised,"[""AGENT=cousin"", ""PATIENT=daughter"", ""VERB=rais""]","Event roles: AGENT=cousin; PATIENT=daughter; VERB=rais
Sentence: the",Sentence: the,first_noun,-7.766831874847412,-4.45693302154541,3.309898853302002,passive,1.0
1711,role_labeled,filler,filler,The singer smiled after rehearsal .,a cousin raises a daughter .,a daughter is raised by a cousin .,a,cousin,a,daughter,rais,raises,raised,"[""AGENT=cousin"", ""PATIENT=daughter"", ""VERB=rais""]","Prime sentence: The singer smiled after rehearsal .
Event roles: AGENT=cousin; PATIENT=daughter; VERB=rais
Sentence: the",Sentence: the,first_noun,-7.751720428466797,-5.6104021072387695,2.1413183212280273,passive,1.0
1712,role_labeled,active,active,a scientist joins a secretary .,a daughter joins a doctor .,a doctor is joined by a daughter .,a,daughter,a,doctor,join,joins,joined,"[""AGENT=daughter"", ""PATIENT=doctor"", ""VERB=join""]","Prime sentence: a scientist joins a secretary .
Event roles: AGENT=daughter; PATIENT=doctor; VERB=join
Sentence: the",Sentence: the,first_noun,-4.463115215301514,-2.5215635299682617,1.941551685333252,passive,1.0
1712,role_labeled,passive,passive,a secretary is joined by a scientist .,a daughter joins a doctor .,a doctor is joined by a daughter .,a,daughter,a,doctor,join,joins,joined,"[""AGENT=daughter"", ""PATIENT=doctor"", ""VERB=join""]","Prime sentence: a secretary is joined by a scientist .
Event roles: AGENT=daughter; PATIENT=doctor; VERB=join
Sentence: the",Sentence: the,first_noun,-5.144678115844727,-2.700132131576538,2.4445459842681885,passive,1.0
1712,role_labeled,no_prime_eos,no_prime_eos,,a daughter joins a doctor .,a doctor is joined by a daughter .,a,daughter,a,doctor,join,joins,joined,"[""AGENT=daughter"", ""PATIENT=doctor"", ""VERB=join""]","Event roles: AGENT=daughter; PATIENT=doctor; VERB=join
Sentence: the",Sentence: the,first_noun,-4.703779220581055,-3.2025394439697266,1.5012397766113281,passive,1.0
1712,role_labeled,filler,filler,The teacher listened during assembly .,a daughter joins a doctor .,a doctor is joined by a daughter .,a,daughter,a,doctor,join,joins,joined,"[""AGENT=daughter"", ""PATIENT=doctor"", ""VERB=join""]","Prime sentence: The teacher listened during assembly .
Event roles: AGENT=daughter; PATIENT=doctor; VERB=join
Sentence: the",Sentence: the,first_noun,-4.438084602355957,-2.4670557975769043,1.9710288047790527,passive,1.0
1713,role_labeled,active,active,an employer describes a father .,a sheriff describes a singer .,a singer is described by a sheriff .,a,sheriff,a,singer,describ,describes,described,"[""AGENT=sheriff"", ""PATIENT=singer"", ""VERB=describ""]","Prime sentence: an employer describes a father .
Event roles: AGENT=sheriff; PATIENT=singer; VERB=describ
Sentence: the",Sentence: the,first_noun,-3.9611434936523438,-5.593134880065918,-1.6319913864135742,active,0.0
1713,role_labeled,passive,passive,a father is described by an employer .,a sheriff describes a singer .,a singer is described by a sheriff .,a,sheriff,a,singer,describ,describes,described,"[""AGENT=sheriff"", ""PATIENT=singer"", ""VERB=describ""]","Prime sentence: a father is described by an employer .
Event roles: AGENT=sheriff; PATIENT=singer; VERB=describ
Sentence: the",Sentence: the,first_noun,-4.278071403503418,-5.308839797973633,-1.0307683944702148,active,0.0
1713,role_labeled,no_prime_eos,no_prime_eos,,a sheriff describes a singer .,a singer is described by a sheriff .,a,sheriff,a,singer,describ,describes,described,"[""AGENT=sheriff"", ""PATIENT=singer"", ""VERB=describ""]","Event roles: AGENT=sheriff; PATIENT=singer; VERB=describ
Sentence: the",Sentence: the,first_noun,-5.588626384735107,-5.133650779724121,0.45497560501098633,passive,1.0
1713,role_labeled,filler,filler,The singer smiled after rehearsal .,a sheriff describes a singer .,a singer is described by a sheriff .,a,sheriff,a,singer,describ,describes,described,"[""AGENT=sheriff"", ""PATIENT=singer"", ""VERB=describ""]","Prime sentence: The singer smiled after rehearsal .
Event roles: AGENT=sheriff; PATIENT=singer; VERB=describ
Sentence: the",Sentence: the,first_noun,-3.70412540435791,-1.7958481311798096,1.9082772731781006,passive,1.0
1714,role_labeled,active,active,a president teaches a priest .,a champion teaches a chief .,a chief is taught by a champion .,a,champion,a,chief,teach,teaches,taught,"[""VERB=teach"", ""PATIENT=chief"", ""AGENT=champion""]","Prime sentence: a president teaches a priest .
Event roles: VERB=teach; PATIENT=chief; AGENT=champion
Sentence: the",Sentence: the,first_noun,-8.081499099731445,-5.0278544425964355,3.0536446571350098,passive,1.0
1714,role_labeled,passive,passive,a priest is taught by a president .,a champion teaches a chief .,a chief is taught by a champion .,a,champion,a,chief,teach,teaches,taught,"[""VERB=teach"", ""PATIENT=chief"", ""AGENT=champion""]","Prime sentence: a priest is taught by a president .
Event roles: VERB=teach; PATIENT=chief; AGENT=champion
Sentence: the",Sentence: the,first_noun,-7.716462135314941,-4.962283134460449,2.754179000854492,passive,1.0
1714,role_labeled,no_prime_eos,no_prime_eos,,a champion teaches a chief .,a chief is taught by a champion .,a,champion,a,chief,teach,teaches,taught,"[""VERB=teach"", ""PATIENT=chief"", ""AGENT=champion""]","Event roles: VERB=teach; PATIENT=chief; AGENT=champion
Sentence: the",Sentence: the,first_noun,-5.562631607055664,-4.510126113891602,1.0525054931640625,passive,1.0
1714,role_labeled,filler,filler,The teacher listened during assembly .,a champion teaches a chief .,a chief is taught by a champion .,a,champion,a,chief,teach,teaches,taught,"[""VERB=teach"", ""PATIENT=chief"", ""AGENT=champion""]","Prime sentence: The teacher listened during assembly .
Event roles: VERB=teach; PATIENT=chief; AGENT=champion
Sentence: the",Sentence: the,first_noun,-6.259036064147949,-3.259204626083374,2.999831438064575,passive,1.0
1715,role_labeled,active,active,a mother understands a nurse .,an author understands a bishop .,a bishop is understood by an author .,an,author,a,bishop,understand,understands,understood,"[""PATIENT=bishop"", ""AGENT=author"", ""VERB=understand""]","Prime sentence: a mother understands a nurse .
Event roles: PATIENT=bishop; AGENT=author; VERB=understand
Sentence: the",Sentence: the,first_noun,-6.209713935852051,-4.612754821777344,1.596959114074707,passive,1.0
1715,role_labeled,passive,passive,a nurse is understood by a mother .,an author understands a bishop .,a bishop is understood by an author .,an,author,a,bishop,understand,understands,understood,"[""PATIENT=bishop"", ""AGENT=author"", ""VERB=understand""]","Prime sentence: a nurse is understood by a mother .
Event roles: PATIENT=bishop; AGENT=author; VERB=understand
Sentence: the",Sentence: the,first_noun,-5.516003608703613,-4.061238765716553,1.4547648429870605,passive,1.0
1715,role_labeled,no_prime_eos,no_prime_eos,,an author understands a bishop .,a bishop is understood by an author .,an,author,a,bishop,understand,understands,understood,"[""PATIENT=bishop"", ""AGENT=author"", ""VERB=understand""]","Event roles: PATIENT=bishop; AGENT=author; VERB=understand
Sentence: the",Sentence: the,first_noun,-4.587677001953125,-4.5698137283325195,0.01786327362060547,passive,1.0
1715,role_labeled,filler,filler,The painter waited near the doorway .,an author understands a bishop .,a bishop is understood by an author .,an,author,a,bishop,understand,understands,understood,"[""PATIENT=bishop"", ""AGENT=author"", ""VERB=understand""]","Prime sentence: The painter waited near the doorway .
Event roles: PATIENT=bishop; AGENT=author; VERB=understand
Sentence: the",Sentence: the,first_noun,-5.090570449829102,-4.294217586517334,0.7963528633117676,passive,1.0
1716,role_labeled,active,active,a guy drags a hero .,a teacher drags an uncle .,an uncle is dragged by a teacher .,a,teacher,an,uncle,drag,drags,dragged,"[""VERB=drag"", ""AGENT=teacher"", ""PATIENT=uncle""]","Prime sentence: a guy drags a hero .
Event roles: VERB=drag; AGENT=teacher; PATIENT=uncle
Sentence: the",Sentence: the,first_noun,-3.9865190982818604,-6.894251823425293,-2.9077327251434326,active,0.0
1716,role_labeled,passive,passive,a hero is dragged by a guy .,a teacher drags an uncle .,an uncle is dragged by a teacher .,a,teacher,an,uncle,drag,drags,dragged,"[""VERB=drag"", ""AGENT=teacher"", ""PATIENT=uncle""]","Prime sentence: a hero is dragged by a guy .
Event roles: VERB=drag; AGENT=teacher; PATIENT=uncle
Sentence: the",Sentence: the,first_noun,-3.8836283683776855,-7.116785049438477,-3.233156681060791,active,0.0
1716,role_labeled,no_prime_eos,no_prime_eos,,a teacher drags an uncle .,an uncle is dragged by a teacher .,a,teacher,an,uncle,drag,drags,dragged,"[""VERB=drag"", ""AGENT=teacher"", ""PATIENT=uncle""]","Event roles: VERB=drag; AGENT=teacher; PATIENT=uncle
Sentence: the",Sentence: the,first_noun,-3.4905481338500977,-7.748766899108887,-4.258218765258789,active,0.0
1716,role_labeled,filler,filler,The singer smiled after rehearsal .,a teacher drags an uncle .,an uncle is dragged by a teacher .,a,teacher,an,uncle,drag,drags,dragged,"[""VERB=drag"", ""AGENT=teacher"", ""PATIENT=uncle""]","Prime sentence: The singer smiled after rehearsal .
Event roles: VERB=drag; AGENT=teacher; PATIENT=uncle
Sentence: the",Sentence: the,first_noun,-3.359956741333008,-6.848987579345703,-3.4890308380126953,active,0.0
1717,role_labeled,active,active,a princess kisses a professor .,a colonel kisses a cop .,a cop is kissed by a colonel .,a,colonel,a,cop,kiss,kisses,kissed,"[""PATIENT=cop"", ""AGENT=colonel"", ""VERB=kiss""]","Prime sentence: a princess kisses a professor .
Event roles: PATIENT=cop; AGENT=colonel; VERB=kiss
Sentence: the",Sentence: the,first_noun,-4.592800617218018,-5.38826322555542,-0.7954626083374023,active,0.0
1717,role_labeled,passive,passive,a professor is kissed by a princess .,a colonel kisses a cop .,a cop is kissed by a colonel .,a,colonel,a,cop,kiss,kisses,kissed,"[""PATIENT=cop"", ""AGENT=colonel"", ""VERB=kiss""]","Prime sentence: a professor is kissed by a princess .
Event roles: PATIENT=cop; AGENT=colonel; VERB=kiss
Sentence: the",Sentence: the,first_noun,-4.304839611053467,-4.923953533172607,-0.6191139221191406,active,0.0
1717,role_labeled,no_prime_eos,no_prime_eos,,a colonel kisses a cop .,a cop is kissed by a colonel .,a,colonel,a,cop,kiss,kisses,kissed,"[""PATIENT=cop"", ""AGENT=colonel"", ""VERB=kiss""]","Event roles: PATIENT=cop; AGENT=colonel; VERB=kiss
Sentence: the",Sentence: the,first_noun,-4.749364852905273,-5.4914774894714355,-0.7421126365661621,active,0.0
1717,role_labeled,filler,filler,The captain waited beside the harbor .,a colonel kisses a cop .,a cop is kissed by a colonel .,a,colonel,a,cop,kiss,kisses,kissed,"[""PATIENT=cop"", ""AGENT=colonel"", ""VERB=kiss""]","Prime sentence: The captain waited beside the harbor .
Event roles: PATIENT=cop; AGENT=colonel; VERB=kiss
Sentence: the",Sentence: the,first_noun,-5.379124641418457,-6.142260551452637,-0.7631359100341797,active,0.0
1718,role_labeled,active,active,a winner discovers a woman .,a husband discovers a kid .,a kid is discovered by a husband .,a,husband,a,kid,discover,discovers,discovered,"[""PATIENT=kid"", ""VERB=discover"", ""AGENT=husband""]","Prime sentence: a winner discovers a woman .
Event roles: PATIENT=kid; VERB=discover; AGENT=husband
Sentence: the",Sentence: the,first_noun,-3.3181002140045166,-5.578023910522461,-2.2599236965179443,active,0.0
1718,role_labeled,passive,passive,a woman is discovered by a winner .,a husband discovers a kid .,a kid is discovered by a husband .,a,husband,a,kid,discover,discovers,discovered,"[""PATIENT=kid"", ""VERB=discover"", ""AGENT=husband""]","Prime sentence: a woman is discovered by a winner .
Event roles: PATIENT=kid; VERB=discover; AGENT=husband
Sentence: the",Sentence: the,first_noun,-2.8297476768493652,-5.902889251708984,-3.073141574859619,active,0.0
1718,role_labeled,no_prime_eos,no_prime_eos,,a husband discovers a kid .,a kid is discovered by a husband .,a,husband,a,kid,discover,discovers,discovered,"[""PATIENT=kid"", ""VERB=discover"", ""AGENT=husband""]","Event roles: PATIENT=kid; VERB=discover; AGENT=husband
Sentence: the",Sentence: the,first_noun,-3.3477306365966797,-6.153807163238525,-2.8060765266418457,active,0.0
1718,role_labeled,filler,filler,The notebook stayed on the shelf .,a husband discovers a kid .,a kid is discovered by a husband .,a,husband,a,kid,discover,discovers,discovered,"[""PATIENT=kid"", ""VERB=discover"", ""AGENT=husband""]","Prime sentence: The notebook stayed on the shelf .
Event roles: PATIENT=kid; VERB=discover; AGENT=husband
Sentence: the",Sentence: the,first_noun,-5.072734832763672,-4.6203484535217285,0.45238637924194336,passive,1.0
1719,role_labeled,active,active,a secretary discovers a sheriff .,a doctor discovers an employee .,an employee is discovered by a doctor .,a,doctor,an,employee,discover,discovers,discovered,"[""AGENT=doctor"", ""VERB=discover"", ""PATIENT=employee""]","Prime sentence: a secretary discovers a sheriff .
Event roles: AGENT=doctor; VERB=discover; PATIENT=employee
Sentence: the",Sentence: the,first_noun,-2.832146167755127,-5.263043403625488,-2.4308972358703613,active,0.0
1719,role_labeled,passive,passive,a sheriff is discovered by a secretary .,a doctor discovers an employee .,an employee is discovered by a doctor .,a,doctor,an,employee,discover,discovers,discovered,"[""AGENT=doctor"", ""VERB=discover"", ""PATIENT=employee""]","Prime sentence: a sheriff is discovered by a secretary .
Event roles: AGENT=doctor; VERB=discover; PATIENT=employee
Sentence: the",Sentence: the,first_noun,-2.8969950675964355,-4.482539653778076,-1.5855445861816406,active,0.0
1719,role_labeled,no_prime_eos,no_prime_eos,,a doctor discovers an employee .,an employee is discovered by a doctor .,a,doctor,an,employee,discover,discovers,discovered,"[""AGENT=doctor"", ""VERB=discover"", ""PATIENT=employee""]","Event roles: AGENT=doctor; VERB=discover; PATIENT=employee
Sentence: the",Sentence: the,first_noun,-2.3927197456359863,-5.229259014129639,-2.8365392684936523,active,0.0
1719,role_labeled,filler,filler,The tourist wandered through the plaza .,a doctor discovers an employee .,an employee is discovered by a doctor .,a,doctor,an,employee,discover,discovers,discovered,"[""AGENT=doctor"", ""VERB=discover"", ""PATIENT=employee""]","Prime sentence: The tourist wandered through the plaza .
Event roles: AGENT=doctor; VERB=discover; PATIENT=employee
Sentence: the",Sentence: the,first_noun,-3.030639410018921,-4.984442710876465,-1.953803300857544,active,0.0
1720,role_labeled,active,active,a brother joins a buddy .,an opponent joins a parent .,a parent is joined by an opponent .,an,opponent,a,parent,join,joins,joined,"[""PATIENT=parent"", ""VERB=join"", ""AGENT=opponent""]","Prime sentence: a brother joins a buddy .
Event roles: PATIENT=parent; VERB=join; AGENT=opponent
Sentence: the",Sentence: the,first_noun,-6.740424156188965,-5.071706771850586,1.668717384338379,passive,1.0
1720,role_labeled,passive,passive,a buddy is joined by a brother .,an opponent joins a parent .,a parent is joined by an opponent .,an,opponent,a,parent,join,joins,joined,"[""PATIENT=parent"", ""VERB=join"", ""AGENT=opponent""]","Prime sentence: a buddy is joined by a brother .
Event roles: PATIENT=parent; VERB=join; AGENT=opponent
Sentence: the",Sentence: the,first_noun,-6.268707275390625,-4.859529495239258,1.4091777801513672,passive,1.0
1720,role_labeled,no_prime_eos,no_prime_eos,,an opponent joins a parent .,a parent is joined by an opponent .,an,opponent,a,parent,join,joins,joined,"[""PATIENT=parent"", ""VERB=join"", ""AGENT=opponent""]","Event roles: PATIENT=parent; VERB=join; AGENT=opponent
Sentence: the",Sentence: the,first_noun,-5.266134262084961,-5.131889820098877,0.13424444198608398,passive,1.0
1720,role_labeled,filler,filler,The violin echoed in the theater .,an opponent joins a parent .,a parent is joined by an opponent .,an,opponent,a,parent,join,joins,joined,"[""PATIENT=parent"", ""VERB=join"", ""AGENT=opponent""]","Prime sentence: The violin echoed in the theater .
Event roles: PATIENT=parent; VERB=join; AGENT=opponent
Sentence: the",Sentence: the,first_noun,-9.022436141967773,-7.221179008483887,1.8012571334838867,passive,1.0
1721,role_labeled,active,active,a colonel catches a cop .,a prince catches a princess .,a princess is caught by a prince .,a,prince,a,princess,catch,catches,caught,"[""AGENT=prince"", ""VERB=catch"", ""PATIENT=princess""]","Prime sentence: a colonel catches a cop .
Event roles: AGENT=prince; VERB=catch; PATIENT=princess
Sentence: the",Sentence: the,first_noun,-3.016832113265991,-3.725774049758911,-0.7089419364929199,active,0.0
1721,role_labeled,passive,passive,a cop is caught by a colonel .,a prince catches a princess .,a princess is caught by a prince .,a,prince,a,princess,catch,catches,caught,"[""AGENT=prince"", ""VERB=catch"", ""PATIENT=princess""]","Prime sentence: a cop is caught by a colonel .
Event roles: AGENT=prince; VERB=catch; PATIENT=princess
Sentence: the",Sentence: the,first_noun,-3.2303245067596436,-3.901242971420288,-0.6709184646606445,active,0.0
1721,role_labeled,no_prime_eos,no_prime_eos,,a prince catches a princess .,a princess is caught by a prince .,a,prince,a,princess,catch,catches,caught,"[""AGENT=prince"", ""VERB=catch"", ""PATIENT=princess""]","Event roles: AGENT=prince; VERB=catch; PATIENT=princess
Sentence: the",Sentence: the,first_noun,-2.8633880615234375,-3.3137288093566895,-0.45034074783325195,active,0.0
1721,role_labeled,filler,filler,The singer smiled after rehearsal .,a prince catches a princess .,a princess is caught by a prince .,a,prince,a,princess,catch,catches,caught,"[""AGENT=prince"", ""VERB=catch"", ""PATIENT=princess""]","Prime sentence: The singer smiled after rehearsal .
Event roles: AGENT=prince; VERB=catch; PATIENT=princess
Sentence: the",Sentence: the,first_noun,-3.3949480056762695,-4.147764682769775,-0.7528166770935059,active,0.0
1722,role_labeled,active,active,a reader discovers a scientist .,a cousin discovers a daughter .,a daughter is discovered by a cousin .,a,cousin,a,daughter,discover,discovers,discovered,"[""AGENT=cousin"", ""VERB=discover"", ""PATIENT=daughter""]","Prime sentence: a reader discovers a scientist .
Event roles: AGENT=cousin; VERB=discover; PATIENT=daughter
Sentence: the",Sentence: the,first_noun,-7.107687473297119,-4.949777126312256,2.1579103469848633,passive,1.0
1722,role_labeled,passive,passive,a scientist is discovered by a reader .,a cousin discovers a daughter .,a daughter is discovered by a cousin .,a,cousin,a,daughter,discover,discovers,discovered,"[""AGENT=cousin"", ""VERB=discover"", ""PATIENT=daughter""]","Prime sentence: a scientist is discovered by a reader .
Event roles: AGENT=cousin; VERB=discover; PATIENT=daughter
Sentence: the",Sentence: the,first_noun,-7.406789302825928,-4.884889125823975,2.521900177001953,passive,1.0
1722,role_labeled,no_prime_eos,no_prime_eos,,a cousin discovers a daughter .,a daughter is discovered by a cousin .,a,cousin,a,daughter,discover,discovers,discovered,"[""AGENT=cousin"", ""VERB=discover"", ""PATIENT=daughter""]","Event roles: AGENT=cousin; VERB=discover; PATIENT=daughter
Sentence: the",Sentence: the,first_noun,-7.158502578735352,-4.108707904815674,3.0497946739196777,passive,1.0
1722,role_labeled,filler,filler,The teacher listened during assembly .,a cousin discovers a daughter .,a daughter is discovered by a cousin .,a,cousin,a,daughter,discover,discovers,discovered,"[""AGENT=cousin"", ""VERB=discover"", ""PATIENT=daughter""]","Prime sentence: The teacher listened during assembly .
Event roles: AGENT=cousin; VERB=discover; PATIENT=daughter
Sentence: the",Sentence: the,first_noun,-5.904541015625,-5.02720308303833,0.8773379325866699,passive,1.0
1723,role_labeled,active,active,a leader describes a man .,an actor describes an actress .,an actress is described by an actor .,an,actor,an,actress,describ,describes,described,"[""VERB=describ"", ""PATIENT=actress"", ""AGENT=actor""]","Prime sentence: a leader describes a man .
Event roles: VERB=describ; PATIENT=actress; AGENT=actor
Sentence: the",Sentence: the,first_noun,-4.792545318603516,-6.725949287414551,-1.9334039688110352,active,0.0
1723,role_labeled,passive,passive,a man is described by a leader .,an actor describes an actress .,an actress is described by an actor .,an,actor,an,actress,describ,describes,described,"[""VERB=describ"", ""PATIENT=actress"", ""AGENT=actor""]","Prime sentence: a man is described by a leader .
Event roles: VERB=describ; PATIENT=actress; AGENT=actor
Sentence: the",Sentence: the,first_noun,-4.728236198425293,-6.78139591217041,-2.053159713745117,active,0.0
1723,role_labeled,no_prime_eos,no_prime_eos,,an actor describes an actress .,an actress is described by an actor .,an,actor,an,actress,describ,describes,described,"[""VERB=describ"", ""PATIENT=actress"", ""AGENT=actor""]","Event roles: VERB=describ; PATIENT=actress; AGENT=actor
Sentence: the",Sentence: the,first_noun,-5.008719444274902,-6.945616722106934,-1.9368972778320312,active,0.0
1723,role_labeled,filler,filler,The sculpture stood in the hallway .,an actor describes an actress .,an actress is described by an actor .,an,actor,an,actress,describ,describes,described,"[""VERB=describ"", ""PATIENT=actress"", ""AGENT=actor""]","Prime sentence: The sculpture stood in the hallway .
Event roles: VERB=describ; PATIENT=actress; AGENT=actor
Sentence: the",Sentence: the,first_noun,-5.836203575134277,-6.713781356811523,-0.8775777816772461,active,0.0
1724,role_labeled,active,active,a king forgets a lady .,a woman forgets a worker .,a worker is forgotten by a woman .,a,woman,a,worker,forget,forgets,forgotten,"[""VERB=forget"", ""AGENT=woman"", ""PATIENT=worker""]","Prime sentence: a king forgets a lady .
Event roles: VERB=forget; AGENT=woman; PATIENT=worker
Sentence: the",Sentence: the,first_noun,-3.450834035873413,-6.401602745056152,-2.9507687091827393,active,0.0
1724,role_labeled,passive,passive,a lady is forgotten by a king .,a woman forgets a worker .,a worker is forgotten by a woman .,a,woman,a,worker,forget,forgets,forgotten,"[""VERB=forget"", ""AGENT=woman"", ""PATIENT=worker""]","Prime sentence: a lady is forgotten by a king .
Event roles: VERB=forget; AGENT=woman; PATIENT=worker
Sentence: the",Sentence: the,first_noun,-3.475572109222412,-6.616307735443115,-3.140735626220703,active,0.0
1724,role_labeled,no_prime_eos,no_prime_eos,,a woman forgets a worker .,a worker is forgotten by a woman .,a,woman,a,worker,forget,forgets,forgotten,"[""VERB=forget"", ""AGENT=woman"", ""PATIENT=worker""]","Event roles: VERB=forget; AGENT=woman; PATIENT=worker
Sentence: the",Sentence: the,first_noun,-2.845021963119507,-5.27523136138916,-2.4302093982696533,active,0.0
1724,role_labeled,filler,filler,The pillow rested on the sofa .,a woman forgets a worker .,a worker is forgotten by a woman .,a,woman,a,worker,forget,forgets,forgotten,"[""VERB=forget"", ""AGENT=woman"", ""PATIENT=worker""]","Prime sentence: The pillow rested on the sofa .
Event roles: VERB=forget; AGENT=woman; PATIENT=worker
Sentence: the",Sentence: the,first_noun,-4.144707679748535,-7.053637504577637,-2.9089298248291016,active,0.0
1725,role_labeled,active,active,a president asks a priest .,a champion asks a chief .,a chief is asked by a champion .,a,champion,a,chief,ask,asks,asked,"[""AGENT=champion"", ""PATIENT=chief"", ""VERB=ask""]","Prime sentence: a president asks a priest .
Event roles: AGENT=champion; PATIENT=chief; VERB=ask
Sentence: the",Sentence: the,first_noun,-6.9071526527404785,-5.172665596008301,1.7344870567321777,passive,1.0
1725,role_labeled,passive,passive,a priest is asked by a president .,a champion asks a chief .,a chief is asked by a champion .,a,champion,a,chief,ask,asks,asked,"[""AGENT=champion"", ""PATIENT=chief"", ""VERB=ask""]","Prime sentence: a priest is asked by a president .
Event roles: AGENT=champion; PATIENT=chief; VERB=ask
Sentence: the",Sentence: the,first_noun,-6.291388511657715,-5.161707878112793,1.1296806335449219,passive,1.0
1725,role_labeled,no_prime_eos,no_prime_eos,,a champion asks a chief .,a chief is asked by a champion .,a,champion,a,chief,ask,asks,asked,"[""AGENT=champion"", ""PATIENT=chief"", ""VERB=ask""]","Event roles: AGENT=champion; PATIENT=chief; VERB=ask
Sentence: the",Sentence: the,first_noun,-4.506647109985352,-4.475183486938477,0.031463623046875,passive,1.0
1725,role_labeled,filler,filler,The tourist wandered through the plaza .,a champion asks a chief .,a chief is asked by a champion .,a,champion,a,chief,ask,asks,asked,"[""AGENT=champion"", ""PATIENT=chief"", ""VERB=ask""]","Prime sentence: The tourist wandered through the plaza .
Event roles: AGENT=champion; PATIENT=chief; VERB=ask
Sentence: the",Sentence: the,first_noun,-5.9357686042785645,-5.7443647384643555,0.19140386581420898,passive,1.0
1726,role_labeled,active,active,a president destroys a priest .,a champion destroys a chief .,a chief is destroyed by a champion .,a,champion,a,chief,destroy,destroys,destroyed,"[""VERB=destroy"", ""AGENT=champion"", ""PATIENT=chief""]","Prime sentence: a president destroys a priest .
Event roles: VERB=destroy; AGENT=champion; PATIENT=chief
Sentence: the",Sentence: the,first_noun,-6.853719711303711,-5.145695686340332,1.708024024963379,passive,1.0
1726,role_labeled,passive,passive,a priest is destroyed by a president .,a champion destroys a chief .,a chief is destroyed by a champion .,a,champion,a,chief,destroy,destroys,destroyed,"[""VERB=destroy"", ""AGENT=champion"", ""PATIENT=chief""]","Prime sentence: a priest is destroyed by a president .
Event roles: VERB=destroy; AGENT=champion; PATIENT=chief
Sentence: the",Sentence: the,first_noun,-6.448262691497803,-5.151945114135742,1.2963175773620605,passive,1.0
1726,role_labeled,no_prime_eos,no_prime_eos,,a champion destroys a chief .,a chief is destroyed by a champion .,a,champion,a,chief,destroy,destroys,destroyed,"[""VERB=destroy"", ""AGENT=champion"", ""PATIENT=chief""]","Event roles: VERB=destroy; AGENT=champion; PATIENT=chief
Sentence: the",Sentence: the,first_noun,-4.699726581573486,-4.528602600097656,0.17112398147583008,passive,1.0
1726,role_labeled,filler,filler,The radio crackled in the attic .,a champion destroys a chief .,a chief is destroyed by a champion .,a,champion,a,chief,destroy,destroys,destroyed,"[""VERB=destroy"", ""AGENT=champion"", ""PATIENT=chief""]","Prime sentence: The radio crackled in the attic .
Event roles: VERB=destroy; AGENT=champion; PATIENT=chief
Sentence: the",Sentence: the,first_noun,-7.201510906219482,-6.764740467071533,0.4367704391479492,passive,1.0
1727,role_labeled,active,active,a brother grabs a buddy .,an opponent grabs a parent .,a parent is grabbed by an opponent .,an,opponent,a,parent,grab,grabs,grabbed,"[""VERB=grab"", ""AGENT=opponent"", ""PATIENT=parent""]","Prime sentence: a brother grabs a buddy .
Event roles: VERB=grab; AGENT=opponent; PATIENT=parent
Sentence: the",Sentence: the,first_noun,-6.83172082901001,-5.699385643005371,1.1323351860046387,passive,1.0
1727,role_labeled,passive,passive,a buddy is grabbed by a brother .,an opponent grabs a parent .,a parent is grabbed by an opponent .,an,opponent,a,parent,grab,grabs,grabbed,"[""VERB=grab"", ""AGENT=opponent"", ""PATIENT=parent""]","Prime sentence: a buddy is grabbed by a brother .
Event roles: VERB=grab; AGENT=opponent; PATIENT=parent
Sentence: the",Sentence: the,first_noun,-6.391200065612793,-5.817806243896484,0.5733938217163086,passive,1.0
1727,role_labeled,no_prime_eos,no_prime_eos,,an opponent grabs a parent .,a parent is grabbed by an opponent .,an,opponent,a,parent,grab,grabs,grabbed,"[""VERB=grab"", ""AGENT=opponent"", ""PATIENT=parent""]","Event roles: VERB=grab; AGENT=opponent; PATIENT=parent
Sentence: the",Sentence: the,first_noun,-5.04910945892334,-5.355903625488281,-0.3067941665649414,active,0.0
1727,role_labeled,filler,filler,The market opened after sunrise .,an opponent grabs a parent .,a parent is grabbed by an opponent .,an,opponent,a,parent,grab,grabs,grabbed,"[""VERB=grab"", ""AGENT=opponent"", ""PATIENT=parent""]","Prime sentence: The market opened after sunrise .
Event roles: VERB=grab; AGENT=opponent; PATIENT=parent
Sentence: the",Sentence: the,first_noun,-7.909160137176514,-7.4355950355529785,0.47356510162353516,passive,1.0
1728,role_labeled,active,active,a colonel teaches a cop .,a prince teaches a princess .,a princess is taught by a prince .,a,prince,a,princess,teach,teaches,taught,"[""PATIENT=princess"", ""AGENT=prince"", ""VERB=teach""]","Prime sentence: a colonel teaches a cop .
Event roles: PATIENT=princess; AGENT=prince; VERB=teach
Sentence: the",Sentence: the,first_noun,-3.714158535003662,-4.357400894165039,-0.643242359161377,active,0.0
1728,role_labeled,passive,passive,a cop is taught by a colonel .,a prince teaches a princess .,a princess is taught by a prince .,a,prince,a,princess,teach,teaches,taught,"[""PATIENT=princess"", ""AGENT=prince"", ""VERB=teach""]","Prime sentence: a cop is taught by a colonel .
Event roles: PATIENT=princess; AGENT=prince; VERB=teach
Sentence: the",Sentence: the,first_noun,-4.216915607452393,-4.728529453277588,-0.5116138458251953,active,0.0
1728,role_labeled,no_prime_eos,no_prime_eos,,a prince teaches a princess .,a princess is taught by a prince .,a,prince,a,princess,teach,teaches,taught,"[""PATIENT=princess"", ""AGENT=prince"", ""VERB=teach""]","Event roles: PATIENT=princess; AGENT=prince; VERB=teach
Sentence: the",Sentence: the,first_noun,-3.221214771270752,-3.36726713180542,-0.14605236053466797,active,0.0
1728,role_labeled,filler,filler,The blanket dried on the line .,a prince teaches a princess .,a princess is taught by a prince .,a,prince,a,princess,teach,teaches,taught,"[""PATIENT=princess"", ""AGENT=prince"", ""VERB=teach""]","Prime sentence: The blanket dried on the line .
Event roles: PATIENT=princess; AGENT=prince; VERB=teach
Sentence: the",Sentence: the,first_noun,-5.633439064025879,-5.011602401733398,0.6218366622924805,passive,1.0
1729,role_labeled,active,active,a woman strikes a worker .,a kid strikes a king .,a king is struck by a kid .,a,kid,a,king,strik,strikes,struck,"[""PATIENT=king"", ""AGENT=kid"", ""VERB=strik""]","Prime sentence: a woman strikes a worker .
Event roles: PATIENT=king; AGENT=kid; VERB=strik
Sentence: the",Sentence: the,first_noun,-5.423753261566162,-2.466737747192383,2.9570155143737793,passive,1.0
1729,role_labeled,passive,passive,a worker is struck by a woman .,a kid strikes a king .,a king is struck by a kid .,a,kid,a,king,strik,strikes,struck,"[""PATIENT=king"", ""AGENT=kid"", ""VERB=strik""]","Prime sentence: a worker is struck by a woman .
Event roles: PATIENT=king; AGENT=kid; VERB=strik
Sentence: the",Sentence: the,first_noun,-4.748090744018555,-1.9899213314056396,2.758169412612915,passive,1.0
1729,role_labeled,no_prime_eos,no_prime_eos,,a kid strikes a king .,a king is struck by a kid .,a,kid,a,king,strik,strikes,struck,"[""PATIENT=king"", ""AGENT=kid"", ""VERB=strik""]","Event roles: PATIENT=king; AGENT=kid; VERB=strik
Sentence: the",Sentence: the,first_noun,-5.953417778015137,-3.2657275199890137,2.687690258026123,passive,1.0
1729,role_labeled,filler,filler,The package arrived before noon .,a kid strikes a king .,a king is struck by a kid .,a,kid,a,king,strik,strikes,struck,"[""PATIENT=king"", ""AGENT=kid"", ""VERB=strik""]","Prime sentence: The package arrived before noon .
Event roles: PATIENT=king; AGENT=kid; VERB=strik
Sentence: the",Sentence: the,first_noun,-5.054483413696289,-3.916995048522949,1.1374883651733398,passive,1.0
1730,role_labeled,active,active,a soldier beats a son .,a father beats a friend .,a friend is beaten by a father .,a,father,a,friend,beat,beats,beaten,"[""AGENT=father"", ""PATIENT=friend"", ""VERB=beat""]","Prime sentence: a soldier beats a son .
Event roles: AGENT=father; PATIENT=friend; VERB=beat
Sentence: the",Sentence: the,first_noun,-1.9630353450775146,-5.825257301330566,-3.8622219562530518,active,0.0
1730,role_labeled,passive,passive,a son is beaten by a soldier .,a father beats a friend .,a friend is beaten by a father .,a,father,a,friend,beat,beats,beaten,"[""AGENT=father"", ""PATIENT=friend"", ""VERB=beat""]","Prime sentence: a son is beaten by a soldier .
Event roles: AGENT=father; PATIENT=friend; VERB=beat
Sentence: the",Sentence: the,first_noun,-2.1638662815093994,-5.603409767150879,-3.4395434856414795,active,0.0
1730,role_labeled,no_prime_eos,no_prime_eos,,a father beats a friend .,a friend is beaten by a father .,a,father,a,friend,beat,beats,beaten,"[""AGENT=father"", ""PATIENT=friend"", ""VERB=beat""]","Event roles: AGENT=father; PATIENT=friend; VERB=beat
Sentence: the",Sentence: the,first_noun,-3.209481954574585,-5.951230049133301,-2.741748094558716,active,0.0
1730,role_labeled,filler,filler,The pillow rested on the sofa .,a father beats a friend .,a friend is beaten by a father .,a,father,a,friend,beat,beats,beaten,"[""AGENT=father"", ""PATIENT=friend"", ""VERB=beat""]","Prime sentence: The pillow rested on the sofa .
Event roles: AGENT=father; PATIENT=friend; VERB=beat
Sentence: the",Sentence: the,first_noun,-4.9084367752075195,-6.808655738830566,-1.9002189636230469,active,0.0
1731,role_labeled,active,active,a student washes a teacher .,a girl washes a guest .,a guest is washed by a girl .,a,girl,a,guest,wash,washes,washed,"[""AGENT=girl"", ""VERB=wash"", ""PATIENT=guest""]","Prime sentence: a student washes a teacher .
Event roles: AGENT=girl; VERB=wash; PATIENT=guest
Sentence: the",Sentence: the,first_noun,-1.9942262172698975,-5.913885116577148,-3.919658899307251,active,0.0
1731,role_labeled,passive,passive,a teacher is washed by a student .,a girl washes a guest .,a guest is washed by a girl .,a,girl,a,guest,wash,washes,washed,"[""AGENT=girl"", ""VERB=wash"", ""PATIENT=guest""]","Prime sentence: a teacher is washed by a student .
Event roles: AGENT=girl; VERB=wash; PATIENT=guest
Sentence: the",Sentence: the,first_noun,-2.30823016166687,-6.284998893737793,-3.976768732070923,active,0.0
1731,role_labeled,no_prime_eos,no_prime_eos,,a girl washes a guest .,a guest is washed by a girl .,a,girl,a,guest,wash,washes,washed,"[""AGENT=girl"", ""VERB=wash"", ""PATIENT=guest""]","Event roles: AGENT=girl; VERB=wash; PATIENT=guest
Sentence: the",Sentence: the,first_noun,-2.0139877796173096,-5.032950401306152,-3.0189626216888428,active,0.0
1731,role_labeled,filler,filler,The traveler rested beside the river .,a girl washes a guest .,a guest is washed by a girl .,a,girl,a,guest,wash,washes,washed,"[""AGENT=girl"", ""VERB=wash"", ""PATIENT=guest""]","Prime sentence: The traveler rested beside the river .
Event roles: AGENT=girl; VERB=wash; PATIENT=guest
Sentence: the",Sentence: the,first_noun,-3.158041477203369,-5.437762260437012,-2.2797207832336426,active,0.0
1732,role_labeled,active,active,a kid describes a king .,a winner describes a woman .,a woman is described by a winner .,a,winner,a,woman,describ,describes,described,"[""PATIENT=woman"", ""VERB=describ"", ""AGENT=winner""]","Prime sentence: a kid describes a king .
Event roles: PATIENT=woman; VERB=describ; AGENT=winner
Sentence: the",Sentence: the,first_noun,-6.662309646606445,-3.9833195209503174,2.678990125656128,passive,1.0
1732,role_labeled,passive,passive,a king is described by a kid .,a winner describes a woman .,a woman is described by a winner .,a,winner,a,woman,describ,describes,described,"[""PATIENT=woman"", ""VERB=describ"", ""AGENT=winner""]","Prime sentence: a king is described by a kid .
Event roles: PATIENT=woman; VERB=describ; AGENT=winner
Sentence: the",Sentence: the,first_noun,-6.702537536621094,-4.353849411010742,2.3486881256103516,passive,1.0
1732,role_labeled,no_prime_eos,no_prime_eos,,a winner describes a woman .,a woman is described by a winner .,a,winner,a,woman,describ,describes,described,"[""PATIENT=woman"", ""VERB=describ"", ""AGENT=winner""]","Event roles: PATIENT=woman; VERB=describ; AGENT=winner
Sentence: the",Sentence: the,first_noun,-4.136444091796875,-2.8155269622802734,1.3209171295166016,passive,1.0
1732,role_labeled,filler,filler,The teacher listened during assembly .,a winner describes a woman .,a woman is described by a winner .,a,winner,a,woman,describ,describes,described,"[""PATIENT=woman"", ""VERB=describ"", ""AGENT=winner""]","Prime sentence: The teacher listened during assembly .
Event roles: PATIENT=woman; VERB=describ; AGENT=winner
Sentence: the",Sentence: the,first_noun,-6.603330612182617,-3.010361671447754,3.5929689407348633,passive,1.0
1733,role_labeled,active,active,a captain kills a champion .,a physician kills a pilot .,a pilot is killed by a physician .,a,physician,a,pilot,kill,kills,killed,"[""VERB=kill"", ""PATIENT=pilot"", ""AGENT=physician""]","Prime sentence: a captain kills a champion .
Event roles: VERB=kill; PATIENT=pilot; AGENT=physician
Sentence: the",Sentence: the,first_noun,-6.60062837600708,-4.04442024230957,2.5562081336975098,passive,1.0
1733,role_labeled,passive,passive,a champion is killed by a captain .,a physician kills a pilot .,a pilot is killed by a physician .,a,physician,a,pilot,kill,kills,killed,"[""VERB=kill"", ""PATIENT=pilot"", ""AGENT=physician""]","Prime sentence: a champion is killed by a captain .
Event roles: VERB=kill; PATIENT=pilot; AGENT=physician
Sentence: the",Sentence: the,first_noun,-6.390497207641602,-4.051966667175293,2.3385305404663086,passive,1.0
1733,role_labeled,no_prime_eos,no_prime_eos,,a physician kills a pilot .,a pilot is killed by a physician .,a,physician,a,pilot,kill,kills,killed,"[""VERB=kill"", ""PATIENT=pilot"", ""AGENT=physician""]","Event roles: VERB=kill; PATIENT=pilot; AGENT=physician
Sentence: the",Sentence: the,first_noun,-4.871552467346191,-2.609752893447876,2.2617995738983154,passive,1.0
1733,role_labeled,filler,filler,The blanket dried on the line .,a physician kills a pilot .,a pilot is killed by a physician .,a,physician,a,pilot,kill,kills,killed,"[""VERB=kill"", ""PATIENT=pilot"", ""AGENT=physician""]","Prime sentence: The blanket dried on the line .
Event roles: VERB=kill; PATIENT=pilot; AGENT=physician
Sentence: the",Sentence: the,first_noun,-6.109701633453369,-3.823012113571167,2.286689519882202,passive,1.0
1734,role_labeled,active,active,a cop joins a cousin .,a princess joins a professor .,a professor is joined by a princess .,a,princess,a,professor,join,joins,joined,"[""AGENT=princess"", ""PATIENT=professor"", ""VERB=join""]","Prime sentence: a cop joins a cousin .
Event roles: AGENT=princess; PATIENT=professor; VERB=join
Sentence: the",Sentence: the,first_noun,-4.8178181648254395,-4.0872578620910645,0.730560302734375,passive,1.0
1734,role_labeled,passive,passive,a cousin is joined by a cop .,a princess joins a professor .,a professor is joined by a princess .,a,princess,a,professor,join,joins,joined,"[""AGENT=princess"", ""PATIENT=professor"", ""VERB=join""]","Prime sentence: a cousin is joined by a cop .
Event roles: AGENT=princess; PATIENT=professor; VERB=join
Sentence: the",Sentence: the,first_noun,-4.940742492675781,-4.296245574951172,0.6444969177246094,passive,1.0
1734,role_labeled,no_prime_eos,no_prime_eos,,a princess joins a professor .,a professor is joined by a princess .,a,princess,a,professor,join,joins,joined,"[""AGENT=princess"", ""PATIENT=professor"", ""VERB=join""]","Event roles: AGENT=princess; PATIENT=professor; VERB=join
Sentence: the",Sentence: the,first_noun,-4.392654895782471,-4.968332290649414,-0.5756773948669434,active,0.0
1734,role_labeled,filler,filler,The blanket dried on the line .,a princess joins a professor .,a professor is joined by a princess .,a,princess,a,professor,join,joins,joined,"[""AGENT=princess"", ""PATIENT=professor"", ""VERB=join""]","Prime sentence: The blanket dried on the line .
Event roles: AGENT=princess; PATIENT=professor; VERB=join
Sentence: the",Sentence: the,first_noun,-6.1167802810668945,-5.935914993286133,0.18086528778076172,passive,1.0
1735,role_labeled,active,active,a child follows a colonel .,a priest follows a prince .,a prince is followed by a priest .,a,priest,a,prince,follow,follows,followed,"[""PATIENT=prince"", ""AGENT=priest"", ""VERB=follow""]","Prime sentence: a child follows a colonel .
Event roles: PATIENT=prince; AGENT=priest; VERB=follow
Sentence: the",Sentence: the,first_noun,-3.7950339317321777,-3.9122347831726074,-0.11720085144042969,active,0.0
1735,role_labeled,passive,passive,a colonel is followed by a child .,a priest follows a prince .,a prince is followed by a priest .,a,priest,a,prince,follow,follows,followed,"[""PATIENT=prince"", ""AGENT=priest"", ""VERB=follow""]","Prime sentence: a colonel is followed by a child .
Event roles: PATIENT=prince; AGENT=priest; VERB=follow
Sentence: the",Sentence: the,first_noun,-3.3688645362854004,-3.8298184871673584,-0.460953950881958,active,0.0
1735,role_labeled,no_prime_eos,no_prime_eos,,a priest follows a prince .,a prince is followed by a priest .,a,priest,a,prince,follow,follows,followed,"[""PATIENT=prince"", ""AGENT=priest"", ""VERB=follow""]","Event roles: PATIENT=prince; AGENT=priest; VERB=follow
Sentence: the",Sentence: the,first_noun,-3.334805727005005,-4.078375816345215,-0.74357008934021,active,0.0
1735,role_labeled,filler,filler,The jacket hung behind the chair .,a priest follows a prince .,a prince is followed by a priest .,a,priest,a,prince,follow,follows,followed,"[""PATIENT=prince"", ""AGENT=priest"", ""VERB=follow""]","Prime sentence: The jacket hung behind the chair .
Event roles: PATIENT=prince; AGENT=priest; VERB=follow
Sentence: the",Sentence: the,first_noun,-4.138202667236328,-4.879634857177734,-0.7414321899414062,active,0.0
1736,role_labeled,active,active,a guy surprises a hero .,a teacher surprises an uncle .,an uncle is surprised by a teacher .,a,teacher,an,uncle,surpris,surprises,surprised,"[""PATIENT=uncle"", ""AGENT=teacher"", ""VERB=surpris""]","Prime sentence: a guy surprises a hero .
Event roles: PATIENT=uncle; AGENT=teacher; VERB=surpris
Sentence: the",Sentence: the,first_noun,-4.6480865478515625,-6.907654762268066,-2.259568214416504,active,0.0
1736,role_labeled,passive,passive,a hero is surprised by a guy .,a teacher surprises an uncle .,an uncle is surprised by a teacher .,a,teacher,an,uncle,surpris,surprises,surprised,"[""PATIENT=uncle"", ""AGENT=teacher"", ""VERB=surpris""]","Prime sentence: a hero is surprised by a guy .
Event roles: PATIENT=uncle; AGENT=teacher; VERB=surpris
Sentence: the",Sentence: the,first_noun,-4.136924743652344,-6.300057888031006,-2.163133144378662,active,0.0
1736,role_labeled,no_prime_eos,no_prime_eos,,a teacher surprises an uncle .,an uncle is surprised by a teacher .,a,teacher,an,uncle,surpris,surprises,surprised,"[""PATIENT=uncle"", ""AGENT=teacher"", ""VERB=surpris""]","Event roles: PATIENT=uncle; AGENT=teacher; VERB=surpris
Sentence: the",Sentence: the,first_noun,-3.4718027114868164,-7.5189008712768555,-4.047098159790039,active,0.0
1736,role_labeled,filler,filler,The radio crackled in the attic .,a teacher surprises an uncle .,an uncle is surprised by a teacher .,a,teacher,an,uncle,surpris,surprises,surprised,"[""PATIENT=uncle"", ""AGENT=teacher"", ""VERB=surpris""]","Prime sentence: The radio crackled in the attic .
Event roles: PATIENT=uncle; AGENT=teacher; VERB=surpris
Sentence: the",Sentence: the,first_noun,-4.232969284057617,-6.606598854064941,-2.373629570007324,active,0.0
1737,role_labeled,active,active,a hero kisses a husband .,an uncle kisses a wife .,a wife is kissed by an uncle .,an,uncle,a,wife,kiss,kisses,kissed,"[""AGENT=uncle"", ""VERB=kiss"", ""PATIENT=wife""]","Prime sentence: a hero kisses a husband .
Event roles: AGENT=uncle; VERB=kiss; PATIENT=wife
Sentence: the",Sentence: the,first_noun,-5.042068004608154,-3.9152297973632812,1.126838207244873,passive,1.0
1737,role_labeled,passive,passive,a husband is kissed by a hero .,an uncle kisses a wife .,a wife is kissed by an uncle .,an,uncle,a,wife,kiss,kisses,kissed,"[""AGENT=uncle"", ""VERB=kiss"", ""PATIENT=wife""]","Prime sentence: a husband is kissed by a hero .
Event roles: AGENT=uncle; VERB=kiss; PATIENT=wife
Sentence: the",Sentence: the,first_noun,-5.5460686683654785,-3.8520803451538086,1.69398832321167,passive,1.0
1737,role_labeled,no_prime_eos,no_prime_eos,,an uncle kisses a wife .,a wife is kissed by an uncle .,an,uncle,a,wife,kiss,kisses,kissed,"[""AGENT=uncle"", ""VERB=kiss"", ""PATIENT=wife""]","Event roles: AGENT=uncle; VERB=kiss; PATIENT=wife
Sentence: the",Sentence: the,first_noun,-6.698032379150391,-4.525909900665283,2.1721224784851074,passive,1.0
1737,role_labeled,filler,filler,The sculpture stood in the hallway .,an uncle kisses a wife .,a wife is kissed by an uncle .,an,uncle,a,wife,kiss,kisses,kissed,"[""AGENT=uncle"", ""VERB=kiss"", ""PATIENT=wife""]","Prime sentence: The sculpture stood in the hallway .
Event roles: AGENT=uncle; VERB=kiss; PATIENT=wife
Sentence: the",Sentence: the,first_noun,-6.735407829284668,-4.467896461486816,2.2675113677978516,passive,1.0
1738,role_labeled,active,active,a worker kills a writer .,a king kills a lady .,a lady is killed by a king .,a,king,a,lady,kill,kills,killed,"[""AGENT=king"", ""VERB=kill"", ""PATIENT=lady""]","Prime sentence: a worker kills a writer .
Event roles: AGENT=king; VERB=kill; PATIENT=lady
Sentence: the",Sentence: the,first_noun,-1.8449422121047974,-6.003515243530273,-4.158573031425476,active,0.0
1738,role_labeled,passive,passive,a writer is killed by a worker .,a king kills a lady .,a lady is killed by a king .,a,king,a,lady,kill,kills,killed,"[""AGENT=king"", ""VERB=kill"", ""PATIENT=lady""]","Prime sentence: a writer is killed by a worker .
Event roles: AGENT=king; VERB=kill; PATIENT=lady
Sentence: the",Sentence: the,first_noun,-2.0344350337982178,-6.266958236694336,-4.232523202896118,active,0.0
1738,role_labeled,no_prime_eos,no_prime_eos,,a king kills a lady .,a lady is killed by a king .,a,king,a,lady,kill,kills,killed,"[""AGENT=king"", ""VERB=kill"", ""PATIENT=lady""]","Event roles: AGENT=king; VERB=kill; PATIENT=lady
Sentence: the",Sentence: the,first_noun,-3.068270683288574,-5.658843040466309,-2.5905723571777344,active,0.0
1738,role_labeled,filler,filler,The baker laughed during breakfast .,a king kills a lady .,a lady is killed by a king .,a,king,a,lady,kill,kills,killed,"[""AGENT=king"", ""VERB=kill"", ""PATIENT=lady""]","Prime sentence: The baker laughed during breakfast .
Event roles: AGENT=king; VERB=kill; PATIENT=lady
Sentence: the",Sentence: the,first_noun,-2.8110837936401367,-5.0235700607299805,-2.2124862670898438,active,0.0
1739,role_labeled,active,active,a man protects a manager .,an actress protects an adult .,an adult is protected by an actress .,an,actress,an,adult,protect,protects,protected,"[""PATIENT=adult"", ""VERB=protect"", ""AGENT=actress""]","Prime sentence: a man protects a manager .
Event roles: PATIENT=adult; VERB=protect; AGENT=actress
Sentence: the",Sentence: the,first_noun,-7.55397891998291,-6.661454677581787,0.892524242401123,passive,1.0
1739,role_labeled,passive,passive,a manager is protected by a man .,an actress protects an adult .,an adult is protected by an actress .,an,actress,an,adult,protect,protects,protected,"[""PATIENT=adult"", ""VERB=protect"", ""AGENT=actress""]","Prime sentence: a manager is protected by a man .
Event roles: PATIENT=adult; VERB=protect; AGENT=actress
Sentence: the",Sentence: the,first_noun,-7.554764747619629,-5.826402187347412,1.7283625602722168,passive,1.0
1739,role_labeled,no_prime_eos,no_prime_eos,,an actress protects an adult .,an adult is protected by an actress .,an,actress,an,adult,protect,protects,protected,"[""PATIENT=adult"", ""VERB=protect"", ""AGENT=actress""]","Event roles: PATIENT=adult; VERB=protect; AGENT=actress
Sentence: the",Sentence: the,first_noun,-6.758426666259766,-5.498556137084961,1.2598705291748047,passive,1.0
1739,role_labeled,filler,filler,The teacher listened during assembly .,an actress protects an adult .,an adult is protected by an actress .,an,actress,an,adult,protect,protects,protected,"[""PATIENT=adult"", ""VERB=protect"", ""AGENT=actress""]","Prime sentence: The teacher listened during assembly .
Event roles: PATIENT=adult; VERB=protect; AGENT=actress
Sentence: the",Sentence: the,first_noun,-7.140630722045898,-5.245946407318115,1.8946843147277832,passive,1.0
1740,role_labeled,active,active,a chief beats a child .,a president beats a priest .,a priest is beaten by a president .,a,president,a,priest,beat,beats,beaten,"[""VERB=beat"", ""AGENT=president"", ""PATIENT=priest""]","Prime sentence: a chief beats a child .
Event roles: VERB=beat; AGENT=president; PATIENT=priest
Sentence: the",Sentence: the,first_noun,-3.7838821411132812,-4.2031168937683105,-0.4192347526550293,active,0.0
1740,role_labeled,passive,passive,a child is beaten by a chief .,a president beats a priest .,a priest is beaten by a president .,a,president,a,priest,beat,beats,beaten,"[""VERB=beat"", ""AGENT=president"", ""PATIENT=priest""]","Prime sentence: a child is beaten by a chief .
Event roles: VERB=beat; AGENT=president; PATIENT=priest
Sentence: the",Sentence: the,first_noun,-3.3657665252685547,-3.865051031112671,-0.4992845058441162,active,0.0
1740,role_labeled,no_prime_eos,no_prime_eos,,a president beats a priest .,a priest is beaten by a president .,a,president,a,priest,beat,beats,beaten,"[""VERB=beat"", ""AGENT=president"", ""PATIENT=priest""]","Event roles: VERB=beat; AGENT=president; PATIENT=priest
Sentence: the",Sentence: the,first_noun,-4.44739294052124,-4.50375509262085,-0.056362152099609375,active,0.0
1740,role_labeled,filler,filler,The garden brightened after rain .,a president beats a priest .,a priest is beaten by a president .,a,president,a,priest,beat,beats,beaten,"[""VERB=beat"", ""AGENT=president"", ""PATIENT=priest""]","Prime sentence: The garden brightened after rain .
Event roles: VERB=beat; AGENT=president; PATIENT=priest
Sentence: the",Sentence: the,first_noun,-5.492184162139893,-6.030948638916016,-0.538764476776123,active,0.0
1741,role_labeled,active,active,a candidate punches a captain .,a partner punches a physician .,a physician is punched by a partner .,a,partner,a,physician,punch,punches,punched,"[""VERB=punch"", ""PATIENT=physician"", ""AGENT=partner""]","Prime sentence: a candidate punches a captain .
Event roles: VERB=punch; PATIENT=physician; AGENT=partner
Sentence: the",Sentence: the,first_noun,-7.442768096923828,-6.104732036590576,1.338036060333252,passive,1.0
1741,role_labeled,passive,passive,a captain is punched by a candidate .,a partner punches a physician .,a physician is punched by a partner .,a,partner,a,physician,punch,punches,punched,"[""VERB=punch"", ""PATIENT=physician"", ""AGENT=partner""]","Prime sentence: a captain is punched by a candidate .
Event roles: VERB=punch; PATIENT=physician; AGENT=partner
Sentence: the",Sentence: the,first_noun,-7.125175952911377,-5.7507195472717285,1.3744564056396484,passive,1.0
1741,role_labeled,no_prime_eos,no_prime_eos,,a partner punches a physician .,a physician is punched by a partner .,a,partner,a,physician,punch,punches,punched,"[""VERB=punch"", ""PATIENT=physician"", ""AGENT=partner""]","Event roles: VERB=punch; PATIENT=physician; AGENT=partner
Sentence: the",Sentence: the,first_noun,-6.821689605712891,-4.009698390960693,2.8119912147521973,passive,1.0
1741,role_labeled,filler,filler,The painter waited near the doorway .,a partner punches a physician .,a physician is punched by a partner .,a,partner,a,physician,punch,punches,punched,"[""VERB=punch"", ""PATIENT=physician"", ""AGENT=partner""]","Prime sentence: The painter waited near the doorway .
Event roles: VERB=punch; PATIENT=physician; AGENT=partner
Sentence: the",Sentence: the,first_noun,-7.406757354736328,-4.876741409301758,2.5300159454345703,passive,1.0
1742,role_labeled,active,active,an aunt beats an author .,a mayor beats a minister .,a minister is beaten by a mayor .,a,mayor,a,minister,beat,beats,beaten,"[""VERB=beat"", ""AGENT=mayor"", ""PATIENT=minister""]","Prime sentence: an aunt beats an author .
Event roles: VERB=beat; AGENT=mayor; PATIENT=minister
Sentence: the",Sentence: the,first_noun,-3.0304009914398193,-4.76515007019043,-1.7347490787506104,active,0.0
1742,role_labeled,passive,passive,an author is beaten by an aunt .,a mayor beats a minister .,a minister is beaten by a mayor .,a,mayor,a,minister,beat,beats,beaten,"[""VERB=beat"", ""AGENT=mayor"", ""PATIENT=minister""]","Prime sentence: an author is beaten by an aunt .
Event roles: VERB=beat; AGENT=mayor; PATIENT=minister
Sentence: the",Sentence: the,first_noun,-2.9118499755859375,-5.05701208114624,-2.1451621055603027,active,0.0
1742,role_labeled,no_prime_eos,no_prime_eos,,a mayor beats a minister .,a minister is beaten by a mayor .,a,mayor,a,minister,beat,beats,beaten,"[""VERB=beat"", ""AGENT=mayor"", ""PATIENT=minister""]","Event roles: VERB=beat; AGENT=mayor; PATIENT=minister
Sentence: the",Sentence: the,first_noun,-2.7989492416381836,-5.196981430053711,-2.3980321884155273,active,0.0
1742,role_labeled,filler,filler,The blanket dried on the line .,a mayor beats a minister .,a minister is beaten by a mayor .,a,mayor,a,minister,beat,beats,beaten,"[""VERB=beat"", ""AGENT=mayor"", ""PATIENT=minister""]","Prime sentence: The blanket dried on the line .
Event roles: VERB=beat; AGENT=mayor; PATIENT=minister
Sentence: the",Sentence: the,first_noun,-4.035710334777832,-6.391551971435547,-2.355841636657715,active,0.0
1743,role_labeled,active,active,a son describes a student .,a friend describes a girl .,a girl is described by a friend .,a,friend,a,girl,describ,describes,described,"[""PATIENT=girl"", ""VERB=describ"", ""AGENT=friend""]","Prime sentence: a son describes a student .
Event roles: PATIENT=girl; VERB=describ; AGENT=friend
Sentence: the",Sentence: the,first_noun,-4.861374378204346,-2.663639783859253,2.1977345943450928,passive,1.0
1743,role_labeled,passive,passive,a student is described by a son .,a friend describes a girl .,a girl is described by a friend .,a,friend,a,girl,describ,describes,described,"[""PATIENT=girl"", ""VERB=describ"", ""AGENT=friend""]","Prime sentence: a student is described by a son .
Event roles: PATIENT=girl; VERB=describ; AGENT=friend
Sentence: the",Sentence: the,first_noun,-4.839432716369629,-2.881174087524414,1.9582586288452148,passive,1.0
1743,role_labeled,no_prime_eos,no_prime_eos,,a friend describes a girl .,a girl is described by a friend .,a,friend,a,girl,describ,describes,described,"[""PATIENT=girl"", ""VERB=describ"", ""AGENT=friend""]","Event roles: PATIENT=girl; VERB=describ; AGENT=friend
Sentence: the",Sentence: the,first_noun,-4.981193542480469,-1.975618839263916,3.0055747032165527,passive,1.0
1743,role_labeled,filler,filler,The jacket hung behind the chair .,a friend describes a girl .,a girl is described by a friend .,a,friend,a,girl,describ,describes,described,"[""PATIENT=girl"", ""VERB=describ"", ""AGENT=friend""]","Prime sentence: The jacket hung behind the chair .
Event roles: PATIENT=girl; VERB=describ; AGENT=friend
Sentence: the",Sentence: the,first_noun,-6.456502914428711,-3.3922441005706787,3.0642588138580322,passive,1.0
1744,role_labeled,active,active,a champion hurries a chief .,a pilot hurries a president .,a president is hurried by a pilot .,a,pilot,a,president,hurry,hurries,hurried,"[""VERB=hurry"", ""PATIENT=president"", ""AGENT=pilot""]","Prime sentence: a champion hurries a chief .
Event roles: VERB=hurry; PATIENT=president; AGENT=pilot
Sentence: the",Sentence: the,first_noun,-5.085323810577393,-3.831104278564453,1.2542195320129395,passive,1.0
1744,role_labeled,passive,passive,a chief is hurried by a champion .,a pilot hurries a president .,a president is hurried by a pilot .,a,pilot,a,president,hurry,hurries,hurried,"[""VERB=hurry"", ""PATIENT=president"", ""AGENT=pilot""]","Prime sentence: a chief is hurried by a champion .
Event roles: VERB=hurry; PATIENT=president; AGENT=pilot
Sentence: the",Sentence: the,first_noun,-5.157258987426758,-4.121862411499023,1.0353965759277344,passive,1.0
1744,role_labeled,no_prime_eos,no_prime_eos,,a pilot hurries a president .,a president is hurried by a pilot .,a,pilot,a,president,hurry,hurries,hurried,"[""VERB=hurry"", ""PATIENT=president"", ""AGENT=pilot""]","Event roles: VERB=hurry; PATIENT=president; AGENT=pilot
Sentence: the",Sentence: the,first_noun,-3.066889524459839,-4.0841569900512695,-1.0172674655914307,active,0.0
1744,role_labeled,filler,filler,The traveler rested beside the river .,a pilot hurries a president .,a president is hurried by a pilot .,a,pilot,a,president,hurry,hurries,hurried,"[""VERB=hurry"", ""PATIENT=president"", ""AGENT=pilot""]","Prime sentence: The traveler rested beside the river .
Event roles: VERB=hurry; PATIENT=president; AGENT=pilot
Sentence: the",Sentence: the,first_noun,-4.907894134521484,-4.670957088470459,0.2369370460510254,passive,1.0
1745,role_labeled,active,active,a hero judges a husband .,an uncle judges a wife .,a wife is judged by an uncle .,an,uncle,a,wife,judg,judges,judged,"[""PATIENT=wife"", ""VERB=judg"", ""AGENT=uncle""]","Prime sentence: a hero judges a husband .
Event roles: PATIENT=wife; VERB=judg; AGENT=uncle
Sentence: the",Sentence: the,first_noun,-6.173830986022949,-3.491124153137207,2.682706832885742,passive,1.0
1745,role_labeled,passive,passive,a husband is judged by a hero .,an uncle judges a wife .,a wife is judged by an uncle .,an,uncle,a,wife,judg,judges,judged,"[""PATIENT=wife"", ""VERB=judg"", ""AGENT=uncle""]","Prime sentence: a husband is judged by a hero .
Event roles: PATIENT=wife; VERB=judg; AGENT=uncle
Sentence: the",Sentence: the,first_noun,-6.722648620605469,-3.32261323928833,3.4000353813171387,passive,1.0
1745,role_labeled,no_prime_eos,no_prime_eos,,an uncle judges a wife .,a wife is judged by an uncle .,an,uncle,a,wife,judg,judges,judged,"[""PATIENT=wife"", ""VERB=judg"", ""AGENT=uncle""]","Event roles: PATIENT=wife; VERB=judg; AGENT=uncle
Sentence: the",Sentence: the,first_noun,-6.767636299133301,-3.3791937828063965,3.3884425163269043,passive,1.0
1745,role_labeled,filler,filler,The teacher listened during assembly .,an uncle judges a wife .,a wife is judged by an uncle .,an,uncle,a,wife,judg,judges,judged,"[""PATIENT=wife"", ""VERB=judg"", ""AGENT=uncle""]","Prime sentence: The teacher listened during assembly .
Event roles: PATIENT=wife; VERB=judg; AGENT=uncle
Sentence: the",Sentence: the,first_noun,-4.6752028465271,-3.212340831756592,1.4628620147705078,passive,1.0
1746,role_labeled,active,active,an employee forgives an employer .,a secretary forgives a sheriff .,a sheriff is forgiven by a secretary .,a,secretary,a,sheriff,forgiv,forgives,forgiven,"[""VERB=forgiv"", ""AGENT=secretary"", ""PATIENT=sheriff""]","Prime sentence: an employee forgives an employer .
Event roles: VERB=forgiv; AGENT=secretary; PATIENT=sheriff
Sentence: the",Sentence: the,first_noun,-5.885126113891602,-4.835596084594727,1.049530029296875,passive,1.0
1746,role_labeled,passive,passive,an employer is forgiven by an employee .,a secretary forgives a sheriff .,a sheriff is forgiven by a secretary .,a,secretary,a,sheriff,forgiv,forgives,forgiven,"[""VERB=forgiv"", ""AGENT=secretary"", ""PATIENT=sheriff""]","Prime sentence: an employer is forgiven by an employee .
Event roles: VERB=forgiv; AGENT=secretary; PATIENT=sheriff
Sentence: the",Sentence: the,first_noun,-6.104166030883789,-4.943969249725342,1.1601967811584473,passive,1.0
1746,role_labeled,no_prime_eos,no_prime_eos,,a secretary forgives a sheriff .,a sheriff is forgiven by a secretary .,a,secretary,a,sheriff,forgiv,forgives,forgiven,"[""VERB=forgiv"", ""AGENT=secretary"", ""PATIENT=sheriff""]","Event roles: VERB=forgiv; AGENT=secretary; PATIENT=sheriff
Sentence: the",Sentence: the,first_noun,-5.380734920501709,-6.141666412353516,-0.7609314918518066,active,0.0
1746,role_labeled,filler,filler,The engine cooled before dawn .,a secretary forgives a sheriff .,a sheriff is forgiven by a secretary .,a,secretary,a,sheriff,forgiv,forgives,forgiven,"[""VERB=forgiv"", ""AGENT=secretary"", ""PATIENT=sheriff""]","Prime sentence: The engine cooled before dawn .
Event roles: VERB=forgiv; AGENT=secretary; PATIENT=sheriff
Sentence: the",Sentence: the,first_noun,-7.501398086547852,-5.883000373840332,1.6183977127075195,passive,1.0
1747,role_labeled,active,active,a buddy asks a candidate .,a parent asks a partner .,a partner is asked by a parent .,a,parent,a,partner,ask,asks,asked,"[""VERB=ask"", ""AGENT=parent"", ""PATIENT=partner""]","Prime sentence: a buddy asks a candidate .
Event roles: VERB=ask; AGENT=parent; PATIENT=partner
Sentence: the",Sentence: the,first_noun,-4.6206865310668945,-5.782195091247559,-1.161508560180664,active,0.0
1747,role_labeled,passive,passive,a candidate is asked by a buddy .,a parent asks a partner .,a partner is asked by a parent .,a,parent,a,partner,ask,asks,asked,"[""VERB=ask"", ""AGENT=parent"", ""PATIENT=partner""]","Prime sentence: a candidate is asked by a buddy .
Event roles: VERB=ask; AGENT=parent; PATIENT=partner
Sentence: the",Sentence: the,first_noun,-4.781389236450195,-5.525612831115723,-0.7442235946655273,active,0.0
1747,role_labeled,no_prime_eos,no_prime_eos,,a parent asks a partner .,a partner is asked by a parent .,a,parent,a,partner,ask,asks,asked,"[""VERB=ask"", ""AGENT=parent"", ""PATIENT=partner""]","Event roles: VERB=ask; AGENT=parent; PATIENT=partner
Sentence: the",Sentence: the,first_noun,-4.66940975189209,-6.8246259689331055,-2.1552162170410156,active,0.0
1747,role_labeled,filler,filler,The radio crackled in the attic .,a parent asks a partner .,a partner is asked by a parent .,a,parent,a,partner,ask,asks,asked,"[""VERB=ask"", ""AGENT=parent"", ""PATIENT=partner""]","Prime sentence: The radio crackled in the attic .
Event roles: VERB=ask; AGENT=parent; PATIENT=partner
Sentence: the",Sentence: the,first_noun,-7.343804359436035,-8.976593971252441,-1.6327896118164062,active,0.0
1748,role_labeled,active,active,an attorney surprises an aunt .,a manager surprises a mayor .,a mayor is surprised by a manager .,a,manager,a,mayor,surpris,surprises,surprised,"[""PATIENT=mayor"", ""AGENT=manager"", ""VERB=surpris""]","Prime sentence: an attorney surprises an aunt .
Event roles: PATIENT=mayor; AGENT=manager; VERB=surpris
Sentence: the",Sentence: the,first_noun,-5.52995491027832,-2.928208827972412,2.601746082305908,passive,1.0
1748,role_labeled,passive,passive,an aunt is surprised by an attorney .,a manager surprises a mayor .,a mayor is surprised by a manager .,a,manager,a,mayor,surpris,surprises,surprised,"[""PATIENT=mayor"", ""AGENT=manager"", ""VERB=surpris""]","Prime sentence: an aunt is surprised by an attorney .
Event roles: PATIENT=mayor; AGENT=manager; VERB=surpris
Sentence: the",Sentence: the,first_noun,-5.255305290222168,-2.8163461685180664,2.4389591217041016,passive,1.0
1748,role_labeled,no_prime_eos,no_prime_eos,,a manager surprises a mayor .,a mayor is surprised by a manager .,a,manager,a,mayor,surpris,surprises,surprised,"[""PATIENT=mayor"", ""AGENT=manager"", ""VERB=surpris""]","Event roles: PATIENT=mayor; AGENT=manager; VERB=surpris
Sentence: the",Sentence: the,first_noun,-5.250635147094727,-3.477581739425659,1.7730534076690674,passive,1.0
1748,role_labeled,filler,filler,The window rattled during the storm .,a manager surprises a mayor .,a mayor is surprised by a manager .,a,manager,a,mayor,surpris,surprises,surprised,"[""PATIENT=mayor"", ""AGENT=manager"", ""VERB=surpris""]","Prime sentence: The window rattled during the storm .
Event roles: PATIENT=mayor; AGENT=manager; VERB=surpris
Sentence: the",Sentence: the,first_noun,-6.37984037399292,-5.060931205749512,1.3189091682434082,passive,1.0
1749,role_labeled,active,active,a leader discovers a man .,an actor discovers an actress .,an actress is discovered by an actor .,an,actor,an,actress,discover,discovers,discovered,"[""VERB=discover"", ""AGENT=actor"", ""PATIENT=actress""]","Prime sentence: a leader discovers a man .
Event roles: VERB=discover; AGENT=actor; PATIENT=actress
Sentence: the",Sentence: the,first_noun,-4.4717912673950195,-6.564769744873047,-2.0929784774780273,active,0.0
1749,role_labeled,passive,passive,a man is discovered by a leader .,an actor discovers an actress .,an actress is discovered by an actor .,an,actor,an,actress,discover,discovers,discovered,"[""VERB=discover"", ""AGENT=actor"", ""PATIENT=actress""]","Prime sentence: a man is discovered by a leader .
Event roles: VERB=discover; AGENT=actor; PATIENT=actress
Sentence: the",Sentence: the,first_noun,-4.734344482421875,-7.02895975112915,-2.2946152687072754,active,0.0
1749,role_labeled,no_prime_eos,no_prime_eos,,an actor discovers an actress .,an actress is discovered by an actor .,an,actor,an,actress,discover,discovers,discovered,"[""VERB=discover"", ""AGENT=actor"", ""PATIENT=actress""]","Event roles: VERB=discover; AGENT=actor; PATIENT=actress
Sentence: the",Sentence: the,first_noun,-3.7369577884674072,-6.04617977142334,-2.3092219829559326,active,0.0
1749,role_labeled,filler,filler,The notebook stayed on the shelf .,an actor discovers an actress .,an actress is discovered by an actor .,an,actor,an,actress,discover,discovers,discovered,"[""VERB=discover"", ""AGENT=actor"", ""PATIENT=actress""]","Prime sentence: The notebook stayed on the shelf .
Event roles: VERB=discover; AGENT=actor; PATIENT=actress
Sentence: the",Sentence: the,first_noun,-6.417442321777344,-7.376912593841553,-0.959470272064209,active,0.0
1750,role_labeled,active,active,a sheriff follows a singer .,an employee follows an employer .,an employer is followed by an employee .,an,employee,an,employer,follow,follows,followed,"[""VERB=follow"", ""PATIENT=employer"", ""AGENT=employee""]","Prime sentence: a sheriff follows a singer .
Event roles: VERB=follow; PATIENT=employer; AGENT=employee
Sentence: the",Sentence: the,first_noun,-6.420564651489258,-6.594010353088379,-0.1734457015991211,active,0.0
1750,role_labeled,passive,passive,a singer is followed by a sheriff .,an employee follows an employer .,an employer is followed by an employee .,an,employee,an,employer,follow,follows,followed,"[""VERB=follow"", ""PATIENT=employer"", ""AGENT=employee""]","Prime sentence: a singer is followed by a sheriff .
Event roles: VERB=follow; PATIENT=employer; AGENT=employee
Sentence: the",Sentence: the,first_noun,-6.121739864349365,-6.258754730224609,-0.13701486587524414,active,0.0
1750,role_labeled,no_prime_eos,no_prime_eos,,an employee follows an employer .,an employer is followed by an employee .,an,employee,an,employer,follow,follows,followed,"[""VERB=follow"", ""PATIENT=employer"", ""AGENT=employee""]","Event roles: VERB=follow; PATIENT=employer; AGENT=employee
Sentence: the",Sentence: the,first_noun,-4.214446067810059,-4.734458923339844,-0.5200128555297852,active,0.0
1750,role_labeled,filler,filler,The market opened after sunrise .,an employee follows an employer .,an employer is followed by an employee .,an,employee,an,employer,follow,follows,followed,"[""VERB=follow"", ""PATIENT=employer"", ""AGENT=employee""]","Prime sentence: The market opened after sunrise .
Event roles: VERB=follow; PATIENT=employer; AGENT=employee
Sentence: the",Sentence: the,first_noun,-7.019650936126709,-7.355161190032959,-0.33551025390625,active,0.0
1751,role_labeled,active,active,a captain kisses a champion .,a physician kisses a pilot .,a pilot is kissed by a physician .,a,physician,a,pilot,kiss,kisses,kissed,"[""AGENT=physician"", ""PATIENT=pilot"", ""VERB=kiss""]","Prime sentence: a captain kisses a champion .
Event roles: AGENT=physician; PATIENT=pilot; VERB=kiss
Sentence: the",Sentence: the,first_noun,-5.888190269470215,-3.463411808013916,2.424778461456299,passive,1.0
1751,role_labeled,passive,passive,a champion is kissed by a captain .,a physician kisses a pilot .,a pilot is kissed by a physician .,a,physician,a,pilot,kiss,kisses,kissed,"[""AGENT=physician"", ""PATIENT=pilot"", ""VERB=kiss""]","Prime sentence: a champion is kissed by a captain .
Event roles: AGENT=physician; PATIENT=pilot; VERB=kiss
Sentence: the",Sentence: the,first_noun,-5.923497200012207,-3.7843120098114014,2.1391851902008057,passive,1.0
1751,role_labeled,no_prime_eos,no_prime_eos,,a physician kisses a pilot .,a pilot is kissed by a physician .,a,physician,a,pilot,kiss,kisses,kissed,"[""AGENT=physician"", ""PATIENT=pilot"", ""VERB=kiss""]","Event roles: AGENT=physician; PATIENT=pilot; VERB=kiss
Sentence: the",Sentence: the,first_noun,-4.968589782714844,-2.681959390640259,2.286630392074585,passive,1.0
1751,role_labeled,filler,filler,The kettle whistled in the kitchen .,a physician kisses a pilot .,a pilot is kissed by a physician .,a,physician,a,pilot,kiss,kisses,kissed,"[""AGENT=physician"", ""PATIENT=pilot"", ""VERB=kiss""]","Prime sentence: The kettle whistled in the kitchen .
Event roles: AGENT=physician; PATIENT=pilot; VERB=kiss
Sentence: the",Sentence: the,first_noun,-6.9050374031066895,-4.521744728088379,2.3832926750183105,passive,1.0
1752,role_labeled,active,active,an employer forgets a father .,a sheriff forgets a singer .,a singer is forgotten by a sheriff .,a,sheriff,a,singer,forget,forgets,forgotten,"[""AGENT=sheriff"", ""VERB=forget"", ""PATIENT=singer""]","Prime sentence: an employer forgets a father .
Event roles: AGENT=sheriff; VERB=forget; PATIENT=singer
Sentence: the",Sentence: the,first_noun,-3.5351719856262207,-6.241119861602783,-2.7059478759765625,active,0.0
1752,role_labeled,passive,passive,a father is forgotten by an employer .,a sheriff forgets a singer .,a singer is forgotten by a sheriff .,a,sheriff,a,singer,forget,forgets,forgotten,"[""AGENT=sheriff"", ""VERB=forget"", ""PATIENT=singer""]","Prime sentence: a father is forgotten by an employer .
Event roles: AGENT=sheriff; VERB=forget; PATIENT=singer
Sentence: the",Sentence: the,first_noun,-4.136289596557617,-6.412353515625,-2.276063919067383,active,0.0
1752,role_labeled,no_prime_eos,no_prime_eos,,a sheriff forgets a singer .,a singer is forgotten by a sheriff .,a,sheriff,a,singer,forget,forgets,forgotten,"[""AGENT=sheriff"", ""VERB=forget"", ""PATIENT=singer""]","Event roles: AGENT=sheriff; VERB=forget; PATIENT=singer
Sentence: the",Sentence: the,first_noun,-5.297181129455566,-5.315772533416748,-0.01859140396118164,active,0.0
1752,role_labeled,filler,filler,The teacher listened during assembly .,a sheriff forgets a singer .,a singer is forgotten by a sheriff .,a,sheriff,a,singer,forget,forgets,forgotten,"[""AGENT=sheriff"", ""VERB=forget"", ""PATIENT=singer""]","Prime sentence: The teacher listened during assembly .
Event roles: AGENT=sheriff; VERB=forget; PATIENT=singer
Sentence: the",Sentence: the,first_noun,-3.197070837020874,-5.906451225280762,-2.7093803882598877,active,0.0
1753,role_labeled,active,active,a prince hurts a princess .,a child hurts a colonel .,a colonel is hurt by a child .,a,child,a,colonel,hurt,hurts,hurt,"[""AGENT=child"", ""VERB=hurt"", ""PATIENT=colonel""]","Prime sentence: a prince hurts a princess .
Event roles: AGENT=child; VERB=hurt; PATIENT=colonel
Sentence: the",Sentence: the,first_noun,-4.098546028137207,-5.064959526062012,-0.9664134979248047,active,0.0
1753,role_labeled,passive,passive,a princess is hurt by a prince .,a child hurts a colonel .,a colonel is hurt by a child .,a,child,a,colonel,hurt,hurts,hurt,"[""AGENT=child"", ""VERB=hurt"", ""PATIENT=colonel""]","Prime sentence: a princess is hurt by a prince .
Event roles: AGENT=child; VERB=hurt; PATIENT=colonel
Sentence: the",Sentence: the,first_noun,-3.9882302284240723,-5.098631381988525,-1.1104011535644531,active,0.0
1753,role_labeled,no_prime_eos,no_prime_eos,,a child hurts a colonel .,a colonel is hurt by a child .,a,child,a,colonel,hurt,hurts,hurt,"[""AGENT=child"", ""VERB=hurt"", ""PATIENT=colonel""]","Event roles: AGENT=child; VERB=hurt; PATIENT=colonel
Sentence: the",Sentence: the,first_noun,-3.9142956733703613,-4.725882053375244,-0.8115863800048828,active,0.0
1753,role_labeled,filler,filler,The painter waited near the doorway .,a child hurts a colonel .,a colonel is hurt by a child .,a,child,a,colonel,hurt,hurts,hurt,"[""AGENT=child"", ""VERB=hurt"", ""PATIENT=colonel""]","Prime sentence: The painter waited near the doorway .
Event roles: AGENT=child; VERB=hurt; PATIENT=colonel
Sentence: the",Sentence: the,first_noun,-3.5343399047851562,-4.428637504577637,-0.8942975997924805,active,0.0
1754,role_labeled,active,active,a president discovers a priest .,a champion discovers a chief .,a chief is discovered by a champion .,a,champion,a,chief,discover,discovers,discovered,"[""AGENT=champion"", ""VERB=discover"", ""PATIENT=chief""]","Prime sentence: a president discovers a priest .
Event roles: AGENT=champion; VERB=discover; PATIENT=chief
Sentence: the",Sentence: the,first_noun,-6.354403495788574,-4.881505012512207,1.4728984832763672,passive,1.0
1754,role_labeled,passive,passive,a priest is discovered by a president .,a champion discovers a chief .,a chief is discovered by a champion .,a,champion,a,chief,discover,discovers,discovered,"[""AGENT=champion"", ""VERB=discover"", ""PATIENT=chief""]","Prime sentence: a priest is discovered by a president .
Event roles: AGENT=champion; VERB=discover; PATIENT=chief
Sentence: the",Sentence: the,first_noun,-6.046280860900879,-4.8923420906066895,1.1539387702941895,passive,1.0
1754,role_labeled,no_prime_eos,no_prime_eos,,a champion discovers a chief .,a chief is discovered by a champion .,a,champion,a,chief,discover,discovers,discovered,"[""AGENT=champion"", ""VERB=discover"", ""PATIENT=chief""]","Event roles: AGENT=champion; VERB=discover; PATIENT=chief
Sentence: the",Sentence: the,first_noun,-3.9577889442443848,-4.533585548400879,-0.5757966041564941,active,0.0
1754,role_labeled,filler,filler,The captain waited beside the harbor .,a champion discovers a chief .,a chief is discovered by a champion .,a,champion,a,chief,discover,discovers,discovered,"[""AGENT=champion"", ""VERB=discover"", ""PATIENT=chief""]","Prime sentence: The captain waited beside the harbor .
Event roles: AGENT=champion; VERB=discover; PATIENT=chief
Sentence: the",Sentence: the,first_noun,-7.089850425720215,-5.2469801902771,1.8428702354431152,passive,1.0
1755,role_labeled,active,active,a priest punches a prince .,a chief punches a child .,a child is punched by a chief .,a,chief,a,child,punch,punches,punched,"[""PATIENT=child"", ""VERB=punch"", ""AGENT=chief""]","Prime sentence: a priest punches a prince .
Event roles: PATIENT=child; VERB=punch; AGENT=chief
Sentence: the",Sentence: the,first_noun,-4.793797969818115,-4.12113618850708,0.6726617813110352,passive,1.0
1755,role_labeled,passive,passive,a prince is punched by a priest .,a chief punches a child .,a child is punched by a chief .,a,chief,a,child,punch,punches,punched,"[""PATIENT=child"", ""VERB=punch"", ""AGENT=chief""]","Prime sentence: a prince is punched by a priest .
Event roles: PATIENT=child; VERB=punch; AGENT=chief
Sentence: the",Sentence: the,first_noun,-4.912126541137695,-3.968099355697632,0.9440271854400635,passive,1.0
1755,role_labeled,no_prime_eos,no_prime_eos,,a chief punches a child .,a child is punched by a chief .,a,chief,a,child,punch,punches,punched,"[""PATIENT=child"", ""VERB=punch"", ""AGENT=chief""]","Event roles: PATIENT=child; VERB=punch; AGENT=chief
Sentence: the",Sentence: the,first_noun,-4.3398237228393555,-3.696223020553589,0.6436007022857666,passive,1.0
1755,role_labeled,filler,filler,The package arrived before noon .,a chief punches a child .,a child is punched by a chief .,a,chief,a,child,punch,punches,punched,"[""PATIENT=child"", ""VERB=punch"", ""AGENT=chief""]","Prime sentence: The package arrived before noon .
Event roles: PATIENT=child; VERB=punch; AGENT=chief
Sentence: the",Sentence: the,first_noun,-5.875399589538574,-3.799463987350464,2.0759356021881104,passive,1.0
1756,role_labeled,active,active,an opponent understands a parent .,a boy understands a brother .,a brother is understood by a boy .,a,boy,a,brother,understand,understands,understood,"[""PATIENT=brother"", ""VERB=understand"", ""AGENT=boy""]","Prime sentence: an opponent understands a parent .
Event roles: PATIENT=brother; VERB=understand; AGENT=boy
Sentence: the",Sentence: the,first_noun,-3.6684749126434326,-5.306183815002441,-1.6377089023590088,active,0.0
1756,role_labeled,passive,passive,a parent is understood by an opponent .,a boy understands a brother .,a brother is understood by a boy .,a,boy,a,brother,understand,understands,understood,"[""PATIENT=brother"", ""VERB=understand"", ""AGENT=boy""]","Prime sentence: a parent is understood by an opponent .
Event roles: PATIENT=brother; VERB=understand; AGENT=boy
Sentence: the",Sentence: the,first_noun,-3.9842357635498047,-5.412360191345215,-1.4281244277954102,active,0.0
1756,role_labeled,no_prime_eos,no_prime_eos,,a boy understands a brother .,a brother is understood by a boy .,a,boy,a,brother,understand,understands,understood,"[""PATIENT=brother"", ""VERB=understand"", ""AGENT=boy""]","Event roles: PATIENT=brother; VERB=understand; AGENT=boy
Sentence: the",Sentence: the,first_noun,-3.7723207473754883,-5.257167816162109,-1.484847068786621,active,0.0
1756,role_labeled,filler,filler,The violin echoed in the theater .,a boy understands a brother .,a brother is understood by a boy .,a,boy,a,brother,understand,understands,understood,"[""PATIENT=brother"", ""VERB=understand"", ""AGENT=boy""]","Prime sentence: The violin echoed in the theater .
Event roles: PATIENT=brother; VERB=understand; AGENT=boy
Sentence: the",Sentence: the,first_noun,-4.405402660369873,-7.22430944442749,-2.818906784057617,active,0.0
1757,role_labeled,active,active,a cousin chases a daughter .,a professor chases a reader .,a reader is chased by a professor .,a,professor,a,reader,chas,chases,chased,"[""VERB=chas"", ""AGENT=professor"", ""PATIENT=reader""]","Prime sentence: a cousin chases a daughter .
Event roles: VERB=chas; AGENT=professor; PATIENT=reader
Sentence: the",Sentence: the,first_noun,-3.9300804138183594,-7.0006914138793945,-3.070611000061035,active,0.0
1757,role_labeled,passive,passive,a daughter is chased by a cousin .,a professor chases a reader .,a reader is chased by a professor .,a,professor,a,reader,chas,chases,chased,"[""VERB=chas"", ""AGENT=professor"", ""PATIENT=reader""]","Prime sentence: a daughter is chased by a cousin .
Event roles: VERB=chas; AGENT=professor; PATIENT=reader
Sentence: the",Sentence: the,first_noun,-4.080931663513184,-6.755827903747559,-2.674896240234375,active,0.0
1757,role_labeled,no_prime_eos,no_prime_eos,,a professor chases a reader .,a reader is chased by a professor .,a,professor,a,reader,chas,chases,chased,"[""VERB=chas"", ""AGENT=professor"", ""PATIENT=reader""]","Event roles: VERB=chas; AGENT=professor; PATIENT=reader
Sentence: the",Sentence: the,first_noun,-4.380067825317383,-5.029717922210693,-0.6496500968933105,active,0.0
1757,role_labeled,filler,filler,The singer smiled after rehearsal .,a professor chases a reader .,a reader is chased by a professor .,a,professor,a,reader,chas,chases,chased,"[""VERB=chas"", ""AGENT=professor"", ""PATIENT=reader""]","Prime sentence: The singer smiled after rehearsal .
Event roles: VERB=chas; AGENT=professor; PATIENT=reader
Sentence: the",Sentence: the,first_noun,-3.8535916805267334,-6.422390937805176,-2.5687992572784424,active,0.0
1758,role_labeled,active,active,an employer bothers a father .,a sheriff bothers a singer .,a singer is bothered by a sheriff .,a,sheriff,a,singer,bother,bothers,bothered,"[""PATIENT=singer"", ""AGENT=sheriff"", ""VERB=bother""]","Prime sentence: an employer bothers a father .
Event roles: PATIENT=singer; AGENT=sheriff; VERB=bother
Sentence: the",Sentence: the,first_noun,-3.9638524055480957,-5.992583274841309,-2.028730869293213,active,0.0
1758,role_labeled,passive,passive,a father is bothered by an employer .,a sheriff bothers a singer .,a singer is bothered by a sheriff .,a,sheriff,a,singer,bother,bothers,bothered,"[""PATIENT=singer"", ""AGENT=sheriff"", ""VERB=bother""]","Prime sentence: a father is bothered by an employer .
Event roles: PATIENT=singer; AGENT=sheriff; VERB=bother
Sentence: the",Sentence: the,first_noun,-4.996537208557129,-6.394505977630615,-1.3979687690734863,active,0.0
1758,role_labeled,no_prime_eos,no_prime_eos,,a sheriff bothers a singer .,a singer is bothered by a sheriff .,a,sheriff,a,singer,bother,bothers,bothered,"[""PATIENT=singer"", ""AGENT=sheriff"", ""VERB=bother""]","Event roles: PATIENT=singer; AGENT=sheriff; VERB=bother
Sentence: the",Sentence: the,first_noun,-6.041612148284912,-5.253109455108643,0.7885026931762695,passive,1.0
1758,role_labeled,filler,filler,The captain waited beside the harbor .,a sheriff bothers a singer .,a singer is bothered by a sheriff .,a,sheriff,a,singer,bother,bothers,bothered,"[""PATIENT=singer"", ""AGENT=sheriff"", ""VERB=bother""]","Prime sentence: The captain waited beside the harbor .
Event roles: PATIENT=singer; AGENT=sheriff; VERB=bother
Sentence: the",Sentence: the,first_noun,-5.3669939041137695,-6.978000640869141,-1.611006736755371,active,0.0
1759,role_labeled,active,active,a prince comforts a princess .,a child comforts a colonel .,a colonel is comforted by a child .,a,child,a,colonel,comfort,comforts,comforted,"[""VERB=comfort"", ""PATIENT=colonel"", ""AGENT=child""]","Prime sentence: a prince comforts a princess .
Event roles: VERB=comfort; PATIENT=colonel; AGENT=child
Sentence: the",Sentence: the,first_noun,-4.624943733215332,-6.207118988037109,-1.5821752548217773,active,0.0
1759,role_labeled,passive,passive,a princess is comforted by a prince .,a child comforts a colonel .,a colonel is comforted by a child .,a,child,a,colonel,comfort,comforts,comforted,"[""VERB=comfort"", ""PATIENT=colonel"", ""AGENT=child""]","Prime sentence: a princess is comforted by a prince .
Event roles: VERB=comfort; PATIENT=colonel; AGENT=child
Sentence: the",Sentence: the,first_noun,-4.746405601501465,-6.4824442863464355,-1.7360386848449707,active,0.0
1759,role_labeled,no_prime_eos,no_prime_eos,,a child comforts a colonel .,a colonel is comforted by a child .,a,child,a,colonel,comfort,comforts,comforted,"[""VERB=comfort"", ""PATIENT=colonel"", ""AGENT=child""]","Event roles: VERB=comfort; PATIENT=colonel; AGENT=child
Sentence: the",Sentence: the,first_noun,-4.477004528045654,-5.4243035316467285,-0.9472990036010742,active,0.0
1759,role_labeled,filler,filler,The radio crackled in the attic .,a child comforts a colonel .,a colonel is comforted by a child .,a,child,a,colonel,comfort,comforts,comforted,"[""VERB=comfort"", ""PATIENT=colonel"", ""AGENT=child""]","Prime sentence: The radio crackled in the attic .
Event roles: VERB=comfort; PATIENT=colonel; AGENT=child
Sentence: the",Sentence: the,first_noun,-4.873660087585449,-5.607816696166992,-0.734156608581543,active,0.0
1760,role_labeled,active,active,a man joins a manager .,an actress joins an adult .,an adult is joined by an actress .,an,actress,an,adult,join,joins,joined,"[""AGENT=actress"", ""PATIENT=adult"", ""VERB=join""]","Prime sentence: a man joins a manager .
Event roles: AGENT=actress; PATIENT=adult; VERB=join
Sentence: the",Sentence: the,first_noun,-5.797904968261719,-7.0331878662109375,-1.2352828979492188,active,0.0
1760,role_labeled,passive,passive,a manager is joined by a man .,an actress joins an adult .,an adult is joined by an actress .,an,actress,an,adult,join,joins,joined,"[""AGENT=actress"", ""PATIENT=adult"", ""VERB=join""]","Prime sentence: a manager is joined by a man .
Event roles: AGENT=actress; PATIENT=adult; VERB=join
Sentence: the",Sentence: the,first_noun,-5.31870174407959,-6.903594970703125,-1.5848932266235352,active,0.0
1760,role_labeled,no_prime_eos,no_prime_eos,,an actress joins an adult .,an adult is joined by an actress .,an,actress,an,adult,join,joins,joined,"[""AGENT=actress"", ""PATIENT=adult"", ""VERB=join""]","Event roles: AGENT=actress; PATIENT=adult; VERB=join
Sentence: the",Sentence: the,first_noun,-6.300278663635254,-5.626215934753418,0.6740627288818359,passive,1.0
1760,role_labeled,filler,filler,The captain waited beside the harbor .,an actress joins an adult .,an adult is joined by an actress .,an,actress,an,adult,join,joins,joined,"[""AGENT=actress"", ""PATIENT=adult"", ""VERB=join""]","Prime sentence: The captain waited beside the harbor .
Event roles: AGENT=actress; PATIENT=adult; VERB=join
Sentence: the",Sentence: the,first_noun,-6.995594024658203,-7.848172664642334,-0.8525786399841309,active,0.0
1761,role_labeled,active,active,a mayor discovers a minister .,an attorney discovers an aunt .,an aunt is discovered by an attorney .,an,attorney,an,aunt,discover,discovers,discovered,"[""VERB=discover"", ""AGENT=attorney"", ""PATIENT=aunt""]","Prime sentence: a mayor discovers a minister .
Event roles: VERB=discover; AGENT=attorney; PATIENT=aunt
Sentence: the",Sentence: the,first_noun,-5.900328636169434,-7.0331830978393555,-1.1328544616699219,active,0.0
1761,role_labeled,passive,passive,a minister is discovered by a mayor .,an attorney discovers an aunt .,an aunt is discovered by an attorney .,an,attorney,an,aunt,discover,discovers,discovered,"[""VERB=discover"", ""AGENT=attorney"", ""PATIENT=aunt""]","Prime sentence: a minister is discovered by a mayor .
Event roles: VERB=discover; AGENT=attorney; PATIENT=aunt
Sentence: the",Sentence: the,first_noun,-6.258064270019531,-7.941948890686035,-1.683884620666504,active,0.0
1761,role_labeled,no_prime_eos,no_prime_eos,,an attorney discovers an aunt .,an aunt is discovered by an attorney .,an,attorney,an,aunt,discover,discovers,discovered,"[""VERB=discover"", ""AGENT=attorney"", ""PATIENT=aunt""]","Event roles: VERB=discover; AGENT=attorney; PATIENT=aunt
Sentence: the",Sentence: the,first_noun,-6.27253532409668,-9.057259559631348,-2.784724235534668,active,0.0
1761,role_labeled,filler,filler,The garden brightened after rain .,an attorney discovers an aunt .,an aunt is discovered by an attorney .,an,attorney,an,aunt,discover,discovers,discovered,"[""VERB=discover"", ""AGENT=attorney"", ""PATIENT=aunt""]","Prime sentence: The garden brightened after rain .
Event roles: VERB=discover; AGENT=attorney; PATIENT=aunt
Sentence: the",Sentence: the,first_noun,-8.997410774230957,-7.687228202819824,1.3101825714111328,passive,1.0
1762,role_labeled,active,active,a child comforts a colonel .,a priest comforts a prince .,a prince is comforted by a priest .,a,priest,a,prince,comfort,comforts,comforted,"[""AGENT=priest"", ""VERB=comfort"", ""PATIENT=prince""]","Prime sentence: a child comforts a colonel .
Event roles: AGENT=priest; VERB=comfort; PATIENT=prince
Sentence: the",Sentence: the,first_noun,-4.080914497375488,-4.794220447540283,-0.7133059501647949,active,0.0
1762,role_labeled,passive,passive,a colonel is comforted by a child .,a priest comforts a prince .,a prince is comforted by a priest .,a,priest,a,prince,comfort,comforts,comforted,"[""AGENT=priest"", ""VERB=comfort"", ""PATIENT=prince""]","Prime sentence: a colonel is comforted by a child .
Event roles: AGENT=priest; VERB=comfort; PATIENT=prince
Sentence: the",Sentence: the,first_noun,-3.733076333999634,-4.7321929931640625,-0.9991166591644287,active,0.0
1762,role_labeled,no_prime_eos,no_prime_eos,,a priest comforts a prince .,a prince is comforted by a priest .,a,priest,a,prince,comfort,comforts,comforted,"[""AGENT=priest"", ""VERB=comfort"", ""PATIENT=prince""]","Event roles: AGENT=priest; VERB=comfort; PATIENT=prince
Sentence: the",Sentence: the,first_noun,-3.4686145782470703,-3.9696760177612305,-0.5010614395141602,active,0.0
1762,role_labeled,filler,filler,The painter waited near the doorway .,a priest comforts a prince .,a prince is comforted by a priest .,a,priest,a,prince,comfort,comforts,comforted,"[""AGENT=priest"", ""VERB=comfort"", ""PATIENT=prince""]","Prime sentence: The painter waited near the doorway .
Event roles: AGENT=priest; VERB=comfort; PATIENT=prince
Sentence: the",Sentence: the,first_noun,-2.4483189582824707,-4.308758735656738,-1.8604397773742676,active,0.0
1763,role_labeled,active,active,a manager carries a mayor .,an adult carries an attorney .,an attorney is carried by an adult .,an,adult,an,attorney,carry,carries,carried,"[""AGENT=adult"", ""VERB=carry"", ""PATIENT=attorney""]","Prime sentence: a manager carries a mayor .
Event roles: AGENT=adult; VERB=carry; PATIENT=attorney
Sentence: the",Sentence: the,first_noun,-5.461116790771484,-5.768896102905273,-0.30777931213378906,active,0.0
1763,role_labeled,passive,passive,a mayor is carried by a manager .,an adult carries an attorney .,an attorney is carried by an adult .,an,adult,an,attorney,carry,carries,carried,"[""AGENT=adult"", ""VERB=carry"", ""PATIENT=attorney""]","Prime sentence: a mayor is carried by a manager .
Event roles: AGENT=adult; VERB=carry; PATIENT=attorney
Sentence: the",Sentence: the,first_noun,-6.071447849273682,-6.083306312561035,-0.011858463287353516,active,0.0
1763,role_labeled,no_prime_eos,no_prime_eos,,an adult carries an attorney .,an attorney is carried by an adult .,an,adult,an,attorney,carry,carries,carried,"[""AGENT=adult"", ""VERB=carry"", ""PATIENT=attorney""]","Event roles: AGENT=adult; VERB=carry; PATIENT=attorney
Sentence: the",Sentence: the,first_noun,-4.293756484985352,-6.425302028656006,-2.1315455436706543,active,0.0
1763,role_labeled,filler,filler,The notebook stayed on the shelf .,an adult carries an attorney .,an attorney is carried by an adult .,an,adult,an,attorney,carry,carries,carried,"[""AGENT=adult"", ""VERB=carry"", ""PATIENT=attorney""]","Prime sentence: The notebook stayed on the shelf .
Event roles: AGENT=adult; VERB=carry; PATIENT=attorney
Sentence: the",Sentence: the,first_noun,-6.971779823303223,-5.742305278778076,1.2294745445251465,passive,1.0
1764,role_labeled,active,active,a mayor destroys a minister .,an attorney destroys an aunt .,an aunt is destroyed by an attorney .,an,attorney,an,aunt,destroy,destroys,destroyed,"[""PATIENT=aunt"", ""VERB=destroy"", ""AGENT=attorney""]","Prime sentence: a mayor destroys a minister .
Event roles: PATIENT=aunt; VERB=destroy; AGENT=attorney
Sentence: the",Sentence: the,first_noun,-6.232022762298584,-7.442063808441162,-1.2100410461425781,active,0.0
1764,role_labeled,passive,passive,a minister is destroyed by a mayor .,an attorney destroys an aunt .,an aunt is destroyed by an attorney .,an,attorney,an,aunt,destroy,destroys,destroyed,"[""PATIENT=aunt"", ""VERB=destroy"", ""AGENT=attorney""]","Prime sentence: a minister is destroyed by a mayor .
Event roles: PATIENT=aunt; VERB=destroy; AGENT=attorney
Sentence: the",Sentence: the,first_noun,-6.145242214202881,-7.76895809173584,-1.623715877532959,active,0.0
1764,role_labeled,no_prime_eos,no_prime_eos,,an attorney destroys an aunt .,an aunt is destroyed by an attorney .,an,attorney,an,aunt,destroy,destroys,destroyed,"[""PATIENT=aunt"", ""VERB=destroy"", ""AGENT=attorney""]","Event roles: PATIENT=aunt; VERB=destroy; AGENT=attorney
Sentence: the",Sentence: the,first_noun,-6.039951324462891,-8.652996063232422,-2.6130447387695312,active,0.0
1764,role_labeled,filler,filler,The tourist wandered through the plaza .,an attorney destroys an aunt .,an aunt is destroyed by an attorney .,an,attorney,an,aunt,destroy,destroys,destroyed,"[""PATIENT=aunt"", ""VERB=destroy"", ""AGENT=attorney""]","Prime sentence: The tourist wandered through the plaza .
Event roles: PATIENT=aunt; VERB=destroy; AGENT=attorney
Sentence: the",Sentence: the,first_noun,-6.343427658081055,-5.072727203369141,1.270700454711914,passive,1.0
1765,role_labeled,active,active,a father understands a friend .,a singer understands a soldier .,a soldier is understood by a singer .,a,singer,a,soldier,understand,understands,understood,"[""VERB=understand"", ""PATIENT=soldier"", ""AGENT=singer""]","Prime sentence: a father understands a friend .
Event roles: VERB=understand; PATIENT=soldier; AGENT=singer
Sentence: the",Sentence: the,first_noun,-7.442739486694336,-4.920971870422363,2.5217676162719727,passive,1.0
1765,role_labeled,passive,passive,a friend is understood by a father .,a singer understands a soldier .,a soldier is understood by a singer .,a,singer,a,soldier,understand,understands,understood,"[""VERB=understand"", ""PATIENT=soldier"", ""AGENT=singer""]","Prime sentence: a friend is understood by a father .
Event roles: VERB=understand; PATIENT=soldier; AGENT=singer
Sentence: the",Sentence: the,first_noun,-6.75480842590332,-4.242125511169434,2.5126829147338867,passive,1.0
1765,role_labeled,no_prime_eos,no_prime_eos,,a singer understands a soldier .,a soldier is understood by a singer .,a,singer,a,soldier,understand,understands,understood,"[""VERB=understand"", ""PATIENT=soldier"", ""AGENT=singer""]","Event roles: VERB=understand; PATIENT=soldier; AGENT=singer
Sentence: the",Sentence: the,first_noun,-5.508694648742676,-4.370546340942383,1.138148307800293,passive,1.0
1765,role_labeled,filler,filler,The pillow rested on the sofa .,a singer understands a soldier .,a soldier is understood by a singer .,a,singer,a,soldier,understand,understands,understood,"[""VERB=understand"", ""PATIENT=soldier"", ""AGENT=singer""]","Prime sentence: The pillow rested on the sofa .
Event roles: VERB=understand; PATIENT=soldier; AGENT=singer
Sentence: the",Sentence: the,first_noun,-7.874635219573975,-5.526874542236328,2.3477606773376465,passive,1.0
1766,role_labeled,active,active,a brother beats a buddy .,an opponent beats a parent .,a parent is beaten by an opponent .,an,opponent,a,parent,beat,beats,beaten,"[""AGENT=opponent"", ""PATIENT=parent"", ""VERB=beat""]","Prime sentence: a brother beats a buddy .
Event roles: AGENT=opponent; PATIENT=parent; VERB=beat
Sentence: the",Sentence: the,first_noun,-7.384052753448486,-6.223891258239746,1.1601614952087402,passive,1.0
1766,role_labeled,passive,passive,a buddy is beaten by a brother .,an opponent beats a parent .,a parent is beaten by an opponent .,an,opponent,a,parent,beat,beats,beaten,"[""AGENT=opponent"", ""PATIENT=parent"", ""VERB=beat""]","Prime sentence: a buddy is beaten by a brother .
Event roles: AGENT=opponent; PATIENT=parent; VERB=beat
Sentence: the",Sentence: the,first_noun,-6.6850104331970215,-6.073391914367676,0.6116185188293457,passive,1.0
1766,role_labeled,no_prime_eos,no_prime_eos,,an opponent beats a parent .,a parent is beaten by an opponent .,an,opponent,a,parent,beat,beats,beaten,"[""AGENT=opponent"", ""PATIENT=parent"", ""VERB=beat""]","Event roles: AGENT=opponent; PATIENT=parent; VERB=beat
Sentence: the",Sentence: the,first_noun,-4.384880542755127,-5.887618064880371,-1.5027375221252441,active,0.0
1766,role_labeled,filler,filler,The violin echoed in the theater .,an opponent beats a parent .,a parent is beaten by an opponent .,an,opponent,a,parent,beat,beats,beaten,"[""AGENT=opponent"", ""PATIENT=parent"", ""VERB=beat""]","Prime sentence: The violin echoed in the theater .
Event roles: AGENT=opponent; PATIENT=parent; VERB=beat
Sentence: the",Sentence: the,first_noun,-8.727343559265137,-7.899687767028809,0.8276557922363281,passive,1.0
1767,role_labeled,active,active,a candidate carries a captain .,a partner carries a physician .,a physician is carried by a partner .,a,partner,a,physician,carry,carries,carried,"[""AGENT=partner"", ""VERB=carry"", ""PATIENT=physician""]","Prime sentence: a candidate carries a captain .
Event roles: AGENT=partner; VERB=carry; PATIENT=physician
Sentence: the",Sentence: the,first_noun,-6.643165588378906,-5.123931884765625,1.5192337036132812,passive,1.0
1767,role_labeled,passive,passive,a captain is carried by a candidate .,a partner carries a physician .,a physician is carried by a partner .,a,partner,a,physician,carry,carries,carried,"[""AGENT=partner"", ""VERB=carry"", ""PATIENT=physician""]","Prime sentence: a captain is carried by a candidate .
Event roles: AGENT=partner; VERB=carry; PATIENT=physician
Sentence: the",Sentence: the,first_noun,-7.258913040161133,-5.322514533996582,1.9363985061645508,passive,1.0
1767,role_labeled,no_prime_eos,no_prime_eos,,a partner carries a physician .,a physician is carried by a partner .,a,partner,a,physician,carry,carries,carried,"[""AGENT=partner"", ""VERB=carry"", ""PATIENT=physician""]","Event roles: AGENT=partner; VERB=carry; PATIENT=physician
Sentence: the",Sentence: the,first_noun,-6.211398601531982,-4.102210998535156,2.109187602996826,passive,1.0
1767,role_labeled,filler,filler,The witness paused near the doorway .,a partner carries a physician .,a physician is carried by a partner .,a,partner,a,physician,carry,carries,carried,"[""AGENT=partner"", ""VERB=carry"", ""PATIENT=physician""]","Prime sentence: The witness paused near the doorway .
Event roles: AGENT=partner; VERB=carry; PATIENT=physician
Sentence: the",Sentence: the,first_noun,-6.868339538574219,-4.435907363891602,2.432432174682617,passive,1.0
1768,role_labeled,active,active,a father destroys a friend .,a singer destroys a soldier .,a soldier is destroyed by a singer .,a,singer,a,soldier,destroy,destroys,destroyed,"[""VERB=destroy"", ""AGENT=singer"", ""PATIENT=soldier""]","Prime sentence: a father destroys a friend .
Event roles: VERB=destroy; AGENT=singer; PATIENT=soldier
Sentence: the",Sentence: the,first_noun,-5.382428169250488,-4.3174543380737305,1.0649738311767578,passive,1.0
1768,role_labeled,passive,passive,a friend is destroyed by a father .,a singer destroys a soldier .,a soldier is destroyed by a singer .,a,singer,a,soldier,destroy,destroys,destroyed,"[""VERB=destroy"", ""AGENT=singer"", ""PATIENT=soldier""]","Prime sentence: a friend is destroyed by a father .
Event roles: VERB=destroy; AGENT=singer; PATIENT=soldier
Sentence: the",Sentence: the,first_noun,-5.34553861618042,-4.24509859085083,1.1004400253295898,passive,1.0
1768,role_labeled,no_prime_eos,no_prime_eos,,a singer destroys a soldier .,a soldier is destroyed by a singer .,a,singer,a,soldier,destroy,destroys,destroyed,"[""VERB=destroy"", ""AGENT=singer"", ""PATIENT=soldier""]","Event roles: VERB=destroy; AGENT=singer; PATIENT=soldier
Sentence: the",Sentence: the,first_noun,-5.001036167144775,-4.07965612411499,0.9213800430297852,passive,1.0
1768,role_labeled,filler,filler,The blanket dried on the line .,a singer destroys a soldier .,a soldier is destroyed by a singer .,a,singer,a,soldier,destroy,destroys,destroyed,"[""VERB=destroy"", ""AGENT=singer"", ""PATIENT=soldier""]","Prime sentence: The blanket dried on the line .
Event roles: VERB=destroy; AGENT=singer; PATIENT=soldier
Sentence: the",Sentence: the,first_noun,-6.105714797973633,-4.677387237548828,1.4283275604248047,passive,1.0
1769,role_labeled,active,active,a writer discovers an actor .,a lady discovers a lawyer .,a lawyer is discovered by a lady .,a,lady,a,lawyer,discover,discovers,discovered,"[""VERB=discover"", ""PATIENT=lawyer"", ""AGENT=lady""]","Prime sentence: a writer discovers an actor .
Event roles: VERB=discover; PATIENT=lawyer; AGENT=lady
Sentence: the",Sentence: the,first_noun,-6.367740631103516,-4.770302772521973,1.597437858581543,passive,1.0
1769,role_labeled,passive,passive,an actor is discovered by a writer .,a lady discovers a lawyer .,a lawyer is discovered by a lady .,a,lady,a,lawyer,discover,discovers,discovered,"[""VERB=discover"", ""PATIENT=lawyer"", ""AGENT=lady""]","Prime sentence: an actor is discovered by a writer .
Event roles: VERB=discover; PATIENT=lawyer; AGENT=lady
Sentence: the",Sentence: the,first_noun,-6.733428001403809,-4.704010009765625,2.0294179916381836,passive,1.0
1769,role_labeled,no_prime_eos,no_prime_eos,,a lady discovers a lawyer .,a lawyer is discovered by a lady .,a,lady,a,lawyer,discover,discovers,discovered,"[""VERB=discover"", ""PATIENT=lawyer"", ""AGENT=lady""]","Event roles: VERB=discover; PATIENT=lawyer; AGENT=lady
Sentence: the",Sentence: the,first_noun,-6.005622863769531,-5.264848709106445,0.7407741546630859,passive,1.0
1769,role_labeled,filler,filler,The kettle whistled in the kitchen .,a lady discovers a lawyer .,a lawyer is discovered by a lady .,a,lady,a,lawyer,discover,discovers,discovered,"[""VERB=discover"", ""PATIENT=lawyer"", ""AGENT=lady""]","Prime sentence: The kettle whistled in the kitchen .
Event roles: VERB=discover; PATIENT=lawyer; AGENT=lady
Sentence: the",Sentence: the,first_noun,-5.447608947753906,-5.925861358642578,-0.4782524108886719,active,0.0
1770,role_labeled,active,active,a reader hurts a scientist .,a cousin hurts a daughter .,a daughter is hurt by a cousin .,a,cousin,a,daughter,hurt,hurts,hurt,"[""AGENT=cousin"", ""PATIENT=daughter"", ""VERB=hurt""]","Prime sentence: a reader hurts a scientist .
Event roles: AGENT=cousin; PATIENT=daughter; VERB=hurt
Sentence: the",Sentence: the,first_noun,-7.444890975952148,-5.174241065979004,2.2706499099731445,passive,1.0
1770,role_labeled,passive,passive,a scientist is hurt by a reader .,a cousin hurts a daughter .,a daughter is hurt by a cousin .,a,cousin,a,daughter,hurt,hurts,hurt,"[""AGENT=cousin"", ""PATIENT=daughter"", ""VERB=hurt""]","Prime sentence: a scientist is hurt by a reader .
Event roles: AGENT=cousin; PATIENT=daughter; VERB=hurt
Sentence: the",Sentence: the,first_noun,-7.278757095336914,-5.326766014099121,1.951991081237793,passive,1.0
1770,role_labeled,no_prime_eos,no_prime_eos,,a cousin hurts a daughter .,a daughter is hurt by a cousin .,a,cousin,a,daughter,hurt,hurts,hurt,"[""AGENT=cousin"", ""PATIENT=daughter"", ""VERB=hurt""]","Event roles: AGENT=cousin; PATIENT=daughter; VERB=hurt
Sentence: the",Sentence: the,first_noun,-7.494930267333984,-4.53412389755249,2.960806369781494,passive,1.0
1770,role_labeled,filler,filler,The radio crackled in the attic .,a cousin hurts a daughter .,a daughter is hurt by a cousin .,a,cousin,a,daughter,hurt,hurts,hurt,"[""AGENT=cousin"", ""PATIENT=daughter"", ""VERB=hurt""]","Prime sentence: The radio crackled in the attic .
Event roles: AGENT=cousin; PATIENT=daughter; VERB=hurt
Sentence: the",Sentence: the,first_noun,-7.8657660484313965,-6.079755783081055,1.7860102653503418,passive,1.0
1771,role_labeled,active,active,a minister punches a mother .,an aunt punches an author .,an author is punched by an aunt .,an,aunt,an,author,punch,punches,punched,"[""AGENT=aunt"", ""PATIENT=author"", ""VERB=punch""]","Prime sentence: a minister punches a mother .
Event roles: AGENT=aunt; PATIENT=author; VERB=punch
Sentence: the",Sentence: the,first_noun,-6.059864521026611,-5.7872748374938965,0.27258968353271484,passive,1.0
1771,role_labeled,passive,passive,a mother is punched by a minister .,an aunt punches an author .,an author is punched by an aunt .,an,aunt,an,author,punch,punches,punched,"[""AGENT=aunt"", ""PATIENT=author"", ""VERB=punch""]","Prime sentence: a mother is punched by a minister .
Event roles: AGENT=aunt; PATIENT=author; VERB=punch
Sentence: the",Sentence: the,first_noun,-5.418987274169922,-5.359951972961426,0.059035301208496094,passive,1.0
1771,role_labeled,no_prime_eos,no_prime_eos,,an aunt punches an author .,an author is punched by an aunt .,an,aunt,an,author,punch,punches,punched,"[""AGENT=aunt"", ""PATIENT=author"", ""VERB=punch""]","Event roles: AGENT=aunt; PATIENT=author; VERB=punch
Sentence: the",Sentence: the,first_noun,-8.578027725219727,-4.354670524597168,4.223357200622559,passive,1.0
1771,role_labeled,filler,filler,The garden brightened after rain .,an aunt punches an author .,an author is punched by an aunt .,an,aunt,an,author,punch,punches,punched,"[""AGENT=aunt"", ""PATIENT=author"", ""VERB=punch""]","Prime sentence: The garden brightened after rain .
Event roles: AGENT=aunt; PATIENT=author; VERB=punch
Sentence: the",Sentence: the,first_noun,-7.327696323394775,-7.493408679962158,-0.1657123565673828,active,0.0
1772,role_labeled,active,active,a guest carries a guy .,a student carries a teacher .,a teacher is carried by a student .,a,student,a,teacher,carry,carries,carried,"[""AGENT=student"", ""PATIENT=teacher"", ""VERB=carry""]","Prime sentence: a guest carries a guy .
Event roles: AGENT=student; PATIENT=teacher; VERB=carry
Sentence: the",Sentence: the,first_noun,-2.615246534347534,-3.2787015438079834,-0.6634550094604492,active,0.0
1772,role_labeled,passive,passive,a guy is carried by a guest .,a student carries a teacher .,a teacher is carried by a student .,a,student,a,teacher,carry,carries,carried,"[""AGENT=student"", ""PATIENT=teacher"", ""VERB=carry""]","Prime sentence: a guy is carried by a guest .
Event roles: AGENT=student; PATIENT=teacher; VERB=carry
Sentence: the",Sentence: the,first_noun,-2.709420680999756,-3.160187244415283,-0.45076656341552734,active,0.0
1772,role_labeled,no_prime_eos,no_prime_eos,,a student carries a teacher .,a teacher is carried by a student .,a,student,a,teacher,carry,carries,carried,"[""AGENT=student"", ""PATIENT=teacher"", ""VERB=carry""]","Event roles: AGENT=student; PATIENT=teacher; VERB=carry
Sentence: the",Sentence: the,first_noun,-2.5076754093170166,-3.1843881607055664,-0.6767127513885498,active,0.0
1772,role_labeled,filler,filler,The package arrived before noon .,a student carries a teacher .,a teacher is carried by a student .,a,student,a,teacher,carry,carries,carried,"[""AGENT=student"", ""PATIENT=teacher"", ""VERB=carry""]","Prime sentence: The package arrived before noon .
Event roles: AGENT=student; PATIENT=teacher; VERB=carry
Sentence: the",Sentence: the,first_noun,-3.102787971496582,-3.6247289180755615,-0.5219409465789795,active,0.0
1773,role_labeled,active,active,an opponent drags a parent .,a boy drags a brother .,a brother is dragged by a boy .,a,boy,a,brother,drag,drags,dragged,"[""PATIENT=brother"", ""VERB=drag"", ""AGENT=boy""]","Prime sentence: an opponent drags a parent .
Event roles: PATIENT=brother; VERB=drag; AGENT=boy
Sentence: the",Sentence: the,first_noun,-2.4178953170776367,-4.519285678863525,-2.1013903617858887,active,0.0
1773,role_labeled,passive,passive,a parent is dragged by an opponent .,a boy drags a brother .,a brother is dragged by a boy .,a,boy,a,brother,drag,drags,dragged,"[""PATIENT=brother"", ""VERB=drag"", ""AGENT=boy""]","Prime sentence: a parent is dragged by an opponent .
Event roles: PATIENT=brother; VERB=drag; AGENT=boy
Sentence: the",Sentence: the,first_noun,-2.786619186401367,-5.024272918701172,-2.2376537322998047,active,0.0
1773,role_labeled,no_prime_eos,no_prime_eos,,a boy drags a brother .,a brother is dragged by a boy .,a,boy,a,brother,drag,drags,dragged,"[""PATIENT=brother"", ""VERB=drag"", ""AGENT=boy""]","Event roles: PATIENT=brother; VERB=drag; AGENT=boy
Sentence: the",Sentence: the,first_noun,-3.140388250350952,-5.471874237060547,-2.3314859867095947,active,0.0
1773,role_labeled,filler,filler,The garden brightened after rain .,a boy drags a brother .,a brother is dragged by a boy .,a,boy,a,brother,drag,drags,dragged,"[""PATIENT=brother"", ""VERB=drag"", ""AGENT=boy""]","Prime sentence: The garden brightened after rain .
Event roles: PATIENT=brother; VERB=drag; AGENT=boy
Sentence: the",Sentence: the,first_noun,-4.238348960876465,-7.581843852996826,-3.3434948921203613,active,0.0
1774,role_labeled,active,active,a cousin surprises a daughter .,a professor surprises a reader .,a reader is surprised by a professor .,a,professor,a,reader,surpris,surprises,surprised,"[""VERB=surpris"", ""PATIENT=reader"", ""AGENT=professor""]","Prime sentence: a cousin surprises a daughter .
Event roles: VERB=surpris; PATIENT=reader; AGENT=professor
Sentence: the",Sentence: the,first_noun,-4.28355598449707,-6.796934127807617,-2.513378143310547,active,0.0
1774,role_labeled,passive,passive,a daughter is surprised by a cousin .,a professor surprises a reader .,a reader is surprised by a professor .,a,professor,a,reader,surpris,surprises,surprised,"[""VERB=surpris"", ""PATIENT=reader"", ""AGENT=professor""]","Prime sentence: a daughter is surprised by a cousin .
Event roles: VERB=surpris; PATIENT=reader; AGENT=professor
Sentence: the",Sentence: the,first_noun,-4.253111839294434,-6.79295015335083,-2.5398383140563965,active,0.0
1774,role_labeled,no_prime_eos,no_prime_eos,,a professor surprises a reader .,a reader is surprised by a professor .,a,professor,a,reader,surpris,surprises,surprised,"[""VERB=surpris"", ""PATIENT=reader"", ""AGENT=professor""]","Event roles: VERB=surpris; PATIENT=reader; AGENT=professor
Sentence: the",Sentence: the,first_noun,-4.596214771270752,-5.407705307006836,-0.811490535736084,active,0.0
1774,role_labeled,filler,filler,The window rattled during the storm .,a professor surprises a reader .,a reader is surprised by a professor .,a,professor,a,reader,surpris,surprises,surprised,"[""VERB=surpris"", ""PATIENT=reader"", ""AGENT=professor""]","Prime sentence: The window rattled during the storm .
Event roles: VERB=surpris; PATIENT=reader; AGENT=professor
Sentence: the",Sentence: the,first_noun,-4.853368759155273,-7.429361343383789,-2.5759925842285156,active,0.0
1775,role_labeled,active,active,a cop asks a cousin .,a princess asks a professor .,a professor is asked by a princess .,a,princess,a,professor,ask,asks,asked,"[""VERB=ask"", ""PATIENT=professor"", ""AGENT=princess""]","Prime sentence: a cop asks a cousin .
Event roles: VERB=ask; PATIENT=professor; AGENT=princess
Sentence: the",Sentence: the,first_noun,-5.122276306152344,-3.587406873703003,1.5348694324493408,passive,1.0
1775,role_labeled,passive,passive,a cousin is asked by a cop .,a princess asks a professor .,a professor is asked by a princess .,a,princess,a,professor,ask,asks,asked,"[""VERB=ask"", ""PATIENT=professor"", ""AGENT=princess""]","Prime sentence: a cousin is asked by a cop .
Event roles: VERB=ask; PATIENT=professor; AGENT=princess
Sentence: the",Sentence: the,first_noun,-5.767085552215576,-4.356221675872803,1.4108638763427734,passive,1.0
1775,role_labeled,no_prime_eos,no_prime_eos,,a princess asks a professor .,a professor is asked by a princess .,a,princess,a,professor,ask,asks,asked,"[""VERB=ask"", ""PATIENT=professor"", ""AGENT=princess""]","Event roles: VERB=ask; PATIENT=professor; AGENT=princess
Sentence: the",Sentence: the,first_noun,-5.222659587860107,-4.977451801300049,0.2452077865600586,passive,1.0
1775,role_labeled,filler,filler,The painter waited near the doorway .,a princess asks a professor .,a professor is asked by a princess .,a,princess,a,professor,ask,asks,asked,"[""VERB=ask"", ""PATIENT=professor"", ""AGENT=princess""]","Prime sentence: The painter waited near the doorway .
Event roles: VERB=ask; PATIENT=professor; AGENT=princess
Sentence: the",Sentence: the,first_noun,-5.096123218536377,-3.9435014724731445,1.1526217460632324,passive,1.0
1776,role_labeled,active,active,an employee hurries an employer .,a secretary hurries a sheriff .,a sheriff is hurried by a secretary .,a,secretary,a,sheriff,hurry,hurries,hurried,"[""AGENT=secretary"", ""VERB=hurry"", ""PATIENT=sheriff""]","Prime sentence: an employee hurries an employer .
Event roles: AGENT=secretary; VERB=hurry; PATIENT=sheriff
Sentence: the",Sentence: the,first_noun,-4.897697448730469,-4.238354682922363,0.6593427658081055,passive,1.0
1776,role_labeled,passive,passive,an employer is hurried by an employee .,a secretary hurries a sheriff .,a sheriff is hurried by a secretary .,a,secretary,a,sheriff,hurry,hurries,hurried,"[""AGENT=secretary"", ""VERB=hurry"", ""PATIENT=sheriff""]","Prime sentence: an employer is hurried by an employee .
Event roles: AGENT=secretary; VERB=hurry; PATIENT=sheriff
Sentence: the",Sentence: the,first_noun,-5.564559459686279,-5.088062286376953,0.47649717330932617,passive,1.0
1776,role_labeled,no_prime_eos,no_prime_eos,,a secretary hurries a sheriff .,a sheriff is hurried by a secretary .,a,secretary,a,sheriff,hurry,hurries,hurried,"[""AGENT=secretary"", ""VERB=hurry"", ""PATIENT=sheriff""]","Event roles: AGENT=secretary; VERB=hurry; PATIENT=sheriff
Sentence: the",Sentence: the,first_noun,-4.332639694213867,-5.045382499694824,-0.712742805480957,active,0.0
1776,role_labeled,filler,filler,The radio crackled in the attic .,a secretary hurries a sheriff .,a sheriff is hurried by a secretary .,a,secretary,a,sheriff,hurry,hurries,hurried,"[""AGENT=secretary"", ""VERB=hurry"", ""PATIENT=sheriff""]","Prime sentence: The radio crackled in the attic .
Event roles: AGENT=secretary; VERB=hurry; PATIENT=sheriff
Sentence: the",Sentence: the,first_noun,-6.618463039398193,-4.626269340515137,1.9921936988830566,passive,1.0
1777,role_labeled,active,active,a kid hurries a king .,a winner hurries a woman .,a woman is hurried by a winner .,a,winner,a,woman,hurry,hurries,hurried,"[""VERB=hurry"", ""AGENT=winner"", ""PATIENT=woman""]","Prime sentence: a kid hurries a king .
Event roles: VERB=hurry; AGENT=winner; PATIENT=woman
Sentence: the",Sentence: the,first_noun,-6.507294654846191,-4.811681270599365,1.6956133842468262,passive,1.0
1777,role_labeled,passive,passive,a king is hurried by a kid .,a winner hurries a woman .,a woman is hurried by a winner .,a,winner,a,woman,hurry,hurries,hurried,"[""VERB=hurry"", ""AGENT=winner"", ""PATIENT=woman""]","Prime sentence: a king is hurried by a kid .
Event roles: VERB=hurry; AGENT=winner; PATIENT=woman
Sentence: the",Sentence: the,first_noun,-7.018155097961426,-4.95837926864624,2.0597758293151855,passive,1.0
1777,role_labeled,no_prime_eos,no_prime_eos,,a winner hurries a woman .,a woman is hurried by a winner .,a,winner,a,woman,hurry,hurries,hurried,"[""VERB=hurry"", ""AGENT=winner"", ""PATIENT=woman""]","Event roles: VERB=hurry; AGENT=winner; PATIENT=woman
Sentence: the",Sentence: the,first_noun,-4.2788190841674805,-3.5632195472717285,0.715599536895752,passive,1.0
1777,role_labeled,filler,filler,The window rattled during the storm .,a winner hurries a woman .,a woman is hurried by a winner .,a,winner,a,woman,hurry,hurries,hurried,"[""VERB=hurry"", ""AGENT=winner"", ""PATIENT=woman""]","Prime sentence: The window rattled during the storm .
Event roles: VERB=hurry; AGENT=winner; PATIENT=woman
Sentence: the",Sentence: the,first_noun,-8.4464111328125,-4.638916969299316,3.8074941635131836,passive,1.0
1778,role_labeled,active,active,a boy forgets a brother .,a nurse forgets an opponent .,an opponent is forgotten by a nurse .,a,nurse,an,opponent,forget,forgets,forgotten,"[""AGENT=nurse"", ""VERB=forget"", ""PATIENT=opponent""]","Prime sentence: a boy forgets a brother .
Event roles: AGENT=nurse; VERB=forget; PATIENT=opponent
Sentence: the",Sentence: the,first_noun,-3.797839641571045,-7.668137073516846,-3.870297431945801,active,0.0
1778,role_labeled,passive,passive,a brother is forgotten by a boy .,a nurse forgets an opponent .,an opponent is forgotten by a nurse .,a,nurse,an,opponent,forget,forgets,forgotten,"[""AGENT=nurse"", ""VERB=forget"", ""PATIENT=opponent""]","Prime sentence: a brother is forgotten by a boy .
Event roles: AGENT=nurse; VERB=forget; PATIENT=opponent
Sentence: the",Sentence: the,first_noun,-3.75238037109375,-8.029315948486328,-4.276935577392578,active,0.0
1778,role_labeled,no_prime_eos,no_prime_eos,,a nurse forgets an opponent .,an opponent is forgotten by a nurse .,a,nurse,an,opponent,forget,forgets,forgotten,"[""AGENT=nurse"", ""VERB=forget"", ""PATIENT=opponent""]","Event roles: AGENT=nurse; VERB=forget; PATIENT=opponent
Sentence: the",Sentence: the,first_noun,-3.2507786750793457,-5.3388142585754395,-2.0880355834960938,active,0.0
1778,role_labeled,filler,filler,The radio crackled in the attic .,a nurse forgets an opponent .,an opponent is forgotten by a nurse .,a,nurse,an,opponent,forget,forgets,forgotten,"[""AGENT=nurse"", ""VERB=forget"", ""PATIENT=opponent""]","Prime sentence: The radio crackled in the attic .
Event roles: AGENT=nurse; VERB=forget; PATIENT=opponent
Sentence: the",Sentence: the,first_noun,-3.9987363815307617,-8.785791397094727,-4.787055015563965,active,0.0
1779,role_labeled,active,active,an aunt surprises an author .,a mayor surprises a minister .,a minister is surprised by a mayor .,a,mayor,a,minister,surpris,surprises,surprised,"[""AGENT=mayor"", ""PATIENT=minister"", ""VERB=surpris""]","Prime sentence: an aunt surprises an author .
Event roles: AGENT=mayor; PATIENT=minister; VERB=surpris
Sentence: the",Sentence: the,first_noun,-3.270982503890991,-5.02565860748291,-1.754676103591919,active,0.0
1779,role_labeled,passive,passive,an author is surprised by an aunt .,a mayor surprises a minister .,a minister is surprised by a mayor .,a,mayor,a,minister,surpris,surprises,surprised,"[""AGENT=mayor"", ""PATIENT=minister"", ""VERB=surpris""]","Prime sentence: an author is surprised by an aunt .
Event roles: AGENT=mayor; PATIENT=minister; VERB=surpris
Sentence: the",Sentence: the,first_noun,-3.21112060546875,-5.087308406829834,-1.876187801361084,active,0.0
1779,role_labeled,no_prime_eos,no_prime_eos,,a mayor surprises a minister .,a minister is surprised by a mayor .,a,mayor,a,minister,surpris,surprises,surprised,"[""AGENT=mayor"", ""PATIENT=minister"", ""VERB=surpris""]","Event roles: AGENT=mayor; PATIENT=minister; VERB=surpris
Sentence: the",Sentence: the,first_noun,-3.0348060131073,-4.6810383796691895,-1.6462323665618896,active,0.0
1779,role_labeled,filler,filler,The garden brightened after rain .,a mayor surprises a minister .,a minister is surprised by a mayor .,a,mayor,a,minister,surpris,surprises,surprised,"[""AGENT=mayor"", ""PATIENT=minister"", ""VERB=surpris""]","Prime sentence: The garden brightened after rain .
Event roles: AGENT=mayor; PATIENT=minister; VERB=surpris
Sentence: the",Sentence: the,first_noun,-5.106606483459473,-6.605406284332275,-1.4987998008728027,active,0.0
1780,role_labeled,active,active,an aunt helps an author .,a mayor helps a minister .,a minister is helped by a mayor .,a,mayor,a,minister,help,helps,helped,"[""PATIENT=minister"", ""AGENT=mayor"", ""VERB=help""]","Prime sentence: an aunt helps an author .
Event roles: PATIENT=minister; AGENT=mayor; VERB=help
Sentence: the",Sentence: the,first_noun,-3.175778388977051,-4.583219528198242,-1.4074411392211914,active,0.0
1780,role_labeled,passive,passive,an author is helped by an aunt .,a mayor helps a minister .,a minister is helped by a mayor .,a,mayor,a,minister,help,helps,helped,"[""PATIENT=minister"", ""AGENT=mayor"", ""VERB=help""]","Prime sentence: an author is helped by an aunt .
Event roles: PATIENT=minister; AGENT=mayor; VERB=help
Sentence: the",Sentence: the,first_noun,-3.5368072986602783,-4.603277206420898,-1.0664699077606201,active,0.0
1780,role_labeled,no_prime_eos,no_prime_eos,,a mayor helps a minister .,a minister is helped by a mayor .,a,mayor,a,minister,help,helps,helped,"[""PATIENT=minister"", ""AGENT=mayor"", ""VERB=help""]","Event roles: PATIENT=minister; AGENT=mayor; VERB=help
Sentence: the",Sentence: the,first_noun,-3.465956211090088,-4.39923095703125,-0.9332747459411621,active,0.0
1780,role_labeled,filler,filler,The teacher listened during assembly .,a mayor helps a minister .,a minister is helped by a mayor .,a,mayor,a,minister,help,helps,helped,"[""PATIENT=minister"", ""AGENT=mayor"", ""VERB=help""]","Prime sentence: The teacher listened during assembly .
Event roles: PATIENT=minister; AGENT=mayor; VERB=help
Sentence: the",Sentence: the,first_noun,-3.1124753952026367,-3.9236106872558594,-0.8111352920532227,active,0.0
1781,role_labeled,active,active,a president raises a priest .,a champion raises a chief .,a chief is raised by a champion .,a,champion,a,chief,rais,raises,raised,"[""PATIENT=chief"", ""VERB=rais"", ""AGENT=champion""]","Prime sentence: a president raises a priest .
Event roles: PATIENT=chief; VERB=rais; AGENT=champion
Sentence: the",Sentence: the,first_noun,-7.568617820739746,-4.435983657836914,3.132634162902832,passive,1.0
1781,role_labeled,passive,passive,a priest is raised by a president .,a champion raises a chief .,a chief is raised by a champion .,a,champion,a,chief,rais,raises,raised,"[""PATIENT=chief"", ""VERB=rais"", ""AGENT=champion""]","Prime sentence: a priest is raised by a president .
Event roles: PATIENT=chief; VERB=rais; AGENT=champion
Sentence: the",Sentence: the,first_noun,-7.269106388092041,-4.606622695922852,2.6624836921691895,passive,1.0
1781,role_labeled,no_prime_eos,no_prime_eos,,a champion raises a chief .,a chief is raised by a champion .,a,champion,a,chief,rais,raises,raised,"[""PATIENT=chief"", ""VERB=rais"", ""AGENT=champion""]","Event roles: PATIENT=chief; VERB=rais; AGENT=champion
Sentence: the",Sentence: the,first_noun,-5.458463668823242,-3.941970109939575,1.516493558883667,passive,1.0
1781,role_labeled,filler,filler,The radio crackled in the attic .,a champion raises a chief .,a chief is raised by a champion .,a,champion,a,chief,rais,raises,raised,"[""PATIENT=chief"", ""VERB=rais"", ""AGENT=champion""]","Prime sentence: The radio crackled in the attic .
Event roles: PATIENT=chief; VERB=rais; AGENT=champion
Sentence: the",Sentence: the,first_noun,-7.5760602951049805,-6.311462879180908,1.2645974159240723,passive,1.0
1782,role_labeled,active,active,a wife punches a winner .,a hero punches a husband .,a husband is punched by a hero .,a,hero,a,husband,punch,punches,punched,"[""PATIENT=husband"", ""VERB=punch"", ""AGENT=hero""]","Prime sentence: a wife punches a winner .
Event roles: PATIENT=husband; VERB=punch; AGENT=hero
Sentence: the",Sentence: the,first_noun,-4.750884056091309,-2.9569828510284424,1.7939012050628662,passive,1.0
1782,role_labeled,passive,passive,a winner is punched by a wife .,a hero punches a husband .,a husband is punched by a hero .,a,hero,a,husband,punch,punches,punched,"[""PATIENT=husband"", ""VERB=punch"", ""AGENT=hero""]","Prime sentence: a winner is punched by a wife .
Event roles: PATIENT=husband; VERB=punch; AGENT=hero
Sentence: the",Sentence: the,first_noun,-4.230746269226074,-2.9995768070220947,1.2311694622039795,passive,1.0
1782,role_labeled,no_prime_eos,no_prime_eos,,a hero punches a husband .,a husband is punched by a hero .,a,hero,a,husband,punch,punches,punched,"[""PATIENT=husband"", ""VERB=punch"", ""AGENT=hero""]","Event roles: PATIENT=husband; VERB=punch; AGENT=hero
Sentence: the",Sentence: the,first_noun,-3.4822487831115723,-4.270490646362305,-0.7882418632507324,active,0.0
1782,role_labeled,filler,filler,The baker laughed during breakfast .,a hero punches a husband .,a husband is punched by a hero .,a,hero,a,husband,punch,punches,punched,"[""PATIENT=husband"", ""VERB=punch"", ""AGENT=hero""]","Prime sentence: The baker laughed during breakfast .
Event roles: PATIENT=husband; VERB=punch; AGENT=hero
Sentence: the",Sentence: the,first_noun,-5.7494611740112305,-4.092696189880371,1.6567649841308594,passive,1.0
1783,role_labeled,active,active,a daughter describes a doctor .,a reader describes a scientist .,a scientist is described by a reader .,a,reader,a,scientist,describ,describes,described,"[""AGENT=reader"", ""PATIENT=scientist"", ""VERB=describ""]","Prime sentence: a daughter describes a doctor .
Event roles: AGENT=reader; PATIENT=scientist; VERB=describ
Sentence: the",Sentence: the,first_noun,-5.6406168937683105,-4.142606258392334,1.4980106353759766,passive,1.0
1783,role_labeled,passive,passive,a doctor is described by a daughter .,a reader describes a scientist .,a scientist is described by a reader .,a,reader,a,scientist,describ,describes,described,"[""AGENT=reader"", ""PATIENT=scientist"", ""VERB=describ""]","Prime sentence: a doctor is described by a daughter .
Event roles: AGENT=reader; PATIENT=scientist; VERB=describ
Sentence: the",Sentence: the,first_noun,-4.9636945724487305,-3.6810827255249023,1.2826118469238281,passive,1.0
1783,role_labeled,no_prime_eos,no_prime_eos,,a reader describes a scientist .,a scientist is described by a reader .,a,reader,a,scientist,describ,describes,described,"[""AGENT=reader"", ""PATIENT=scientist"", ""VERB=describ""]","Event roles: AGENT=reader; PATIENT=scientist; VERB=describ
Sentence: the",Sentence: the,first_noun,-4.457523822784424,-4.847562789916992,-0.39003896713256836,active,0.0
1783,role_labeled,filler,filler,The teacher listened during assembly .,a reader describes a scientist .,a scientist is described by a reader .,a,reader,a,scientist,describ,describes,described,"[""AGENT=reader"", ""PATIENT=scientist"", ""VERB=describ""]","Prime sentence: The teacher listened during assembly .
Event roles: AGENT=reader; PATIENT=scientist; VERB=describ
Sentence: the",Sentence: the,first_noun,-4.692975997924805,-3.225933074951172,1.4670429229736328,passive,1.0
1784,role_labeled,active,active,a lawyer teaches a leader .,a writer teaches an actor .,an actor is taught by a writer .,a,writer,an,actor,teach,teaches,taught,"[""PATIENT=actor"", ""VERB=teach"", ""AGENT=writer""]","Prime sentence: a lawyer teaches a leader .
Event roles: PATIENT=actor; VERB=teach; AGENT=writer
Sentence: the",Sentence: the,first_noun,-6.248871803283691,-4.753716468811035,1.4951553344726562,passive,1.0
1784,role_labeled,passive,passive,a leader is taught by a lawyer .,a writer teaches an actor .,an actor is taught by a writer .,a,writer,an,actor,teach,teaches,taught,"[""PATIENT=actor"", ""VERB=teach"", ""AGENT=writer""]","Prime sentence: a leader is taught by a lawyer .
Event roles: PATIENT=actor; VERB=teach; AGENT=writer
Sentence: the",Sentence: the,first_noun,-6.626975059509277,-5.066473960876465,1.5605010986328125,passive,1.0
1784,role_labeled,no_prime_eos,no_prime_eos,,a writer teaches an actor .,an actor is taught by a writer .,a,writer,an,actor,teach,teaches,taught,"[""PATIENT=actor"", ""VERB=teach"", ""AGENT=writer""]","Event roles: PATIENT=actor; VERB=teach; AGENT=writer
Sentence: the",Sentence: the,first_noun,-5.6533966064453125,-4.839683532714844,0.8137130737304688,passive,1.0
1784,role_labeled,filler,filler,The planet shimmered above the valley .,a writer teaches an actor .,an actor is taught by a writer .,a,writer,an,actor,teach,teaches,taught,"[""PATIENT=actor"", ""VERB=teach"", ""AGENT=writer""]","Prime sentence: The planet shimmered above the valley .
Event roles: PATIENT=actor; VERB=teach; AGENT=writer
Sentence: the",Sentence: the,first_noun,-8.180488586425781,-7.290782451629639,0.8897061347961426,passive,1.0
1785,role_labeled,active,active,a captain hurts a champion .,a physician hurts a pilot .,a pilot is hurt by a physician .,a,physician,a,pilot,hurt,hurts,hurt,"[""AGENT=physician"", ""VERB=hurt"", ""PATIENT=pilot""]","Prime sentence: a captain hurts a champion .
Event roles: AGENT=physician; VERB=hurt; PATIENT=pilot
Sentence: the",Sentence: the,first_noun,-5.778398036956787,-3.1822452545166016,2.5961527824401855,passive,1.0
1785,role_labeled,passive,passive,a champion is hurt by a captain .,a physician hurts a pilot .,a pilot is hurt by a physician .,a,physician,a,pilot,hurt,hurts,hurt,"[""AGENT=physician"", ""VERB=hurt"", ""PATIENT=pilot""]","Prime sentence: a champion is hurt by a captain .
Event roles: AGENT=physician; VERB=hurt; PATIENT=pilot
Sentence: the",Sentence: the,first_noun,-5.210200786590576,-3.353519916534424,1.8566808700561523,passive,1.0
1785,role_labeled,no_prime_eos,no_prime_eos,,a physician hurts a pilot .,a pilot is hurt by a physician .,a,physician,a,pilot,hurt,hurts,hurt,"[""AGENT=physician"", ""VERB=hurt"", ""PATIENT=pilot""]","Event roles: AGENT=physician; VERB=hurt; PATIENT=pilot
Sentence: the",Sentence: the,first_noun,-3.9743010997772217,-2.590033769607544,1.3842673301696777,passive,1.0
1785,role_labeled,filler,filler,The window rattled during the storm .,a physician hurts a pilot .,a pilot is hurt by a physician .,a,physician,a,pilot,hurt,hurts,hurt,"[""AGENT=physician"", ""VERB=hurt"", ""PATIENT=pilot""]","Prime sentence: The window rattled during the storm .
Event roles: AGENT=physician; VERB=hurt; PATIENT=pilot
Sentence: the",Sentence: the,first_noun,-6.941274166107178,-3.5799107551574707,3.361363410949707,passive,1.0
1786,role_labeled,active,active,an attorney teaches an aunt .,a manager teaches a mayor .,a mayor is taught by a manager .,a,manager,a,mayor,teach,teaches,taught,"[""VERB=teach"", ""AGENT=manager"", ""PATIENT=mayor""]","Prime sentence: an attorney teaches an aunt .
Event roles: VERB=teach; AGENT=manager; PATIENT=mayor
Sentence: the",Sentence: the,first_noun,-5.246630668640137,-2.8796064853668213,2.3670241832733154,passive,1.0
1786,role_labeled,passive,passive,an aunt is taught by an attorney .,a manager teaches a mayor .,a mayor is taught by a manager .,a,manager,a,mayor,teach,teaches,taught,"[""VERB=teach"", ""AGENT=manager"", ""PATIENT=mayor""]","Prime sentence: an aunt is taught by an attorney .
Event roles: VERB=teach; AGENT=manager; PATIENT=mayor
Sentence: the",Sentence: the,first_noun,-5.420611381530762,-3.075239419937134,2.345371961593628,passive,1.0
1786,role_labeled,no_prime_eos,no_prime_eos,,a manager teaches a mayor .,a mayor is taught by a manager .,a,manager,a,mayor,teach,teaches,taught,"[""VERB=teach"", ""AGENT=manager"", ""PATIENT=mayor""]","Event roles: VERB=teach; AGENT=manager; PATIENT=mayor
Sentence: the",Sentence: the,first_noun,-5.126130104064941,-2.9006731510162354,2.225456953048706,passive,1.0
1786,role_labeled,filler,filler,The painter waited near the doorway .,a manager teaches a mayor .,a mayor is taught by a manager .,a,manager,a,mayor,teach,teaches,taught,"[""VERB=teach"", ""AGENT=manager"", ""PATIENT=mayor""]","Prime sentence: The painter waited near the doorway .
Event roles: VERB=teach; AGENT=manager; PATIENT=mayor
Sentence: the",Sentence: the,first_noun,-5.047811508178711,-4.068020343780518,0.9797911643981934,passive,1.0
1787,role_labeled,active,active,a cousin discovers a daughter .,a professor discovers a reader .,a reader is discovered by a professor .,a,professor,a,reader,discover,discovers,discovered,"[""AGENT=professor"", ""PATIENT=reader"", ""VERB=discover""]","Prime sentence: a cousin discovers a daughter .
Event roles: AGENT=professor; PATIENT=reader; VERB=discover
Sentence: the",Sentence: the,first_noun,-3.1082310676574707,-5.8073410987854,-2.6991100311279297,active,0.0
1787,role_labeled,passive,passive,a daughter is discovered by a cousin .,a professor discovers a reader .,a reader is discovered by a professor .,a,professor,a,reader,discover,discovers,discovered,"[""AGENT=professor"", ""PATIENT=reader"", ""VERB=discover""]","Prime sentence: a daughter is discovered by a cousin .
Event roles: AGENT=professor; PATIENT=reader; VERB=discover
Sentence: the",Sentence: the,first_noun,-3.043972969055176,-5.809467315673828,-2.7654943466186523,active,0.0
1787,role_labeled,no_prime_eos,no_prime_eos,,a professor discovers a reader .,a reader is discovered by a professor .,a,professor,a,reader,discover,discovers,discovered,"[""AGENT=professor"", ""PATIENT=reader"", ""VERB=discover""]","Event roles: AGENT=professor; PATIENT=reader; VERB=discover
Sentence: the",Sentence: the,first_noun,-3.544255256652832,-5.139655590057373,-1.595400333404541,active,0.0
1787,role_labeled,filler,filler,The sculpture stood in the hallway .,a professor discovers a reader .,a reader is discovered by a professor .,a,professor,a,reader,discover,discovers,discovered,"[""AGENT=professor"", ""PATIENT=reader"", ""VERB=discover""]","Prime sentence: The sculpture stood in the hallway .
Event roles: AGENT=professor; PATIENT=reader; VERB=discover
Sentence: the",Sentence: the,first_noun,-3.773047924041748,-6.5385847091674805,-2.7655367851257324,active,0.0
1788,role_labeled,active,active,a bishop kisses a boy .,a mother kisses a nurse .,a nurse is kissed by a mother .,a,mother,a,nurse,kiss,kisses,kissed,"[""VERB=kiss"", ""AGENT=mother"", ""PATIENT=nurse""]","Prime sentence: a bishop kisses a boy .
Event roles: VERB=kiss; AGENT=mother; PATIENT=nurse
Sentence: the",Sentence: the,first_noun,-3.7271366119384766,-4.592233180999756,-0.8650965690612793,active,0.0
1788,role_labeled,passive,passive,a boy is kissed by a bishop .,a mother kisses a nurse .,a nurse is kissed by a mother .,a,mother,a,nurse,kiss,kisses,kissed,"[""VERB=kiss"", ""AGENT=mother"", ""PATIENT=nurse""]","Prime sentence: a boy is kissed by a bishop .
Event roles: VERB=kiss; AGENT=mother; PATIENT=nurse
Sentence: the",Sentence: the,first_noun,-4.137602806091309,-4.650378704071045,-0.5127758979797363,active,0.0
1788,role_labeled,no_prime_eos,no_prime_eos,,a mother kisses a nurse .,a nurse is kissed by a mother .,a,mother,a,nurse,kiss,kisses,kissed,"[""VERB=kiss"", ""AGENT=mother"", ""PATIENT=nurse""]","Event roles: VERB=kiss; AGENT=mother; PATIENT=nurse
Sentence: the",Sentence: the,first_noun,-3.975480079650879,-3.887204170227051,0.08827590942382812,passive,1.0
1788,role_labeled,filler,filler,The window rattled during the storm .,a mother kisses a nurse .,a nurse is kissed by a mother .,a,mother,a,nurse,kiss,kisses,kissed,"[""VERB=kiss"", ""AGENT=mother"", ""PATIENT=nurse""]","Prime sentence: The window rattled during the storm .
Event roles: VERB=kiss; AGENT=mother; PATIENT=nurse
Sentence: the",Sentence: the,first_noun,-5.131311416625977,-5.539290428161621,-0.40797901153564453,active,0.0
1789,role_labeled,active,active,a hero comforts a husband .,an uncle comforts a wife .,a wife is comforted by an uncle .,an,uncle,a,wife,comfort,comforts,comforted,"[""PATIENT=wife"", ""VERB=comfort"", ""AGENT=uncle""]","Prime sentence: a hero comforts a husband .
Event roles: PATIENT=wife; VERB=comfort; AGENT=uncle
Sentence: the",Sentence: the,first_noun,-6.147353172302246,-3.7382466793060303,2.409106492996216,passive,1.0
1789,role_labeled,passive,passive,a husband is comforted by a hero .,an uncle comforts a wife .,a wife is comforted by an uncle .,an,uncle,a,wife,comfort,comforts,comforted,"[""PATIENT=wife"", ""VERB=comfort"", ""AGENT=uncle""]","Prime sentence: a husband is comforted by a hero .
Event roles: PATIENT=wife; VERB=comfort; AGENT=uncle
Sentence: the",Sentence: the,first_noun,-6.620450973510742,-3.767651319503784,2.852799654006958,passive,1.0
1789,role_labeled,no_prime_eos,no_prime_eos,,an uncle comforts a wife .,a wife is comforted by an uncle .,an,uncle,a,wife,comfort,comforts,comforted,"[""PATIENT=wife"", ""VERB=comfort"", ""AGENT=uncle""]","Event roles: PATIENT=wife; VERB=comfort; AGENT=uncle
Sentence: the",Sentence: the,first_noun,-6.80034065246582,-3.537985324859619,3.262355327606201,passive,1.0
1789,role_labeled,filler,filler,The blanket dried on the line .,an uncle comforts a wife .,a wife is comforted by an uncle .,an,uncle,a,wife,comfort,comforts,comforted,"[""PATIENT=wife"", ""VERB=comfort"", ""AGENT=uncle""]","Prime sentence: The blanket dried on the line .
Event roles: PATIENT=wife; VERB=comfort; AGENT=uncle
Sentence: the",Sentence: the,first_noun,-8.232253074645996,-4.75840950012207,3.473843574523926,passive,1.0
1790,role_labeled,active,active,a brother teaches a buddy .,an opponent teaches a parent .,a parent is taught by an opponent .,an,opponent,a,parent,teach,teaches,taught,"[""AGENT=opponent"", ""PATIENT=parent"", ""VERB=teach""]","Prime sentence: a brother teaches a buddy .
Event roles: AGENT=opponent; PATIENT=parent; VERB=teach
Sentence: the",Sentence: the,first_noun,-7.307232856750488,-6.087033748626709,1.2201991081237793,passive,1.0
1790,role_labeled,passive,passive,a buddy is taught by a brother .,an opponent teaches a parent .,a parent is taught by an opponent .,an,opponent,a,parent,teach,teaches,taught,"[""AGENT=opponent"", ""PATIENT=parent"", ""VERB=teach""]","Prime sentence: a buddy is taught by a brother .
Event roles: AGENT=opponent; PATIENT=parent; VERB=teach
Sentence: the",Sentence: the,first_noun,-6.909275054931641,-5.815396785736084,1.0938782691955566,passive,1.0
1790,role_labeled,no_prime_eos,no_prime_eos,,an opponent teaches a parent .,a parent is taught by an opponent .,an,opponent,a,parent,teach,teaches,taught,"[""AGENT=opponent"", ""PATIENT=parent"", ""VERB=teach""]","Event roles: AGENT=opponent; PATIENT=parent; VERB=teach
Sentence: the",Sentence: the,first_noun,-5.111772060394287,-5.310202121734619,-0.19843006134033203,active,0.0
1790,role_labeled,filler,filler,The signal flickered across the screen .,an opponent teaches a parent .,a parent is taught by an opponent .,an,opponent,a,parent,teach,teaches,taught,"[""AGENT=opponent"", ""PATIENT=parent"", ""VERB=teach""]","Prime sentence: The signal flickered across the screen .
Event roles: AGENT=opponent; PATIENT=parent; VERB=teach
Sentence: the",Sentence: the,first_noun,-6.547961235046387,-6.790402412414551,-0.24244117736816406,active,0.0
1791,role_labeled,active,active,a minister asks a mother .,an aunt asks an author .,an author is asked by an aunt .,an,aunt,an,author,ask,asks,asked,"[""VERB=ask"", ""PATIENT=author"", ""AGENT=aunt""]","Prime sentence: a minister asks a mother .
Event roles: VERB=ask; PATIENT=author; AGENT=aunt
Sentence: the",Sentence: the,first_noun,-5.97625732421875,-6.176287651062012,-0.20003032684326172,active,0.0
1791,role_labeled,passive,passive,a mother is asked by a minister .,an aunt asks an author .,an author is asked by an aunt .,an,aunt,an,author,ask,asks,asked,"[""VERB=ask"", ""PATIENT=author"", ""AGENT=aunt""]","Prime sentence: a mother is asked by a minister .
Event roles: VERB=ask; PATIENT=author; AGENT=aunt
Sentence: the",Sentence: the,first_noun,-6.753697395324707,-5.961024761199951,0.7926726341247559,passive,1.0
1791,role_labeled,no_prime_eos,no_prime_eos,,an aunt asks an author .,an author is asked by an aunt .,an,aunt,an,author,ask,asks,asked,"[""VERB=ask"", ""PATIENT=author"", ""AGENT=aunt""]","Event roles: VERB=ask; PATIENT=author; AGENT=aunt
Sentence: the",Sentence: the,first_noun,-8.079827308654785,-4.5730366706848145,3.5067906379699707,passive,1.0
1791,role_labeled,filler,filler,The singer smiled after rehearsal .,an aunt asks an author .,an author is asked by an aunt .,an,aunt,an,author,ask,asks,asked,"[""VERB=ask"", ""PATIENT=author"", ""AGENT=aunt""]","Prime sentence: The singer smiled after rehearsal .
Event roles: VERB=ask; PATIENT=author; AGENT=aunt
Sentence: the",Sentence: the,first_noun,-6.886545181274414,-5.4033098220825195,1.4832353591918945,passive,1.0
1792,role_labeled,active,active,a cop discovers a cousin .,a princess discovers a professor .,a professor is discovered by a princess .,a,princess,a,professor,discover,discovers,discovered,"[""AGENT=princess"", ""PATIENT=professor"", ""VERB=discover""]","Prime sentence: a cop discovers a cousin .
Event roles: AGENT=princess; PATIENT=professor; VERB=discover
Sentence: the",Sentence: the,first_noun,-4.813773155212402,-3.5437259674072266,1.2700471878051758,passive,1.0
1792,role_labeled,passive,passive,a cousin is discovered by a cop .,a princess discovers a professor .,a professor is discovered by a princess .,a,princess,a,professor,discover,discovers,discovered,"[""AGENT=princess"", ""PATIENT=professor"", ""VERB=discover""]","Prime sentence: a cousin is discovered by a cop .
Event roles: AGENT=princess; PATIENT=professor; VERB=discover
Sentence: the",Sentence: the,first_noun,-5.490823745727539,-3.844808340072632,1.6460154056549072,passive,1.0
1792,role_labeled,no_prime_eos,no_prime_eos,,a princess discovers a professor .,a professor is discovered by a princess .,a,princess,a,professor,discover,discovers,discovered,"[""AGENT=princess"", ""PATIENT=professor"", ""VERB=discover""]","Event roles: AGENT=princess; PATIENT=professor; VERB=discover
Sentence: the",Sentence: the,first_noun,-4.500173568725586,-4.757568836212158,-0.25739526748657227,active,0.0
1792,role_labeled,filler,filler,The traveler rested beside the river .,a princess discovers a professor .,a professor is discovered by a princess .,a,princess,a,professor,discover,discovers,discovered,"[""AGENT=princess"", ""PATIENT=professor"", ""VERB=discover""]","Prime sentence: The traveler rested beside the river .
Event roles: AGENT=princess; PATIENT=professor; VERB=discover
Sentence: the",Sentence: the,first_noun,-4.371561527252197,-4.996242523193359,-0.6246809959411621,active,0.0
1793,role_labeled,active,active,a soldier drags a son .,a father drags a friend .,a friend is dragged by a father .,a,father,a,friend,drag,drags,dragged,"[""AGENT=father"", ""PATIENT=friend"", ""VERB=drag""]","Prime sentence: a soldier drags a son .
Event roles: AGENT=father; PATIENT=friend; VERB=drag
Sentence: the",Sentence: the,first_noun,-2.307084083557129,-6.024195671081543,-3.717111587524414,active,0.0
1793,role_labeled,passive,passive,a son is dragged by a soldier .,a father drags a friend .,a friend is dragged by a father .,a,father,a,friend,drag,drags,dragged,"[""AGENT=father"", ""PATIENT=friend"", ""VERB=drag""]","Prime sentence: a son is dragged by a soldier .
Event roles: AGENT=father; PATIENT=friend; VERB=drag
Sentence: the",Sentence: the,first_noun,-2.522451877593994,-6.064643859863281,-3.542191982269287,active,0.0
1793,role_labeled,no_prime_eos,no_prime_eos,,a father drags a friend .,a friend is dragged by a father .,a,father,a,friend,drag,drags,dragged,"[""AGENT=father"", ""PATIENT=friend"", ""VERB=drag""]","Event roles: AGENT=father; PATIENT=friend; VERB=drag
Sentence: the",Sentence: the,first_noun,-3.340847969055176,-6.23134708404541,-2.8904991149902344,active,0.0
1793,role_labeled,filler,filler,The singer smiled after rehearsal .,a father drags a friend .,a friend is dragged by a father .,a,father,a,friend,drag,drags,dragged,"[""AGENT=father"", ""PATIENT=friend"", ""VERB=drag""]","Prime sentence: The singer smiled after rehearsal .
Event roles: AGENT=father; PATIENT=friend; VERB=drag
Sentence: the",Sentence: the,first_noun,-4.017839431762695,-6.578133583068848,-2.5602941513061523,active,0.0
1794,role_labeled,active,active,a lawyer beats a leader .,a writer beats an actor .,an actor is beaten by a writer .,a,writer,an,actor,beat,beats,beaten,"[""PATIENT=actor"", ""VERB=beat"", ""AGENT=writer""]","Prime sentence: a lawyer beats a leader .
Event roles: PATIENT=actor; VERB=beat; AGENT=writer
Sentence: the",Sentence: the,first_noun,-5.975678443908691,-4.686701774597168,1.2889766693115234,passive,1.0
1794,role_labeled,passive,passive,a leader is beaten by a lawyer .,a writer beats an actor .,an actor is beaten by a writer .,a,writer,an,actor,beat,beats,beaten,"[""PATIENT=actor"", ""VERB=beat"", ""AGENT=writer""]","Prime sentence: a leader is beaten by a lawyer .
Event roles: PATIENT=actor; VERB=beat; AGENT=writer
Sentence: the",Sentence: the,first_noun,-5.958404541015625,-4.539834022521973,1.4185705184936523,passive,1.0
1794,role_labeled,no_prime_eos,no_prime_eos,,a writer beats an actor .,an actor is beaten by a writer .,a,writer,an,actor,beat,beats,beaten,"[""PATIENT=actor"", ""VERB=beat"", ""AGENT=writer""]","Event roles: PATIENT=actor; VERB=beat; AGENT=writer
Sentence: the",Sentence: the,first_noun,-4.821319580078125,-4.738775730133057,0.08254384994506836,passive,1.0
1794,role_labeled,filler,filler,The engine cooled before dawn .,a writer beats an actor .,an actor is beaten by a writer .,a,writer,an,actor,beat,beats,beaten,"[""PATIENT=actor"", ""VERB=beat"", ""AGENT=writer""]","Prime sentence: The engine cooled before dawn .
Event roles: PATIENT=actor; VERB=beat; AGENT=writer
Sentence: the",Sentence: the,first_noun,-7.591184616088867,-7.215753555297852,0.3754310607910156,passive,1.0
1795,role_labeled,active,active,a physician punches a pilot .,a candidate punches a captain .,a captain is punched by a candidate .,a,candidate,a,captain,punch,punches,punched,"[""PATIENT=captain"", ""AGENT=candidate"", ""VERB=punch""]","Prime sentence: a physician punches a pilot .
Event roles: PATIENT=captain; AGENT=candidate; VERB=punch
Sentence: the",Sentence: the,first_noun,-6.415335178375244,-2.939818859100342,3.4755163192749023,passive,1.0
1795,role_labeled,passive,passive,a pilot is punched by a physician .,a candidate punches a captain .,a captain is punched by a candidate .,a,candidate,a,captain,punch,punches,punched,"[""PATIENT=captain"", ""AGENT=candidate"", ""VERB=punch""]","Prime sentence: a pilot is punched by a physician .
Event roles: PATIENT=captain; AGENT=candidate; VERB=punch
Sentence: the",Sentence: the,first_noun,-5.960496425628662,-3.101714849472046,2.858781576156616,passive,1.0
1795,role_labeled,no_prime_eos,no_prime_eos,,a candidate punches a captain .,a captain is punched by a candidate .,a,candidate,a,captain,punch,punches,punched,"[""PATIENT=captain"", ""AGENT=candidate"", ""VERB=punch""]","Event roles: PATIENT=captain; AGENT=candidate; VERB=punch
Sentence: the",Sentence: the,first_noun,-5.568370342254639,-3.6954870223999023,1.8728833198547363,passive,1.0
1795,role_labeled,filler,filler,The tourist wandered through the plaza .,a candidate punches a captain .,a captain is punched by a candidate .,a,candidate,a,captain,punch,punches,punched,"[""PATIENT=captain"", ""AGENT=candidate"", ""VERB=punch""]","Prime sentence: The tourist wandered through the plaza .
Event roles: PATIENT=captain; AGENT=candidate; VERB=punch
Sentence: the",Sentence: the,first_noun,-4.995979309082031,-3.876891613006592,1.1190876960754395,passive,1.0
1796,role_labeled,active,active,a buddy kills a candidate .,a parent kills a partner .,a partner is killed by a parent .,a,parent,a,partner,kill,kills,killed,"[""PATIENT=partner"", ""VERB=kill"", ""AGENT=parent""]","Prime sentence: a buddy kills a candidate .
Event roles: PATIENT=partner; VERB=kill; AGENT=parent
Sentence: the",Sentence: the,first_noun,-5.290162086486816,-4.734694480895996,0.5554676055908203,passive,1.0
1796,role_labeled,passive,passive,a candidate is killed by a buddy .,a parent kills a partner .,a partner is killed by a parent .,a,parent,a,partner,kill,kills,killed,"[""PATIENT=partner"", ""VERB=kill"", ""AGENT=parent""]","Prime sentence: a candidate is killed by a buddy .
Event roles: PATIENT=partner; VERB=kill; AGENT=parent
Sentence: the",Sentence: the,first_noun,-4.838829517364502,-4.567345142364502,0.271484375,passive,1.0
1796,role_labeled,no_prime_eos,no_prime_eos,,a parent kills a partner .,a partner is killed by a parent .,a,parent,a,partner,kill,kills,killed,"[""PATIENT=partner"", ""VERB=kill"", ""AGENT=parent""]","Event roles: PATIENT=partner; VERB=kill; AGENT=parent
Sentence: the",Sentence: the,first_noun,-4.278057098388672,-6.138863563537598,-1.8608064651489258,active,0.0
1796,role_labeled,filler,filler,The painter waited near the doorway .,a parent kills a partner .,a partner is killed by a parent .,a,parent,a,partner,kill,kills,killed,"[""PATIENT=partner"", ""VERB=kill"", ""AGENT=parent""]","Prime sentence: The painter waited near the doorway .
Event roles: PATIENT=partner; VERB=kill; AGENT=parent
Sentence: the",Sentence: the,first_noun,-6.756612777709961,-7.2681074142456055,-0.5114946365356445,active,0.0
1797,role_labeled,active,active,a leader teaches a man .,an actor teaches an actress .,an actress is taught by an actor .,an,actor,an,actress,teach,teaches,taught,"[""PATIENT=actress"", ""VERB=teach"", ""AGENT=actor""]","Prime sentence: a leader teaches a man .
Event roles: PATIENT=actress; VERB=teach; AGENT=actor
Sentence: the",Sentence: the,first_noun,-5.18353271484375,-6.646510124206543,-1.462977409362793,active,0.0
1797,role_labeled,passive,passive,a man is taught by a leader .,an actor teaches an actress .,an actress is taught by an actor .,an,actor,an,actress,teach,teaches,taught,"[""PATIENT=actress"", ""VERB=teach"", ""AGENT=actor""]","Prime sentence: a man is taught by a leader .
Event roles: PATIENT=actress; VERB=teach; AGENT=actor
Sentence: the",Sentence: the,first_noun,-5.119455337524414,-6.923074722290039,-1.803619384765625,active,0.0
1797,role_labeled,no_prime_eos,no_prime_eos,,an actor teaches an actress .,an actress is taught by an actor .,an,actor,an,actress,teach,teaches,taught,"[""PATIENT=actress"", ""VERB=teach"", ""AGENT=actor""]","Event roles: PATIENT=actress; VERB=teach; AGENT=actor
Sentence: the",Sentence: the,first_noun,-4.61785888671875,-6.071198463439941,-1.4533395767211914,active,0.0
1797,role_labeled,filler,filler,The pillow rested on the sofa .,an actor teaches an actress .,an actress is taught by an actor .,an,actor,an,actress,teach,teaches,taught,"[""PATIENT=actress"", ""VERB=teach"", ""AGENT=actor""]","Prime sentence: The pillow rested on the sofa .
Event roles: PATIENT=actress; VERB=teach; AGENT=actor
Sentence: the",Sentence: the,first_noun,-6.4506144523620605,-7.133512020111084,-0.6828975677490234,active,0.0
1798,role_labeled,active,active,an actress forgets an adult .,a leader forgets a man .,a man is forgotten by a leader .,a,leader,a,man,forget,forgets,forgotten,"[""AGENT=leader"", ""PATIENT=man"", ""VERB=forget""]","Prime sentence: an actress forgets an adult .
Event roles: AGENT=leader; PATIENT=man; VERB=forget
Sentence: the",Sentence: the,first_noun,-6.079699516296387,-4.5315656661987305,1.5481338500976562,passive,1.0
1798,role_labeled,passive,passive,an adult is forgotten by an actress .,a leader forgets a man .,a man is forgotten by a leader .,a,leader,a,man,forget,forgets,forgotten,"[""AGENT=leader"", ""PATIENT=man"", ""VERB=forget""]","Prime sentence: an adult is forgotten by an actress .
Event roles: AGENT=leader; PATIENT=man; VERB=forget
Sentence: the",Sentence: the,first_noun,-6.475390434265137,-4.283897876739502,2.1914925575256348,passive,1.0
1798,role_labeled,no_prime_eos,no_prime_eos,,a leader forgets a man .,a man is forgotten by a leader .,a,leader,a,man,forget,forgets,forgotten,"[""AGENT=leader"", ""PATIENT=man"", ""VERB=forget""]","Event roles: AGENT=leader; PATIENT=man; VERB=forget
Sentence: the",Sentence: the,first_noun,-3.837184429168701,-4.374022006988525,-0.5368375778198242,active,0.0
1798,role_labeled,filler,filler,The market opened after sunrise .,a leader forgets a man .,a man is forgotten by a leader .,a,leader,a,man,forget,forgets,forgotten,"[""AGENT=leader"", ""PATIENT=man"", ""VERB=forget""]","Prime sentence: The market opened after sunrise .
Event roles: AGENT=leader; PATIENT=man; VERB=forget
Sentence: the",Sentence: the,first_noun,-6.148999214172363,-5.270439624786377,0.8785595893859863,passive,1.0
1799,role_labeled,active,active,a reader protects a scientist .,a cousin protects a daughter .,a daughter is protected by a cousin .,a,cousin,a,daughter,protect,protects,protected,"[""PATIENT=daughter"", ""AGENT=cousin"", ""VERB=protect""]","Prime sentence: a reader protects a scientist .
Event roles: PATIENT=daughter; AGENT=cousin; VERB=protect
Sentence: the",Sentence: the,first_noun,-8.251028060913086,-4.477710723876953,3.773317337036133,passive,1.0
1799,role_labeled,passive,passive,a scientist is protected by a reader .,a cousin protects a daughter .,a daughter is protected by a cousin .,a,cousin,a,daughter,protect,protects,protected,"[""PATIENT=daughter"", ""AGENT=cousin"", ""VERB=protect""]","Prime sentence: a scientist is protected by a reader .
Event roles: PATIENT=daughter; AGENT=cousin; VERB=protect
Sentence: the",Sentence: the,first_noun,-8.071788787841797,-4.558049201965332,3.513739585876465,passive,1.0
1799,role_labeled,no_prime_eos,no_prime_eos,,a cousin protects a daughter .,a daughter is protected by a cousin .,a,cousin,a,daughter,protect,protects,protected,"[""PATIENT=daughter"", ""AGENT=cousin"", ""VERB=protect""]","Event roles: PATIENT=daughter; AGENT=cousin; VERB=protect
Sentence: the",Sentence: the,first_noun,-7.915530204772949,-4.064174652099609,3.85135555267334,passive,1.0
1799,role_labeled,filler,filler,The violin echoed in the theater .,a cousin protects a daughter .,a daughter is protected by a cousin .,a,cousin,a,daughter,protect,protects,protected,"[""PATIENT=daughter"", ""AGENT=cousin"", ""VERB=protect""]","Prime sentence: The violin echoed in the theater .
Event roles: PATIENT=daughter; AGENT=cousin; VERB=protect
Sentence: the",Sentence: the,first_noun,-9.549084663391113,-6.19270133972168,3.3563833236694336,passive,1.0
1800,role_labeled,active,active,a colonel bothers a cop .,a prince bothers a princess .,a princess is bothered by a prince .,a,prince,a,princess,bother,bothers,bothered,"[""AGENT=prince"", ""VERB=bother"", ""PATIENT=princess""]","Prime sentence: a colonel bothers a cop .
Event roles: AGENT=prince; VERB=bother; PATIENT=princess
Sentence: the",Sentence: the,first_noun,-3.4656741619110107,-4.30887508392334,-0.8432009220123291,active,0.0
1800,role_labeled,passive,passive,a cop is bothered by a colonel .,a prince bothers a princess .,a princess is bothered by a prince .,a,prince,a,princess,bother,bothers,bothered,"[""AGENT=prince"", ""VERB=bother"", ""PATIENT=princess""]","Prime sentence: a cop is bothered by a colonel .
Event roles: AGENT=prince; VERB=bother; PATIENT=princess
Sentence: the",Sentence: the,first_noun,-3.8703689575195312,-4.728238105773926,-0.8578691482543945,active,0.0
1800,role_labeled,no_prime_eos,no_prime_eos,,a prince bothers a princess .,a princess is bothered by a prince .,a,prince,a,princess,bother,bothers,bothered,"[""AGENT=prince"", ""VERB=bother"", ""PATIENT=princess""]","Event roles: AGENT=prince; VERB=bother; PATIENT=princess
Sentence: the",Sentence: the,first_noun,-2.9946608543395996,-3.5514869689941406,-0.556826114654541,active,0.0
1800,role_labeled,filler,filler,The garden brightened after rain .,a prince bothers a princess .,a princess is bothered by a prince .,a,prince,a,princess,bother,bothers,bothered,"[""AGENT=prince"", ""VERB=bother"", ""PATIENT=princess""]","Prime sentence: The garden brightened after rain .
Event roles: AGENT=prince; VERB=bother; PATIENT=princess
Sentence: the",Sentence: the,first_noun,-4.685628890991211,-5.0097575187683105,-0.3241286277770996,active,0.0
1801,role_labeled,active,active,a king punches a lady .,a woman punches a worker .,a worker is punched by a woman .,a,woman,a,worker,punch,punches,punched,"[""VERB=punch"", ""PATIENT=worker"", ""AGENT=woman""]","Prime sentence: a king punches a lady .
Event roles: VERB=punch; PATIENT=worker; AGENT=woman
Sentence: the",Sentence: the,first_noun,-4.113574504852295,-6.091277122497559,-1.9777026176452637,active,0.0
1801,role_labeled,passive,passive,a lady is punched by a king .,a woman punches a worker .,a worker is punched by a woman .,a,woman,a,worker,punch,punches,punched,"[""VERB=punch"", ""PATIENT=worker"", ""AGENT=woman""]","Prime sentence: a lady is punched by a king .
Event roles: VERB=punch; PATIENT=worker; AGENT=woman
Sentence: the",Sentence: the,first_noun,-3.5297937393188477,-5.3509321212768555,-1.8211383819580078,active,0.0
1801,role_labeled,no_prime_eos,no_prime_eos,,a woman punches a worker .,a worker is punched by a woman .,a,woman,a,worker,punch,punches,punched,"[""VERB=punch"", ""PATIENT=worker"", ""AGENT=woman""]","Event roles: VERB=punch; PATIENT=worker; AGENT=woman
Sentence: the",Sentence: the,first_noun,-3.1598644256591797,-5.049385070800781,-1.8895206451416016,active,0.0
1801,role_labeled,filler,filler,The painter waited near the doorway .,a woman punches a worker .,a worker is punched by a woman .,a,woman,a,worker,punch,punches,punched,"[""VERB=punch"", ""PATIENT=worker"", ""AGENT=woman""]","Prime sentence: The painter waited near the doorway .
Event roles: VERB=punch; PATIENT=worker; AGENT=woman
Sentence: the",Sentence: the,first_noun,-3.0071215629577637,-4.2566986083984375,-1.2495770454406738,active,0.0
1802,role_labeled,active,active,an actor kills an actress .,a lawyer kills a leader .,a leader is killed by a lawyer .,a,lawyer,a,leader,kill,kills,killed,"[""VERB=kill"", ""AGENT=lawyer"", ""PATIENT=leader""]","Prime sentence: an actor kills an actress .
Event roles: VERB=kill; AGENT=lawyer; PATIENT=leader
Sentence: the",Sentence: the,first_noun,-4.919983863830566,-5.125372409820557,-0.20538854598999023,active,0.0
1802,role_labeled,passive,passive,an actress is killed by an actor .,a lawyer kills a leader .,a leader is killed by a lawyer .,a,lawyer,a,leader,kill,kills,killed,"[""VERB=kill"", ""AGENT=lawyer"", ""PATIENT=leader""]","Prime sentence: an actress is killed by an actor .
Event roles: VERB=kill; AGENT=lawyer; PATIENT=leader
Sentence: the",Sentence: the,first_noun,-4.73187780380249,-4.584157943725586,0.1477198600769043,passive,1.0
1802,role_labeled,no_prime_eos,no_prime_eos,,a lawyer kills a leader .,a leader is killed by a lawyer .,a,lawyer,a,leader,kill,kills,killed,"[""VERB=kill"", ""AGENT=lawyer"", ""PATIENT=leader""]","Event roles: VERB=kill; AGENT=lawyer; PATIENT=leader
Sentence: the",Sentence: the,first_noun,-5.1334757804870605,-4.600159168243408,0.5333166122436523,passive,1.0
1802,role_labeled,filler,filler,The sculpture stood in the hallway .,a lawyer kills a leader .,a leader is killed by a lawyer .,a,lawyer,a,leader,kill,kills,killed,"[""VERB=kill"", ""AGENT=lawyer"", ""PATIENT=leader""]","Prime sentence: The sculpture stood in the hallway .
Event roles: VERB=kill; AGENT=lawyer; PATIENT=leader
Sentence: the",Sentence: the,first_noun,-5.575429916381836,-5.8845367431640625,-0.30910682678222656,active,0.0
1803,role_labeled,active,active,a scientist drags a secretary .,a daughter drags a doctor .,a doctor is dragged by a daughter .,a,daughter,a,doctor,drag,drags,dragged,"[""VERB=drag"", ""PATIENT=doctor"", ""AGENT=daughter""]","Prime sentence: a scientist drags a secretary .
Event roles: VERB=drag; PATIENT=doctor; AGENT=daughter
Sentence: the",Sentence: the,first_noun,-5.3413262367248535,-2.727108955383301,2.6142172813415527,passive,1.0
1803,role_labeled,passive,passive,a secretary is dragged by a scientist .,a daughter drags a doctor .,a doctor is dragged by a daughter .,a,daughter,a,doctor,drag,drags,dragged,"[""VERB=drag"", ""PATIENT=doctor"", ""AGENT=daughter""]","Prime sentence: a secretary is dragged by a scientist .
Event roles: VERB=drag; PATIENT=doctor; AGENT=daughter
Sentence: the",Sentence: the,first_noun,-5.567121982574463,-2.9551756381988525,2.6119463443756104,passive,1.0
1803,role_labeled,no_prime_eos,no_prime_eos,,a daughter drags a doctor .,a doctor is dragged by a daughter .,a,daughter,a,doctor,drag,drags,dragged,"[""VERB=drag"", ""PATIENT=doctor"", ""AGENT=daughter""]","Event roles: VERB=drag; PATIENT=doctor; AGENT=daughter
Sentence: the",Sentence: the,first_noun,-5.255399227142334,-3.7648839950561523,1.4905152320861816,passive,1.0
1803,role_labeled,filler,filler,The traveler rested beside the river .,a daughter drags a doctor .,a doctor is dragged by a daughter .,a,daughter,a,doctor,drag,drags,dragged,"[""VERB=drag"", ""PATIENT=doctor"", ""AGENT=daughter""]","Prime sentence: The traveler rested beside the river .
Event roles: VERB=drag; PATIENT=doctor; AGENT=daughter
Sentence: the",Sentence: the,first_noun,-6.464160442352295,-4.077916145324707,2.386244297027588,passive,1.0
1804,role_labeled,active,active,a child forgets a colonel .,a priest forgets a prince .,a prince is forgotten by a priest .,a,priest,a,prince,forget,forgets,forgotten,"[""VERB=forget"", ""PATIENT=prince"", ""AGENT=priest""]","Prime sentence: a child forgets a colonel .
Event roles: VERB=forget; PATIENT=prince; AGENT=priest
Sentence: the",Sentence: the,first_noun,-4.170632362365723,-4.204817771911621,-0.03418540954589844,active,0.0
1804,role_labeled,passive,passive,a colonel is forgotten by a child .,a priest forgets a prince .,a prince is forgotten by a priest .,a,priest,a,prince,forget,forgets,forgotten,"[""VERB=forget"", ""PATIENT=prince"", ""AGENT=priest""]","Prime sentence: a colonel is forgotten by a child .
Event roles: VERB=forget; PATIENT=prince; AGENT=priest
Sentence: the",Sentence: the,first_noun,-4.131234169006348,-4.238605499267578,-0.10737133026123047,active,0.0
1804,role_labeled,no_prime_eos,no_prime_eos,,a priest forgets a prince .,a prince is forgotten by a priest .,a,priest,a,prince,forget,forgets,forgotten,"[""VERB=forget"", ""PATIENT=prince"", ""AGENT=priest""]","Event roles: VERB=forget; PATIENT=prince; AGENT=priest
Sentence: the",Sentence: the,first_noun,-4.197014808654785,-4.501621246337891,-0.30460643768310547,active,0.0
1804,role_labeled,filler,filler,The teacher listened during assembly .,a priest forgets a prince .,a prince is forgotten by a priest .,a,priest,a,prince,forget,forgets,forgotten,"[""VERB=forget"", ""PATIENT=prince"", ""AGENT=priest""]","Prime sentence: The teacher listened during assembly .
Event roles: VERB=forget; PATIENT=prince; AGENT=priest
Sentence: the",Sentence: the,first_noun,-2.3813705444335938,-4.127106189727783,-1.7457356452941895,active,0.0
1805,role_labeled,active,active,a lawyer describes a leader .,a writer describes an actor .,an actor is described by a writer .,a,writer,an,actor,describ,describes,described,"[""AGENT=writer"", ""PATIENT=actor"", ""VERB=describ""]","Prime sentence: a lawyer describes a leader .
Event roles: AGENT=writer; PATIENT=actor; VERB=describ
Sentence: the",Sentence: the,first_noun,-4.791654586791992,-4.505326271057129,0.2863283157348633,passive,1.0
1805,role_labeled,passive,passive,a leader is described by a lawyer .,a writer describes an actor .,an actor is described by a writer .,a,writer,an,actor,describ,describes,described,"[""AGENT=writer"", ""PATIENT=actor"", ""VERB=describ""]","Prime sentence: a leader is described by a lawyer .
Event roles: AGENT=writer; PATIENT=actor; VERB=describ
Sentence: the",Sentence: the,first_noun,-4.953396797180176,-4.669254302978516,0.28414249420166016,passive,1.0
1805,role_labeled,no_prime_eos,no_prime_eos,,a writer describes an actor .,an actor is described by a writer .,a,writer,an,actor,describ,describes,described,"[""AGENT=writer"", ""PATIENT=actor"", ""VERB=describ""]","Event roles: AGENT=writer; PATIENT=actor; VERB=describ
Sentence: the",Sentence: the,first_noun,-4.585658073425293,-4.544920444488525,0.04073762893676758,passive,1.0
1805,role_labeled,filler,filler,The market opened after sunrise .,a writer describes an actor .,an actor is described by a writer .,a,writer,an,actor,describ,describes,described,"[""AGENT=writer"", ""PATIENT=actor"", ""VERB=describ""]","Prime sentence: The market opened after sunrise .
Event roles: AGENT=writer; PATIENT=actor; VERB=describ
Sentence: the",Sentence: the,first_noun,-7.107182502746582,-6.837942123413086,0.2692403793334961,passive,1.0
1806,role_labeled,active,active,a bishop judges a boy .,a mother judges a nurse .,a nurse is judged by a mother .,a,mother,a,nurse,judg,judges,judged,"[""VERB=judg"", ""AGENT=mother"", ""PATIENT=nurse""]","Prime sentence: a bishop judges a boy .
Event roles: VERB=judg; AGENT=mother; PATIENT=nurse
Sentence: the",Sentence: the,first_noun,-3.8023619651794434,-5.359115123748779,-1.556753158569336,active,0.0
1806,role_labeled,passive,passive,a boy is judged by a bishop .,a mother judges a nurse .,a nurse is judged by a mother .,a,mother,a,nurse,judg,judges,judged,"[""VERB=judg"", ""AGENT=mother"", ""PATIENT=nurse""]","Prime sentence: a boy is judged by a bishop .
Event roles: VERB=judg; AGENT=mother; PATIENT=nurse
Sentence: the",Sentence: the,first_noun,-3.9363651275634766,-5.091431617736816,-1.1550664901733398,active,0.0
1806,role_labeled,no_prime_eos,no_prime_eos,,a mother judges a nurse .,a nurse is judged by a mother .,a,mother,a,nurse,judg,judges,judged,"[""VERB=judg"", ""AGENT=mother"", ""PATIENT=nurse""]","Event roles: VERB=judg; AGENT=mother; PATIENT=nurse
Sentence: the",Sentence: the,first_noun,-4.091795444488525,-4.697385311126709,-0.6055898666381836,active,0.0
1806,role_labeled,filler,filler,The package arrived before noon .,a mother judges a nurse .,a nurse is judged by a mother .,a,mother,a,nurse,judg,judges,judged,"[""VERB=judg"", ""AGENT=mother"", ""PATIENT=nurse""]","Prime sentence: The package arrived before noon .
Event roles: VERB=judg; AGENT=mother; PATIENT=nurse
Sentence: the",Sentence: the,first_noun,-4.377377510070801,-5.250331401824951,-0.8729538917541504,active,0.0
1807,role_labeled,active,active,a reader surprises a scientist .,a cousin surprises a daughter .,a daughter is surprised by a cousin .,a,cousin,a,daughter,surpris,surprises,surprised,"[""PATIENT=daughter"", ""VERB=surpris"", ""AGENT=cousin""]","Prime sentence: a reader surprises a scientist .
Event roles: PATIENT=daughter; VERB=surpris; AGENT=cousin
Sentence: the",Sentence: the,first_noun,-7.767065525054932,-4.111590385437012,3.65547513961792,passive,1.0
1807,role_labeled,passive,passive,a scientist is surprised by a reader .,a cousin surprises a daughter .,a daughter is surprised by a cousin .,a,cousin,a,daughter,surpris,surprises,surprised,"[""PATIENT=daughter"", ""VERB=surpris"", ""AGENT=cousin""]","Prime sentence: a scientist is surprised by a reader .
Event roles: PATIENT=daughter; VERB=surpris; AGENT=cousin
Sentence: the",Sentence: the,first_noun,-7.648045539855957,-4.424527645111084,3.223517894744873,passive,1.0
1807,role_labeled,no_prime_eos,no_prime_eos,,a cousin surprises a daughter .,a daughter is surprised by a cousin .,a,cousin,a,daughter,surpris,surprises,surprised,"[""PATIENT=daughter"", ""VERB=surpris"", ""AGENT=cousin""]","Event roles: PATIENT=daughter; VERB=surpris; AGENT=cousin
Sentence: the",Sentence: the,first_noun,-7.487302780151367,-3.651820182800293,3.835482597351074,passive,1.0
1807,role_labeled,filler,filler,The traveler rested beside the river .,a cousin surprises a daughter .,a daughter is surprised by a cousin .,a,cousin,a,daughter,surpris,surprises,surprised,"[""PATIENT=daughter"", ""VERB=surpris"", ""AGENT=cousin""]","Prime sentence: The traveler rested beside the river .
Event roles: PATIENT=daughter; VERB=surpris; AGENT=cousin
Sentence: the",Sentence: the,first_noun,-7.923852443695068,-5.653533935546875,2.2703185081481934,passive,1.0
1808,role_labeled,active,active,an aunt understands an author .,a mayor understands a minister .,a minister is understood by a mayor .,a,mayor,a,minister,understand,understands,understood,"[""PATIENT=minister"", ""VERB=understand"", ""AGENT=mayor""]","Prime sentence: an aunt understands an author .
Event roles: PATIENT=minister; VERB=understand; AGENT=mayor
Sentence: the",Sentence: the,first_noun,-4.017904281616211,-5.024156093597412,-1.0062518119812012,active,0.0
1808,role_labeled,passive,passive,an author is understood by an aunt .,a mayor understands a minister .,a minister is understood by a mayor .,a,mayor,a,minister,understand,understands,understood,"[""PATIENT=minister"", ""VERB=understand"", ""AGENT=mayor""]","Prime sentence: an author is understood by an aunt .
Event roles: PATIENT=minister; VERB=understand; AGENT=mayor
Sentence: the",Sentence: the,first_noun,-3.8425357341766357,-4.429906845092773,-0.5873711109161377,active,0.0
1808,role_labeled,no_prime_eos,no_prime_eos,,a mayor understands a minister .,a minister is understood by a mayor .,a,mayor,a,minister,understand,understands,understood,"[""PATIENT=minister"", ""VERB=understand"", ""AGENT=mayor""]","Event roles: PATIENT=minister; VERB=understand; AGENT=mayor
Sentence: the",Sentence: the,first_noun,-3.6716718673706055,-4.1995134353637695,-0.5278415679931641,active,0.0
1808,role_labeled,filler,filler,The painter waited near the doorway .,a mayor understands a minister .,a minister is understood by a mayor .,a,mayor,a,minister,understand,understands,understood,"[""PATIENT=minister"", ""VERB=understand"", ""AGENT=mayor""]","Prime sentence: The painter waited near the doorway .
Event roles: PATIENT=minister; VERB=understand; AGENT=mayor
Sentence: the",Sentence: the,first_noun,-4.40631103515625,-4.334935188293457,0.07137584686279297,passive,1.0
1809,role_labeled,active,active,a soldier bothers a son .,a father bothers a friend .,a friend is bothered by a father .,a,father,a,friend,bother,bothers,bothered,"[""PATIENT=friend"", ""VERB=bother"", ""AGENT=father""]","Prime sentence: a soldier bothers a son .
Event roles: PATIENT=friend; VERB=bother; AGENT=father
Sentence: the",Sentence: the,first_noun,-2.8445866107940674,-5.097914695739746,-2.2533280849456787,active,0.0
1809,role_labeled,passive,passive,a son is bothered by a soldier .,a father bothers a friend .,a friend is bothered by a father .,a,father,a,friend,bother,bothers,bothered,"[""PATIENT=friend"", ""VERB=bother"", ""AGENT=father""]","Prime sentence: a son is bothered by a soldier .
Event roles: PATIENT=friend; VERB=bother; AGENT=father
Sentence: the",Sentence: the,first_noun,-3.3098769187927246,-5.289111137390137,-1.979234218597412,active,0.0
1809,role_labeled,no_prime_eos,no_prime_eos,,a father bothers a friend .,a friend is bothered by a father .,a,father,a,friend,bother,bothers,bothered,"[""PATIENT=friend"", ""VERB=bother"", ""AGENT=father""]","Event roles: PATIENT=friend; VERB=bother; AGENT=father
Sentence: the",Sentence: the,first_noun,-3.9227190017700195,-5.3604583740234375,-1.437739372253418,active,0.0
1809,role_labeled,filler,filler,The pillow rested on the sofa .,a father bothers a friend .,a friend is bothered by a father .,a,father,a,friend,bother,bothers,bothered,"[""PATIENT=friend"", ""VERB=bother"", ""AGENT=father""]","Prime sentence: The pillow rested on the sofa .
Event roles: PATIENT=friend; VERB=bother; AGENT=father
Sentence: the",Sentence: the,first_noun,-5.482255935668945,-6.656396865844727,-1.1741409301757812,active,0.0
1810,role_labeled,active,active,an actress teaches an adult .,a leader teaches a man .,a man is taught by a leader .,a,leader,a,man,teach,teaches,taught,"[""AGENT=leader"", ""PATIENT=man"", ""VERB=teach""]","Prime sentence: an actress teaches an adult .
Event roles: AGENT=leader; PATIENT=man; VERB=teach
Sentence: the",Sentence: the,first_noun,-5.807596683502197,-4.533631801605225,1.2739648818969727,passive,1.0
1810,role_labeled,passive,passive,an adult is taught by an actress .,a leader teaches a man .,a man is taught by a leader .,a,leader,a,man,teach,teaches,taught,"[""AGENT=leader"", ""PATIENT=man"", ""VERB=teach""]","Prime sentence: an adult is taught by an actress .
Event roles: AGENT=leader; PATIENT=man; VERB=teach
Sentence: the",Sentence: the,first_noun,-6.211395263671875,-4.27291202545166,1.9384832382202148,passive,1.0
1810,role_labeled,no_prime_eos,no_prime_eos,,a leader teaches a man .,a man is taught by a leader .,a,leader,a,man,teach,teaches,taught,"[""AGENT=leader"", ""PATIENT=man"", ""VERB=teach""]","Event roles: AGENT=leader; PATIENT=man; VERB=teach
Sentence: the",Sentence: the,first_noun,-3.430791139602661,-4.511655807495117,-1.080864667892456,active,0.0
1810,role_labeled,filler,filler,The witness paused near the doorway .,a leader teaches a man .,a man is taught by a leader .,a,leader,a,man,teach,teaches,taught,"[""AGENT=leader"", ""PATIENT=man"", ""VERB=teach""]","Prime sentence: The witness paused near the doorway .
Event roles: AGENT=leader; PATIENT=man; VERB=teach
Sentence: the",Sentence: the,first_noun,-5.737312316894531,-3.2738285064697266,2.4634838104248047,passive,1.0
1811,role_labeled,active,active,a guest asks a guy .,a student asks a teacher .,a teacher is asked by a student .,a,student,a,teacher,ask,asks,asked,"[""PATIENT=teacher"", ""VERB=ask"", ""AGENT=student""]","Prime sentence: a guest asks a guy .
Event roles: PATIENT=teacher; VERB=ask; AGENT=student
Sentence: the",Sentence: the,first_noun,-2.514277696609497,-2.0799858570098877,0.4342918395996094,passive,1.0
1811,role_labeled,passive,passive,a guy is asked by a guest .,a student asks a teacher .,a teacher is asked by a student .,a,student,a,teacher,ask,asks,asked,"[""PATIENT=teacher"", ""VERB=ask"", ""AGENT=student""]","Prime sentence: a guy is asked by a guest .
Event roles: PATIENT=teacher; VERB=ask; AGENT=student
Sentence: the",Sentence: the,first_noun,-2.57789945602417,-2.165081262588501,0.41281819343566895,passive,1.0
1811,role_labeled,no_prime_eos,no_prime_eos,,a student asks a teacher .,a teacher is asked by a student .,a,student,a,teacher,ask,asks,asked,"[""PATIENT=teacher"", ""VERB=ask"", ""AGENT=student""]","Event roles: PATIENT=teacher; VERB=ask; AGENT=student
Sentence: the",Sentence: the,first_noun,-2.8505516052246094,-2.3636627197265625,0.4868888854980469,passive,1.0
1811,role_labeled,filler,filler,The notebook stayed on the shelf .,a student asks a teacher .,a teacher is asked by a student .,a,student,a,teacher,ask,asks,asked,"[""PATIENT=teacher"", ""VERB=ask"", ""AGENT=student""]","Prime sentence: The notebook stayed on the shelf .
Event roles: PATIENT=teacher; VERB=ask; AGENT=student
Sentence: the",Sentence: the,first_noun,-2.907926559448242,-2.313568115234375,0.5943584442138672,passive,1.0
1812,role_labeled,active,active,a lady grabs a lawyer .,a worker grabs a writer .,a writer is grabbed by a worker .,a,worker,a,writer,grab,grabs,grabbed,"[""AGENT=worker"", ""VERB=grab"", ""PATIENT=writer""]","Prime sentence: a lady grabs a lawyer .
Event roles: AGENT=worker; VERB=grab; PATIENT=writer
Sentence: the",Sentence: the,first_noun,-4.364757061004639,-6.074798583984375,-1.7100415229797363,active,0.0
1812,role_labeled,passive,passive,a lawyer is grabbed by a lady .,a worker grabs a writer .,a writer is grabbed by a worker .,a,worker,a,writer,grab,grabs,grabbed,"[""AGENT=worker"", ""VERB=grab"", ""PATIENT=writer""]","Prime sentence: a lawyer is grabbed by a lady .
Event roles: AGENT=worker; VERB=grab; PATIENT=writer
Sentence: the",Sentence: the,first_noun,-4.190717697143555,-5.669145584106445,-1.4784278869628906,active,0.0
1812,role_labeled,no_prime_eos,no_prime_eos,,a worker grabs a writer .,a writer is grabbed by a worker .,a,worker,a,writer,grab,grabs,grabbed,"[""AGENT=worker"", ""VERB=grab"", ""PATIENT=writer""]","Event roles: AGENT=worker; VERB=grab; PATIENT=writer
Sentence: the",Sentence: the,first_noun,-3.786463499069214,-5.72415828704834,-1.937694787979126,active,0.0
1812,role_labeled,filler,filler,The lantern glowed near sunset .,a worker grabs a writer .,a writer is grabbed by a worker .,a,worker,a,writer,grab,grabs,grabbed,"[""AGENT=worker"", ""VERB=grab"", ""PATIENT=writer""]","Prime sentence: The lantern glowed near sunset .
Event roles: AGENT=worker; VERB=grab; PATIENT=writer
Sentence: the",Sentence: the,first_noun,-6.050042629241943,-7.867883682250977,-1.8178410530090332,active,0.0
1813,role_labeled,active,active,a captain comforts a champion .,a physician comforts a pilot .,a pilot is comforted by a physician .,a,physician,a,pilot,comfort,comforts,comforted,"[""VERB=comfort"", ""AGENT=physician"", ""PATIENT=pilot""]","Prime sentence: a captain comforts a champion .
Event roles: VERB=comfort; AGENT=physician; PATIENT=pilot
Sentence: the",Sentence: the,first_noun,-6.276350021362305,-3.8217499256134033,2.4546000957489014,passive,1.0
1813,role_labeled,passive,passive,a champion is comforted by a captain .,a physician comforts a pilot .,a pilot is comforted by a physician .,a,physician,a,pilot,comfort,comforts,comforted,"[""VERB=comfort"", ""AGENT=physician"", ""PATIENT=pilot""]","Prime sentence: a champion is comforted by a captain .
Event roles: VERB=comfort; AGENT=physician; PATIENT=pilot
Sentence: the",Sentence: the,first_noun,-6.3216352462768555,-4.48491096496582,1.8367242813110352,passive,1.0
1813,role_labeled,no_prime_eos,no_prime_eos,,a physician comforts a pilot .,a pilot is comforted by a physician .,a,physician,a,pilot,comfort,comforts,comforted,"[""VERB=comfort"", ""AGENT=physician"", ""PATIENT=pilot""]","Event roles: VERB=comfort; AGENT=physician; PATIENT=pilot
Sentence: the",Sentence: the,first_noun,-4.605560302734375,-2.878225088119507,1.7273352146148682,passive,1.0
1813,role_labeled,filler,filler,The radio crackled in the attic .,a physician comforts a pilot .,a pilot is comforted by a physician .,a,physician,a,pilot,comfort,comforts,comforted,"[""VERB=comfort"", ""AGENT=physician"", ""PATIENT=pilot""]","Prime sentence: The radio crackled in the attic .
Event roles: VERB=comfort; AGENT=physician; PATIENT=pilot
Sentence: the",Sentence: the,first_noun,-6.969568252563477,-3.960392713546753,3.0091755390167236,passive,1.0
1814,role_labeled,active,active,a child grabs a colonel .,a priest grabs a prince .,a prince is grabbed by a priest .,a,priest,a,prince,grab,grabs,grabbed,"[""AGENT=priest"", ""PATIENT=prince"", ""VERB=grab""]","Prime sentence: a child grabs a colonel .
Event roles: AGENT=priest; PATIENT=prince; VERB=grab
Sentence: the",Sentence: the,first_noun,-3.7142300605773926,-4.2278594970703125,-0.5136294364929199,active,0.0
1814,role_labeled,passive,passive,a colonel is grabbed by a child .,a priest grabs a prince .,a prince is grabbed by a priest .,a,priest,a,prince,grab,grabs,grabbed,"[""AGENT=priest"", ""PATIENT=prince"", ""VERB=grab""]","Prime sentence: a colonel is grabbed by a child .
Event roles: AGENT=priest; PATIENT=prince; VERB=grab
Sentence: the",Sentence: the,first_noun,-2.987330198287964,-3.9535915851593018,-0.9662613868713379,active,0.0
1814,role_labeled,no_prime_eos,no_prime_eos,,a priest grabs a prince .,a prince is grabbed by a priest .,a,priest,a,prince,grab,grabs,grabbed,"[""AGENT=priest"", ""PATIENT=prince"", ""VERB=grab""]","Event roles: AGENT=priest; PATIENT=prince; VERB=grab
Sentence: the",Sentence: the,first_noun,-3.854597806930542,-3.8139822483062744,0.04061555862426758,passive,1.0
1814,role_labeled,filler,filler,The kettle whistled in the kitchen .,a priest grabs a prince .,a prince is grabbed by a priest .,a,priest,a,prince,grab,grabs,grabbed,"[""AGENT=priest"", ""PATIENT=prince"", ""VERB=grab""]","Prime sentence: The kettle whistled in the kitchen .
Event roles: AGENT=priest; PATIENT=prince; VERB=grab
Sentence: the",Sentence: the,first_noun,-4.962723731994629,-6.385641098022461,-1.422917366027832,active,0.0
1815,role_labeled,active,active,a husband judges a kid .,a wife judges a winner .,a winner is judged by a wife .,a,wife,a,winner,judg,judges,judged,"[""PATIENT=winner"", ""AGENT=wife"", ""VERB=judg""]","Prime sentence: a husband judges a kid .
Event roles: PATIENT=winner; AGENT=wife; VERB=judg
Sentence: the",Sentence: the,first_noun,-3.3536548614501953,-6.6777753829956055,-3.32412052154541,active,0.0
1815,role_labeled,passive,passive,a kid is judged by a husband .,a wife judges a winner .,a winner is judged by a wife .,a,wife,a,winner,judg,judges,judged,"[""PATIENT=winner"", ""AGENT=wife"", ""VERB=judg""]","Prime sentence: a kid is judged by a husband .
Event roles: PATIENT=winner; AGENT=wife; VERB=judg
Sentence: the",Sentence: the,first_noun,-3.3247268199920654,-6.907196998596191,-3.582470178604126,active,0.0
1815,role_labeled,no_prime_eos,no_prime_eos,,a wife judges a winner .,a winner is judged by a wife .,a,wife,a,winner,judg,judges,judged,"[""PATIENT=winner"", ""AGENT=wife"", ""VERB=judg""]","Event roles: PATIENT=winner; AGENT=wife; VERB=judg
Sentence: the",Sentence: the,first_noun,-3.934000015258789,-4.744771480560303,-0.8107714653015137,active,0.0
1815,role_labeled,filler,filler,The traveler rested beside the river .,a wife judges a winner .,a winner is judged by a wife .,a,wife,a,winner,judg,judges,judged,"[""PATIENT=winner"", ""AGENT=wife"", ""VERB=judg""]","Prime sentence: The traveler rested beside the river .
Event roles: PATIENT=winner; AGENT=wife; VERB=judg
Sentence: the",Sentence: the,first_noun,-4.893984794616699,-8.412557601928711,-3.5185728073120117,active,0.0
1816,role_labeled,active,active,a partner forgives a physician .,a buddy forgives a candidate .,a candidate is forgiven by a buddy .,a,buddy,a,candidate,forgiv,forgives,forgiven,"[""VERB=forgiv"", ""AGENT=buddy"", ""PATIENT=candidate""]","Prime sentence: a partner forgives a physician .
Event roles: VERB=forgiv; AGENT=buddy; PATIENT=candidate
Sentence: the",Sentence: the,first_noun,-8.839484214782715,-5.641195297241211,3.198288917541504,passive,1.0
1816,role_labeled,passive,passive,a physician is forgiven by a partner .,a buddy forgives a candidate .,a candidate is forgiven by a buddy .,a,buddy,a,candidate,forgiv,forgives,forgiven,"[""VERB=forgiv"", ""AGENT=buddy"", ""PATIENT=candidate""]","Prime sentence: a physician is forgiven by a partner .
Event roles: VERB=forgiv; AGENT=buddy; PATIENT=candidate
Sentence: the",Sentence: the,first_noun,-9.851358413696289,-6.1003618240356445,3.7509965896606445,passive,1.0
1816,role_labeled,no_prime_eos,no_prime_eos,,a buddy forgives a candidate .,a candidate is forgiven by a buddy .,a,buddy,a,candidate,forgiv,forgives,forgiven,"[""VERB=forgiv"", ""AGENT=buddy"", ""PATIENT=candidate""]","Event roles: VERB=forgiv; AGENT=buddy; PATIENT=candidate
Sentence: the",Sentence: the,first_noun,-9.53225326538086,-5.174844741821289,4.35740852355957,passive,1.0
1816,role_labeled,filler,filler,The notebook stayed on the shelf .,a buddy forgives a candidate .,a candidate is forgiven by a buddy .,a,buddy,a,candidate,forgiv,forgives,forgiven,"[""VERB=forgiv"", ""AGENT=buddy"", ""PATIENT=candidate""]","Prime sentence: The notebook stayed on the shelf .
Event roles: VERB=forgiv; AGENT=buddy; PATIENT=candidate
Sentence: the",Sentence: the,first_noun,-8.700550079345703,-7.091717720031738,1.6088323593139648,passive,1.0
1817,role_labeled,active,active,a child embraces a colonel .,a priest embraces a prince .,a prince is embraced by a priest .,a,priest,a,prince,embrac,embraces,embraced,"[""PATIENT=prince"", ""AGENT=priest"", ""VERB=embrac""]","Prime sentence: a child embraces a colonel .
Event roles: PATIENT=prince; AGENT=priest; VERB=embrac
Sentence: the",Sentence: the,first_noun,-4.133877754211426,-4.504796981811523,-0.37091922760009766,active,0.0
1817,role_labeled,passive,passive,a colonel is embraced by a child .,a priest embraces a prince .,a prince is embraced by a priest .,a,priest,a,prince,embrac,embraces,embraced,"[""PATIENT=prince"", ""AGENT=priest"", ""VERB=embrac""]","Prime sentence: a colonel is embraced by a child .
Event roles: PATIENT=prince; AGENT=priest; VERB=embrac
Sentence: the",Sentence: the,first_noun,-3.6479947566986084,-4.344673156738281,-0.6966784000396729,active,0.0
1817,role_labeled,no_prime_eos,no_prime_eos,,a priest embraces a prince .,a prince is embraced by a priest .,a,priest,a,prince,embrac,embraces,embraced,"[""PATIENT=prince"", ""AGENT=priest"", ""VERB=embrac""]","Event roles: PATIENT=prince; AGENT=priest; VERB=embrac
Sentence: the",Sentence: the,first_noun,-3.577171564102173,-4.381922721862793,-0.8047511577606201,active,0.0
1817,role_labeled,filler,filler,The window rattled during the storm .,a priest embraces a prince .,a prince is embraced by a priest .,a,priest,a,prince,embrac,embraces,embraced,"[""PATIENT=prince"", ""AGENT=priest"", ""VERB=embrac""]","Prime sentence: The window rattled during the storm .
Event roles: PATIENT=prince; AGENT=priest; VERB=embrac
Sentence: the",Sentence: the,first_noun,-5.3084259033203125,-6.251245498657227,-0.9428195953369141,active,0.0
1818,role_labeled,active,active,a leader protects a man .,an actor protects an actress .,an actress is protected by an actor .,an,actor,an,actress,protect,protects,protected,"[""PATIENT=actress"", ""VERB=protect"", ""AGENT=actor""]","Prime sentence: a leader protects a man .
Event roles: PATIENT=actress; VERB=protect; AGENT=actor
Sentence: the",Sentence: the,first_noun,-5.1704487800598145,-6.8560380935668945,-1.68558931350708,active,0.0
1818,role_labeled,passive,passive,a man is protected by a leader .,an actor protects an actress .,an actress is protected by an actor .,an,actor,an,actress,protect,protects,protected,"[""PATIENT=actress"", ""VERB=protect"", ""AGENT=actor""]","Prime sentence: a man is protected by a leader .
Event roles: PATIENT=actress; VERB=protect; AGENT=actor
Sentence: the",Sentence: the,first_noun,-4.851626396179199,-6.781307220458984,-1.9296808242797852,active,0.0
1818,role_labeled,no_prime_eos,no_prime_eos,,an actor protects an actress .,an actress is protected by an actor .,an,actor,an,actress,protect,protects,protected,"[""PATIENT=actress"", ""VERB=protect"", ""AGENT=actor""]","Event roles: PATIENT=actress; VERB=protect; AGENT=actor
Sentence: the",Sentence: the,first_noun,-4.408182144165039,-5.799898147583008,-1.3917160034179688,active,0.0
1818,role_labeled,filler,filler,The window rattled during the storm .,an actor protects an actress .,an actress is protected by an actor .,an,actor,an,actress,protect,protects,protected,"[""PATIENT=actress"", ""VERB=protect"", ""AGENT=actor""]","Prime sentence: The window rattled during the storm .
Event roles: PATIENT=actress; VERB=protect; AGENT=actor
Sentence: the",Sentence: the,first_noun,-7.161227226257324,-7.709300994873047,-0.5480737686157227,active,0.0
1819,role_labeled,active,active,a cop grabs a cousin .,a princess grabs a professor .,a professor is grabbed by a princess .,a,princess,a,professor,grab,grabs,grabbed,"[""PATIENT=professor"", ""VERB=grab"", ""AGENT=princess""]","Prime sentence: a cop grabs a cousin .
Event roles: PATIENT=professor; VERB=grab; AGENT=princess
Sentence: the",Sentence: the,first_noun,-4.729734420776367,-2.977271795272827,1.75246262550354,passive,1.0
1819,role_labeled,passive,passive,a cousin is grabbed by a cop .,a princess grabs a professor .,a professor is grabbed by a princess .,a,princess,a,professor,grab,grabs,grabbed,"[""PATIENT=professor"", ""VERB=grab"", ""AGENT=princess""]","Prime sentence: a cousin is grabbed by a cop .
Event roles: PATIENT=professor; VERB=grab; AGENT=princess
Sentence: the",Sentence: the,first_noun,-4.490442276000977,-3.407517910003662,1.0829243659973145,passive,1.0
1819,role_labeled,no_prime_eos,no_prime_eos,,a princess grabs a professor .,a professor is grabbed by a princess .,a,princess,a,professor,grab,grabs,grabbed,"[""PATIENT=professor"", ""VERB=grab"", ""AGENT=princess""]","Event roles: PATIENT=professor; VERB=grab; AGENT=princess
Sentence: the",Sentence: the,first_noun,-4.153501510620117,-4.268794536590576,-0.11529302597045898,active,0.0
1819,role_labeled,filler,filler,The pillow rested on the sofa .,a princess grabs a professor .,a professor is grabbed by a princess .,a,princess,a,professor,grab,grabs,grabbed,"[""PATIENT=professor"", ""VERB=grab"", ""AGENT=princess""]","Prime sentence: The pillow rested on the sofa .
Event roles: PATIENT=professor; VERB=grab; AGENT=princess
Sentence: the",Sentence: the,first_noun,-5.341632843017578,-5.18122673034668,0.16040611267089844,passive,1.0
1820,role_labeled,active,active,an uncle teaches a wife .,a guy teaches a hero .,a hero is taught by a guy .,a,guy,a,hero,teach,teaches,taught,"[""VERB=teach"", ""AGENT=guy"", ""PATIENT=hero""]","Prime sentence: an uncle teaches a wife .
Event roles: VERB=teach; AGENT=guy; PATIENT=hero
Sentence: the",Sentence: the,first_noun,-4.741680145263672,-5.183777809143066,-0.44209766387939453,active,0.0
1820,role_labeled,passive,passive,a wife is taught by an uncle .,a guy teaches a hero .,a hero is taught by a guy .,a,guy,a,hero,teach,teaches,taught,"[""VERB=teach"", ""AGENT=guy"", ""PATIENT=hero""]","Prime sentence: a wife is taught by an uncle .
Event roles: VERB=teach; AGENT=guy; PATIENT=hero
Sentence: the",Sentence: the,first_noun,-5.067514419555664,-5.540218353271484,-0.4727039337158203,active,0.0
1820,role_labeled,no_prime_eos,no_prime_eos,,a guy teaches a hero .,a hero is taught by a guy .,a,guy,a,hero,teach,teaches,taught,"[""VERB=teach"", ""AGENT=guy"", ""PATIENT=hero""]","Event roles: VERB=teach; AGENT=guy; PATIENT=hero
Sentence: the",Sentence: the,first_noun,-4.897797584533691,-4.2868499755859375,0.6109476089477539,passive,1.0
1820,role_labeled,filler,filler,The garden brightened after rain .,a guy teaches a hero .,a hero is taught by a guy .,a,guy,a,hero,teach,teaches,taught,"[""VERB=teach"", ""AGENT=guy"", ""PATIENT=hero""]","Prime sentence: The garden brightened after rain .
Event roles: VERB=teach; AGENT=guy; PATIENT=hero
Sentence: the",Sentence: the,first_noun,-6.468098163604736,-6.398114204406738,0.06998395919799805,passive,1.0
1821,role_labeled,active,active,a leader punches a man .,an actor punches an actress .,an actress is punched by an actor .,an,actor,an,actress,punch,punches,punched,"[""PATIENT=actress"", ""VERB=punch"", ""AGENT=actor""]","Prime sentence: a leader punches a man .
Event roles: PATIENT=actress; VERB=punch; AGENT=actor
Sentence: the",Sentence: the,first_noun,-3.727156400680542,-5.540710926055908,-1.8135545253753662,active,0.0
1821,role_labeled,passive,passive,a man is punched by a leader .,an actor punches an actress .,an actress is punched by an actor .,an,actor,an,actress,punch,punches,punched,"[""PATIENT=actress"", ""VERB=punch"", ""AGENT=actor""]","Prime sentence: a man is punched by a leader .
Event roles: PATIENT=actress; VERB=punch; AGENT=actor
Sentence: the",Sentence: the,first_noun,-3.393472194671631,-5.351584434509277,-1.9581122398376465,active,0.0
1821,role_labeled,no_prime_eos,no_prime_eos,,an actor punches an actress .,an actress is punched by an actor .,an,actor,an,actress,punch,punches,punched,"[""PATIENT=actress"", ""VERB=punch"", ""AGENT=actor""]","Event roles: PATIENT=actress; VERB=punch; AGENT=actor
Sentence: the",Sentence: the,first_noun,-4.1593427658081055,-5.518914222717285,-1.3595714569091797,active,0.0
1821,role_labeled,filler,filler,The package arrived before noon .,an actor punches an actress .,an actress is punched by an actor .,an,actor,an,actress,punch,punches,punched,"[""PATIENT=actress"", ""VERB=punch"", ""AGENT=actor""]","Prime sentence: The package arrived before noon .
Event roles: PATIENT=actress; VERB=punch; AGENT=actor
Sentence: the",Sentence: the,first_noun,-5.34133768081665,-6.461516380310059,-1.1201786994934082,active,0.0
1822,role_labeled,active,active,an uncle embraces a wife .,a guy embraces a hero .,a hero is embraced by a guy .,a,guy,a,hero,embrac,embraces,embraced,"[""AGENT=guy"", ""VERB=embrac"", ""PATIENT=hero""]","Prime sentence: an uncle embraces a wife .
Event roles: AGENT=guy; VERB=embrac; PATIENT=hero
Sentence: the",Sentence: the,first_noun,-4.578452110290527,-5.0418267250061035,-0.46337461471557617,active,0.0
1822,role_labeled,passive,passive,a wife is embraced by an uncle .,a guy embraces a hero .,a hero is embraced by a guy .,a,guy,a,hero,embrac,embraces,embraced,"[""AGENT=guy"", ""VERB=embrac"", ""PATIENT=hero""]","Prime sentence: a wife is embraced by an uncle .
Event roles: AGENT=guy; VERB=embrac; PATIENT=hero
Sentence: the",Sentence: the,first_noun,-4.997581958770752,-5.285691738128662,-0.28810977935791016,active,0.0
1822,role_labeled,no_prime_eos,no_prime_eos,,a guy embraces a hero .,a hero is embraced by a guy .,a,guy,a,hero,embrac,embraces,embraced,"[""AGENT=guy"", ""VERB=embrac"", ""PATIENT=hero""]","Event roles: AGENT=guy; VERB=embrac; PATIENT=hero
Sentence: the",Sentence: the,first_noun,-4.163260459899902,-4.087446689605713,0.07581377029418945,passive,1.0
1822,role_labeled,filler,filler,The lantern glowed near sunset .,a guy embraces a hero .,a hero is embraced by a guy .,a,guy,a,hero,embrac,embraces,embraced,"[""AGENT=guy"", ""VERB=embrac"", ""PATIENT=hero""]","Prime sentence: The lantern glowed near sunset .
Event roles: AGENT=guy; VERB=embrac; PATIENT=hero
Sentence: the",Sentence: the,first_noun,-5.506308078765869,-5.357451915740967,0.14885616302490234,passive,1.0
1823,role_labeled,active,active,a nurse grabs an opponent .,a bishop grabs a boy .,a boy is grabbed by a bishop .,a,bishop,a,boy,grab,grabs,grabbed,"[""PATIENT=boy"", ""VERB=grab"", ""AGENT=bishop""]","Prime sentence: a nurse grabs an opponent .
Event roles: PATIENT=boy; VERB=grab; AGENT=bishop
Sentence: the",Sentence: the,first_noun,-2.9162685871124268,-3.0041699409484863,-0.08790135383605957,active,0.0
1823,role_labeled,passive,passive,an opponent is grabbed by a nurse .,a bishop grabs a boy .,a boy is grabbed by a bishop .,a,bishop,a,boy,grab,grabs,grabbed,"[""PATIENT=boy"", ""VERB=grab"", ""AGENT=bishop""]","Prime sentence: an opponent is grabbed by a nurse .
Event roles: PATIENT=boy; VERB=grab; AGENT=bishop
Sentence: the",Sentence: the,first_noun,-2.819612503051758,-3.04093074798584,-0.22131824493408203,active,0.0
1823,role_labeled,no_prime_eos,no_prime_eos,,a bishop grabs a boy .,a boy is grabbed by a bishop .,a,bishop,a,boy,grab,grabs,grabbed,"[""PATIENT=boy"", ""VERB=grab"", ""AGENT=bishop""]","Event roles: PATIENT=boy; VERB=grab; AGENT=bishop
Sentence: the",Sentence: the,first_noun,-3.8102915287017822,-2.682833433151245,1.127458095550537,passive,1.0
1823,role_labeled,filler,filler,The teacher listened during assembly .,a bishop grabs a boy .,a boy is grabbed by a bishop .,a,bishop,a,boy,grab,grabs,grabbed,"[""PATIENT=boy"", ""VERB=grab"", ""AGENT=bishop""]","Prime sentence: The teacher listened during assembly .
Event roles: PATIENT=boy; VERB=grab; AGENT=bishop
Sentence: the",Sentence: the,first_noun,-3.1251468658447266,-1.5998594760894775,1.525287389755249,passive,1.0
1824,role_labeled,active,active,a manager beats a mayor .,an adult beats an attorney .,an attorney is beaten by an adult .,an,adult,an,attorney,beat,beats,beaten,"[""VERB=beat"", ""PATIENT=attorney"", ""AGENT=adult""]","Prime sentence: a manager beats a mayor .
Event roles: VERB=beat; PATIENT=attorney; AGENT=adult
Sentence: the",Sentence: the,first_noun,-6.643601417541504,-6.580196857452393,0.06340456008911133,passive,1.0
1824,role_labeled,passive,passive,a mayor is beaten by a manager .,an adult beats an attorney .,an attorney is beaten by an adult .,an,adult,an,attorney,beat,beats,beaten,"[""VERB=beat"", ""PATIENT=attorney"", ""AGENT=adult""]","Prime sentence: a mayor is beaten by a manager .
Event roles: VERB=beat; PATIENT=attorney; AGENT=adult
Sentence: the",Sentence: the,first_noun,-6.240929126739502,-6.295194625854492,-0.054265499114990234,active,0.0
1824,role_labeled,no_prime_eos,no_prime_eos,,an adult beats an attorney .,an attorney is beaten by an adult .,an,adult,an,attorney,beat,beats,beaten,"[""VERB=beat"", ""PATIENT=attorney"", ""AGENT=adult""]","Event roles: VERB=beat; PATIENT=attorney; AGENT=adult
Sentence: the",Sentence: the,first_noun,-5.278705596923828,-6.593857765197754,-1.3151521682739258,active,0.0
1824,role_labeled,filler,filler,The package arrived before noon .,an adult beats an attorney .,an attorney is beaten by an adult .,an,adult,an,attorney,beat,beats,beaten,"[""VERB=beat"", ""PATIENT=attorney"", ""AGENT=adult""]","Prime sentence: The package arrived before noon .
Event roles: VERB=beat; PATIENT=attorney; AGENT=adult
Sentence: the",Sentence: the,first_noun,-5.8580708503723145,-6.075289726257324,-0.21721887588500977,active,0.0
1825,role_labeled,active,active,a buddy judges a candidate .,a parent judges a partner .,a partner is judged by a parent .,a,parent,a,partner,judg,judges,judged,"[""AGENT=parent"", ""PATIENT=partner"", ""VERB=judg""]","Prime sentence: a buddy judges a candidate .
Event roles: AGENT=parent; PATIENT=partner; VERB=judg
Sentence: the",Sentence: the,first_noun,-5.155770778656006,-5.8017730712890625,-0.6460022926330566,active,0.0
1825,role_labeled,passive,passive,a candidate is judged by a buddy .,a parent judges a partner .,a partner is judged by a parent .,a,parent,a,partner,judg,judges,judged,"[""AGENT=parent"", ""PATIENT=partner"", ""VERB=judg""]","Prime sentence: a candidate is judged by a buddy .
Event roles: AGENT=parent; PATIENT=partner; VERB=judg
Sentence: the",Sentence: the,first_noun,-4.934532165527344,-5.870521545410156,-0.9359893798828125,active,0.0
1825,role_labeled,no_prime_eos,no_prime_eos,,a parent judges a partner .,a partner is judged by a parent .,a,parent,a,partner,judg,judges,judged,"[""AGENT=parent"", ""PATIENT=partner"", ""VERB=judg""]","Event roles: AGENT=parent; PATIENT=partner; VERB=judg
Sentence: the",Sentence: the,first_noun,-4.991930961608887,-6.723522186279297,-1.7315912246704102,active,0.0
1825,role_labeled,filler,filler,The jacket hung behind the chair .,a parent judges a partner .,a partner is judged by a parent .,a,parent,a,partner,judg,judges,judged,"[""AGENT=parent"", ""PATIENT=partner"", ""VERB=judg""]","Prime sentence: The jacket hung behind the chair .
Event roles: AGENT=parent; PATIENT=partner; VERB=judg
Sentence: the",Sentence: the,first_noun,-6.788824558258057,-7.482201099395752,-0.6933765411376953,active,0.0
1826,role_labeled,active,active,a physician washes a pilot .,a candidate washes a captain .,a captain is washed by a candidate .,a,candidate,a,captain,wash,washes,washed,"[""VERB=wash"", ""AGENT=candidate"", ""PATIENT=captain""]","Prime sentence: a physician washes a pilot .
Event roles: VERB=wash; AGENT=candidate; PATIENT=captain
Sentence: the",Sentence: the,first_noun,-5.03362512588501,-3.2640767097473145,1.7695484161376953,passive,1.0
1826,role_labeled,passive,passive,a pilot is washed by a physician .,a candidate washes a captain .,a captain is washed by a candidate .,a,candidate,a,captain,wash,washes,washed,"[""VERB=wash"", ""AGENT=candidate"", ""PATIENT=captain""]","Prime sentence: a pilot is washed by a physician .
Event roles: VERB=wash; AGENT=candidate; PATIENT=captain
Sentence: the",Sentence: the,first_noun,-5.2069091796875,-3.4637579917907715,1.7431511878967285,passive,1.0
1826,role_labeled,no_prime_eos,no_prime_eos,,a candidate washes a captain .,a captain is washed by a candidate .,a,candidate,a,captain,wash,washes,washed,"[""VERB=wash"", ""AGENT=candidate"", ""PATIENT=captain""]","Event roles: VERB=wash; AGENT=candidate; PATIENT=captain
Sentence: the",Sentence: the,first_noun,-4.724581718444824,-3.8986904621124268,0.8258912563323975,passive,1.0
1826,role_labeled,filler,filler,The jacket hung behind the chair .,a candidate washes a captain .,a captain is washed by a candidate .,a,candidate,a,captain,wash,washes,washed,"[""VERB=wash"", ""AGENT=candidate"", ""PATIENT=captain""]","Prime sentence: The jacket hung behind the chair .
Event roles: VERB=wash; AGENT=candidate; PATIENT=captain
Sentence: the",Sentence: the,first_noun,-5.884385585784912,-3.9152772426605225,1.9691083431243896,passive,1.0
1827,role_labeled,active,active,a captain drags a champion .,a physician drags a pilot .,a pilot is dragged by a physician .,a,physician,a,pilot,drag,drags,dragged,"[""AGENT=physician"", ""PATIENT=pilot"", ""VERB=drag""]","Prime sentence: a captain drags a champion .
Event roles: AGENT=physician; PATIENT=pilot; VERB=drag
Sentence: the",Sentence: the,first_noun,-5.379944801330566,-3.06032657623291,2.3196182250976562,passive,1.0
1827,role_labeled,passive,passive,a champion is dragged by a captain .,a physician drags a pilot .,a pilot is dragged by a physician .,a,physician,a,pilot,drag,drags,dragged,"[""AGENT=physician"", ""PATIENT=pilot"", ""VERB=drag""]","Prime sentence: a champion is dragged by a captain .
Event roles: AGENT=physician; PATIENT=pilot; VERB=drag
Sentence: the",Sentence: the,first_noun,-5.40028190612793,-3.627265691757202,1.7730162143707275,passive,1.0
1827,role_labeled,no_prime_eos,no_prime_eos,,a physician drags a pilot .,a pilot is dragged by a physician .,a,physician,a,pilot,drag,drags,dragged,"[""AGENT=physician"", ""PATIENT=pilot"", ""VERB=drag""]","Event roles: AGENT=physician; PATIENT=pilot; VERB=drag
Sentence: the",Sentence: the,first_noun,-4.460060119628906,-2.9661381244659424,1.4939219951629639,passive,1.0
1827,role_labeled,filler,filler,The jacket hung behind the chair .,a physician drags a pilot .,a pilot is dragged by a physician .,a,physician,a,pilot,drag,drags,dragged,"[""AGENT=physician"", ""PATIENT=pilot"", ""VERB=drag""]","Prime sentence: The jacket hung behind the chair .
Event roles: AGENT=physician; PATIENT=pilot; VERB=drag
Sentence: the",Sentence: the,first_noun,-6.024407386779785,-3.263577938079834,2.760829448699951,passive,1.0
1828,role_labeled,active,active,a king forgives a lady .,a woman forgives a worker .,a worker is forgiven by a woman .,a,woman,a,worker,forgiv,forgives,forgiven,"[""PATIENT=worker"", ""AGENT=woman"", ""VERB=forgiv""]","Prime sentence: a king forgives a lady .
Event roles: PATIENT=worker; AGENT=woman; VERB=forgiv
Sentence: the",Sentence: the,first_noun,-3.5066962242126465,-5.551741123199463,-2.0450448989868164,active,0.0
1828,role_labeled,passive,passive,a lady is forgiven by a king .,a woman forgives a worker .,a worker is forgiven by a woman .,a,woman,a,worker,forgiv,forgives,forgiven,"[""PATIENT=worker"", ""AGENT=woman"", ""VERB=forgiv""]","Prime sentence: a lady is forgiven by a king .
Event roles: PATIENT=worker; AGENT=woman; VERB=forgiv
Sentence: the",Sentence: the,first_noun,-3.6409294605255127,-6.029677391052246,-2.3887479305267334,active,0.0
1828,role_labeled,no_prime_eos,no_prime_eos,,a woman forgives a worker .,a worker is forgiven by a woman .,a,woman,a,worker,forgiv,forgives,forgiven,"[""PATIENT=worker"", ""AGENT=woman"", ""VERB=forgiv""]","Event roles: PATIENT=worker; AGENT=woman; VERB=forgiv
Sentence: the",Sentence: the,first_noun,-2.872847318649292,-4.961260795593262,-2.0884134769439697,active,0.0
1828,role_labeled,filler,filler,The garden brightened after rain .,a woman forgives a worker .,a worker is forgiven by a woman .,a,woman,a,worker,forgiv,forgives,forgiven,"[""PATIENT=worker"", ""AGENT=woman"", ""VERB=forgiv""]","Prime sentence: The garden brightened after rain .
Event roles: PATIENT=worker; AGENT=woman; VERB=forgiv
Sentence: the",Sentence: the,first_noun,-4.826730728149414,-6.915895462036133,-2.0891647338867188,active,0.0
1829,role_labeled,active,active,a soldier protects a son .,a father protects a friend .,a friend is protected by a father .,a,father,a,friend,protect,protects,protected,"[""AGENT=father"", ""PATIENT=friend"", ""VERB=protect""]","Prime sentence: a soldier protects a son .
Event roles: AGENT=father; PATIENT=friend; VERB=protect
Sentence: the",Sentence: the,first_noun,-2.434535264968872,-5.8657684326171875,-3.4312331676483154,active,0.0
1829,role_labeled,passive,passive,a son is protected by a soldier .,a father protects a friend .,a friend is protected by a father .,a,father,a,friend,protect,protects,protected,"[""AGENT=father"", ""PATIENT=friend"", ""VERB=protect""]","Prime sentence: a son is protected by a soldier .
Event roles: AGENT=father; PATIENT=friend; VERB=protect
Sentence: the",Sentence: the,first_noun,-2.4928293228149414,-5.819965362548828,-3.3271360397338867,active,0.0
1829,role_labeled,no_prime_eos,no_prime_eos,,a father protects a friend .,a friend is protected by a father .,a,father,a,friend,protect,protects,protected,"[""AGENT=father"", ""PATIENT=friend"", ""VERB=protect""]","Event roles: AGENT=father; PATIENT=friend; VERB=protect
Sentence: the",Sentence: the,first_noun,-3.2033913135528564,-6.141770362854004,-2.9383790493011475,active,0.0
1829,role_labeled,filler,filler,The kettle whistled in the kitchen .,a father protects a friend .,a friend is protected by a father .,a,father,a,friend,protect,protects,protected,"[""AGENT=father"", ""PATIENT=friend"", ""VERB=protect""]","Prime sentence: The kettle whistled in the kitchen .
Event roles: AGENT=father; PATIENT=friend; VERB=protect
Sentence: the",Sentence: the,first_noun,-5.5065083503723145,-7.285549640655518,-1.7790412902832031,active,0.0
1830,role_labeled,active,active,a worker asks a writer .,a king asks a lady .,a lady is asked by a king .,a,king,a,lady,ask,asks,asked,"[""VERB=ask"", ""AGENT=king"", ""PATIENT=lady""]","Prime sentence: a worker asks a writer .
Event roles: VERB=ask; AGENT=king; PATIENT=lady
Sentence: the",Sentence: the,first_noun,-3.0109217166900635,-5.423406600952148,-2.412484884262085,active,0.0
1830,role_labeled,passive,passive,a writer is asked by a worker .,a king asks a lady .,a lady is asked by a king .,a,king,a,lady,ask,asks,asked,"[""VERB=ask"", ""AGENT=king"", ""PATIENT=lady""]","Prime sentence: a writer is asked by a worker .
Event roles: VERB=ask; AGENT=king; PATIENT=lady
Sentence: the",Sentence: the,first_noun,-3.3394975662231445,-5.489729881286621,-2.1502323150634766,active,0.0
1830,role_labeled,no_prime_eos,no_prime_eos,,a king asks a lady .,a lady is asked by a king .,a,king,a,lady,ask,asks,asked,"[""VERB=ask"", ""AGENT=king"", ""PATIENT=lady""]","Event roles: VERB=ask; AGENT=king; PATIENT=lady
Sentence: the",Sentence: the,first_noun,-4.063716411590576,-6.063407897949219,-1.9996914863586426,active,0.0
1830,role_labeled,filler,filler,The teacher listened during assembly .,a king asks a lady .,a lady is asked by a king .,a,king,a,lady,ask,asks,asked,"[""VERB=ask"", ""AGENT=king"", ""PATIENT=lady""]","Prime sentence: The teacher listened during assembly .
Event roles: VERB=ask; AGENT=king; PATIENT=lady
Sentence: the",Sentence: the,first_noun,-2.2591261863708496,-4.521059513092041,-2.2619333267211914,active,0.0
1831,role_labeled,active,active,a chief selects a child .,a president selects a priest .,a priest is selected by a president .,a,president,a,priest,select,selects,selected,"[""VERB=select"", ""PATIENT=priest"", ""AGENT=president""]","Prime sentence: a chief selects a child .
Event roles: VERB=select; PATIENT=priest; AGENT=president
Sentence: the",Sentence: the,first_noun,-3.5164308547973633,-3.8026890754699707,-0.2862582206726074,active,0.0
1831,role_labeled,passive,passive,a child is selected by a chief .,a president selects a priest .,a priest is selected by a president .,a,president,a,priest,select,selects,selected,"[""VERB=select"", ""PATIENT=priest"", ""AGENT=president""]","Prime sentence: a child is selected by a chief .
Event roles: VERB=select; PATIENT=priest; AGENT=president
Sentence: the",Sentence: the,first_noun,-3.2943661212921143,-3.7439935207366943,-0.4496273994445801,active,0.0
1831,role_labeled,no_prime_eos,no_prime_eos,,a president selects a priest .,a priest is selected by a president .,a,president,a,priest,select,selects,selected,"[""VERB=select"", ""PATIENT=priest"", ""AGENT=president""]","Event roles: VERB=select; PATIENT=priest; AGENT=president
Sentence: the",Sentence: the,first_noun,-4.1100077629089355,-4.4492878913879395,-0.3392801284790039,active,0.0
1831,role_labeled,filler,filler,The tourist wandered through the plaza .,a president selects a priest .,a priest is selected by a president .,a,president,a,priest,select,selects,selected,"[""VERB=select"", ""PATIENT=priest"", ""AGENT=president""]","Prime sentence: The tourist wandered through the plaza .
Event roles: VERB=select; PATIENT=priest; AGENT=president
Sentence: the",Sentence: the,first_noun,-3.6439898014068604,-2.608276605606079,1.0357131958007812,passive,1.0
1832,role_labeled,active,active,a parent discovers a partner .,a brother discovers a buddy .,a buddy is discovered by a brother .,a,brother,a,buddy,discover,discovers,discovered,"[""AGENT=brother"", ""PATIENT=buddy"", ""VERB=discover""]","Prime sentence: a parent discovers a partner .
Event roles: AGENT=brother; PATIENT=buddy; VERB=discover
Sentence: the",Sentence: the,first_noun,-4.417277812957764,-8.199362754821777,-3.7820849418640137,active,0.0
1832,role_labeled,passive,passive,a partner is discovered by a parent .,a brother discovers a buddy .,a buddy is discovered by a brother .,a,brother,a,buddy,discover,discovers,discovered,"[""AGENT=brother"", ""PATIENT=buddy"", ""VERB=discover""]","Prime sentence: a partner is discovered by a parent .
Event roles: AGENT=brother; PATIENT=buddy; VERB=discover
Sentence: the",Sentence: the,first_noun,-3.986790418624878,-7.460198402404785,-3.4734079837799072,active,0.0
1832,role_labeled,no_prime_eos,no_prime_eos,,a brother discovers a buddy .,a buddy is discovered by a brother .,a,brother,a,buddy,discover,discovers,discovered,"[""AGENT=brother"", ""PATIENT=buddy"", ""VERB=discover""]","Event roles: AGENT=brother; PATIENT=buddy; VERB=discover
Sentence: the",Sentence: the,first_noun,-4.67462682723999,-7.957207202911377,-3.2825803756713867,active,0.0
1832,role_labeled,filler,filler,The planet shimmered above the valley .,a brother discovers a buddy .,a buddy is discovered by a brother .,a,brother,a,buddy,discover,discovers,discovered,"[""AGENT=brother"", ""PATIENT=buddy"", ""VERB=discover""]","Prime sentence: The planet shimmered above the valley .
Event roles: AGENT=brother; PATIENT=buddy; VERB=discover
Sentence: the",Sentence: the,first_noun,-7.692061424255371,-11.462512969970703,-3.770451545715332,active,0.0
1833,role_labeled,active,active,a nurse embraces an opponent .,a bishop embraces a boy .,a boy is embraced by a bishop .,a,bishop,a,boy,embrac,embraces,embraced,"[""PATIENT=boy"", ""VERB=embrac"", ""AGENT=bishop""]","Prime sentence: a nurse embraces an opponent .
Event roles: PATIENT=boy; VERB=embrac; AGENT=bishop
Sentence: the",Sentence: the,first_noun,-3.601149559020996,-3.960237503051758,-0.3590879440307617,active,0.0
1833,role_labeled,passive,passive,an opponent is embraced by a nurse .,a bishop embraces a boy .,a boy is embraced by a bishop .,a,bishop,a,boy,embrac,embraces,embraced,"[""PATIENT=boy"", ""VERB=embrac"", ""AGENT=bishop""]","Prime sentence: an opponent is embraced by a nurse .
Event roles: PATIENT=boy; VERB=embrac; AGENT=bishop
Sentence: the",Sentence: the,first_noun,-3.491427183151245,-3.8174517154693604,-0.32602453231811523,active,0.0
1833,role_labeled,no_prime_eos,no_prime_eos,,a bishop embraces a boy .,a boy is embraced by a bishop .,a,bishop,a,boy,embrac,embraces,embraced,"[""PATIENT=boy"", ""VERB=embrac"", ""AGENT=bishop""]","Event roles: PATIENT=boy; VERB=embrac; AGENT=bishop
Sentence: the",Sentence: the,first_noun,-3.9150943756103516,-3.1582698822021484,0.7568244934082031,passive,1.0
1833,role_labeled,filler,filler,The blanket dried on the line .,a bishop embraces a boy .,a boy is embraced by a bishop .,a,bishop,a,boy,embrac,embraces,embraced,"[""PATIENT=boy"", ""VERB=embrac"", ""AGENT=bishop""]","Prime sentence: The blanket dried on the line .
Event roles: PATIENT=boy; VERB=embrac; AGENT=bishop
Sentence: the",Sentence: the,first_noun,-4.470771789550781,-3.2027764320373535,1.2679953575134277,passive,1.0
1834,role_labeled,active,active,an actress strikes an adult .,a leader strikes a man .,a man is struck by a leader .,a,leader,a,man,strik,strikes,struck,"[""PATIENT=man"", ""AGENT=leader"", ""VERB=strik""]","Prime sentence: an actress strikes an adult .
Event roles: PATIENT=man; AGENT=leader; VERB=strik
Sentence: the",Sentence: the,first_noun,-5.668295383453369,-3.877354621887207,1.790940761566162,passive,1.0
1834,role_labeled,passive,passive,an adult is struck by an actress .,a leader strikes a man .,a man is struck by a leader .,a,leader,a,man,strik,strikes,struck,"[""PATIENT=man"", ""AGENT=leader"", ""VERB=strik""]","Prime sentence: an adult is struck by an actress .
Event roles: PATIENT=man; AGENT=leader; VERB=strik
Sentence: the",Sentence: the,first_noun,-5.616219520568848,-3.523555278778076,2.0926642417907715,passive,1.0
1834,role_labeled,no_prime_eos,no_prime_eos,,a leader strikes a man .,a man is struck by a leader .,a,leader,a,man,strik,strikes,struck,"[""PATIENT=man"", ""AGENT=leader"", ""VERB=strik""]","Event roles: PATIENT=man; AGENT=leader; VERB=strik
Sentence: the",Sentence: the,first_noun,-3.6738626956939697,-4.115324974060059,-0.44146227836608887,active,0.0
1834,role_labeled,filler,filler,The baker laughed during breakfast .,a leader strikes a man .,a man is struck by a leader .,a,leader,a,man,strik,strikes,struck,"[""PATIENT=man"", ""AGENT=leader"", ""VERB=strik""]","Prime sentence: The baker laughed during breakfast .
Event roles: PATIENT=man; AGENT=leader; VERB=strik
Sentence: the",Sentence: the,first_noun,-5.57888126373291,-3.4220292568206787,2.1568520069122314,passive,1.0
1835,role_labeled,active,active,a partner helps a physician .,a buddy helps a candidate .,a candidate is helped by a buddy .,a,buddy,a,candidate,help,helps,helped,"[""PATIENT=candidate"", ""VERB=help"", ""AGENT=buddy""]","Prime sentence: a partner helps a physician .
Event roles: PATIENT=candidate; VERB=help; AGENT=buddy
Sentence: the",Sentence: the,first_noun,-8.026918411254883,-4.6980485916137695,3.3288698196411133,passive,1.0
1835,role_labeled,passive,passive,a physician is helped by a partner .,a buddy helps a candidate .,a candidate is helped by a buddy .,a,buddy,a,candidate,help,helps,helped,"[""PATIENT=candidate"", ""VERB=help"", ""AGENT=buddy""]","Prime sentence: a physician is helped by a partner .
Event roles: PATIENT=candidate; VERB=help; AGENT=buddy
Sentence: the",Sentence: the,first_noun,-9.044862747192383,-4.507498741149902,4.5373640060424805,passive,1.0
1835,role_labeled,no_prime_eos,no_prime_eos,,a buddy helps a candidate .,a candidate is helped by a buddy .,a,buddy,a,candidate,help,helps,helped,"[""PATIENT=candidate"", ""VERB=help"", ""AGENT=buddy""]","Event roles: PATIENT=candidate; VERB=help; AGENT=buddy
Sentence: the",Sentence: the,first_noun,-7.271838188171387,-4.225170135498047,3.04666805267334,passive,1.0
1835,role_labeled,filler,filler,The baker laughed during breakfast .,a buddy helps a candidate .,a candidate is helped by a buddy .,a,buddy,a,candidate,help,helps,helped,"[""PATIENT=candidate"", ""VERB=help"", ""AGENT=buddy""]","Prime sentence: The baker laughed during breakfast .
Event roles: PATIENT=candidate; VERB=help; AGENT=buddy
Sentence: the",Sentence: the,first_noun,-8.789412498474121,-4.681345462799072,4.108067035675049,passive,1.0
1836,role_labeled,active,active,a scientist follows a secretary .,a daughter follows a doctor .,a doctor is followed by a daughter .,a,daughter,a,doctor,follow,follows,followed,"[""VERB=follow"", ""AGENT=daughter"", ""PATIENT=doctor""]","Prime sentence: a scientist follows a secretary .
Event roles: VERB=follow; AGENT=daughter; PATIENT=doctor
Sentence: the",Sentence: the,first_noun,-5.19944953918457,-2.8755173683166504,2.32393217086792,passive,1.0
1836,role_labeled,passive,passive,a secretary is followed by a scientist .,a daughter follows a doctor .,a doctor is followed by a daughter .,a,daughter,a,doctor,follow,follows,followed,"[""VERB=follow"", ""AGENT=daughter"", ""PATIENT=doctor""]","Prime sentence: a secretary is followed by a scientist .
Event roles: VERB=follow; AGENT=daughter; PATIENT=doctor
Sentence: the",Sentence: the,first_noun,-5.481780529022217,-3.2513675689697266,2.2304129600524902,passive,1.0
1836,role_labeled,no_prime_eos,no_prime_eos,,a daughter follows a doctor .,a doctor is followed by a daughter .,a,daughter,a,doctor,follow,follows,followed,"[""VERB=follow"", ""AGENT=daughter"", ""PATIENT=doctor""]","Event roles: VERB=follow; AGENT=daughter; PATIENT=doctor
Sentence: the",Sentence: the,first_noun,-5.242119789123535,-3.49995756149292,1.7421622276306152,passive,1.0
1836,role_labeled,filler,filler,The package arrived before noon .,a daughter follows a doctor .,a doctor is followed by a daughter .,a,daughter,a,doctor,follow,follows,followed,"[""VERB=follow"", ""AGENT=daughter"", ""PATIENT=doctor""]","Prime sentence: The package arrived before noon .
Event roles: VERB=follow; AGENT=daughter; PATIENT=doctor
Sentence: the",Sentence: the,first_noun,-5.581192493438721,-3.5912275314331055,1.9899649620056152,passive,1.0
1837,role_labeled,active,active,a father punches a friend .,a singer punches a soldier .,a soldier is punched by a singer .,a,singer,a,soldier,punch,punches,punched,"[""AGENT=singer"", ""VERB=punch"", ""PATIENT=soldier""]","Prime sentence: a father punches a friend .
Event roles: AGENT=singer; VERB=punch; PATIENT=soldier
Sentence: the",Sentence: the,first_noun,-5.383130073547363,-3.5874881744384766,1.7956418991088867,passive,1.0
1837,role_labeled,passive,passive,a friend is punched by a father .,a singer punches a soldier .,a soldier is punched by a singer .,a,singer,a,soldier,punch,punches,punched,"[""AGENT=singer"", ""VERB=punch"", ""PATIENT=soldier""]","Prime sentence: a friend is punched by a father .
Event roles: AGENT=singer; VERB=punch; PATIENT=soldier
Sentence: the",Sentence: the,first_noun,-4.418693542480469,-3.2810938358306885,1.1375997066497803,passive,1.0
1837,role_labeled,no_prime_eos,no_prime_eos,,a singer punches a soldier .,a soldier is punched by a singer .,a,singer,a,soldier,punch,punches,punched,"[""AGENT=singer"", ""VERB=punch"", ""PATIENT=soldier""]","Event roles: AGENT=singer; VERB=punch; PATIENT=soldier
Sentence: the",Sentence: the,first_noun,-4.307859897613525,-4.347177982330322,-0.039318084716796875,active,0.0
1837,role_labeled,filler,filler,The signal flickered across the screen .,a singer punches a soldier .,a soldier is punched by a singer .,a,singer,a,soldier,punch,punches,punched,"[""AGENT=singer"", ""VERB=punch"", ""PATIENT=soldier""]","Prime sentence: The signal flickered across the screen .
Event roles: AGENT=singer; VERB=punch; PATIENT=soldier
Sentence: the",Sentence: the,first_noun,-5.075488567352295,-3.3922719955444336,1.6832165718078613,passive,1.0
1838,role_labeled,active,active,a reader judges a scientist .,a cousin judges a daughter .,a daughter is judged by a cousin .,a,cousin,a,daughter,judg,judges,judged,"[""VERB=judg"", ""PATIENT=daughter"", ""AGENT=cousin""]","Prime sentence: a reader judges a scientist .
Event roles: VERB=judg; PATIENT=daughter; AGENT=cousin
Sentence: the",Sentence: the,first_noun,-8.703221321105957,-5.363381385803223,3.3398399353027344,passive,1.0
1838,role_labeled,passive,passive,a scientist is judged by a reader .,a cousin judges a daughter .,a daughter is judged by a cousin .,a,cousin,a,daughter,judg,judges,judged,"[""VERB=judg"", ""PATIENT=daughter"", ""AGENT=cousin""]","Prime sentence: a scientist is judged by a reader .
Event roles: VERB=judg; PATIENT=daughter; AGENT=cousin
Sentence: the",Sentence: the,first_noun,-9.006917953491211,-5.668759346008301,3.33815860748291,passive,1.0
1838,role_labeled,no_prime_eos,no_prime_eos,,a cousin judges a daughter .,a daughter is judged by a cousin .,a,cousin,a,daughter,judg,judges,judged,"[""VERB=judg"", ""PATIENT=daughter"", ""AGENT=cousin""]","Event roles: VERB=judg; PATIENT=daughter; AGENT=cousin
Sentence: the",Sentence: the,first_noun,-8.621196746826172,-4.964001178741455,3.657195568084717,passive,1.0
1838,role_labeled,filler,filler,The captain waited beside the harbor .,a cousin judges a daughter .,a daughter is judged by a cousin .,a,cousin,a,daughter,judg,judges,judged,"[""VERB=judg"", ""PATIENT=daughter"", ""AGENT=cousin""]","Prime sentence: The captain waited beside the harbor .
Event roles: VERB=judg; PATIENT=daughter; AGENT=cousin
Sentence: the",Sentence: the,first_noun,-8.47829532623291,-5.6609416007995605,2.8173537254333496,passive,1.0
1839,role_labeled,active,active,a partner protects a physician .,a buddy protects a candidate .,a candidate is protected by a buddy .,a,buddy,a,candidate,protect,protects,protected,"[""VERB=protect"", ""PATIENT=candidate"", ""AGENT=buddy""]","Prime sentence: a partner protects a physician .
Event roles: VERB=protect; PATIENT=candidate; AGENT=buddy
Sentence: the",Sentence: the,first_noun,-8.531594276428223,-5.209892272949219,3.321702003479004,passive,1.0
1839,role_labeled,passive,passive,a physician is protected by a partner .,a buddy protects a candidate .,a candidate is protected by a buddy .,a,buddy,a,candidate,protect,protects,protected,"[""VERB=protect"", ""PATIENT=candidate"", ""AGENT=buddy""]","Prime sentence: a physician is protected by a partner .
Event roles: VERB=protect; PATIENT=candidate; AGENT=buddy
Sentence: the",Sentence: the,first_noun,-9.415550231933594,-5.119377613067627,4.296172618865967,passive,1.0
1839,role_labeled,no_prime_eos,no_prime_eos,,a buddy protects a candidate .,a candidate is protected by a buddy .,a,buddy,a,candidate,protect,protects,protected,"[""VERB=protect"", ""PATIENT=candidate"", ""AGENT=buddy""]","Event roles: VERB=protect; PATIENT=candidate; AGENT=buddy
Sentence: the",Sentence: the,first_noun,-8.233375549316406,-5.248868942260742,2.984506607055664,passive,1.0
1839,role_labeled,filler,filler,The window rattled during the storm .,a buddy protects a candidate .,a candidate is protected by a buddy .,a,buddy,a,candidate,protect,protects,protected,"[""VERB=protect"", ""PATIENT=candidate"", ""AGENT=buddy""]","Prime sentence: The window rattled during the storm .
Event roles: VERB=protect; PATIENT=candidate; AGENT=buddy
Sentence: the",Sentence: the,first_noun,-11.459371566772461,-7.392799377441406,4.066572189331055,passive,1.0
1840,role_labeled,active,active,a professor forgives a reader .,a cop forgives a cousin .,a cousin is forgiven by a cop .,a,cop,a,cousin,forgiv,forgives,forgiven,"[""VERB=forgiv"", ""AGENT=cop"", ""PATIENT=cousin""]","Prime sentence: a professor forgives a reader .
Event roles: VERB=forgiv; AGENT=cop; PATIENT=cousin
Sentence: the",Sentence: the,first_noun,-6.103512763977051,-8.94418716430664,-2.84067440032959,active,0.0
1840,role_labeled,passive,passive,a reader is forgiven by a professor .,a cop forgives a cousin .,a cousin is forgiven by a cop .,a,cop,a,cousin,forgiv,forgives,forgiven,"[""VERB=forgiv"", ""AGENT=cop"", ""PATIENT=cousin""]","Prime sentence: a reader is forgiven by a professor .
Event roles: VERB=forgiv; AGENT=cop; PATIENT=cousin
Sentence: the",Sentence: the,first_noun,-6.430954456329346,-9.3419828414917,-2.9110283851623535,active,0.0
1840,role_labeled,no_prime_eos,no_prime_eos,,a cop forgives a cousin .,a cousin is forgiven by a cop .,a,cop,a,cousin,forgiv,forgives,forgiven,"[""VERB=forgiv"", ""AGENT=cop"", ""PATIENT=cousin""]","Event roles: VERB=forgiv; AGENT=cop; PATIENT=cousin
Sentence: the",Sentence: the,first_noun,-6.534627914428711,-9.699071884155273,-3.1644439697265625,active,0.0
1840,role_labeled,filler,filler,The captain waited beside the harbor .,a cop forgives a cousin .,a cousin is forgiven by a cop .,a,cop,a,cousin,forgiv,forgives,forgiven,"[""VERB=forgiv"", ""AGENT=cop"", ""PATIENT=cousin""]","Prime sentence: The captain waited beside the harbor .
Event roles: VERB=forgiv; AGENT=cop; PATIENT=cousin
Sentence: the",Sentence: the,first_noun,-6.53503942489624,-9.04842758178711,-2.513388156890869,active,0.0
1841,role_labeled,active,active,a soldier comforts a son .,a father comforts a friend .,a friend is comforted by a father .,a,father,a,friend,comfort,comforts,comforted,"[""VERB=comfort"", ""PATIENT=friend"", ""AGENT=father""]","Prime sentence: a soldier comforts a son .
Event roles: VERB=comfort; PATIENT=friend; AGENT=father
Sentence: the",Sentence: the,first_noun,-3.604025363922119,-5.954347133636475,-2.3503217697143555,active,0.0
1841,role_labeled,passive,passive,a son is comforted by a soldier .,a father comforts a friend .,a friend is comforted by a father .,a,father,a,friend,comfort,comforts,comforted,"[""VERB=comfort"", ""PATIENT=friend"", ""AGENT=father""]","Prime sentence: a son is comforted by a soldier .
Event roles: VERB=comfort; PATIENT=friend; AGENT=father
Sentence: the",Sentence: the,first_noun,-3.763862371444702,-6.168643951416016,-2.4047815799713135,active,0.0
1841,role_labeled,no_prime_eos,no_prime_eos,,a father comforts a friend .,a friend is comforted by a father .,a,father,a,friend,comfort,comforts,comforted,"[""VERB=comfort"", ""PATIENT=friend"", ""AGENT=father""]","Event roles: VERB=comfort; PATIENT=friend; AGENT=father
Sentence: the",Sentence: the,first_noun,-4.522707939147949,-5.906335830688477,-1.3836278915405273,active,0.0
1841,role_labeled,filler,filler,The window rattled during the storm .,a father comforts a friend .,a friend is comforted by a father .,a,father,a,friend,comfort,comforts,comforted,"[""VERB=comfort"", ""PATIENT=friend"", ""AGENT=father""]","Prime sentence: The window rattled during the storm .
Event roles: VERB=comfort; PATIENT=friend; AGENT=father
Sentence: the",Sentence: the,first_noun,-6.24421501159668,-7.867603778839111,-1.6233887672424316,active,0.0
1842,role_labeled,active,active,a child describes a colonel .,a priest describes a prince .,a prince is described by a priest .,a,priest,a,prince,describ,describes,described,"[""VERB=describ"", ""AGENT=priest"", ""PATIENT=prince""]","Prime sentence: a child describes a colonel .
Event roles: VERB=describ; AGENT=priest; PATIENT=prince
Sentence: the",Sentence: the,first_noun,-4.255986213684082,-4.748581886291504,-0.4925956726074219,active,0.0
1842,role_labeled,passive,passive,a colonel is described by a child .,a priest describes a prince .,a prince is described by a priest .,a,priest,a,prince,describ,describes,described,"[""VERB=describ"", ""AGENT=priest"", ""PATIENT=prince""]","Prime sentence: a colonel is described by a child .
Event roles: VERB=describ; AGENT=priest; PATIENT=prince
Sentence: the",Sentence: the,first_noun,-3.7657012939453125,-4.159483909606934,-0.3937826156616211,active,0.0
1842,role_labeled,no_prime_eos,no_prime_eos,,a priest describes a prince .,a prince is described by a priest .,a,priest,a,prince,describ,describes,described,"[""VERB=describ"", ""AGENT=priest"", ""PATIENT=prince""]","Event roles: VERB=describ; AGENT=priest; PATIENT=prince
Sentence: the",Sentence: the,first_noun,-4.083106994628906,-4.100340843200684,-0.017233848571777344,active,0.0
1842,role_labeled,filler,filler,The tourist wandered through the plaza .,a priest describes a prince .,a prince is described by a priest .,a,priest,a,prince,describ,describes,described,"[""VERB=describ"", ""AGENT=priest"", ""PATIENT=prince""]","Prime sentence: The tourist wandered through the plaza .
Event roles: VERB=describ; AGENT=priest; PATIENT=prince
Sentence: the",Sentence: the,first_noun,-2.587541341781616,-4.268176078796387,-1.6806347370147705,active,0.0
1843,role_labeled,active,active,an aunt strikes an author .,a mayor strikes a minister .,a minister is struck by a mayor .,a,mayor,a,minister,strik,strikes,struck,"[""PATIENT=minister"", ""VERB=strik"", ""AGENT=mayor""]","Prime sentence: an aunt strikes an author .
Event roles: PATIENT=minister; VERB=strik; AGENT=mayor
Sentence: the",Sentence: the,first_noun,-3.5326404571533203,-4.561370849609375,-1.0287303924560547,active,0.0
1843,role_labeled,passive,passive,an author is struck by an aunt .,a mayor strikes a minister .,a minister is struck by a mayor .,a,mayor,a,minister,strik,strikes,struck,"[""PATIENT=minister"", ""VERB=strik"", ""AGENT=mayor""]","Prime sentence: an author is struck by an aunt .
Event roles: PATIENT=minister; VERB=strik; AGENT=mayor
Sentence: the",Sentence: the,first_noun,-3.486856460571289,-4.338167667388916,-0.851311206817627,active,0.0
1843,role_labeled,no_prime_eos,no_prime_eos,,a mayor strikes a minister .,a minister is struck by a mayor .,a,mayor,a,minister,strik,strikes,struck,"[""PATIENT=minister"", ""VERB=strik"", ""AGENT=mayor""]","Event roles: PATIENT=minister; VERB=strik; AGENT=mayor
Sentence: the",Sentence: the,first_noun,-3.448547840118408,-4.411543369293213,-0.9629955291748047,active,0.0
1843,role_labeled,filler,filler,The package arrived before noon .,a mayor strikes a minister .,a minister is struck by a mayor .,a,mayor,a,minister,strik,strikes,struck,"[""PATIENT=minister"", ""VERB=strik"", ""AGENT=mayor""]","Prime sentence: The package arrived before noon .
Event roles: PATIENT=minister; VERB=strik; AGENT=mayor
Sentence: the",Sentence: the,first_noun,-3.2589142322540283,-5.42899227142334,-2.1700780391693115,active,0.0
1844,role_labeled,active,active,a student bothers a teacher .,a girl bothers a guest .,a guest is bothered by a girl .,a,girl,a,guest,bother,bothers,bothered,"[""PATIENT=guest"", ""AGENT=girl"", ""VERB=bother""]","Prime sentence: a student bothers a teacher .
Event roles: PATIENT=guest; AGENT=girl; VERB=bother
Sentence: the",Sentence: the,first_noun,-2.336832046508789,-5.469444274902344,-3.1326122283935547,active,0.0
1844,role_labeled,passive,passive,a teacher is bothered by a student .,a girl bothers a guest .,a guest is bothered by a girl .,a,girl,a,guest,bother,bothers,bothered,"[""PATIENT=guest"", ""AGENT=girl"", ""VERB=bother""]","Prime sentence: a teacher is bothered by a student .
Event roles: PATIENT=guest; AGENT=girl; VERB=bother
Sentence: the",Sentence: the,first_noun,-2.54068660736084,-5.500213623046875,-2.959527015686035,active,0.0
1844,role_labeled,no_prime_eos,no_prime_eos,,a girl bothers a guest .,a guest is bothered by a girl .,a,girl,a,guest,bother,bothers,bothered,"[""PATIENT=guest"", ""AGENT=girl"", ""VERB=bother""]","Event roles: PATIENT=guest; AGENT=girl; VERB=bother
Sentence: the",Sentence: the,first_noun,-2.3160760402679443,-5.72000789642334,-3.4039318561553955,active,0.0
1844,role_labeled,filler,filler,The market opened after sunrise .,a girl bothers a guest .,a guest is bothered by a girl .,a,girl,a,guest,bother,bothers,bothered,"[""PATIENT=guest"", ""AGENT=girl"", ""VERB=bother""]","Prime sentence: The market opened after sunrise .
Event roles: PATIENT=guest; AGENT=girl; VERB=bother
Sentence: the",Sentence: the,first_noun,-4.0115885734558105,-6.956355094909668,-2.9447665214538574,active,0.0
1845,role_labeled,active,active,an actor bothers an actress .,a lawyer bothers a leader .,a leader is bothered by a lawyer .,a,lawyer,a,leader,bother,bothers,bothered,"[""VERB=bother"", ""AGENT=lawyer"", ""PATIENT=leader""]","Prime sentence: an actor bothers an actress .
Event roles: VERB=bother; AGENT=lawyer; PATIENT=leader
Sentence: the",Sentence: the,first_noun,-5.558233737945557,-6.2099432945251465,-0.6517095565795898,active,0.0
1845,role_labeled,passive,passive,an actress is bothered by an actor .,a lawyer bothers a leader .,a leader is bothered by a lawyer .,a,lawyer,a,leader,bother,bothers,bothered,"[""VERB=bother"", ""AGENT=lawyer"", ""PATIENT=leader""]","Prime sentence: an actress is bothered by an actor .
Event roles: VERB=bother; AGENT=lawyer; PATIENT=leader
Sentence: the",Sentence: the,first_noun,-5.322505950927734,-6.282559394836426,-0.9600534439086914,active,0.0
1845,role_labeled,no_prime_eos,no_prime_eos,,a lawyer bothers a leader .,a leader is bothered by a lawyer .,a,lawyer,a,leader,bother,bothers,bothered,"[""VERB=bother"", ""AGENT=lawyer"", ""PATIENT=leader""]","Event roles: VERB=bother; AGENT=lawyer; PATIENT=leader
Sentence: the",Sentence: the,first_noun,-5.295538902282715,-5.087338924407959,0.20819997787475586,passive,1.0
1845,role_labeled,filler,filler,The window rattled during the storm .,a lawyer bothers a leader .,a leader is bothered by a lawyer .,a,lawyer,a,leader,bother,bothers,bothered,"[""VERB=bother"", ""AGENT=lawyer"", ""PATIENT=leader""]","Prime sentence: The window rattled during the storm .
Event roles: VERB=bother; AGENT=lawyer; PATIENT=leader
Sentence: the",Sentence: the,first_noun,-6.249342441558838,-7.204221725463867,-0.9548792839050293,active,0.0
1846,role_labeled,active,active,a worker surprises a writer .,a king surprises a lady .,a lady is surprised by a king .,a,king,a,lady,surpris,surprises,surprised,"[""PATIENT=lady"", ""AGENT=king"", ""VERB=surpris""]","Prime sentence: a worker surprises a writer .
Event roles: PATIENT=lady; AGENT=king; VERB=surpris
Sentence: the",Sentence: the,first_noun,-3.3143041133880615,-4.941976070404053,-1.6276719570159912,active,0.0
1846,role_labeled,passive,passive,a writer is surprised by a worker .,a king surprises a lady .,a lady is surprised by a king .,a,king,a,lady,surpris,surprises,surprised,"[""PATIENT=lady"", ""AGENT=king"", ""VERB=surpris""]","Prime sentence: a writer is surprised by a worker .
Event roles: PATIENT=lady; AGENT=king; VERB=surpris
Sentence: the",Sentence: the,first_noun,-3.6285693645477295,-5.094841957092285,-1.4662725925445557,active,0.0
1846,role_labeled,no_prime_eos,no_prime_eos,,a king surprises a lady .,a lady is surprised by a king .,a,king,a,lady,surpris,surprises,surprised,"[""PATIENT=lady"", ""AGENT=king"", ""VERB=surpris""]","Event roles: PATIENT=lady; AGENT=king; VERB=surpris
Sentence: the",Sentence: the,first_noun,-2.8238275051116943,-5.071721076965332,-2.2478935718536377,active,0.0
1846,role_labeled,filler,filler,The captain waited beside the harbor .,a king surprises a lady .,a lady is surprised by a king .,a,king,a,lady,surpris,surprises,surprised,"[""PATIENT=lady"", ""AGENT=king"", ""VERB=surpris""]","Prime sentence: The captain waited beside the harbor .
Event roles: PATIENT=lady; AGENT=king; VERB=surpris
Sentence: the",Sentence: the,first_noun,-2.9142794609069824,-5.1562395095825195,-2.241960048675537,active,0.0
1847,role_labeled,active,active,a soldier catches a son .,a father catches a friend .,a friend is caught by a father .,a,father,a,friend,catch,catches,caught,"[""PATIENT=friend"", ""AGENT=father"", ""VERB=catch""]","Prime sentence: a soldier catches a son .
Event roles: PATIENT=friend; AGENT=father; VERB=catch
Sentence: the",Sentence: the,first_noun,-2.9259910583496094,-5.371836185455322,-2.445845127105713,active,0.0
1847,role_labeled,passive,passive,a son is caught by a soldier .,a father catches a friend .,a friend is caught by a father .,a,father,a,friend,catch,catches,caught,"[""PATIENT=friend"", ""AGENT=father"", ""VERB=catch""]","Prime sentence: a son is caught by a soldier .
Event roles: PATIENT=friend; AGENT=father; VERB=catch
Sentence: the",Sentence: the,first_noun,-2.63030743598938,-5.412910461425781,-2.7826030254364014,active,0.0
1847,role_labeled,no_prime_eos,no_prime_eos,,a father catches a friend .,a friend is caught by a father .,a,father,a,friend,catch,catches,caught,"[""PATIENT=friend"", ""AGENT=father"", ""VERB=catch""]","Event roles: PATIENT=friend; AGENT=father; VERB=catch
Sentence: the",Sentence: the,first_noun,-3.6661770343780518,-5.301423072814941,-1.6352460384368896,active,0.0
1847,role_labeled,filler,filler,The traveler rested beside the river .,a father catches a friend .,a friend is caught by a father .,a,father,a,friend,catch,catches,caught,"[""PATIENT=friend"", ""AGENT=father"", ""VERB=catch""]","Prime sentence: The traveler rested beside the river .
Event roles: PATIENT=friend; AGENT=father; VERB=catch
Sentence: the",Sentence: the,first_noun,-4.94213342666626,-6.051393985748291,-1.1092605590820312,active,0.0
1848,role_labeled,active,active,a writer beats an actor .,a lady beats a lawyer .,a lawyer is beaten by a lady .,a,lady,a,lawyer,beat,beats,beaten,"[""VERB=beat"", ""AGENT=lady"", ""PATIENT=lawyer""]","Prime sentence: a writer beats an actor .
Event roles: VERB=beat; AGENT=lady; PATIENT=lawyer
Sentence: the",Sentence: the,first_noun,-6.0261101722717285,-5.705195903778076,0.32091426849365234,passive,1.0
1848,role_labeled,passive,passive,an actor is beaten by a writer .,a lady beats a lawyer .,a lawyer is beaten by a lady .,a,lady,a,lawyer,beat,beats,beaten,"[""VERB=beat"", ""AGENT=lady"", ""PATIENT=lawyer""]","Prime sentence: an actor is beaten by a writer .
Event roles: VERB=beat; AGENT=lady; PATIENT=lawyer
Sentence: the",Sentence: the,first_noun,-6.434481620788574,-5.330434799194336,1.1040468215942383,passive,1.0
1848,role_labeled,no_prime_eos,no_prime_eos,,a lady beats a lawyer .,a lawyer is beaten by a lady .,a,lady,a,lawyer,beat,beats,beaten,"[""VERB=beat"", ""AGENT=lady"", ""PATIENT=lawyer""]","Event roles: VERB=beat; AGENT=lady; PATIENT=lawyer
Sentence: the",Sentence: the,first_noun,-6.188631057739258,-6.288027286529541,-0.0993962287902832,active,0.0
1848,role_labeled,filler,filler,The signal flickered across the screen .,a lady beats a lawyer .,a lawyer is beaten by a lady .,a,lady,a,lawyer,beat,beats,beaten,"[""VERB=beat"", ""AGENT=lady"", ""PATIENT=lawyer""]","Prime sentence: The signal flickered across the screen .
Event roles: VERB=beat; AGENT=lady; PATIENT=lawyer
Sentence: the",Sentence: the,first_noun,-5.107738494873047,-6.874701976776123,-1.7669634819030762,active,0.0
1849,role_labeled,active,active,a girl joins a guest .,a son joins a student .,a student is joined by a son .,a,son,a,student,join,joins,joined,"[""PATIENT=student"", ""AGENT=son"", ""VERB=join""]","Prime sentence: a girl joins a guest .
Event roles: PATIENT=student; AGENT=son; VERB=join
Sentence: the",Sentence: the,first_noun,-4.600668907165527,-3.2132174968719482,1.387451410293579,passive,1.0
1849,role_labeled,passive,passive,a guest is joined by a girl .,a son joins a student .,a student is joined by a son .,a,son,a,student,join,joins,joined,"[""PATIENT=student"", ""AGENT=son"", ""VERB=join""]","Prime sentence: a guest is joined by a girl .
Event roles: PATIENT=student; AGENT=son; VERB=join
Sentence: the",Sentence: the,first_noun,-4.644740581512451,-2.764033794403076,1.880706787109375,passive,1.0
1849,role_labeled,no_prime_eos,no_prime_eos,,a son joins a student .,a student is joined by a son .,a,son,a,student,join,joins,joined,"[""PATIENT=student"", ""AGENT=son"", ""VERB=join""]","Event roles: PATIENT=student; AGENT=son; VERB=join
Sentence: the",Sentence: the,first_noun,-4.282414436340332,-2.8816721439361572,1.4007422924041748,passive,1.0
1849,role_labeled,filler,filler,The lantern glowed near sunset .,a son joins a student .,a student is joined by a son .,a,son,a,student,join,joins,joined,"[""PATIENT=student"", ""AGENT=son"", ""VERB=join""]","Prime sentence: The lantern glowed near sunset .
Event roles: PATIENT=student; AGENT=son; VERB=join
Sentence: the",Sentence: the,first_noun,-6.550387382507324,-5.122745513916016,1.4276418685913086,passive,1.0
1850,role_labeled,active,active,a husband bothers a kid .,a wife bothers a winner .,a winner is bothered by a wife .,a,wife,a,winner,bother,bothers,bothered,"[""VERB=bother"", ""AGENT=wife"", ""PATIENT=winner""]","Prime sentence: a husband bothers a kid .
Event roles: VERB=bother; AGENT=wife; PATIENT=winner
Sentence: the",Sentence: the,first_noun,-2.998431921005249,-7.221935272216797,-4.223503351211548,active,0.0
1850,role_labeled,passive,passive,a kid is bothered by a husband .,a wife bothers a winner .,a winner is bothered by a wife .,a,wife,a,winner,bother,bothers,bothered,"[""VERB=bother"", ""AGENT=wife"", ""PATIENT=winner""]","Prime sentence: a kid is bothered by a husband .
Event roles: VERB=bother; AGENT=wife; PATIENT=winner
Sentence: the",Sentence: the,first_noun,-3.050086498260498,-7.017805576324463,-3.967719078063965,active,0.0
1850,role_labeled,no_prime_eos,no_prime_eos,,a wife bothers a winner .,a winner is bothered by a wife .,a,wife,a,winner,bother,bothers,bothered,"[""VERB=bother"", ""AGENT=wife"", ""PATIENT=winner""]","Event roles: VERB=bother; AGENT=wife; PATIENT=winner
Sentence: the",Sentence: the,first_noun,-3.9072108268737793,-4.92653226852417,-1.0193214416503906,active,0.0
1850,role_labeled,filler,filler,The singer smiled after rehearsal .,a wife bothers a winner .,a winner is bothered by a wife .,a,wife,a,winner,bother,bothers,bothered,"[""VERB=bother"", ""AGENT=wife"", ""PATIENT=winner""]","Prime sentence: The singer smiled after rehearsal .
Event roles: VERB=bother; AGENT=wife; PATIENT=winner
Sentence: the",Sentence: the,first_noun,-4.596335411071777,-6.171590805053711,-1.5752553939819336,active,0.0
1851,role_labeled,active,active,a nurse protects an opponent .,a bishop protects a boy .,a boy is protected by a bishop .,a,bishop,a,boy,protect,protects,protected,"[""AGENT=bishop"", ""PATIENT=boy"", ""VERB=protect""]","Prime sentence: a nurse protects an opponent .
Event roles: AGENT=bishop; PATIENT=boy; VERB=protect
Sentence: the",Sentence: the,first_noun,-3.457582950592041,-3.5081822872161865,-0.05059933662414551,active,0.0
1851,role_labeled,passive,passive,an opponent is protected by a nurse .,a bishop protects a boy .,a boy is protected by a bishop .,a,bishop,a,boy,protect,protects,protected,"[""AGENT=bishop"", ""PATIENT=boy"", ""VERB=protect""]","Prime sentence: an opponent is protected by a nurse .
Event roles: AGENT=bishop; PATIENT=boy; VERB=protect
Sentence: the",Sentence: the,first_noun,-3.8363611698150635,-3.014704942703247,0.8216562271118164,passive,1.0
1851,role_labeled,no_prime_eos,no_prime_eos,,a bishop protects a boy .,a boy is protected by a bishop .,a,bishop,a,boy,protect,protects,protected,"[""AGENT=bishop"", ""PATIENT=boy"", ""VERB=protect""]","Event roles: AGENT=bishop; PATIENT=boy; VERB=protect
Sentence: the",Sentence: the,first_noun,-4.03046989440918,-3.703373432159424,0.32709646224975586,passive,1.0
1851,role_labeled,filler,filler,The teacher listened during assembly .,a bishop protects a boy .,a boy is protected by a bishop .,a,bishop,a,boy,protect,protects,protected,"[""AGENT=bishop"", ""PATIENT=boy"", ""VERB=protect""]","Prime sentence: The teacher listened during assembly .
Event roles: AGENT=bishop; PATIENT=boy; VERB=protect
Sentence: the",Sentence: the,first_noun,-3.2381913661956787,-1.9762742519378662,1.2619171142578125,passive,1.0
1852,role_labeled,active,active,a priest chases a prince .,a chief chases a child .,a child is chased by a chief .,a,chief,a,child,chas,chases,chased,"[""PATIENT=child"", ""AGENT=chief"", ""VERB=chas""]","Prime sentence: a priest chases a prince .
Event roles: PATIENT=child; AGENT=chief; VERB=chas
Sentence: the",Sentence: the,first_noun,-4.758601665496826,-4.108553886413574,0.650047779083252,passive,1.0
1852,role_labeled,passive,passive,a prince is chased by a priest .,a chief chases a child .,a child is chased by a chief .,a,chief,a,child,chas,chases,chased,"[""PATIENT=child"", ""AGENT=chief"", ""VERB=chas""]","Prime sentence: a prince is chased by a priest .
Event roles: PATIENT=child; AGENT=chief; VERB=chas
Sentence: the",Sentence: the,first_noun,-4.904322624206543,-3.978022575378418,0.926300048828125,passive,1.0
1852,role_labeled,no_prime_eos,no_prime_eos,,a chief chases a child .,a child is chased by a chief .,a,chief,a,child,chas,chases,chased,"[""PATIENT=child"", ""AGENT=chief"", ""VERB=chas""]","Event roles: PATIENT=child; AGENT=chief; VERB=chas
Sentence: the",Sentence: the,first_noun,-3.93563175201416,-3.6027283668518066,0.3329033851623535,passive,1.0
1852,role_labeled,filler,filler,The traveler rested beside the river .,a chief chases a child .,a child is chased by a chief .,a,chief,a,child,chas,chases,chased,"[""PATIENT=child"", ""AGENT=chief"", ""VERB=chas""]","Prime sentence: The traveler rested beside the river .
Event roles: PATIENT=child; AGENT=chief; VERB=chas
Sentence: the",Sentence: the,first_noun,-5.209042549133301,-4.292516708374023,0.9165258407592773,passive,1.0
1853,role_labeled,active,active,a chief destroys a child .,a president destroys a priest .,a priest is destroyed by a president .,a,president,a,priest,destroy,destroys,destroyed,"[""PATIENT=priest"", ""VERB=destroy"", ""AGENT=president""]","Prime sentence: a chief destroys a child .
Event roles: PATIENT=priest; VERB=destroy; AGENT=president
Sentence: the",Sentence: the,first_noun,-3.913400173187256,-3.488743305206299,0.42465686798095703,passive,1.0
1853,role_labeled,passive,passive,a child is destroyed by a chief .,a president destroys a priest .,a priest is destroyed by a president .,a,president,a,priest,destroy,destroys,destroyed,"[""PATIENT=priest"", ""VERB=destroy"", ""AGENT=president""]","Prime sentence: a child is destroyed by a chief .
Event roles: PATIENT=priest; VERB=destroy; AGENT=president
Sentence: the",Sentence: the,first_noun,-3.887697458267212,-3.871809720993042,0.015887737274169922,passive,1.0
1853,role_labeled,no_prime_eos,no_prime_eos,,a president destroys a priest .,a priest is destroyed by a president .,a,president,a,priest,destroy,destroys,destroyed,"[""PATIENT=priest"", ""VERB=destroy"", ""AGENT=president""]","Event roles: PATIENT=priest; VERB=destroy; AGENT=president
Sentence: the",Sentence: the,first_noun,-4.380398273468018,-3.8234429359436035,0.5569553375244141,passive,1.0
1853,role_labeled,filler,filler,The captain waited beside the harbor .,a president destroys a priest .,a priest is destroyed by a president .,a,president,a,priest,destroy,destroys,destroyed,"[""PATIENT=priest"", ""VERB=destroy"", ""AGENT=president""]","Prime sentence: The captain waited beside the harbor .
Event roles: PATIENT=priest; VERB=destroy; AGENT=president
Sentence: the",Sentence: the,first_noun,-4.362617015838623,-4.398390769958496,-0.03577375411987305,active,0.0
1854,role_labeled,active,active,a sheriff teaches a singer .,an employee teaches an employer .,an employer is taught by an employee .,an,employee,an,employer,teach,teaches,taught,"[""PATIENT=employer"", ""VERB=teach"", ""AGENT=employee""]","Prime sentence: a sheriff teaches a singer .
Event roles: PATIENT=employer; VERB=teach; AGENT=employee
Sentence: the",Sentence: the,first_noun,-5.291567802429199,-4.965360641479492,0.32620716094970703,passive,1.0
1854,role_labeled,passive,passive,a singer is taught by a sheriff .,an employee teaches an employer .,an employer is taught by an employee .,an,employee,an,employer,teach,teaches,taught,"[""PATIENT=employer"", ""VERB=teach"", ""AGENT=employee""]","Prime sentence: a singer is taught by a sheriff .
Event roles: PATIENT=employer; VERB=teach; AGENT=employee
Sentence: the",Sentence: the,first_noun,-5.16684627532959,-4.700314998626709,0.46653127670288086,passive,1.0
1854,role_labeled,no_prime_eos,no_prime_eos,,an employee teaches an employer .,an employer is taught by an employee .,an,employee,an,employer,teach,teaches,taught,"[""PATIENT=employer"", ""VERB=teach"", ""AGENT=employee""]","Event roles: PATIENT=employer; VERB=teach; AGENT=employee
Sentence: the",Sentence: the,first_noun,-3.7282769680023193,-4.241533279418945,-0.513256311416626,active,0.0
1854,role_labeled,filler,filler,The witness paused near the doorway .,an employee teaches an employer .,an employer is taught by an employee .,an,employee,an,employer,teach,teaches,taught,"[""PATIENT=employer"", ""VERB=teach"", ""AGENT=employee""]","Prime sentence: The witness paused near the doorway .
Event roles: PATIENT=employer; VERB=teach; AGENT=employee
Sentence: the",Sentence: the,first_noun,-3.5689210891723633,-4.765281677246094,-1.1963605880737305,active,0.0
1855,role_labeled,active,active,a soldier kisses a son .,a father kisses a friend .,a friend is kissed by a father .,a,father,a,friend,kiss,kisses,kissed,"[""AGENT=father"", ""PATIENT=friend"", ""VERB=kiss""]","Prime sentence: a soldier kisses a son .
Event roles: AGENT=father; PATIENT=friend; VERB=kiss
Sentence: the",Sentence: the,first_noun,-2.886993169784546,-5.964951515197754,-3.077958345413208,active,0.0
1855,role_labeled,passive,passive,a son is kissed by a soldier .,a father kisses a friend .,a friend is kissed by a father .,a,father,a,friend,kiss,kisses,kissed,"[""AGENT=father"", ""PATIENT=friend"", ""VERB=kiss""]","Prime sentence: a son is kissed by a soldier .
Event roles: AGENT=father; PATIENT=friend; VERB=kiss
Sentence: the",Sentence: the,first_noun,-2.801497459411621,-5.8443193435668945,-3.0428218841552734,active,0.0
1855,role_labeled,no_prime_eos,no_prime_eos,,a father kisses a friend .,a friend is kissed by a father .,a,father,a,friend,kiss,kisses,kissed,"[""AGENT=father"", ""PATIENT=friend"", ""VERB=kiss""]","Event roles: AGENT=father; PATIENT=friend; VERB=kiss
Sentence: the",Sentence: the,first_noun,-3.3977103233337402,-5.900660514831543,-2.5029501914978027,active,0.0
1855,role_labeled,filler,filler,The traveler rested beside the river .,a father kisses a friend .,a friend is kissed by a father .,a,father,a,friend,kiss,kisses,kissed,"[""AGENT=father"", ""PATIENT=friend"", ""VERB=kiss""]","Prime sentence: The traveler rested beside the river .
Event roles: AGENT=father; PATIENT=friend; VERB=kiss
Sentence: the",Sentence: the,first_noun,-3.839007616043091,-5.788990497589111,-1.9499828815460205,active,0.0
1856,role_labeled,active,active,a teacher bothers an uncle .,a guest bothers a guy .,a guy is bothered by a guest .,a,guest,a,guy,bother,bothers,bothered,"[""VERB=bother"", ""AGENT=guest"", ""PATIENT=guy""]","Prime sentence: a teacher bothers an uncle .
Event roles: VERB=bother; AGENT=guest; PATIENT=guy
Sentence: the",Sentence: the,first_noun,-6.011689186096191,-4.456537246704102,1.5551519393920898,passive,1.0
1856,role_labeled,passive,passive,an uncle is bothered by a teacher .,a guest bothers a guy .,a guy is bothered by a guest .,a,guest,a,guy,bother,bothers,bothered,"[""VERB=bother"", ""AGENT=guest"", ""PATIENT=guy""]","Prime sentence: an uncle is bothered by a teacher .
Event roles: VERB=bother; AGENT=guest; PATIENT=guy
Sentence: the",Sentence: the,first_noun,-5.983297348022461,-4.482610702514648,1.5006866455078125,passive,1.0
1856,role_labeled,no_prime_eos,no_prime_eos,,a guest bothers a guy .,a guy is bothered by a guest .,a,guest,a,guy,bother,bothers,bothered,"[""VERB=bother"", ""AGENT=guest"", ""PATIENT=guy""]","Event roles: VERB=bother; AGENT=guest; PATIENT=guy
Sentence: the",Sentence: the,first_noun,-4.807497978210449,-4.45638370513916,0.35111427307128906,passive,1.0
1856,role_labeled,filler,filler,The painter waited near the doorway .,a guest bothers a guy .,a guy is bothered by a guest .,a,guest,a,guy,bother,bothers,bothered,"[""VERB=bother"", ""AGENT=guest"", ""PATIENT=guy""]","Prime sentence: The painter waited near the doorway .
Event roles: VERB=bother; AGENT=guest; PATIENT=guy
Sentence: the",Sentence: the,first_noun,-4.881917953491211,-4.11085319519043,0.7710647583007812,passive,1.0
1857,role_labeled,active,active,an employee asks an employer .,a secretary asks a sheriff .,a sheriff is asked by a secretary .,a,secretary,a,sheriff,ask,asks,asked,"[""VERB=ask"", ""AGENT=secretary"", ""PATIENT=sheriff""]","Prime sentence: an employee asks an employer .
Event roles: VERB=ask; AGENT=secretary; PATIENT=sheriff
Sentence: the",Sentence: the,first_noun,-5.280022621154785,-4.2307329177856445,1.0492897033691406,passive,1.0
1857,role_labeled,passive,passive,an employer is asked by an employee .,a secretary asks a sheriff .,a sheriff is asked by a secretary .,a,secretary,a,sheriff,ask,asks,asked,"[""VERB=ask"", ""AGENT=secretary"", ""PATIENT=sheriff""]","Prime sentence: an employer is asked by an employee .
Event roles: VERB=ask; AGENT=secretary; PATIENT=sheriff
Sentence: the",Sentence: the,first_noun,-5.54047966003418,-4.494398593902588,1.0460810661315918,passive,1.0
1857,role_labeled,no_prime_eos,no_prime_eos,,a secretary asks a sheriff .,a sheriff is asked by a secretary .,a,secretary,a,sheriff,ask,asks,asked,"[""VERB=ask"", ""AGENT=secretary"", ""PATIENT=sheriff""]","Event roles: VERB=ask; AGENT=secretary; PATIENT=sheriff
Sentence: the",Sentence: the,first_noun,-4.9923319816589355,-5.746364593505859,-0.7540326118469238,active,0.0
1857,role_labeled,filler,filler,The pillow rested on the sofa .,a secretary asks a sheriff .,a sheriff is asked by a secretary .,a,secretary,a,sheriff,ask,asks,asked,"[""VERB=ask"", ""AGENT=secretary"", ""PATIENT=sheriff""]","Prime sentence: The pillow rested on the sofa .
Event roles: VERB=ask; AGENT=secretary; PATIENT=sheriff
Sentence: the",Sentence: the,first_noun,-7.57917594909668,-6.369940757751465,1.2092351913452148,passive,1.0
1858,role_labeled,active,active,a kid kisses a king .,a winner kisses a woman .,a woman is kissed by a winner .,a,winner,a,woman,kiss,kisses,kissed,"[""PATIENT=woman"", ""VERB=kiss"", ""AGENT=winner""]","Prime sentence: a kid kisses a king .
Event roles: PATIENT=woman; VERB=kiss; AGENT=winner
Sentence: the",Sentence: the,first_noun,-6.496161460876465,-4.226626396179199,2.2695350646972656,passive,1.0
1858,role_labeled,passive,passive,a king is kissed by a kid .,a winner kisses a woman .,a woman is kissed by a winner .,a,winner,a,woman,kiss,kisses,kissed,"[""PATIENT=woman"", ""VERB=kiss"", ""AGENT=winner""]","Prime sentence: a king is kissed by a kid .
Event roles: PATIENT=woman; VERB=kiss; AGENT=winner
Sentence: the",Sentence: the,first_noun,-6.544978141784668,-4.498987197875977,2.0459909439086914,passive,1.0
1858,role_labeled,no_prime_eos,no_prime_eos,,a winner kisses a woman .,a woman is kissed by a winner .,a,winner,a,woman,kiss,kisses,kissed,"[""PATIENT=woman"", ""VERB=kiss"", ""AGENT=winner""]","Event roles: PATIENT=woman; VERB=kiss; AGENT=winner
Sentence: the",Sentence: the,first_noun,-4.068126201629639,-2.814516067504883,1.2536101341247559,passive,1.0
1858,role_labeled,filler,filler,The lantern glowed near sunset .,a winner kisses a woman .,a woman is kissed by a winner .,a,winner,a,woman,kiss,kisses,kissed,"[""PATIENT=woman"", ""VERB=kiss"", ""AGENT=winner""]","Prime sentence: The lantern glowed near sunset .
Event roles: PATIENT=woman; VERB=kiss; AGENT=winner
Sentence: the",Sentence: the,first_noun,-7.510438919067383,-4.111905097961426,3.398533821105957,passive,1.0
1859,role_labeled,active,active,a child kisses a colonel .,a priest kisses a prince .,a prince is kissed by a priest .,a,priest,a,prince,kiss,kisses,kissed,"[""PATIENT=prince"", ""VERB=kiss"", ""AGENT=priest""]","Prime sentence: a child kisses a colonel .
Event roles: PATIENT=prince; VERB=kiss; AGENT=priest
Sentence: the",Sentence: the,first_noun,-3.7957730293273926,-4.359992980957031,-0.5642199516296387,active,0.0
1859,role_labeled,passive,passive,a colonel is kissed by a child .,a priest kisses a prince .,a prince is kissed by a priest .,a,priest,a,prince,kiss,kisses,kissed,"[""PATIENT=prince"", ""VERB=kiss"", ""AGENT=priest""]","Prime sentence: a colonel is kissed by a child .
Event roles: PATIENT=prince; VERB=kiss; AGENT=priest
Sentence: the",Sentence: the,first_noun,-3.282569408416748,-4.353522777557373,-1.070953369140625,active,0.0
1859,role_labeled,no_prime_eos,no_prime_eos,,a priest kisses a prince .,a prince is kissed by a priest .,a,priest,a,prince,kiss,kisses,kissed,"[""PATIENT=prince"", ""VERB=kiss"", ""AGENT=priest""]","Event roles: PATIENT=prince; VERB=kiss; AGENT=priest
Sentence: the",Sentence: the,first_noun,-3.492738962173462,-4.182488441467285,-0.6897494792938232,active,0.0
1859,role_labeled,filler,filler,The captain waited beside the harbor .,a priest kisses a prince .,a prince is kissed by a priest .,a,priest,a,prince,kiss,kisses,kissed,"[""PATIENT=prince"", ""VERB=kiss"", ""AGENT=priest""]","Prime sentence: The captain waited beside the harbor .
Event roles: PATIENT=prince; VERB=kiss; AGENT=priest
Sentence: the",Sentence: the,first_noun,-3.417067050933838,-4.452469348907471,-1.0354022979736328,active,0.0
1860,role_labeled,active,active,a partner beats a physician .,a buddy beats a candidate .,a candidate is beaten by a buddy .,a,buddy,a,candidate,beat,beats,beaten,"[""VERB=beat"", ""PATIENT=candidate"", ""AGENT=buddy""]","Prime sentence: a partner beats a physician .
Event roles: VERB=beat; PATIENT=candidate; AGENT=buddy
Sentence: the",Sentence: the,first_noun,-8.580724716186523,-5.355579376220703,3.2251453399658203,passive,1.0
1860,role_labeled,passive,passive,a physician is beaten by a partner .,a buddy beats a candidate .,a candidate is beaten by a buddy .,a,buddy,a,candidate,beat,beats,beaten,"[""VERB=beat"", ""PATIENT=candidate"", ""AGENT=buddy""]","Prime sentence: a physician is beaten by a partner .
Event roles: VERB=beat; PATIENT=candidate; AGENT=buddy
Sentence: the",Sentence: the,first_noun,-10.171653747558594,-4.907926559448242,5.263727188110352,passive,1.0
1860,role_labeled,no_prime_eos,no_prime_eos,,a buddy beats a candidate .,a candidate is beaten by a buddy .,a,buddy,a,candidate,beat,beats,beaten,"[""VERB=beat"", ""PATIENT=candidate"", ""AGENT=buddy""]","Event roles: VERB=beat; PATIENT=candidate; AGENT=buddy
Sentence: the",Sentence: the,first_noun,-8.745861053466797,-4.732903957366943,4.0129570960998535,passive,1.0
1860,role_labeled,filler,filler,The engine cooled before dawn .,a buddy beats a candidate .,a candidate is beaten by a buddy .,a,buddy,a,candidate,beat,beats,beaten,"[""VERB=beat"", ""PATIENT=candidate"", ""AGENT=buddy""]","Prime sentence: The engine cooled before dawn .
Event roles: VERB=beat; PATIENT=candidate; AGENT=buddy
Sentence: the",Sentence: the,first_noun,-10.126627922058105,-7.552391052246094,2.5742368698120117,passive,1.0
1861,role_labeled,active,active,an opponent forgives a parent .,a boy forgives a brother .,a brother is forgiven by a boy .,a,boy,a,brother,forgiv,forgives,forgiven,"[""VERB=forgiv"", ""AGENT=boy"", ""PATIENT=brother""]","Prime sentence: an opponent forgives a parent .
Event roles: VERB=forgiv; AGENT=boy; PATIENT=brother
Sentence: the",Sentence: the,first_noun,-3.7569594383239746,-5.493994235992432,-1.737034797668457,active,0.0
1861,role_labeled,passive,passive,a parent is forgiven by an opponent .,a boy forgives a brother .,a brother is forgiven by a boy .,a,boy,a,brother,forgiv,forgives,forgiven,"[""VERB=forgiv"", ""AGENT=boy"", ""PATIENT=brother""]","Prime sentence: a parent is forgiven by an opponent .
Event roles: VERB=forgiv; AGENT=boy; PATIENT=brother
Sentence: the",Sentence: the,first_noun,-3.8352861404418945,-5.812378406524658,-1.9770922660827637,active,0.0
1861,role_labeled,no_prime_eos,no_prime_eos,,a boy forgives a brother .,a brother is forgiven by a boy .,a,boy,a,brother,forgiv,forgives,forgiven,"[""VERB=forgiv"", ""AGENT=boy"", ""PATIENT=brother""]","Event roles: VERB=forgiv; AGENT=boy; PATIENT=brother
Sentence: the",Sentence: the,first_noun,-4.367321014404297,-6.322667121887207,-1.9553461074829102,active,0.0
1861,role_labeled,filler,filler,The pillow rested on the sofa .,a boy forgives a brother .,a brother is forgiven by a boy .,a,boy,a,brother,forgiv,forgives,forgiven,"[""VERB=forgiv"", ""AGENT=boy"", ""PATIENT=brother""]","Prime sentence: The pillow rested on the sofa .
Event roles: VERB=forgiv; AGENT=boy; PATIENT=brother
Sentence: the",Sentence: the,first_noun,-4.498822212219238,-7.402617931365967,-2.9037957191467285,active,0.0
1862,role_labeled,active,active,a guy forgives a hero .,a teacher forgives an uncle .,an uncle is forgiven by a teacher .,a,teacher,an,uncle,forgiv,forgives,forgiven,"[""AGENT=teacher"", ""VERB=forgiv"", ""PATIENT=uncle""]","Prime sentence: a guy forgives a hero .
Event roles: AGENT=teacher; VERB=forgiv; PATIENT=uncle
Sentence: the",Sentence: the,first_noun,-4.641468048095703,-7.187344551086426,-2.5458765029907227,active,0.0
1862,role_labeled,passive,passive,a hero is forgiven by a guy .,a teacher forgives an uncle .,an uncle is forgiven by a teacher .,a,teacher,an,uncle,forgiv,forgives,forgiven,"[""AGENT=teacher"", ""VERB=forgiv"", ""PATIENT=uncle""]","Prime sentence: a hero is forgiven by a guy .
Event roles: AGENT=teacher; VERB=forgiv; PATIENT=uncle
Sentence: the",Sentence: the,first_noun,-4.34461784362793,-7.005201816558838,-2.660583972930908,active,0.0
1862,role_labeled,no_prime_eos,no_prime_eos,,a teacher forgives an uncle .,an uncle is forgiven by a teacher .,a,teacher,an,uncle,forgiv,forgives,forgiven,"[""AGENT=teacher"", ""VERB=forgiv"", ""PATIENT=uncle""]","Event roles: AGENT=teacher; VERB=forgiv; PATIENT=uncle
Sentence: the",Sentence: the,first_noun,-2.925602674484253,-7.951351165771484,-5.0257484912872314,active,0.0
1862,role_labeled,filler,filler,The baker laughed during breakfast .,a teacher forgives an uncle .,an uncle is forgiven by a teacher .,a,teacher,an,uncle,forgiv,forgives,forgiven,"[""AGENT=teacher"", ""VERB=forgiv"", ""PATIENT=uncle""]","Prime sentence: The baker laughed during breakfast .
Event roles: AGENT=teacher; VERB=forgiv; PATIENT=uncle
Sentence: the",Sentence: the,first_noun,-3.2617347240448,-6.768965721130371,-3.5072309970855713,active,0.0
1863,role_labeled,active,active,a minister catches a mother .,an aunt catches an author .,an author is caught by an aunt .,an,aunt,an,author,catch,catches,caught,"[""VERB=catch"", ""PATIENT=author"", ""AGENT=aunt""]","Prime sentence: a minister catches a mother .
Event roles: VERB=catch; PATIENT=author; AGENT=aunt
Sentence: the",Sentence: the,first_noun,-6.190839767456055,-6.249689102172852,-0.058849334716796875,active,0.0
1863,role_labeled,passive,passive,a mother is caught by a minister .,an aunt catches an author .,an author is caught by an aunt .,an,aunt,an,author,catch,catches,caught,"[""VERB=catch"", ""PATIENT=author"", ""AGENT=aunt""]","Prime sentence: a mother is caught by a minister .
Event roles: VERB=catch; PATIENT=author; AGENT=aunt
Sentence: the",Sentence: the,first_noun,-6.034635543823242,-6.131980895996094,-0.09734535217285156,active,0.0
1863,role_labeled,no_prime_eos,no_prime_eos,,an aunt catches an author .,an author is caught by an aunt .,an,aunt,an,author,catch,catches,caught,"[""VERB=catch"", ""PATIENT=author"", ""AGENT=aunt""]","Event roles: VERB=catch; PATIENT=author; AGENT=aunt
Sentence: the",Sentence: the,first_noun,-7.981411457061768,-4.854673385620117,3.1267380714416504,passive,1.0
1863,role_labeled,filler,filler,The engine cooled before dawn .,an aunt catches an author .,an author is caught by an aunt .,an,aunt,an,author,catch,catches,caught,"[""VERB=catch"", ""PATIENT=author"", ""AGENT=aunt""]","Prime sentence: The engine cooled before dawn .
Event roles: VERB=catch; PATIENT=author; AGENT=aunt
Sentence: the",Sentence: the,first_noun,-8.231346130371094,-7.966516017913818,0.2648301124572754,passive,1.0
1864,role_labeled,active,active,a bishop kills a boy .,a mother kills a nurse .,a nurse is killed by a mother .,a,mother,a,nurse,kill,kills,killed,"[""AGENT=mother"", ""PATIENT=nurse"", ""VERB=kill""]","Prime sentence: a bishop kills a boy .
Event roles: AGENT=mother; PATIENT=nurse; VERB=kill
Sentence: the",Sentence: the,first_noun,-2.8158578872680664,-4.500884056091309,-1.6850261688232422,active,0.0
1864,role_labeled,passive,passive,a boy is killed by a bishop .,a mother kills a nurse .,a nurse is killed by a mother .,a,mother,a,nurse,kill,kills,killed,"[""AGENT=mother"", ""PATIENT=nurse"", ""VERB=kill""]","Prime sentence: a boy is killed by a bishop .
Event roles: AGENT=mother; PATIENT=nurse; VERB=kill
Sentence: the",Sentence: the,first_noun,-3.59965181350708,-4.706625461578369,-1.106973648071289,active,0.0
1864,role_labeled,no_prime_eos,no_prime_eos,,a mother kills a nurse .,a nurse is killed by a mother .,a,mother,a,nurse,kill,kills,killed,"[""AGENT=mother"", ""PATIENT=nurse"", ""VERB=kill""]","Event roles: AGENT=mother; PATIENT=nurse; VERB=kill
Sentence: the",Sentence: the,first_noun,-2.820054769515991,-3.7816076278686523,-0.9615528583526611,active,0.0
1864,role_labeled,filler,filler,The violin echoed in the theater .,a mother kills a nurse .,a nurse is killed by a mother .,a,mother,a,nurse,kill,kills,killed,"[""AGENT=mother"", ""PATIENT=nurse"", ""VERB=kill""]","Prime sentence: The violin echoed in the theater .
Event roles: AGENT=mother; PATIENT=nurse; VERB=kill
Sentence: the",Sentence: the,first_noun,-4.262357711791992,-4.821717262268066,-0.5593595504760742,active,0.0
1865,role_labeled,active,active,a partner kisses a physician .,a buddy kisses a candidate .,a candidate is kissed by a buddy .,a,buddy,a,candidate,kiss,kisses,kissed,"[""VERB=kiss"", ""PATIENT=candidate"", ""AGENT=buddy""]","Prime sentence: a partner kisses a physician .
Event roles: VERB=kiss; PATIENT=candidate; AGENT=buddy
Sentence: the",Sentence: the,first_noun,-8.742284774780273,-4.852953910827637,3.8893308639526367,passive,1.0
1865,role_labeled,passive,passive,a physician is kissed by a partner .,a buddy kisses a candidate .,a candidate is kissed by a buddy .,a,buddy,a,candidate,kiss,kisses,kissed,"[""VERB=kiss"", ""PATIENT=candidate"", ""AGENT=buddy""]","Prime sentence: a physician is kissed by a partner .
Event roles: VERB=kiss; PATIENT=candidate; AGENT=buddy
Sentence: the",Sentence: the,first_noun,-10.163346290588379,-4.946511268615723,5.216835021972656,passive,1.0
1865,role_labeled,no_prime_eos,no_prime_eos,,a buddy kisses a candidate .,a candidate is kissed by a buddy .,a,buddy,a,candidate,kiss,kisses,kissed,"[""VERB=kiss"", ""PATIENT=candidate"", ""AGENT=buddy""]","Event roles: VERB=kiss; PATIENT=candidate; AGENT=buddy
Sentence: the",Sentence: the,first_noun,-8.52383804321289,-4.832740306854248,3.6910977363586426,passive,1.0
1865,role_labeled,filler,filler,The sculpture stood in the hallway .,a buddy kisses a candidate .,a candidate is kissed by a buddy .,a,buddy,a,candidate,kiss,kisses,kissed,"[""VERB=kiss"", ""PATIENT=candidate"", ""AGENT=buddy""]","Prime sentence: The sculpture stood in the hallway .
Event roles: VERB=kiss; PATIENT=candidate; AGENT=buddy
Sentence: the",Sentence: the,first_noun,-10.251716613769531,-4.858354568481445,5.393362045288086,passive,1.0
1866,role_labeled,active,active,an attorney comforts an aunt .,a manager comforts a mayor .,a mayor is comforted by a manager .,a,manager,a,mayor,comfort,comforts,comforted,"[""AGENT=manager"", ""VERB=comfort"", ""PATIENT=mayor""]","Prime sentence: an attorney comforts an aunt .
Event roles: AGENT=manager; VERB=comfort; PATIENT=mayor
Sentence: the",Sentence: the,first_noun,-5.383723258972168,-2.8585593700408936,2.5251638889312744,passive,1.0
1866,role_labeled,passive,passive,an aunt is comforted by an attorney .,a manager comforts a mayor .,a mayor is comforted by a manager .,a,manager,a,mayor,comfort,comforts,comforted,"[""AGENT=manager"", ""VERB=comfort"", ""PATIENT=mayor""]","Prime sentence: an aunt is comforted by an attorney .
Event roles: AGENT=manager; VERB=comfort; PATIENT=mayor
Sentence: the",Sentence: the,first_noun,-5.304245948791504,-2.7452175617218018,2.559028387069702,passive,1.0
1866,role_labeled,no_prime_eos,no_prime_eos,,a manager comforts a mayor .,a mayor is comforted by a manager .,a,manager,a,mayor,comfort,comforts,comforted,"[""AGENT=manager"", ""VERB=comfort"", ""PATIENT=mayor""]","Event roles: AGENT=manager; VERB=comfort; PATIENT=mayor
Sentence: the",Sentence: the,first_noun,-4.64415979385376,-3.336483955383301,1.307675838470459,passive,1.0
1866,role_labeled,filler,filler,The lantern glowed near sunset .,a manager comforts a mayor .,a mayor is comforted by a manager .,a,manager,a,mayor,comfort,comforts,comforted,"[""AGENT=manager"", ""VERB=comfort"", ""PATIENT=mayor""]","Prime sentence: The lantern glowed near sunset .
Event roles: AGENT=manager; VERB=comfort; PATIENT=mayor
Sentence: the",Sentence: the,first_noun,-6.974900722503662,-4.532058238983154,2.442842483520508,passive,1.0
1867,role_labeled,active,active,a minister describes a mother .,an aunt describes an author .,an author is described by an aunt .,an,aunt,an,author,describ,describes,described,"[""PATIENT=author"", ""VERB=describ"", ""AGENT=aunt""]","Prime sentence: a minister describes a mother .
Event roles: PATIENT=author; VERB=describ; AGENT=aunt
Sentence: the",Sentence: the,first_noun,-5.642380714416504,-4.827617645263672,0.814763069152832,passive,1.0
1867,role_labeled,passive,passive,a mother is described by a minister .,an aunt describes an author .,an author is described by an aunt .,an,aunt,an,author,describ,describes,described,"[""PATIENT=author"", ""VERB=describ"", ""AGENT=aunt""]","Prime sentence: a mother is described by a minister .
Event roles: PATIENT=author; VERB=describ; AGENT=aunt
Sentence: the",Sentence: the,first_noun,-6.0479841232299805,-4.882299423217773,1.165684700012207,passive,1.0
1867,role_labeled,no_prime_eos,no_prime_eos,,an aunt describes an author .,an author is described by an aunt .,an,aunt,an,author,describ,describes,described,"[""PATIENT=author"", ""VERB=describ"", ""AGENT=aunt""]","Event roles: PATIENT=author; VERB=describ; AGENT=aunt
Sentence: the",Sentence: the,first_noun,-7.389279365539551,-4.429455757141113,2.9598236083984375,passive,1.0
1867,role_labeled,filler,filler,The pillow rested on the sofa .,an aunt describes an author .,an author is described by an aunt .,an,aunt,an,author,describ,describes,described,"[""PATIENT=author"", ""VERB=describ"", ""AGENT=aunt""]","Prime sentence: The pillow rested on the sofa .
Event roles: PATIENT=author; VERB=describ; AGENT=aunt
Sentence: the",Sentence: the,first_noun,-8.268624305725098,-7.676410675048828,0.5922136306762695,passive,1.0
1868,role_labeled,active,active,a girl destroys a guest .,a son destroys a student .,a student is destroyed by a son .,a,son,a,student,destroy,destroys,destroyed,"[""AGENT=son"", ""VERB=destroy"", ""PATIENT=student""]","Prime sentence: a girl destroys a guest .
Event roles: AGENT=son; VERB=destroy; PATIENT=student
Sentence: the",Sentence: the,first_noun,-4.9557952880859375,-3.807873010635376,1.1479222774505615,passive,1.0
1868,role_labeled,passive,passive,a guest is destroyed by a girl .,a son destroys a student .,a student is destroyed by a son .,a,son,a,student,destroy,destroys,destroyed,"[""AGENT=son"", ""VERB=destroy"", ""PATIENT=student""]","Prime sentence: a guest is destroyed by a girl .
Event roles: AGENT=son; VERB=destroy; PATIENT=student
Sentence: the",Sentence: the,first_noun,-4.928211688995361,-3.7453060150146484,1.182905673980713,passive,1.0
1868,role_labeled,no_prime_eos,no_prime_eos,,a son destroys a student .,a student is destroyed by a son .,a,son,a,student,destroy,destroys,destroyed,"[""AGENT=son"", ""VERB=destroy"", ""PATIENT=student""]","Event roles: AGENT=son; VERB=destroy; PATIENT=student
Sentence: the",Sentence: the,first_noun,-4.662559509277344,-3.1763417720794678,1.486217737197876,passive,1.0
1868,role_labeled,filler,filler,The window rattled during the storm .,a son destroys a student .,a student is destroyed by a son .,a,son,a,student,destroy,destroys,destroyed,"[""AGENT=son"", ""VERB=destroy"", ""PATIENT=student""]","Prime sentence: The window rattled during the storm .
Event roles: AGENT=son; VERB=destroy; PATIENT=student
Sentence: the",Sentence: the,first_noun,-6.384041786193848,-4.854344844818115,1.5296969413757324,passive,1.0
1869,role_labeled,active,active,a manager forgets a mayor .,an adult forgets an attorney .,an attorney is forgotten by an adult .,an,adult,an,attorney,forget,forgets,forgotten,"[""AGENT=adult"", ""VERB=forget"", ""PATIENT=attorney""]","Prime sentence: a manager forgets a mayor .
Event roles: AGENT=adult; VERB=forget; PATIENT=attorney
Sentence: the",Sentence: the,first_noun,-5.616109371185303,-5.607189655303955,0.008919715881347656,passive,1.0
1869,role_labeled,passive,passive,a mayor is forgotten by a manager .,an adult forgets an attorney .,an attorney is forgotten by an adult .,an,adult,an,attorney,forget,forgets,forgotten,"[""AGENT=adult"", ""VERB=forget"", ""PATIENT=attorney""]","Prime sentence: a mayor is forgotten by a manager .
Event roles: AGENT=adult; VERB=forget; PATIENT=attorney
Sentence: the",Sentence: the,first_noun,-6.136290550231934,-5.787310600280762,0.3489799499511719,passive,1.0
1869,role_labeled,no_prime_eos,no_prime_eos,,an adult forgets an attorney .,an attorney is forgotten by an adult .,an,adult,an,attorney,forget,forgets,forgotten,"[""AGENT=adult"", ""VERB=forget"", ""PATIENT=attorney""]","Event roles: AGENT=adult; VERB=forget; PATIENT=attorney
Sentence: the",Sentence: the,first_noun,-4.556119918823242,-6.152553558349609,-1.5964336395263672,active,0.0
1869,role_labeled,filler,filler,The kettle whistled in the kitchen .,an adult forgets an attorney .,an attorney is forgotten by an adult .,an,adult,an,attorney,forget,forgets,forgotten,"[""AGENT=adult"", ""VERB=forget"", ""PATIENT=attorney""]","Prime sentence: The kettle whistled in the kitchen .
Event roles: AGENT=adult; VERB=forget; PATIENT=attorney
Sentence: the",Sentence: the,first_noun,-8.19857120513916,-7.053077697753906,1.145493507385254,passive,1.0
1870,role_labeled,active,active,a manager strikes a mayor .,an adult strikes an attorney .,an attorney is struck by an adult .,an,adult,an,attorney,strik,strikes,struck,"[""PATIENT=attorney"", ""AGENT=adult"", ""VERB=strik""]","Prime sentence: a manager strikes a mayor .
Event roles: PATIENT=attorney; AGENT=adult; VERB=strik
Sentence: the",Sentence: the,first_noun,-6.349651336669922,-5.332528114318848,1.0171232223510742,passive,1.0
1870,role_labeled,passive,passive,a mayor is struck by a manager .,an adult strikes an attorney .,an attorney is struck by an adult .,an,adult,an,attorney,strik,strikes,struck,"[""PATIENT=attorney"", ""AGENT=adult"", ""VERB=strik""]","Prime sentence: a mayor is struck by a manager .
Event roles: PATIENT=attorney; AGENT=adult; VERB=strik
Sentence: the",Sentence: the,first_noun,-6.139872074127197,-5.176926612854004,0.9629454612731934,passive,1.0
1870,role_labeled,no_prime_eos,no_prime_eos,,an adult strikes an attorney .,an attorney is struck by an adult .,an,adult,an,attorney,strik,strikes,struck,"[""PATIENT=attorney"", ""AGENT=adult"", ""VERB=strik""]","Event roles: PATIENT=attorney; AGENT=adult; VERB=strik
Sentence: the",Sentence: the,first_noun,-5.526748180389404,-5.858247756958008,-0.3314995765686035,active,0.0
1870,role_labeled,filler,filler,The radio crackled in the attic .,an adult strikes an attorney .,an attorney is struck by an adult .,an,adult,an,attorney,strik,strikes,struck,"[""PATIENT=attorney"", ""AGENT=adult"", ""VERB=strik""]","Prime sentence: The radio crackled in the attic .
Event roles: PATIENT=attorney; AGENT=adult; VERB=strik
Sentence: the",Sentence: the,first_noun,-6.269723892211914,-5.813495635986328,0.45622825622558594,passive,1.0
1871,role_labeled,active,active,an actor describes an actress .,a lawyer describes a leader .,a leader is described by a lawyer .,a,lawyer,a,leader,describ,describes,described,"[""AGENT=lawyer"", ""VERB=describ"", ""PATIENT=leader""]","Prime sentence: an actor describes an actress .
Event roles: AGENT=lawyer; VERB=describ; PATIENT=leader
Sentence: the",Sentence: the,first_noun,-4.71419620513916,-6.609513282775879,-1.8953170776367188,active,0.0
1871,role_labeled,passive,passive,an actress is described by an actor .,a lawyer describes a leader .,a leader is described by a lawyer .,a,lawyer,a,leader,describ,describes,described,"[""AGENT=lawyer"", ""VERB=describ"", ""PATIENT=leader""]","Prime sentence: an actress is described by an actor .
Event roles: AGENT=lawyer; VERB=describ; PATIENT=leader
Sentence: the",Sentence: the,first_noun,-4.352972984313965,-6.204745292663574,-1.8517723083496094,active,0.0
1871,role_labeled,no_prime_eos,no_prime_eos,,a lawyer describes a leader .,a leader is described by a lawyer .,a,lawyer,a,leader,describ,describes,described,"[""AGENT=lawyer"", ""VERB=describ"", ""PATIENT=leader""]","Event roles: AGENT=lawyer; VERB=describ; PATIENT=leader
Sentence: the",Sentence: the,first_noun,-4.230251312255859,-5.345557689666748,-1.1153063774108887,active,0.0
1871,role_labeled,filler,filler,The teacher listened during assembly .,a lawyer describes a leader .,a leader is described by a lawyer .,a,lawyer,a,leader,describ,describes,described,"[""AGENT=lawyer"", ""VERB=describ"", ""PATIENT=leader""]","Prime sentence: The teacher listened during assembly .
Event roles: AGENT=lawyer; VERB=describ; PATIENT=leader
Sentence: the",Sentence: the,first_noun,-3.967874050140381,-4.433696269989014,-0.4658222198486328,active,0.0
1872,role_labeled,active,active,an author surprises a bishop .,a minister surprises a mother .,a mother is surprised by a minister .,a,minister,a,mother,surpris,surprises,surprised,"[""PATIENT=mother"", ""VERB=surpris"", ""AGENT=minister""]","Prime sentence: an author surprises a bishop .
Event roles: PATIENT=mother; VERB=surpris; AGENT=minister
Sentence: the",Sentence: the,first_noun,-5.01887845993042,-4.314080238342285,0.7047982215881348,passive,1.0
1872,role_labeled,passive,passive,a bishop is surprised by an author .,a minister surprises a mother .,a mother is surprised by a minister .,a,minister,a,mother,surpris,surprises,surprised,"[""PATIENT=mother"", ""VERB=surpris"", ""AGENT=minister""]","Prime sentence: a bishop is surprised by an author .
Event roles: PATIENT=mother; VERB=surpris; AGENT=minister
Sentence: the",Sentence: the,first_noun,-4.651932239532471,-4.405012130737305,0.24692010879516602,passive,1.0
1872,role_labeled,no_prime_eos,no_prime_eos,,a minister surprises a mother .,a mother is surprised by a minister .,a,minister,a,mother,surpris,surprises,surprised,"[""PATIENT=mother"", ""VERB=surpris"", ""AGENT=minister""]","Event roles: PATIENT=mother; VERB=surpris; AGENT=minister
Sentence: the",Sentence: the,first_noun,-4.738372802734375,-3.741896867752075,0.9964759349822998,passive,1.0
1872,role_labeled,filler,filler,The violin echoed in the theater .,a minister surprises a mother .,a mother is surprised by a minister .,a,minister,a,mother,surpris,surprises,surprised,"[""PATIENT=mother"", ""VERB=surpris"", ""AGENT=minister""]","Prime sentence: The violin echoed in the theater .
Event roles: PATIENT=mother; VERB=surpris; AGENT=minister
Sentence: the",Sentence: the,first_noun,-5.918395042419434,-4.416866302490234,1.5015287399291992,passive,1.0
1873,role_labeled,active,active,an actress raises an adult .,a leader raises a man .,a man is raised by a leader .,a,leader,a,man,rais,raises,raised,"[""AGENT=leader"", ""PATIENT=man"", ""VERB=rais""]","Prime sentence: an actress raises an adult .
Event roles: AGENT=leader; PATIENT=man; VERB=rais
Sentence: the",Sentence: the,first_noun,-5.555187702178955,-4.406221866607666,1.148965835571289,passive,1.0
1873,role_labeled,passive,passive,an adult is raised by an actress .,a leader raises a man .,a man is raised by a leader .,a,leader,a,man,rais,raises,raised,"[""AGENT=leader"", ""PATIENT=man"", ""VERB=rais""]","Prime sentence: an adult is raised by an actress .
Event roles: AGENT=leader; PATIENT=man; VERB=rais
Sentence: the",Sentence: the,first_noun,-6.175187110900879,-4.128374099731445,2.0468130111694336,passive,1.0
1873,role_labeled,no_prime_eos,no_prime_eos,,a leader raises a man .,a man is raised by a leader .,a,leader,a,man,rais,raises,raised,"[""AGENT=leader"", ""PATIENT=man"", ""VERB=rais""]","Event roles: AGENT=leader; PATIENT=man; VERB=rais
Sentence: the",Sentence: the,first_noun,-3.746429204940796,-4.532764434814453,-0.7863352298736572,active,0.0
1873,role_labeled,filler,filler,The engine cooled before dawn .,a leader raises a man .,a man is raised by a leader .,a,leader,a,man,rais,raises,raised,"[""AGENT=leader"", ""PATIENT=man"", ""VERB=rais""]","Prime sentence: The engine cooled before dawn .
Event roles: AGENT=leader; PATIENT=man; VERB=rais
Sentence: the",Sentence: the,first_noun,-6.608973026275635,-4.869494438171387,1.739478588104248,passive,1.0
1874,role_labeled,active,active,a husband washes a kid .,a wife washes a winner .,a winner is washed by a wife .,a,wife,a,winner,wash,washes,washed,"[""VERB=wash"", ""AGENT=wife"", ""PATIENT=winner""]","Prime sentence: a husband washes a kid .
Event roles: VERB=wash; AGENT=wife; PATIENT=winner
Sentence: the",Sentence: the,first_noun,-2.9919893741607666,-6.51333475112915,-3.521345376968384,active,0.0
1874,role_labeled,passive,passive,a kid is washed by a husband .,a wife washes a winner .,a winner is washed by a wife .,a,wife,a,winner,wash,washes,washed,"[""VERB=wash"", ""AGENT=wife"", ""PATIENT=winner""]","Prime sentence: a kid is washed by a husband .
Event roles: VERB=wash; AGENT=wife; PATIENT=winner
Sentence: the",Sentence: the,first_noun,-3.1236038208007812,-6.1804423332214355,-3.0568385124206543,active,0.0
1874,role_labeled,no_prime_eos,no_prime_eos,,a wife washes a winner .,a winner is washed by a wife .,a,wife,a,winner,wash,washes,washed,"[""VERB=wash"", ""AGENT=wife"", ""PATIENT=winner""]","Event roles: VERB=wash; AGENT=wife; PATIENT=winner
Sentence: the",Sentence: the,first_noun,-3.6923696994781494,-5.041226387023926,-1.3488566875457764,active,0.0
1874,role_labeled,filler,filler,The pillow rested on the sofa .,a wife washes a winner .,a winner is washed by a wife .,a,wife,a,winner,wash,washes,washed,"[""VERB=wash"", ""AGENT=wife"", ""PATIENT=winner""]","Prime sentence: The pillow rested on the sofa .
Event roles: VERB=wash; AGENT=wife; PATIENT=winner
Sentence: the",Sentence: the,first_noun,-4.923030376434326,-8.395410537719727,-3.4723801612854004,active,0.0
1875,role_labeled,active,active,a wife drags a winner .,a hero drags a husband .,a husband is dragged by a hero .,a,hero,a,husband,drag,drags,dragged,"[""PATIENT=husband"", ""VERB=drag"", ""AGENT=hero""]","Prime sentence: a wife drags a winner .
Event roles: PATIENT=husband; VERB=drag; AGENT=hero
Sentence: the",Sentence: the,first_noun,-3.927137851715088,-3.149479866027832,0.7776579856872559,passive,1.0
1875,role_labeled,passive,passive,a winner is dragged by a wife .,a hero drags a husband .,a husband is dragged by a hero .,a,hero,a,husband,drag,drags,dragged,"[""PATIENT=husband"", ""VERB=drag"", ""AGENT=hero""]","Prime sentence: a winner is dragged by a wife .
Event roles: PATIENT=husband; VERB=drag; AGENT=hero
Sentence: the",Sentence: the,first_noun,-3.7009732723236084,-3.367713689804077,0.33325958251953125,passive,1.0
1875,role_labeled,no_prime_eos,no_prime_eos,,a hero drags a husband .,a husband is dragged by a hero .,a,hero,a,husband,drag,drags,dragged,"[""PATIENT=husband"", ""VERB=drag"", ""AGENT=hero""]","Event roles: PATIENT=husband; VERB=drag; AGENT=hero
Sentence: the",Sentence: the,first_noun,-3.4746317863464355,-4.12471342086792,-0.6500816345214844,active,0.0
1875,role_labeled,filler,filler,The market opened after sunrise .,a hero drags a husband .,a husband is dragged by a hero .,a,hero,a,husband,drag,drags,dragged,"[""PATIENT=husband"", ""VERB=drag"", ""AGENT=hero""]","Prime sentence: The market opened after sunrise .
Event roles: PATIENT=husband; VERB=drag; AGENT=hero
Sentence: the",Sentence: the,first_noun,-6.404582500457764,-6.146182060241699,0.25840044021606445,passive,1.0
1876,role_labeled,active,active,a mother chases a nurse .,an author chases a bishop .,a bishop is chased by an author .,an,author,a,bishop,chas,chases,chased,"[""VERB=chas"", ""PATIENT=bishop"", ""AGENT=author""]","Prime sentence: a mother chases a nurse .
Event roles: VERB=chas; PATIENT=bishop; AGENT=author
Sentence: the",Sentence: the,first_noun,-6.565796375274658,-4.6878180503845215,1.8779783248901367,passive,1.0
1876,role_labeled,passive,passive,a nurse is chased by a mother .,an author chases a bishop .,a bishop is chased by an author .,an,author,a,bishop,chas,chases,chased,"[""VERB=chas"", ""PATIENT=bishop"", ""AGENT=author""]","Prime sentence: a nurse is chased by a mother .
Event roles: VERB=chas; PATIENT=bishop; AGENT=author
Sentence: the",Sentence: the,first_noun,-6.036199569702148,-4.868860244750977,1.1673393249511719,passive,1.0
1876,role_labeled,no_prime_eos,no_prime_eos,,an author chases a bishop .,a bishop is chased by an author .,an,author,a,bishop,chas,chases,chased,"[""VERB=chas"", ""PATIENT=bishop"", ""AGENT=author""]","Event roles: VERB=chas; PATIENT=bishop; AGENT=author
Sentence: the",Sentence: the,first_noun,-4.721397399902344,-4.8957133293151855,-0.1743159294128418,active,0.0
1876,role_labeled,filler,filler,The lantern glowed near sunset .,an author chases a bishop .,a bishop is chased by an author .,an,author,a,bishop,chas,chases,chased,"[""VERB=chas"", ""PATIENT=bishop"", ""AGENT=author""]","Prime sentence: The lantern glowed near sunset .
Event roles: VERB=chas; PATIENT=bishop; AGENT=author
Sentence: the",Sentence: the,first_noun,-6.932927131652832,-6.487666130065918,0.44526100158691406,passive,1.0
1877,role_labeled,active,active,a doctor forgets an employee .,a scientist forgets a secretary .,a secretary is forgotten by a scientist .,a,scientist,a,secretary,forget,forgets,forgotten,"[""PATIENT=secretary"", ""AGENT=scientist"", ""VERB=forget""]","Prime sentence: a doctor forgets an employee .
Event roles: PATIENT=secretary; AGENT=scientist; VERB=forget
Sentence: the",Sentence: the,first_noun,-4.581203460693359,-5.1134538650512695,-0.5322504043579102,active,0.0
1877,role_labeled,passive,passive,an employee is forgotten by a doctor .,a scientist forgets a secretary .,a secretary is forgotten by a scientist .,a,scientist,a,secretary,forget,forgets,forgotten,"[""PATIENT=secretary"", ""AGENT=scientist"", ""VERB=forget""]","Prime sentence: an employee is forgotten by a doctor .
Event roles: PATIENT=secretary; AGENT=scientist; VERB=forget
Sentence: the",Sentence: the,first_noun,-4.691181182861328,-5.30170202255249,-0.6105208396911621,active,0.0
1877,role_labeled,no_prime_eos,no_prime_eos,,a scientist forgets a secretary .,a secretary is forgotten by a scientist .,a,scientist,a,secretary,forget,forgets,forgotten,"[""PATIENT=secretary"", ""AGENT=scientist"", ""VERB=forget""]","Event roles: PATIENT=secretary; AGENT=scientist; VERB=forget
Sentence: the",Sentence: the,first_noun,-4.3414177894592285,-6.412410736083984,-2.070992946624756,active,0.0
1877,role_labeled,filler,filler,The pillow rested on the sofa .,a scientist forgets a secretary .,a secretary is forgotten by a scientist .,a,scientist,a,secretary,forget,forgets,forgotten,"[""PATIENT=secretary"", ""AGENT=scientist"", ""VERB=forget""]","Prime sentence: The pillow rested on the sofa .
Event roles: PATIENT=secretary; AGENT=scientist; VERB=forget
Sentence: the",Sentence: the,first_noun,-6.372835159301758,-7.410857200622559,-1.0380220413208008,active,0.0
1878,role_labeled,active,active,a man embraces a manager .,an actress embraces an adult .,an adult is embraced by an actress .,an,actress,an,adult,embrac,embraces,embraced,"[""VERB=embrac"", ""AGENT=actress"", ""PATIENT=adult""]","Prime sentence: a man embraces a manager .
Event roles: VERB=embrac; AGENT=actress; PATIENT=adult
Sentence: the",Sentence: the,first_noun,-7.032453536987305,-7.595871925354004,-0.5634183883666992,active,0.0
1878,role_labeled,passive,passive,a manager is embraced by a man .,an actress embraces an adult .,an adult is embraced by an actress .,an,actress,an,adult,embrac,embraces,embraced,"[""VERB=embrac"", ""AGENT=actress"", ""PATIENT=adult""]","Prime sentence: a manager is embraced by a man .
Event roles: VERB=embrac; AGENT=actress; PATIENT=adult
Sentence: the",Sentence: the,first_noun,-7.2137298583984375,-7.325795650482178,-0.11206579208374023,active,0.0
1878,role_labeled,no_prime_eos,no_prime_eos,,an actress embraces an adult .,an adult is embraced by an actress .,an,actress,an,adult,embrac,embraces,embraced,"[""VERB=embrac"", ""AGENT=actress"", ""PATIENT=adult""]","Event roles: VERB=embrac; AGENT=actress; PATIENT=adult
Sentence: the",Sentence: the,first_noun,-7.252736568450928,-5.692785739898682,1.559950828552246,passive,1.0
1878,role_labeled,filler,filler,The engine cooled before dawn .,an actress embraces an adult .,an adult is embraced by an actress .,an,actress,an,adult,embrac,embraces,embraced,"[""VERB=embrac"", ""AGENT=actress"", ""PATIENT=adult""]","Prime sentence: The engine cooled before dawn .
Event roles: VERB=embrac; AGENT=actress; PATIENT=adult
Sentence: the",Sentence: the,first_noun,-8.10045337677002,-7.941957473754883,0.15849590301513672,passive,1.0
1879,role_labeled,active,active,an employee protects an employer .,a secretary protects a sheriff .,a sheriff is protected by a secretary .,a,secretary,a,sheriff,protect,protects,protected,"[""VERB=protect"", ""PATIENT=sheriff"", ""AGENT=secretary""]","Prime sentence: an employee protects an employer .
Event roles: VERB=protect; PATIENT=sheriff; AGENT=secretary
Sentence: the",Sentence: the,first_noun,-5.646023273468018,-3.8505451679229736,1.795478105545044,passive,1.0
1879,role_labeled,passive,passive,an employer is protected by an employee .,a secretary protects a sheriff .,a sheriff is protected by a secretary .,a,secretary,a,sheriff,protect,protects,protected,"[""VERB=protect"", ""PATIENT=sheriff"", ""AGENT=secretary""]","Prime sentence: an employer is protected by an employee .
Event roles: VERB=protect; PATIENT=sheriff; AGENT=secretary
Sentence: the",Sentence: the,first_noun,-5.697412490844727,-3.7659478187561035,1.931464672088623,passive,1.0
1879,role_labeled,no_prime_eos,no_prime_eos,,a secretary protects a sheriff .,a sheriff is protected by a secretary .,a,secretary,a,sheriff,protect,protects,protected,"[""VERB=protect"", ""PATIENT=sheriff"", ""AGENT=secretary""]","Event roles: VERB=protect; PATIENT=sheriff; AGENT=secretary
Sentence: the",Sentence: the,first_noun,-5.80138635635376,-7.203442573547363,-1.4020562171936035,active,0.0
1879,role_labeled,filler,filler,The tourist wandered through the plaza .,a secretary protects a sheriff .,a sheriff is protected by a secretary .,a,secretary,a,sheriff,protect,protects,protected,"[""VERB=protect"", ""PATIENT=sheriff"", ""AGENT=secretary""]","Prime sentence: The tourist wandered through the plaza .
Event roles: VERB=protect; PATIENT=sheriff; AGENT=secretary
Sentence: the",Sentence: the,first_noun,-6.855295181274414,-4.505819320678711,2.349475860595703,passive,1.0
1880,role_labeled,active,active,a king discovers a lady .,a woman discovers a worker .,a worker is discovered by a woman .,a,woman,a,worker,discover,discovers,discovered,"[""VERB=discover"", ""PATIENT=worker"", ""AGENT=woman""]","Prime sentence: a king discovers a lady .
Event roles: VERB=discover; PATIENT=worker; AGENT=woman
Sentence: the",Sentence: the,first_noun,-3.2378625869750977,-5.742599010467529,-2.5047364234924316,active,0.0
1880,role_labeled,passive,passive,a lady is discovered by a king .,a woman discovers a worker .,a worker is discovered by a woman .,a,woman,a,worker,discover,discovers,discovered,"[""VERB=discover"", ""PATIENT=worker"", ""AGENT=woman""]","Prime sentence: a lady is discovered by a king .
Event roles: VERB=discover; PATIENT=worker; AGENT=woman
Sentence: the",Sentence: the,first_noun,-3.405742883682251,-5.946791648864746,-2.541048765182495,active,0.0
1880,role_labeled,no_prime_eos,no_prime_eos,,a woman discovers a worker .,a worker is discovered by a woman .,a,woman,a,worker,discover,discovers,discovered,"[""VERB=discover"", ""PATIENT=worker"", ""AGENT=woman""]","Event roles: VERB=discover; PATIENT=worker; AGENT=woman
Sentence: the",Sentence: the,first_noun,-2.7555387020111084,-5.147146224975586,-2.3916075229644775,active,0.0
1880,role_labeled,filler,filler,The window rattled during the storm .,a woman discovers a worker .,a worker is discovered by a woman .,a,woman,a,worker,discover,discovers,discovered,"[""VERB=discover"", ""PATIENT=worker"", ""AGENT=woman""]","Prime sentence: The window rattled during the storm .
Event roles: VERB=discover; PATIENT=worker; AGENT=woman
Sentence: the",Sentence: the,first_noun,-4.037753105163574,-7.004136085510254,-2.9663829803466797,active,0.0
1881,role_labeled,active,active,a bishop teaches a boy .,a mother teaches a nurse .,a nurse is taught by a mother .,a,mother,a,nurse,teach,teaches,taught,"[""AGENT=mother"", ""PATIENT=nurse"", ""VERB=teach""]","Prime sentence: a bishop teaches a boy .
Event roles: AGENT=mother; PATIENT=nurse; VERB=teach
Sentence: the",Sentence: the,first_noun,-3.3658766746520996,-4.203810214996338,-0.8379335403442383,active,0.0
1881,role_labeled,passive,passive,a boy is taught by a bishop .,a mother teaches a nurse .,a nurse is taught by a mother .,a,mother,a,nurse,teach,teaches,taught,"[""AGENT=mother"", ""PATIENT=nurse"", ""VERB=teach""]","Prime sentence: a boy is taught by a bishop .
Event roles: AGENT=mother; PATIENT=nurse; VERB=teach
Sentence: the",Sentence: the,first_noun,-3.9098665714263916,-4.53819465637207,-0.6283280849456787,active,0.0
1881,role_labeled,no_prime_eos,no_prime_eos,,a mother teaches a nurse .,a nurse is taught by a mother .,a,mother,a,nurse,teach,teaches,taught,"[""AGENT=mother"", ""PATIENT=nurse"", ""VERB=teach""]","Event roles: AGENT=mother; PATIENT=nurse; VERB=teach
Sentence: the",Sentence: the,first_noun,-3.1632449626922607,-3.342087507247925,-0.17884254455566406,active,0.0
1881,role_labeled,filler,filler,The witness paused near the doorway .,a mother teaches a nurse .,a nurse is taught by a mother .,a,mother,a,nurse,teach,teaches,taught,"[""AGENT=mother"", ""PATIENT=nurse"", ""VERB=teach""]","Prime sentence: The witness paused near the doorway .
Event roles: AGENT=mother; PATIENT=nurse; VERB=teach
Sentence: the",Sentence: the,first_noun,-3.492637872695923,-2.343151807785034,1.1494860649108887,passive,1.0
1882,role_labeled,active,active,a chief forgets a child .,a president forgets a priest .,a priest is forgotten by a president .,a,president,a,priest,forget,forgets,forgotten,"[""AGENT=president"", ""PATIENT=priest"", ""VERB=forget""]","Prime sentence: a chief forgets a child .
Event roles: AGENT=president; PATIENT=priest; VERB=forget
Sentence: the",Sentence: the,first_noun,-3.4737980365753174,-3.939997911453247,-0.4661998748779297,active,0.0
1882,role_labeled,passive,passive,a child is forgotten by a chief .,a president forgets a priest .,a priest is forgotten by a president .,a,president,a,priest,forget,forgets,forgotten,"[""AGENT=president"", ""PATIENT=priest"", ""VERB=forget""]","Prime sentence: a child is forgotten by a chief .
Event roles: AGENT=president; PATIENT=priest; VERB=forget
Sentence: the",Sentence: the,first_noun,-3.7983381748199463,-3.734738826751709,0.0635993480682373,passive,1.0
1882,role_labeled,no_prime_eos,no_prime_eos,,a president forgets a priest .,a priest is forgotten by a president .,a,president,a,priest,forget,forgets,forgotten,"[""AGENT=president"", ""PATIENT=priest"", ""VERB=forget""]","Event roles: AGENT=president; PATIENT=priest; VERB=forget
Sentence: the",Sentence: the,first_noun,-3.483288049697876,-4.074831962585449,-0.5915439128875732,active,0.0
1882,role_labeled,filler,filler,The lantern glowed near sunset .,a president forgets a priest .,a priest is forgotten by a president .,a,president,a,priest,forget,forgets,forgotten,"[""AGENT=president"", ""PATIENT=priest"", ""VERB=forget""]","Prime sentence: The lantern glowed near sunset .
Event roles: AGENT=president; PATIENT=priest; VERB=forget
Sentence: the",Sentence: the,first_noun,-5.2121171951293945,-5.024212837219238,0.18790435791015625,passive,1.0
1883,role_labeled,active,active,a bishop asks a boy .,a mother asks a nurse .,a nurse is asked by a mother .,a,mother,a,nurse,ask,asks,asked,"[""VERB=ask"", ""PATIENT=nurse"", ""AGENT=mother""]","Prime sentence: a bishop asks a boy .
Event roles: VERB=ask; PATIENT=nurse; AGENT=mother
Sentence: the",Sentence: the,first_noun,-4.223412036895752,-4.6438374519348145,-0.4204254150390625,active,0.0
1883,role_labeled,passive,passive,a boy is asked by a bishop .,a mother asks a nurse .,a nurse is asked by a mother .,a,mother,a,nurse,ask,asks,asked,"[""VERB=ask"", ""PATIENT=nurse"", ""AGENT=mother""]","Prime sentence: a boy is asked by a bishop .
Event roles: VERB=ask; PATIENT=nurse; AGENT=mother
Sentence: the",Sentence: the,first_noun,-4.268429756164551,-4.80617618560791,-0.5377464294433594,active,0.0
1883,role_labeled,no_prime_eos,no_prime_eos,,a mother asks a nurse .,a nurse is asked by a mother .,a,mother,a,nurse,ask,asks,asked,"[""VERB=ask"", ""PATIENT=nurse"", ""AGENT=mother""]","Event roles: VERB=ask; PATIENT=nurse; AGENT=mother
Sentence: the",Sentence: the,first_noun,-3.9728078842163086,-4.099292755126953,-0.12648487091064453,active,0.0
1883,role_labeled,filler,filler,The radio crackled in the attic .,a mother asks a nurse .,a nurse is asked by a mother .,a,mother,a,nurse,ask,asks,asked,"[""VERB=ask"", ""PATIENT=nurse"", ""AGENT=mother""]","Prime sentence: The radio crackled in the attic .
Event roles: VERB=ask; PATIENT=nurse; AGENT=mother
Sentence: the",Sentence: the,first_noun,-5.334771633148193,-4.65765380859375,0.6771178245544434,passive,1.0
1884,role_labeled,active,active,a child forgives a colonel .,a priest forgives a prince .,a prince is forgiven by a priest .,a,priest,a,prince,forgiv,forgives,forgiven,"[""AGENT=priest"", ""PATIENT=prince"", ""VERB=forgiv""]","Prime sentence: a child forgives a colonel .
Event roles: AGENT=priest; PATIENT=prince; VERB=forgiv
Sentence: the",Sentence: the,first_noun,-3.9913077354431152,-4.531091690063477,-0.5397839546203613,active,0.0
1884,role_labeled,passive,passive,a colonel is forgiven by a child .,a priest forgives a prince .,a prince is forgiven by a priest .,a,priest,a,prince,forgiv,forgives,forgiven,"[""AGENT=priest"", ""PATIENT=prince"", ""VERB=forgiv""]","Prime sentence: a colonel is forgiven by a child .
Event roles: AGENT=priest; PATIENT=prince; VERB=forgiv
Sentence: the",Sentence: the,first_noun,-3.4614720344543457,-4.414306640625,-0.9528346061706543,active,0.0
1884,role_labeled,no_prime_eos,no_prime_eos,,a priest forgives a prince .,a prince is forgiven by a priest .,a,priest,a,prince,forgiv,forgives,forgiven,"[""AGENT=priest"", ""PATIENT=prince"", ""VERB=forgiv""]","Event roles: AGENT=priest; PATIENT=prince; VERB=forgiv
Sentence: the",Sentence: the,first_noun,-3.801851272583008,-3.8508543968200684,-0.04900312423706055,active,0.0
1884,role_labeled,filler,filler,The signal flickered across the screen .,a priest forgives a prince .,a prince is forgiven by a priest .,a,priest,a,prince,forgiv,forgives,forgiven,"[""AGENT=priest"", ""PATIENT=prince"", ""VERB=forgiv""]","Prime sentence: The signal flickered across the screen .
Event roles: AGENT=priest; PATIENT=prince; VERB=forgiv
Sentence: the",Sentence: the,first_noun,-3.5013439655303955,-4.4622626304626465,-0.960918664932251,active,0.0
1885,role_labeled,active,active,a singer forgets a soldier .,an employer forgets a father .,a father is forgotten by an employer .,an,employer,a,father,forget,forgets,forgotten,"[""VERB=forget"", ""PATIENT=father"", ""AGENT=employer""]","Prime sentence: a singer forgets a soldier .
Event roles: VERB=forget; PATIENT=father; AGENT=employer
Sentence: the",Sentence: the,first_noun,-7.352786064147949,-4.608114719390869,2.74467134475708,passive,1.0
1885,role_labeled,passive,passive,a soldier is forgotten by a singer .,an employer forgets a father .,a father is forgotten by an employer .,an,employer,a,father,forget,forgets,forgotten,"[""VERB=forget"", ""PATIENT=father"", ""AGENT=employer""]","Prime sentence: a soldier is forgotten by a singer .
Event roles: VERB=forget; PATIENT=father; AGENT=employer
Sentence: the",Sentence: the,first_noun,-7.727108001708984,-4.771493911743164,2.9556140899658203,passive,1.0
1885,role_labeled,no_prime_eos,no_prime_eos,,an employer forgets a father .,a father is forgotten by an employer .,an,employer,a,father,forget,forgets,forgotten,"[""VERB=forget"", ""PATIENT=father"", ""AGENT=employer""]","Event roles: VERB=forget; PATIENT=father; AGENT=employer
Sentence: the",Sentence: the,first_noun,-6.023955821990967,-4.920344352722168,1.1036114692687988,passive,1.0
1885,role_labeled,filler,filler,The captain waited beside the harbor .,an employer forgets a father .,a father is forgotten by an employer .,an,employer,a,father,forget,forgets,forgotten,"[""VERB=forget"", ""PATIENT=father"", ""AGENT=employer""]","Prime sentence: The captain waited beside the harbor .
Event roles: VERB=forget; PATIENT=father; AGENT=employer
Sentence: the",Sentence: the,first_noun,-8.059425354003906,-5.146932601928711,2.9124927520751953,passive,1.0
1886,role_labeled,active,active,a president catches a priest .,a champion catches a chief .,a chief is caught by a champion .,a,champion,a,chief,catch,catches,caught,"[""PATIENT=chief"", ""AGENT=champion"", ""VERB=catch""]","Prime sentence: a president catches a priest .
Event roles: PATIENT=chief; AGENT=champion; VERB=catch
Sentence: the",Sentence: the,first_noun,-7.599785327911377,-4.4309306144714355,3.1688547134399414,passive,1.0
1886,role_labeled,passive,passive,a priest is caught by a president .,a champion catches a chief .,a chief is caught by a champion .,a,champion,a,chief,catch,catches,caught,"[""PATIENT=chief"", ""AGENT=champion"", ""VERB=catch""]","Prime sentence: a priest is caught by a president .
Event roles: PATIENT=chief; AGENT=champion; VERB=catch
Sentence: the",Sentence: the,first_noun,-7.17063045501709,-4.35783576965332,2.8127946853637695,passive,1.0
1886,role_labeled,no_prime_eos,no_prime_eos,,a champion catches a chief .,a chief is caught by a champion .,a,champion,a,chief,catch,catches,caught,"[""PATIENT=chief"", ""AGENT=champion"", ""VERB=catch""]","Event roles: PATIENT=chief; AGENT=champion; VERB=catch
Sentence: the",Sentence: the,first_noun,-5.380947113037109,-4.062331676483154,1.318615436553955,passive,1.0
1886,role_labeled,filler,filler,The signal flickered across the screen .,a champion catches a chief .,a chief is caught by a champion .,a,champion,a,chief,catch,catches,caught,"[""PATIENT=chief"", ""AGENT=champion"", ""VERB=catch""]","Prime sentence: The signal flickered across the screen .
Event roles: PATIENT=chief; AGENT=champion; VERB=catch
Sentence: the",Sentence: the,first_noun,-5.977497100830078,-4.93342924118042,1.0440678596496582,passive,1.0
1887,role_labeled,active,active,a teacher judges an uncle .,a guest judges a guy .,a guy is judged by a guest .,a,guest,a,guy,judg,judges,judged,"[""VERB=judg"", ""PATIENT=guy"", ""AGENT=guest""]","Prime sentence: a teacher judges an uncle .
Event roles: VERB=judg; PATIENT=guy; AGENT=guest
Sentence: the",Sentence: the,first_noun,-6.267627239227295,-4.731316566467285,1.5363106727600098,passive,1.0
1887,role_labeled,passive,passive,an uncle is judged by a teacher .,a guest judges a guy .,a guy is judged by a guest .,a,guest,a,guy,judg,judges,judged,"[""VERB=judg"", ""PATIENT=guy"", ""AGENT=guest""]","Prime sentence: an uncle is judged by a teacher .
Event roles: VERB=judg; PATIENT=guy; AGENT=guest
Sentence: the",Sentence: the,first_noun,-6.379608154296875,-4.899637699127197,1.4799704551696777,passive,1.0
1887,role_labeled,no_prime_eos,no_prime_eos,,a guest judges a guy .,a guy is judged by a guest .,a,guest,a,guy,judg,judges,judged,"[""VERB=judg"", ""PATIENT=guy"", ""AGENT=guest""]","Event roles: VERB=judg; PATIENT=guy; AGENT=guest
Sentence: the",Sentence: the,first_noun,-5.436940670013428,-5.357008457183838,0.07993221282958984,passive,1.0
1887,role_labeled,filler,filler,The painter waited near the doorway .,a guest judges a guy .,a guy is judged by a guest .,a,guest,a,guy,judg,judges,judged,"[""VERB=judg"", ""PATIENT=guy"", ""AGENT=guest""]","Prime sentence: The painter waited near the doorway .
Event roles: VERB=judg; PATIENT=guy; AGENT=guest
Sentence: the",Sentence: the,first_noun,-5.057323932647705,-4.263548851013184,0.7937750816345215,passive,1.0
1888,role_labeled,active,active,a mother forgets a nurse .,an author forgets a bishop .,a bishop is forgotten by an author .,an,author,a,bishop,forget,forgets,forgotten,"[""PATIENT=bishop"", ""AGENT=author"", ""VERB=forget""]","Prime sentence: a mother forgets a nurse .
Event roles: PATIENT=bishop; AGENT=author; VERB=forget
Sentence: the",Sentence: the,first_noun,-5.960877895355225,-3.9739508628845215,1.9869270324707031,passive,1.0
1888,role_labeled,passive,passive,a nurse is forgotten by a mother .,an author forgets a bishop .,a bishop is forgotten by an author .,an,author,a,bishop,forget,forgets,forgotten,"[""PATIENT=bishop"", ""AGENT=author"", ""VERB=forget""]","Prime sentence: a nurse is forgotten by a mother .
Event roles: PATIENT=bishop; AGENT=author; VERB=forget
Sentence: the",Sentence: the,first_noun,-5.592900276184082,-4.094303131103516,1.4985971450805664,passive,1.0
1888,role_labeled,no_prime_eos,no_prime_eos,,an author forgets a bishop .,a bishop is forgotten by an author .,an,author,a,bishop,forget,forgets,forgotten,"[""PATIENT=bishop"", ""AGENT=author"", ""VERB=forget""]","Event roles: PATIENT=bishop; AGENT=author; VERB=forget
Sentence: the",Sentence: the,first_noun,-4.471637725830078,-4.2848310470581055,0.18680667877197266,passive,1.0
1888,role_labeled,filler,filler,The baker laughed during breakfast .,an author forgets a bishop .,a bishop is forgotten by an author .,an,author,a,bishop,forget,forgets,forgotten,"[""PATIENT=bishop"", ""AGENT=author"", ""VERB=forget""]","Prime sentence: The baker laughed during breakfast .
Event roles: PATIENT=bishop; AGENT=author; VERB=forget
Sentence: the",Sentence: the,first_noun,-5.391432762145996,-3.273597240447998,2.117835521697998,passive,1.0
1889,role_labeled,active,active,a man judges a manager .,an actress judges an adult .,an adult is judged by an actress .,an,actress,an,adult,judg,judges,judged,"[""VERB=judg"", ""AGENT=actress"", ""PATIENT=adult""]","Prime sentence: a man judges a manager .
Event roles: VERB=judg; AGENT=actress; PATIENT=adult
Sentence: the",Sentence: the,first_noun,-6.498358726501465,-6.760743618011475,-0.26238489151000977,active,0.0
1889,role_labeled,passive,passive,a manager is judged by a man .,an actress judges an adult .,an adult is judged by an actress .,an,actress,an,adult,judg,judges,judged,"[""VERB=judg"", ""AGENT=actress"", ""PATIENT=adult""]","Prime sentence: a manager is judged by a man .
Event roles: VERB=judg; AGENT=actress; PATIENT=adult
Sentence: the",Sentence: the,first_noun,-7.127640247344971,-6.974344253540039,0.15329599380493164,passive,1.0
1889,role_labeled,no_prime_eos,no_prime_eos,,an actress judges an adult .,an adult is judged by an actress .,an,actress,an,adult,judg,judges,judged,"[""VERB=judg"", ""AGENT=actress"", ""PATIENT=adult""]","Event roles: VERB=judg; AGENT=actress; PATIENT=adult
Sentence: the",Sentence: the,first_noun,-6.583196640014648,-5.7709641456604,0.812232494354248,passive,1.0
1889,role_labeled,filler,filler,The pillow rested on the sofa .,an actress judges an adult .,an adult is judged by an actress .,an,actress,an,adult,judg,judges,judged,"[""VERB=judg"", ""AGENT=actress"", ""PATIENT=adult""]","Prime sentence: The pillow rested on the sofa .
Event roles: VERB=judg; AGENT=actress; PATIENT=adult
Sentence: the",Sentence: the,first_noun,-8.036057472229004,-7.66031551361084,0.37574195861816406,passive,1.0
1890,role_labeled,active,active,a prince drags a princess .,a child drags a colonel .,a colonel is dragged by a child .,a,child,a,colonel,drag,drags,dragged,"[""AGENT=child"", ""VERB=drag"", ""PATIENT=colonel""]","Prime sentence: a prince drags a princess .
Event roles: AGENT=child; VERB=drag; PATIENT=colonel
Sentence: the",Sentence: the,first_noun,-4.112386703491211,-4.586225986480713,-0.47383928298950195,active,0.0
1890,role_labeled,passive,passive,a princess is dragged by a prince .,a child drags a colonel .,a colonel is dragged by a child .,a,child,a,colonel,drag,drags,dragged,"[""AGENT=child"", ""VERB=drag"", ""PATIENT=colonel""]","Prime sentence: a princess is dragged by a prince .
Event roles: AGENT=child; VERB=drag; PATIENT=colonel
Sentence: the",Sentence: the,first_noun,-4.264192581176758,-4.9994587898254395,-0.7352662086486816,active,0.0
1890,role_labeled,no_prime_eos,no_prime_eos,,a child drags a colonel .,a colonel is dragged by a child .,a,child,a,colonel,drag,drags,dragged,"[""AGENT=child"", ""VERB=drag"", ""PATIENT=colonel""]","Event roles: AGENT=child; VERB=drag; PATIENT=colonel
Sentence: the",Sentence: the,first_noun,-4.005703449249268,-4.722229957580566,-0.7165265083312988,active,0.0
1890,role_labeled,filler,filler,The signal flickered across the screen .,a child drags a colonel .,a colonel is dragged by a child .,a,child,a,colonel,drag,drags,dragged,"[""AGENT=child"", ""VERB=drag"", ""PATIENT=colonel""]","Prime sentence: The signal flickered across the screen .
Event roles: AGENT=child; VERB=drag; PATIENT=colonel
Sentence: the",Sentence: the,first_noun,-4.514984130859375,-4.762351036071777,-0.24736690521240234,active,0.0
1891,role_labeled,active,active,a husband strikes a kid .,a wife strikes a winner .,a winner is struck by a wife .,a,wife,a,winner,strik,strikes,struck,"[""PATIENT=winner"", ""VERB=strik"", ""AGENT=wife""]","Prime sentence: a husband strikes a kid .
Event roles: PATIENT=winner; VERB=strik; AGENT=wife
Sentence: the",Sentence: the,first_noun,-3.020709991455078,-7.458926200866699,-4.438216209411621,active,0.0
1891,role_labeled,passive,passive,a kid is struck by a husband .,a wife strikes a winner .,a winner is struck by a wife .,a,wife,a,winner,strik,strikes,struck,"[""PATIENT=winner"", ""VERB=strik"", ""AGENT=wife""]","Prime sentence: a kid is struck by a husband .
Event roles: PATIENT=winner; VERB=strik; AGENT=wife
Sentence: the",Sentence: the,first_noun,-2.8535687923431396,-7.171497344970703,-4.3179285526275635,active,0.0
1891,role_labeled,no_prime_eos,no_prime_eos,,a wife strikes a winner .,a winner is struck by a wife .,a,wife,a,winner,strik,strikes,struck,"[""PATIENT=winner"", ""VERB=strik"", ""AGENT=wife""]","Event roles: PATIENT=winner; VERB=strik; AGENT=wife
Sentence: the",Sentence: the,first_noun,-3.8600940704345703,-4.640739440917969,-0.7806453704833984,active,0.0
1891,role_labeled,filler,filler,The witness paused near the doorway .,a wife strikes a winner .,a winner is struck by a wife .,a,wife,a,winner,strik,strikes,struck,"[""PATIENT=winner"", ""VERB=strik"", ""AGENT=wife""]","Prime sentence: The witness paused near the doorway .
Event roles: PATIENT=winner; VERB=strik; AGENT=wife
Sentence: the",Sentence: the,first_noun,-4.0195746421813965,-8.479035377502441,-4.459460735321045,active,0.0
1892,role_labeled,active,active,an attorney strikes an aunt .,a manager strikes a mayor .,a mayor is struck by a manager .,a,manager,a,mayor,strik,strikes,struck,"[""VERB=strik"", ""PATIENT=mayor"", ""AGENT=manager""]","Prime sentence: an attorney strikes an aunt .
Event roles: VERB=strik; PATIENT=mayor; AGENT=manager
Sentence: the",Sentence: the,first_noun,-5.8790693283081055,-2.617379903793335,3.2616894245147705,passive,1.0
1892,role_labeled,passive,passive,an aunt is struck by an attorney .,a manager strikes a mayor .,a mayor is struck by a manager .,a,manager,a,mayor,strik,strikes,struck,"[""VERB=strik"", ""PATIENT=mayor"", ""AGENT=manager""]","Prime sentence: an aunt is struck by an attorney .
Event roles: VERB=strik; PATIENT=mayor; AGENT=manager
Sentence: the",Sentence: the,first_noun,-5.490694999694824,-2.2500340938568115,3.2406609058380127,passive,1.0
1892,role_labeled,no_prime_eos,no_prime_eos,,a manager strikes a mayor .,a mayor is struck by a manager .,a,manager,a,mayor,strik,strikes,struck,"[""VERB=strik"", ""PATIENT=mayor"", ""AGENT=manager""]","Event roles: VERB=strik; PATIENT=mayor; AGENT=manager
Sentence: the",Sentence: the,first_noun,-5.381933212280273,-2.6085867881774902,2.773346424102783,passive,1.0
1892,role_labeled,filler,filler,The engine cooled before dawn .,a manager strikes a mayor .,a mayor is struck by a manager .,a,manager,a,mayor,strik,strikes,struck,"[""VERB=strik"", ""PATIENT=mayor"", ""AGENT=manager""]","Prime sentence: The engine cooled before dawn .
Event roles: VERB=strik; PATIENT=mayor; AGENT=manager
Sentence: the",Sentence: the,first_noun,-6.570735931396484,-3.931791305541992,2.638944625854492,passive,1.0
1893,role_labeled,active,active,a soldier selects a son .,a father selects a friend .,a friend is selected by a father .,a,father,a,friend,select,selects,selected,"[""VERB=select"", ""PATIENT=friend"", ""AGENT=father""]","Prime sentence: a soldier selects a son .
Event roles: VERB=select; PATIENT=friend; AGENT=father
Sentence: the",Sentence: the,first_noun,-2.621678590774536,-5.363604545593262,-2.7419259548187256,active,0.0
1893,role_labeled,passive,passive,a son is selected by a soldier .,a father selects a friend .,a friend is selected by a father .,a,father,a,friend,select,selects,selected,"[""VERB=select"", ""PATIENT=friend"", ""AGENT=father""]","Prime sentence: a son is selected by a soldier .
Event roles: VERB=select; PATIENT=friend; AGENT=father
Sentence: the",Sentence: the,first_noun,-2.865849256515503,-5.599193096160889,-2.7333438396453857,active,0.0
1893,role_labeled,no_prime_eos,no_prime_eos,,a father selects a friend .,a friend is selected by a father .,a,father,a,friend,select,selects,selected,"[""VERB=select"", ""PATIENT=friend"", ""AGENT=father""]","Event roles: VERB=select; PATIENT=friend; AGENT=father
Sentence: the",Sentence: the,first_noun,-4.202472686767578,-6.038334846496582,-1.835862159729004,active,0.0
1893,role_labeled,filler,filler,The painter waited near the doorway .,a father selects a friend .,a friend is selected by a father .,a,father,a,friend,select,selects,selected,"[""VERB=select"", ""PATIENT=friend"", ""AGENT=father""]","Prime sentence: The painter waited near the doorway .
Event roles: VERB=select; PATIENT=friend; AGENT=father
Sentence: the",Sentence: the,first_noun,-3.869378089904785,-5.13906717300415,-1.2696890830993652,active,0.0
1894,role_labeled,active,active,a friend beats a girl .,a soldier beats a son .,a son is beaten by a soldier .,a,soldier,a,son,beat,beats,beaten,"[""VERB=beat"", ""AGENT=soldier"", ""PATIENT=son""]","Prime sentence: a friend beats a girl .
Event roles: VERB=beat; AGENT=soldier; PATIENT=son
Sentence: the",Sentence: the,first_noun,-3.482595920562744,-5.104849815368652,-1.6222538948059082,active,0.0
1894,role_labeled,passive,passive,a girl is beaten by a friend .,a soldier beats a son .,a son is beaten by a soldier .,a,soldier,a,son,beat,beats,beaten,"[""VERB=beat"", ""AGENT=soldier"", ""PATIENT=son""]","Prime sentence: a girl is beaten by a friend .
Event roles: VERB=beat; AGENT=soldier; PATIENT=son
Sentence: the",Sentence: the,first_noun,-3.4173569679260254,-5.267410755157471,-1.8500537872314453,active,0.0
1894,role_labeled,no_prime_eos,no_prime_eos,,a soldier beats a son .,a son is beaten by a soldier .,a,soldier,a,son,beat,beats,beaten,"[""VERB=beat"", ""AGENT=soldier"", ""PATIENT=son""]","Event roles: VERB=beat; AGENT=soldier; PATIENT=son
Sentence: the",Sentence: the,first_noun,-4.010709762573242,-4.448505401611328,-0.43779563903808594,active,0.0
1894,role_labeled,filler,filler,The traveler rested beside the river .,a soldier beats a son .,a son is beaten by a soldier .,a,soldier,a,son,beat,beats,beaten,"[""VERB=beat"", ""AGENT=soldier"", ""PATIENT=son""]","Prime sentence: The traveler rested beside the river .
Event roles: VERB=beat; AGENT=soldier; PATIENT=son
Sentence: the",Sentence: the,first_noun,-3.763336658477783,-6.267489433288574,-2.504152774810791,active,0.0
1895,role_labeled,active,active,an actor chases an actress .,a lawyer chases a leader .,a leader is chased by a lawyer .,a,lawyer,a,leader,chas,chases,chased,"[""PATIENT=leader"", ""AGENT=lawyer"", ""VERB=chas""]","Prime sentence: an actor chases an actress .
Event roles: PATIENT=leader; AGENT=lawyer; VERB=chas
Sentence: the",Sentence: the,first_noun,-5.361950874328613,-5.150390625,0.21156024932861328,passive,1.0
1895,role_labeled,passive,passive,an actress is chased by an actor .,a lawyer chases a leader .,a leader is chased by a lawyer .,a,lawyer,a,leader,chas,chases,chased,"[""PATIENT=leader"", ""AGENT=lawyer"", ""VERB=chas""]","Prime sentence: an actress is chased by an actor .
Event roles: PATIENT=leader; AGENT=lawyer; VERB=chas
Sentence: the",Sentence: the,first_noun,-5.2484941482543945,-5.5023651123046875,-0.25387096405029297,active,0.0
1895,role_labeled,no_prime_eos,no_prime_eos,,a lawyer chases a leader .,a leader is chased by a lawyer .,a,lawyer,a,leader,chas,chases,chased,"[""PATIENT=leader"", ""AGENT=lawyer"", ""VERB=chas""]","Event roles: PATIENT=leader; AGENT=lawyer; VERB=chas
Sentence: the",Sentence: the,first_noun,-5.401074409484863,-4.979866027832031,0.42120838165283203,passive,1.0
1895,role_labeled,filler,filler,The jacket hung behind the chair .,a lawyer chases a leader .,a leader is chased by a lawyer .,a,lawyer,a,leader,chas,chases,chased,"[""PATIENT=leader"", ""AGENT=lawyer"", ""VERB=chas""]","Prime sentence: The jacket hung behind the chair .
Event roles: PATIENT=leader; AGENT=lawyer; VERB=chas
Sentence: the",Sentence: the,first_noun,-5.031726360321045,-6.7587127685546875,-1.7269864082336426,active,0.0
1896,role_labeled,active,active,an employer asks a father .,a sheriff asks a singer .,a singer is asked by a sheriff .,a,sheriff,a,singer,ask,asks,asked,"[""PATIENT=singer"", ""VERB=ask"", ""AGENT=sheriff""]","Prime sentence: an employer asks a father .
Event roles: PATIENT=singer; VERB=ask; AGENT=sheriff
Sentence: the",Sentence: the,first_noun,-3.814584493637085,-5.509313583374023,-1.6947290897369385,active,0.0
1896,role_labeled,passive,passive,a father is asked by an employer .,a sheriff asks a singer .,a singer is asked by a sheriff .,a,sheriff,a,singer,ask,asks,asked,"[""PATIENT=singer"", ""VERB=ask"", ""AGENT=sheriff""]","Prime sentence: a father is asked by an employer .
Event roles: PATIENT=singer; VERB=ask; AGENT=sheriff
Sentence: the",Sentence: the,first_noun,-4.680886268615723,-5.909361839294434,-1.228475570678711,active,0.0
1896,role_labeled,no_prime_eos,no_prime_eos,,a sheriff asks a singer .,a singer is asked by a sheriff .,a,sheriff,a,singer,ask,asks,asked,"[""PATIENT=singer"", ""VERB=ask"", ""AGENT=sheriff""]","Event roles: PATIENT=singer; VERB=ask; AGENT=sheriff
Sentence: the",Sentence: the,first_noun,-6.366972923278809,-4.764706611633301,1.6022663116455078,passive,1.0
1896,role_labeled,filler,filler,The witness paused near the doorway .,a sheriff asks a singer .,a singer is asked by a sheriff .,a,sheriff,a,singer,ask,asks,asked,"[""PATIENT=singer"", ""VERB=ask"", ""AGENT=sheriff""]","Prime sentence: The witness paused near the doorway .
Event roles: PATIENT=singer; VERB=ask; AGENT=sheriff
Sentence: the",Sentence: the,first_noun,-4.350584030151367,-4.249986171722412,0.10059785842895508,passive,1.0
1897,role_labeled,active,active,a candidate kills a captain .,a partner kills a physician .,a physician is killed by a partner .,a,partner,a,physician,kill,kills,killed,"[""PATIENT=physician"", ""AGENT=partner"", ""VERB=kill""]","Prime sentence: a candidate kills a captain .
Event roles: PATIENT=physician; AGENT=partner; VERB=kill
Sentence: the",Sentence: the,first_noun,-7.2165117263793945,-4.986081123352051,2.2304306030273438,passive,1.0
1897,role_labeled,passive,passive,a captain is killed by a candidate .,a partner kills a physician .,a physician is killed by a partner .,a,partner,a,physician,kill,kills,killed,"[""PATIENT=physician"", ""AGENT=partner"", ""VERB=kill""]","Prime sentence: a captain is killed by a candidate .
Event roles: PATIENT=physician; AGENT=partner; VERB=kill
Sentence: the",Sentence: the,first_noun,-7.073631286621094,-4.81932258605957,2.2543087005615234,passive,1.0
1897,role_labeled,no_prime_eos,no_prime_eos,,a partner kills a physician .,a physician is killed by a partner .,a,partner,a,physician,kill,kills,killed,"[""PATIENT=physician"", ""AGENT=partner"", ""VERB=kill""]","Event roles: PATIENT=physician; AGENT=partner; VERB=kill
Sentence: the",Sentence: the,first_noun,-7.160759925842285,-3.939164876937866,3.221595048904419,passive,1.0
1897,role_labeled,filler,filler,The blanket dried on the line .,a partner kills a physician .,a physician is killed by a partner .,a,partner,a,physician,kill,kills,killed,"[""PATIENT=physician"", ""AGENT=partner"", ""VERB=kill""]","Prime sentence: The blanket dried on the line .
Event roles: PATIENT=physician; AGENT=partner; VERB=kill
Sentence: the",Sentence: the,first_noun,-8.088621139526367,-5.2564005851745605,2.8322205543518066,passive,1.0
1898,role_labeled,active,active,a physician judges a pilot .,a candidate judges a captain .,a captain is judged by a candidate .,a,candidate,a,captain,judg,judges,judged,"[""PATIENT=captain"", ""AGENT=candidate"", ""VERB=judg""]","Prime sentence: a physician judges a pilot .
Event roles: PATIENT=captain; AGENT=candidate; VERB=judg
Sentence: the",Sentence: the,first_noun,-5.843100547790527,-3.4081716537475586,2.4349288940429688,passive,1.0
1898,role_labeled,passive,passive,a pilot is judged by a physician .,a candidate judges a captain .,a captain is judged by a candidate .,a,candidate,a,captain,judg,judges,judged,"[""PATIENT=captain"", ""AGENT=candidate"", ""VERB=judg""]","Prime sentence: a pilot is judged by a physician .
Event roles: PATIENT=captain; AGENT=candidate; VERB=judg
Sentence: the",Sentence: the,first_noun,-5.715798854827881,-3.0946438312530518,2.621155023574829,passive,1.0
1898,role_labeled,no_prime_eos,no_prime_eos,,a candidate judges a captain .,a captain is judged by a candidate .,a,candidate,a,captain,judg,judges,judged,"[""PATIENT=captain"", ""AGENT=candidate"", ""VERB=judg""]","Event roles: PATIENT=captain; AGENT=candidate; VERB=judg
Sentence: the",Sentence: the,first_noun,-5.470795631408691,-3.750077247619629,1.7207183837890625,passive,1.0
1898,role_labeled,filler,filler,The signal flickered across the screen .,a candidate judges a captain .,a captain is judged by a candidate .,a,candidate,a,captain,judg,judges,judged,"[""PATIENT=captain"", ""AGENT=candidate"", ""VERB=judg""]","Prime sentence: The signal flickered across the screen .
Event roles: PATIENT=captain; AGENT=candidate; VERB=judg
Sentence: the",Sentence: the,first_noun,-6.719941139221191,-3.4026176929473877,3.3173234462738037,passive,1.0
1899,role_labeled,active,active,a girl forgives a guest .,a son forgives a student .,a student is forgiven by a son .,a,son,a,student,forgiv,forgives,forgiven,"[""PATIENT=student"", ""AGENT=son"", ""VERB=forgiv""]","Prime sentence: a girl forgives a guest .
Event roles: PATIENT=student; AGENT=son; VERB=forgiv
Sentence: the",Sentence: the,first_noun,-5.475153923034668,-4.235801696777344,1.2393522262573242,passive,1.0
1899,role_labeled,passive,passive,a guest is forgiven by a girl .,a son forgives a student .,a student is forgiven by a son .,a,son,a,student,forgiv,forgives,forgiven,"[""PATIENT=student"", ""AGENT=son"", ""VERB=forgiv""]","Prime sentence: a guest is forgiven by a girl .
Event roles: PATIENT=student; AGENT=son; VERB=forgiv
Sentence: the",Sentence: the,first_noun,-5.279258728027344,-3.81501841545105,1.464240312576294,passive,1.0
1899,role_labeled,no_prime_eos,no_prime_eos,,a son forgives a student .,a student is forgiven by a son .,a,son,a,student,forgiv,forgives,forgiven,"[""PATIENT=student"", ""AGENT=son"", ""VERB=forgiv""]","Event roles: PATIENT=student; AGENT=son; VERB=forgiv
Sentence: the",Sentence: the,first_noun,-4.137190818786621,-3.339812755584717,0.7973780632019043,passive,1.0
1899,role_labeled,filler,filler,The package arrived before noon .,a son forgives a student .,a student is forgiven by a son .,a,son,a,student,forgiv,forgives,forgiven,"[""PATIENT=student"", ""AGENT=son"", ""VERB=forgiv""]","Prime sentence: The package arrived before noon .
Event roles: PATIENT=student; AGENT=son; VERB=forgiv
Sentence: the",Sentence: the,first_noun,-5.007386207580566,-4.482142925262451,0.5252432823181152,passive,1.0
1900,role_labeled,active,active,a professor beats a reader .,a cop beats a cousin .,a cousin is beaten by a cop .,a,cop,a,cousin,beat,beats,beaten,"[""VERB=beat"", ""AGENT=cop"", ""PATIENT=cousin""]","Prime sentence: a professor beats a reader .
Event roles: VERB=beat; AGENT=cop; PATIENT=cousin
Sentence: the",Sentence: the,first_noun,-4.853410720825195,-8.771032333374023,-3.917621612548828,active,0.0
1900,role_labeled,passive,passive,a reader is beaten by a professor .,a cop beats a cousin .,a cousin is beaten by a cop .,a,cop,a,cousin,beat,beats,beaten,"[""VERB=beat"", ""AGENT=cop"", ""PATIENT=cousin""]","Prime sentence: a reader is beaten by a professor .
Event roles: VERB=beat; AGENT=cop; PATIENT=cousin
Sentence: the",Sentence: the,first_noun,-5.314675331115723,-9.202896118164062,-3.88822078704834,active,0.0
1900,role_labeled,no_prime_eos,no_prime_eos,,a cop beats a cousin .,a cousin is beaten by a cop .,a,cop,a,cousin,beat,beats,beaten,"[""VERB=beat"", ""AGENT=cop"", ""PATIENT=cousin""]","Event roles: VERB=beat; AGENT=cop; PATIENT=cousin
Sentence: the",Sentence: the,first_noun,-5.2117156982421875,-9.00632381439209,-3.7946081161499023,active,0.0
1900,role_labeled,filler,filler,The jacket hung behind the chair .,a cop beats a cousin .,a cousin is beaten by a cop .,a,cop,a,cousin,beat,beats,beaten,"[""VERB=beat"", ""AGENT=cop"", ""PATIENT=cousin""]","Prime sentence: The jacket hung behind the chair .
Event roles: VERB=beat; AGENT=cop; PATIENT=cousin
Sentence: the",Sentence: the,first_noun,-5.785048961639404,-8.676945686340332,-2.8918967247009277,active,0.0
1901,role_labeled,active,active,a pilot teaches a president .,a captain teaches a champion .,a champion is taught by a captain .,a,captain,a,champion,teach,teaches,taught,"[""VERB=teach"", ""AGENT=captain"", ""PATIENT=champion""]","Prime sentence: a pilot teaches a president .
Event roles: VERB=teach; AGENT=captain; PATIENT=champion
Sentence: the",Sentence: the,first_noun,-4.2378950119018555,-7.316915512084961,-3.0790205001831055,active,0.0
1901,role_labeled,passive,passive,a president is taught by a pilot .,a captain teaches a champion .,a champion is taught by a captain .,a,captain,a,champion,teach,teaches,taught,"[""VERB=teach"", ""AGENT=captain"", ""PATIENT=champion""]","Prime sentence: a president is taught by a pilot .
Event roles: VERB=teach; AGENT=captain; PATIENT=champion
Sentence: the",Sentence: the,first_noun,-4.670249938964844,-7.980536460876465,-3.310286521911621,active,0.0
1901,role_labeled,no_prime_eos,no_prime_eos,,a captain teaches a champion .,a champion is taught by a captain .,a,captain,a,champion,teach,teaches,taught,"[""VERB=teach"", ""AGENT=captain"", ""PATIENT=champion""]","Event roles: VERB=teach; AGENT=captain; PATIENT=champion
Sentence: the",Sentence: the,first_noun,-3.3252358436584473,-5.266535758972168,-1.9412999153137207,active,0.0
1901,role_labeled,filler,filler,The singer smiled after rehearsal .,a captain teaches a champion .,a champion is taught by a captain .,a,captain,a,champion,teach,teaches,taught,"[""VERB=teach"", ""AGENT=captain"", ""PATIENT=champion""]","Prime sentence: The singer smiled after rehearsal .
Event roles: VERB=teach; AGENT=captain; PATIENT=champion
Sentence: the",Sentence: the,first_noun,-4.318279266357422,-6.446253776550293,-2.127974510192871,active,0.0
1902,role_labeled,active,active,a girl hurts a guest .,a son hurts a student .,a student is hurt by a son .,a,son,a,student,hurt,hurts,hurt,"[""VERB=hurt"", ""PATIENT=student"", ""AGENT=son""]","Prime sentence: a girl hurts a guest .
Event roles: VERB=hurt; PATIENT=student; AGENT=son
Sentence: the",Sentence: the,first_noun,-5.426758766174316,-3.963200330734253,1.4635584354400635,passive,1.0
1902,role_labeled,passive,passive,a guest is hurt by a girl .,a son hurts a student .,a student is hurt by a son .,a,son,a,student,hurt,hurts,hurt,"[""VERB=hurt"", ""PATIENT=student"", ""AGENT=son""]","Prime sentence: a guest is hurt by a girl .
Event roles: VERB=hurt; PATIENT=student; AGENT=son
Sentence: the",Sentence: the,first_noun,-5.062763690948486,-3.4378910064697266,1.6248726844787598,passive,1.0
1902,role_labeled,no_prime_eos,no_prime_eos,,a son hurts a student .,a student is hurt by a son .,a,son,a,student,hurt,hurts,hurt,"[""VERB=hurt"", ""PATIENT=student"", ""AGENT=son""]","Event roles: VERB=hurt; PATIENT=student; AGENT=son
Sentence: the",Sentence: the,first_noun,-4.633807182312012,-3.2038862705230713,1.4299209117889404,passive,1.0
1902,role_labeled,filler,filler,The garden brightened after rain .,a son hurts a student .,a student is hurt by a son .,a,son,a,student,hurt,hurts,hurt,"[""VERB=hurt"", ""PATIENT=student"", ""AGENT=son""]","Prime sentence: The garden brightened after rain .
Event roles: VERB=hurt; PATIENT=student; AGENT=son
Sentence: the",Sentence: the,first_noun,-6.1167311668396,-5.447885513305664,0.6688456535339355,passive,1.0
1903,role_labeled,active,active,a partner surprises a physician .,a buddy surprises a candidate .,a candidate is surprised by a buddy .,a,buddy,a,candidate,surpris,surprises,surprised,"[""PATIENT=candidate"", ""VERB=surpris"", ""AGENT=buddy""]","Prime sentence: a partner surprises a physician .
Event roles: PATIENT=candidate; VERB=surpris; AGENT=buddy
Sentence: the",Sentence: the,first_noun,-8.381706237792969,-4.73953104019165,3.6421751976013184,passive,1.0
1903,role_labeled,passive,passive,a physician is surprised by a partner .,a buddy surprises a candidate .,a candidate is surprised by a buddy .,a,buddy,a,candidate,surpris,surprises,surprised,"[""PATIENT=candidate"", ""VERB=surpris"", ""AGENT=buddy""]","Prime sentence: a physician is surprised by a partner .
Event roles: PATIENT=candidate; VERB=surpris; AGENT=buddy
Sentence: the",Sentence: the,first_noun,-8.992829322814941,-4.890079498291016,4.102749824523926,passive,1.0
1903,role_labeled,no_prime_eos,no_prime_eos,,a buddy surprises a candidate .,a candidate is surprised by a buddy .,a,buddy,a,candidate,surpris,surprises,surprised,"[""PATIENT=candidate"", ""VERB=surpris"", ""AGENT=buddy""]","Event roles: PATIENT=candidate; VERB=surpris; AGENT=buddy
Sentence: the",Sentence: the,first_noun,-8.08155632019043,-4.394771575927734,3.6867847442626953,passive,1.0
1903,role_labeled,filler,filler,The kettle whistled in the kitchen .,a buddy surprises a candidate .,a candidate is surprised by a buddy .,a,buddy,a,candidate,surpris,surprises,surprised,"[""PATIENT=candidate"", ""VERB=surpris"", ""AGENT=buddy""]","Prime sentence: The kettle whistled in the kitchen .
Event roles: PATIENT=candidate; VERB=surpris; AGENT=buddy
Sentence: the",Sentence: the,first_noun,-10.192108154296875,-6.653026103973389,3.5390820503234863,passive,1.0
1904,role_labeled,active,active,a mother surprises a nurse .,an author surprises a bishop .,a bishop is surprised by an author .,an,author,a,bishop,surpris,surprises,surprised,"[""PATIENT=bishop"", ""VERB=surpris"", ""AGENT=author""]","Prime sentence: a mother surprises a nurse .
Event roles: PATIENT=bishop; VERB=surpris; AGENT=author
Sentence: the",Sentence: the,first_noun,-5.916558265686035,-3.8978724479675293,2.018685817718506,passive,1.0
1904,role_labeled,passive,passive,a nurse is surprised by a mother .,an author surprises a bishop .,a bishop is surprised by an author .,an,author,a,bishop,surpris,surprises,surprised,"[""PATIENT=bishop"", ""VERB=surpris"", ""AGENT=author""]","Prime sentence: a nurse is surprised by a mother .
Event roles: PATIENT=bishop; VERB=surpris; AGENT=author
Sentence: the",Sentence: the,first_noun,-5.684391975402832,-3.6966371536254883,1.9877548217773438,passive,1.0
1904,role_labeled,no_prime_eos,no_prime_eos,,an author surprises a bishop .,a bishop is surprised by an author .,an,author,a,bishop,surpris,surprises,surprised,"[""PATIENT=bishop"", ""VERB=surpris"", ""AGENT=author""]","Event roles: PATIENT=bishop; VERB=surpris; AGENT=author
Sentence: the",Sentence: the,first_noun,-4.932900428771973,-4.067455291748047,0.8654451370239258,passive,1.0
1904,role_labeled,filler,filler,The teacher listened during assembly .,an author surprises a bishop .,a bishop is surprised by an author .,an,author,a,bishop,surpris,surprises,surprised,"[""PATIENT=bishop"", ""VERB=surpris"", ""AGENT=author""]","Prime sentence: The teacher listened during assembly .
Event roles: PATIENT=bishop; VERB=surpris; AGENT=author
Sentence: the",Sentence: the,first_noun,-5.524140357971191,-2.840038537979126,2.6841018199920654,passive,1.0
1905,role_labeled,active,active,a champion kisses a chief .,a pilot kisses a president .,a president is kissed by a pilot .,a,pilot,a,president,kiss,kisses,kissed,"[""AGENT=pilot"", ""PATIENT=president"", ""VERB=kiss""]","Prime sentence: a champion kisses a chief .
Event roles: AGENT=pilot; PATIENT=president; VERB=kiss
Sentence: the",Sentence: the,first_noun,-4.1944169998168945,-3.702155351638794,0.4922616481781006,passive,1.0
1905,role_labeled,passive,passive,a chief is kissed by a champion .,a pilot kisses a president .,a president is kissed by a pilot .,a,pilot,a,president,kiss,kisses,kissed,"[""AGENT=pilot"", ""PATIENT=president"", ""VERB=kiss""]","Prime sentence: a chief is kissed by a champion .
Event roles: AGENT=pilot; PATIENT=president; VERB=kiss
Sentence: the",Sentence: the,first_noun,-4.119388580322266,-3.7330081462860107,0.3863804340362549,passive,1.0
1905,role_labeled,no_prime_eos,no_prime_eos,,a pilot kisses a president .,a president is kissed by a pilot .,a,pilot,a,president,kiss,kisses,kissed,"[""AGENT=pilot"", ""PATIENT=president"", ""VERB=kiss""]","Event roles: AGENT=pilot; PATIENT=president; VERB=kiss
Sentence: the",Sentence: the,first_noun,-2.9676780700683594,-3.696964740753174,-0.7292866706848145,active,0.0
1905,role_labeled,filler,filler,The tourist wandered through the plaza .,a pilot kisses a president .,a president is kissed by a pilot .,a,pilot,a,president,kiss,kisses,kissed,"[""AGENT=pilot"", ""PATIENT=president"", ""VERB=kiss""]","Prime sentence: The tourist wandered through the plaza .
Event roles: AGENT=pilot; PATIENT=president; VERB=kiss
Sentence: the",Sentence: the,first_noun,-3.912330389022827,-3.6159346103668213,0.29639577865600586,passive,1.0
1906,role_labeled,active,active,a guy understands a hero .,a teacher understands an uncle .,an uncle is understood by a teacher .,a,teacher,an,uncle,understand,understands,understood,"[""PATIENT=uncle"", ""AGENT=teacher"", ""VERB=understand""]","Prime sentence: a guy understands a hero .
Event roles: PATIENT=uncle; AGENT=teacher; VERB=understand
Sentence: the",Sentence: the,first_noun,-4.659746170043945,-7.335558891296387,-2.6758127212524414,active,0.0
1906,role_labeled,passive,passive,a hero is understood by a guy .,a teacher understands an uncle .,an uncle is understood by a teacher .,a,teacher,an,uncle,understand,understands,understood,"[""PATIENT=uncle"", ""AGENT=teacher"", ""VERB=understand""]","Prime sentence: a hero is understood by a guy .
Event roles: PATIENT=uncle; AGENT=teacher; VERB=understand
Sentence: the",Sentence: the,first_noun,-4.885051250457764,-6.987185478210449,-2.1021342277526855,active,0.0
1906,role_labeled,no_prime_eos,no_prime_eos,,a teacher understands an uncle .,an uncle is understood by a teacher .,a,teacher,an,uncle,understand,understands,understood,"[""PATIENT=uncle"", ""AGENT=teacher"", ""VERB=understand""]","Event roles: PATIENT=uncle; AGENT=teacher; VERB=understand
Sentence: the",Sentence: the,first_noun,-3.161691904067993,-7.399928092956543,-4.23823618888855,active,0.0
1906,role_labeled,filler,filler,The jacket hung behind the chair .,a teacher understands an uncle .,an uncle is understood by a teacher .,a,teacher,an,uncle,understand,understands,understood,"[""PATIENT=uncle"", ""AGENT=teacher"", ""VERB=understand""]","Prime sentence: The jacket hung behind the chair .
Event roles: PATIENT=uncle; AGENT=teacher; VERB=understand
Sentence: the",Sentence: the,first_noun,-4.02848482131958,-6.720582485198975,-2.6920976638793945,active,0.0
1907,role_labeled,active,active,a friend bothers a girl .,a soldier bothers a son .,a son is bothered by a soldier .,a,soldier,a,son,bother,bothers,bothered,"[""AGENT=soldier"", ""VERB=bother"", ""PATIENT=son""]","Prime sentence: a friend bothers a girl .
Event roles: AGENT=soldier; VERB=bother; PATIENT=son
Sentence: the",Sentence: the,first_noun,-3.688300848007202,-5.665567398071289,-1.977266550064087,active,0.0
1907,role_labeled,passive,passive,a girl is bothered by a friend .,a soldier bothers a son .,a son is bothered by a soldier .,a,soldier,a,son,bother,bothers,bothered,"[""AGENT=soldier"", ""VERB=bother"", ""PATIENT=son""]","Prime sentence: a girl is bothered by a friend .
Event roles: AGENT=soldier; VERB=bother; PATIENT=son
Sentence: the",Sentence: the,first_noun,-3.744478225708008,-5.819912910461426,-2.075434684753418,active,0.0
1907,role_labeled,no_prime_eos,no_prime_eos,,a soldier bothers a son .,a son is bothered by a soldier .,a,soldier,a,son,bother,bothers,bothered,"[""AGENT=soldier"", ""VERB=bother"", ""PATIENT=son""]","Event roles: AGENT=soldier; VERB=bother; PATIENT=son
Sentence: the",Sentence: the,first_noun,-3.347078323364258,-4.737054347991943,-1.3899760246276855,active,0.0
1907,role_labeled,filler,filler,The painter waited near the doorway .,a soldier bothers a son .,a son is bothered by a soldier .,a,soldier,a,son,bother,bothers,bothered,"[""AGENT=soldier"", ""VERB=bother"", ""PATIENT=son""]","Prime sentence: The painter waited near the doorway .
Event roles: AGENT=soldier; VERB=bother; PATIENT=son
Sentence: the",Sentence: the,first_noun,-2.8458447456359863,-5.454800605773926,-2.6089558601379395,active,0.0
1908,role_labeled,active,active,a guy selects a hero .,a teacher selects an uncle .,an uncle is selected by a teacher .,a,teacher,an,uncle,select,selects,selected,"[""VERB=select"", ""AGENT=teacher"", ""PATIENT=uncle""]","Prime sentence: a guy selects a hero .
Event roles: VERB=select; AGENT=teacher; PATIENT=uncle
Sentence: the",Sentence: the,first_noun,-3.144011974334717,-7.584939002990723,-4.440927028656006,active,0.0
1908,role_labeled,passive,passive,a hero is selected by a guy .,a teacher selects an uncle .,an uncle is selected by a teacher .,a,teacher,an,uncle,select,selects,selected,"[""VERB=select"", ""AGENT=teacher"", ""PATIENT=uncle""]","Prime sentence: a hero is selected by a guy .
Event roles: VERB=select; AGENT=teacher; PATIENT=uncle
Sentence: the",Sentence: the,first_noun,-3.3689024448394775,-7.145843505859375,-3.7769410610198975,active,0.0
1908,role_labeled,no_prime_eos,no_prime_eos,,a teacher selects an uncle .,an uncle is selected by a teacher .,a,teacher,an,uncle,select,selects,selected,"[""VERB=select"", ""AGENT=teacher"", ""PATIENT=uncle""]","Event roles: VERB=select; AGENT=teacher; PATIENT=uncle
Sentence: the",Sentence: the,first_noun,-3.4872050285339355,-7.563948154449463,-4.076743125915527,active,0.0
1908,role_labeled,filler,filler,The witness paused near the doorway .,a teacher selects an uncle .,an uncle is selected by a teacher .,a,teacher,an,uncle,select,selects,selected,"[""VERB=select"", ""AGENT=teacher"", ""PATIENT=uncle""]","Prime sentence: The witness paused near the doorway .
Event roles: VERB=select; AGENT=teacher; PATIENT=uncle
Sentence: the",Sentence: the,first_noun,-2.2790985107421875,-5.913172721862793,-3.6340742111206055,active,0.0
1909,role_labeled,active,active,a physician asks a pilot .,a candidate asks a captain .,a captain is asked by a candidate .,a,candidate,a,captain,ask,asks,asked,"[""AGENT=candidate"", ""VERB=ask"", ""PATIENT=captain""]","Prime sentence: a physician asks a pilot .
Event roles: AGENT=candidate; VERB=ask; PATIENT=captain
Sentence: the",Sentence: the,first_noun,-5.457403182983398,-3.0404791831970215,2.416923999786377,passive,1.0
1909,role_labeled,passive,passive,a pilot is asked by a physician .,a candidate asks a captain .,a captain is asked by a candidate .,a,candidate,a,captain,ask,asks,asked,"[""AGENT=candidate"", ""VERB=ask"", ""PATIENT=captain""]","Prime sentence: a pilot is asked by a physician .
Event roles: AGENT=candidate; VERB=ask; PATIENT=captain
Sentence: the",Sentence: the,first_noun,-5.2947869300842285,-3.4033164978027344,1.8914704322814941,passive,1.0
1909,role_labeled,no_prime_eos,no_prime_eos,,a candidate asks a captain .,a captain is asked by a candidate .,a,candidate,a,captain,ask,asks,asked,"[""AGENT=candidate"", ""VERB=ask"", ""PATIENT=captain""]","Event roles: AGENT=candidate; VERB=ask; PATIENT=captain
Sentence: the",Sentence: the,first_noun,-4.036711692810059,-3.353952407836914,0.6827592849731445,passive,1.0
1909,role_labeled,filler,filler,The jacket hung behind the chair .,a candidate asks a captain .,a captain is asked by a candidate .,a,candidate,a,captain,ask,asks,asked,"[""AGENT=candidate"", ""VERB=ask"", ""PATIENT=captain""]","Prime sentence: The jacket hung behind the chair .
Event roles: AGENT=candidate; VERB=ask; PATIENT=captain
Sentence: the",Sentence: the,first_noun,-5.898044586181641,-3.554058074951172,2.3439865112304688,passive,1.0
1910,role_labeled,active,active,a teacher carries an uncle .,a guest carries a guy .,a guy is carried by a guest .,a,guest,a,guy,carry,carries,carried,"[""VERB=carry"", ""PATIENT=guy"", ""AGENT=guest""]","Prime sentence: a teacher carries an uncle .
Event roles: VERB=carry; PATIENT=guy; AGENT=guest
Sentence: the",Sentence: the,first_noun,-6.254191875457764,-4.540168762207031,1.7140231132507324,passive,1.0
1910,role_labeled,passive,passive,an uncle is carried by a teacher .,a guest carries a guy .,a guy is carried by a guest .,a,guest,a,guy,carry,carries,carried,"[""VERB=carry"", ""PATIENT=guy"", ""AGENT=guest""]","Prime sentence: an uncle is carried by a teacher .
Event roles: VERB=carry; PATIENT=guy; AGENT=guest
Sentence: the",Sentence: the,first_noun,-6.256911277770996,-4.848223686218262,1.4086875915527344,passive,1.0
1910,role_labeled,no_prime_eos,no_prime_eos,,a guest carries a guy .,a guy is carried by a guest .,a,guest,a,guy,carry,carries,carried,"[""VERB=carry"", ""PATIENT=guy"", ""AGENT=guest""]","Event roles: VERB=carry; PATIENT=guy; AGENT=guest
Sentence: the",Sentence: the,first_noun,-5.197126865386963,-4.343492031097412,0.8536348342895508,passive,1.0
1910,role_labeled,filler,filler,The blanket dried on the line .,a guest carries a guy .,a guy is carried by a guest .,a,guest,a,guy,carry,carries,carried,"[""VERB=carry"", ""PATIENT=guy"", ""AGENT=guest""]","Prime sentence: The blanket dried on the line .
Event roles: VERB=carry; PATIENT=guy; AGENT=guest
Sentence: the",Sentence: the,first_noun,-7.187635898590088,-4.700997352600098,2.4866385459899902,passive,1.0
1911,role_labeled,active,active,a son surprises a student .,a friend surprises a girl .,a girl is surprised by a friend .,a,friend,a,girl,surpris,surprises,surprised,"[""AGENT=friend"", ""VERB=surpris"", ""PATIENT=girl""]","Prime sentence: a son surprises a student .
Event roles: AGENT=friend; VERB=surpris; PATIENT=girl
Sentence: the",Sentence: the,first_noun,-5.019443511962891,-3.348227024078369,1.6712164878845215,passive,1.0
1911,role_labeled,passive,passive,a student is surprised by a son .,a friend surprises a girl .,a girl is surprised by a friend .,a,friend,a,girl,surpris,surprises,surprised,"[""AGENT=friend"", ""VERB=surpris"", ""PATIENT=girl""]","Prime sentence: a student is surprised by a son .
Event roles: AGENT=friend; VERB=surpris; PATIENT=girl
Sentence: the",Sentence: the,first_noun,-4.391354560852051,-3.1804494857788086,1.2109050750732422,passive,1.0
1911,role_labeled,no_prime_eos,no_prime_eos,,a friend surprises a girl .,a girl is surprised by a friend .,a,friend,a,girl,surpris,surprises,surprised,"[""AGENT=friend"", ""VERB=surpris"", ""PATIENT=girl""]","Event roles: AGENT=friend; VERB=surpris; PATIENT=girl
Sentence: the",Sentence: the,first_noun,-4.690825462341309,-2.86684513092041,1.8239803314208984,passive,1.0
1911,role_labeled,filler,filler,The engine cooled before dawn .,a friend surprises a girl .,a girl is surprised by a friend .,a,friend,a,girl,surpris,surprises,surprised,"[""AGENT=friend"", ""VERB=surpris"", ""PATIENT=girl""]","Prime sentence: The engine cooled before dawn .
Event roles: AGENT=friend; VERB=surpris; PATIENT=girl
Sentence: the",Sentence: the,first_noun,-6.773342132568359,-4.117447853088379,2.6558942794799805,passive,1.0
1912,role_labeled,active,active,a cop catches a cousin .,a princess catches a professor .,a professor is caught by a princess .,a,princess,a,professor,catch,catches,caught,"[""VERB=catch"", ""PATIENT=professor"", ""AGENT=princess""]","Prime sentence: a cop catches a cousin .
Event roles: VERB=catch; PATIENT=professor; AGENT=princess
Sentence: the",Sentence: the,first_noun,-5.043539047241211,-3.829475164413452,1.2140638828277588,passive,1.0
1912,role_labeled,passive,passive,a cousin is caught by a cop .,a princess catches a professor .,a professor is caught by a princess .,a,princess,a,professor,catch,catches,caught,"[""VERB=catch"", ""PATIENT=professor"", ""AGENT=princess""]","Prime sentence: a cousin is caught by a cop .
Event roles: VERB=catch; PATIENT=professor; AGENT=princess
Sentence: the",Sentence: the,first_noun,-4.9208784103393555,-3.8007848262786865,1.120093584060669,passive,1.0
1912,role_labeled,no_prime_eos,no_prime_eos,,a princess catches a professor .,a professor is caught by a princess .,a,princess,a,professor,catch,catches,caught,"[""VERB=catch"", ""PATIENT=professor"", ""AGENT=princess""]","Event roles: VERB=catch; PATIENT=professor; AGENT=princess
Sentence: the",Sentence: the,first_noun,-5.140891075134277,-4.669397830963135,0.4714932441711426,passive,1.0
1912,role_labeled,filler,filler,The teacher listened during assembly .,a princess catches a professor .,a professor is caught by a princess .,a,princess,a,professor,catch,catches,caught,"[""VERB=catch"", ""PATIENT=professor"", ""AGENT=princess""]","Prime sentence: The teacher listened during assembly .
Event roles: VERB=catch; PATIENT=professor; AGENT=princess
Sentence: the",Sentence: the,first_noun,-4.416500091552734,-3.4242823123931885,0.9922177791595459,passive,1.0
1913,role_labeled,active,active,a lawyer drags a leader .,a writer drags an actor .,an actor is dragged by a writer .,a,writer,an,actor,drag,drags,dragged,"[""PATIENT=actor"", ""AGENT=writer"", ""VERB=drag""]","Prime sentence: a lawyer drags a leader .
Event roles: PATIENT=actor; AGENT=writer; VERB=drag
Sentence: the",Sentence: the,first_noun,-5.758054733276367,-4.037036895751953,1.721017837524414,passive,1.0
1913,role_labeled,passive,passive,a leader is dragged by a lawyer .,a writer drags an actor .,an actor is dragged by a writer .,a,writer,an,actor,drag,drags,dragged,"[""PATIENT=actor"", ""AGENT=writer"", ""VERB=drag""]","Prime sentence: a leader is dragged by a lawyer .
Event roles: PATIENT=actor; AGENT=writer; VERB=drag
Sentence: the",Sentence: the,first_noun,-6.165101051330566,-4.125683307647705,2.0394177436828613,passive,1.0
1913,role_labeled,no_prime_eos,no_prime_eos,,a writer drags an actor .,an actor is dragged by a writer .,a,writer,an,actor,drag,drags,dragged,"[""PATIENT=actor"", ""AGENT=writer"", ""VERB=drag""]","Event roles: PATIENT=actor; AGENT=writer; VERB=drag
Sentence: the",Sentence: the,first_noun,-5.745477199554443,-4.640294075012207,1.1051831245422363,passive,1.0
1913,role_labeled,filler,filler,The garden brightened after rain .,a writer drags an actor .,an actor is dragged by a writer .,a,writer,an,actor,drag,drags,dragged,"[""PATIENT=actor"", ""AGENT=writer"", ""VERB=drag""]","Prime sentence: The garden brightened after rain .
Event roles: PATIENT=actor; AGENT=writer; VERB=drag
Sentence: the",Sentence: the,first_noun,-8.458494186401367,-8.347485542297363,0.1110086441040039,passive,1.0
1914,role_labeled,active,active,a colonel chases a cop .,a prince chases a princess .,a princess is chased by a prince .,a,prince,a,princess,chas,chases,chased,"[""PATIENT=princess"", ""AGENT=prince"", ""VERB=chas""]","Prime sentence: a colonel chases a cop .
Event roles: PATIENT=princess; AGENT=prince; VERB=chas
Sentence: the",Sentence: the,first_noun,-3.8427281379699707,-4.501521110534668,-0.6587929725646973,active,0.0
1914,role_labeled,passive,passive,a cop is chased by a colonel .,a prince chases a princess .,a princess is chased by a prince .,a,prince,a,princess,chas,chases,chased,"[""PATIENT=princess"", ""AGENT=prince"", ""VERB=chas""]","Prime sentence: a cop is chased by a colonel .
Event roles: PATIENT=princess; AGENT=prince; VERB=chas
Sentence: the",Sentence: the,first_noun,-4.25396728515625,-4.762341499328613,-0.5083742141723633,active,0.0
1914,role_labeled,no_prime_eos,no_prime_eos,,a prince chases a princess .,a princess is chased by a prince .,a,prince,a,princess,chas,chases,chased,"[""PATIENT=princess"", ""AGENT=prince"", ""VERB=chas""]","Event roles: PATIENT=princess; AGENT=prince; VERB=chas
Sentence: the",Sentence: the,first_noun,-3.0876717567443848,-3.3826026916503906,-0.29493093490600586,active,0.0
1914,role_labeled,filler,filler,The singer smiled after rehearsal .,a prince chases a princess .,a princess is chased by a prince .,a,prince,a,princess,chas,chases,chased,"[""PATIENT=princess"", ""AGENT=prince"", ""VERB=chas""]","Prime sentence: The singer smiled after rehearsal .
Event roles: PATIENT=princess; AGENT=prince; VERB=chas
Sentence: the",Sentence: the,first_noun,-4.0352654457092285,-4.961699485778809,-0.9264340400695801,active,0.0
1915,role_labeled,active,active,a cop selects a cousin .,a princess selects a professor .,a professor is selected by a princess .,a,princess,a,professor,select,selects,selected,"[""VERB=select"", ""PATIENT=professor"", ""AGENT=princess""]","Prime sentence: a cop selects a cousin .
Event roles: VERB=select; PATIENT=professor; AGENT=princess
Sentence: the",Sentence: the,first_noun,-5.279602527618408,-3.8828721046447754,1.3967304229736328,passive,1.0
1915,role_labeled,passive,passive,a cousin is selected by a cop .,a princess selects a professor .,a professor is selected by a princess .,a,princess,a,professor,select,selects,selected,"[""VERB=select"", ""PATIENT=professor"", ""AGENT=princess""]","Prime sentence: a cousin is selected by a cop .
Event roles: VERB=select; PATIENT=professor; AGENT=princess
Sentence: the",Sentence: the,first_noun,-5.158093452453613,-4.116311550140381,1.0417819023132324,passive,1.0
1915,role_labeled,no_prime_eos,no_prime_eos,,a princess selects a professor .,a professor is selected by a princess .,a,princess,a,professor,select,selects,selected,"[""VERB=select"", ""PATIENT=professor"", ""AGENT=princess""]","Event roles: VERB=select; PATIENT=professor; AGENT=princess
Sentence: the",Sentence: the,first_noun,-5.289528846740723,-4.896518707275391,0.39301013946533203,passive,1.0
1915,role_labeled,filler,filler,The notebook stayed on the shelf .,a princess selects a professor .,a professor is selected by a princess .,a,princess,a,professor,select,selects,selected,"[""VERB=select"", ""PATIENT=professor"", ""AGENT=princess""]","Prime sentence: The notebook stayed on the shelf .
Event roles: VERB=select; PATIENT=professor; AGENT=princess
Sentence: the",Sentence: the,first_noun,-6.494860649108887,-4.571700096130371,1.9231605529785156,passive,1.0
1916,role_labeled,active,active,an employer judges a father .,a sheriff judges a singer .,a singer is judged by a sheriff .,a,sheriff,a,singer,judg,judges,judged,"[""AGENT=sheriff"", ""VERB=judg"", ""PATIENT=singer""]","Prime sentence: an employer judges a father .
Event roles: AGENT=sheriff; VERB=judg; PATIENT=singer
Sentence: the",Sentence: the,first_noun,-3.3823435306549072,-5.882852554321289,-2.500509023666382,active,0.0
1916,role_labeled,passive,passive,a father is judged by an employer .,a sheriff judges a singer .,a singer is judged by a sheriff .,a,sheriff,a,singer,judg,judges,judged,"[""AGENT=sheriff"", ""VERB=judg"", ""PATIENT=singer""]","Prime sentence: a father is judged by an employer .
Event roles: AGENT=sheriff; VERB=judg; PATIENT=singer
Sentence: the",Sentence: the,first_noun,-4.064480781555176,-6.4274582862854,-2.3629775047302246,active,0.0
1916,role_labeled,no_prime_eos,no_prime_eos,,a sheriff judges a singer .,a singer is judged by a sheriff .,a,sheriff,a,singer,judg,judges,judged,"[""AGENT=sheriff"", ""VERB=judg"", ""PATIENT=singer""]","Event roles: AGENT=sheriff; VERB=judg; PATIENT=singer
Sentence: the",Sentence: the,first_noun,-5.185434818267822,-5.656849384307861,-0.47141456604003906,active,0.0
1916,role_labeled,filler,filler,The planet shimmered above the valley .,a sheriff judges a singer .,a singer is judged by a sheriff .,a,sheriff,a,singer,judg,judges,judged,"[""AGENT=sheriff"", ""VERB=judg"", ""PATIENT=singer""]","Prime sentence: The planet shimmered above the valley .
Event roles: AGENT=sheriff; VERB=judg; PATIENT=singer
Sentence: the",Sentence: the,first_noun,-4.904535293579102,-6.680198669433594,-1.7756633758544922,active,0.0
1917,role_labeled,active,active,a wife carries a winner .,a hero carries a husband .,a husband is carried by a hero .,a,hero,a,husband,carry,carries,carried,"[""AGENT=hero"", ""PATIENT=husband"", ""VERB=carry""]","Prime sentence: a wife carries a winner .
Event roles: AGENT=hero; PATIENT=husband; VERB=carry
Sentence: the",Sentence: the,first_noun,-4.214612007141113,-3.7869741916656494,0.42763781547546387,passive,1.0
1917,role_labeled,passive,passive,a winner is carried by a wife .,a hero carries a husband .,a husband is carried by a hero .,a,hero,a,husband,carry,carries,carried,"[""AGENT=hero"", ""PATIENT=husband"", ""VERB=carry""]","Prime sentence: a winner is carried by a wife .
Event roles: AGENT=hero; PATIENT=husband; VERB=carry
Sentence: the",Sentence: the,first_noun,-4.1082916259765625,-4.39815616607666,-0.28986454010009766,active,0.0
1917,role_labeled,no_prime_eos,no_prime_eos,,a hero carries a husband .,a husband is carried by a hero .,a,hero,a,husband,carry,carries,carried,"[""AGENT=hero"", ""PATIENT=husband"", ""VERB=carry""]","Event roles: AGENT=hero; PATIENT=husband; VERB=carry
Sentence: the",Sentence: the,first_noun,-2.9560248851776123,-4.886882781982422,-1.9308578968048096,active,0.0
1917,role_labeled,filler,filler,The package arrived before noon .,a hero carries a husband .,a husband is carried by a hero .,a,hero,a,husband,carry,carries,carried,"[""AGENT=hero"", ""PATIENT=husband"", ""VERB=carry""]","Prime sentence: The package arrived before noon .
Event roles: AGENT=hero; PATIENT=husband; VERB=carry
Sentence: the",Sentence: the,first_noun,-5.970843315124512,-4.953117370605469,1.017725944519043,passive,1.0
1918,role_labeled,active,active,a candidate asks a captain .,a partner asks a physician .,a physician is asked by a partner .,a,partner,a,physician,ask,asks,asked,"[""VERB=ask"", ""PATIENT=physician"", ""AGENT=partner""]","Prime sentence: a candidate asks a captain .
Event roles: VERB=ask; PATIENT=physician; AGENT=partner
Sentence: the",Sentence: the,first_noun,-7.132270812988281,-5.514005184173584,1.6182656288146973,passive,1.0
1918,role_labeled,passive,passive,a captain is asked by a candidate .,a partner asks a physician .,a physician is asked by a partner .,a,partner,a,physician,ask,asks,asked,"[""VERB=ask"", ""PATIENT=physician"", ""AGENT=partner""]","Prime sentence: a captain is asked by a candidate .
Event roles: VERB=ask; PATIENT=physician; AGENT=partner
Sentence: the",Sentence: the,first_noun,-6.804080009460449,-5.250391006469727,1.5536890029907227,passive,1.0
1918,role_labeled,no_prime_eos,no_prime_eos,,a partner asks a physician .,a physician is asked by a partner .,a,partner,a,physician,ask,asks,asked,"[""VERB=ask"", ""PATIENT=physician"", ""AGENT=partner""]","Event roles: VERB=ask; PATIENT=physician; AGENT=partner
Sentence: the",Sentence: the,first_noun,-6.873171806335449,-3.7797107696533203,3.093461036682129,passive,1.0
1918,role_labeled,filler,filler,The violin echoed in the theater .,a partner asks a physician .,a physician is asked by a partner .,a,partner,a,physician,ask,asks,asked,"[""VERB=ask"", ""PATIENT=physician"", ""AGENT=partner""]","Prime sentence: The violin echoed in the theater .
Event roles: VERB=ask; PATIENT=physician; AGENT=partner
Sentence: the",Sentence: the,first_noun,-8.239054679870605,-5.892979621887207,2.3460750579833984,passive,1.0
1919,role_labeled,active,active,a man comforts a manager .,an actress comforts an adult .,an adult is comforted by an actress .,an,actress,an,adult,comfort,comforts,comforted,"[""VERB=comfort"", ""PATIENT=adult"", ""AGENT=actress""]","Prime sentence: a man comforts a manager .
Event roles: VERB=comfort; PATIENT=adult; AGENT=actress
Sentence: the",Sentence: the,first_noun,-6.8020453453063965,-7.367073059082031,-0.5650277137756348,active,0.0
1919,role_labeled,passive,passive,a manager is comforted by a man .,an actress comforts an adult .,an adult is comforted by an actress .,an,actress,an,adult,comfort,comforts,comforted,"[""VERB=comfort"", ""PATIENT=adult"", ""AGENT=actress""]","Prime sentence: a manager is comforted by a man .
Event roles: VERB=comfort; PATIENT=adult; AGENT=actress
Sentence: the",Sentence: the,first_noun,-7.326788902282715,-7.13443660736084,0.192352294921875,passive,1.0
1919,role_labeled,no_prime_eos,no_prime_eos,,an actress comforts an adult .,an adult is comforted by an actress .,an,actress,an,adult,comfort,comforts,comforted,"[""VERB=comfort"", ""PATIENT=adult"", ""AGENT=actress""]","Event roles: VERB=comfort; PATIENT=adult; AGENT=actress
Sentence: the",Sentence: the,first_noun,-6.426742076873779,-6.320278167724609,0.10646390914916992,passive,1.0
1919,role_labeled,filler,filler,The kettle whistled in the kitchen .,an actress comforts an adult .,an adult is comforted by an actress .,an,actress,an,adult,comfort,comforts,comforted,"[""VERB=comfort"", ""PATIENT=adult"", ""AGENT=actress""]","Prime sentence: The kettle whistled in the kitchen .
Event roles: VERB=comfort; PATIENT=adult; AGENT=actress
Sentence: the",Sentence: the,first_noun,-9.00839614868164,-8.66679859161377,0.3415975570678711,passive,1.0
1920,role_labeled,active,active,a husband helps a kid .,a wife helps a winner .,a winner is helped by a wife .,a,wife,a,winner,help,helps,helped,"[""VERB=help"", ""AGENT=wife"", ""PATIENT=winner""]","Prime sentence: a husband helps a kid .
Event roles: VERB=help; AGENT=wife; PATIENT=winner
Sentence: the",Sentence: the,first_noun,-3.0974981784820557,-6.557421684265137,-3.459923505783081,active,0.0
1920,role_labeled,passive,passive,a kid is helped by a husband .,a wife helps a winner .,a winner is helped by a wife .,a,wife,a,winner,help,helps,helped,"[""VERB=help"", ""AGENT=wife"", ""PATIENT=winner""]","Prime sentence: a kid is helped by a husband .
Event roles: VERB=help; AGENT=wife; PATIENT=winner
Sentence: the",Sentence: the,first_noun,-3.3787765502929688,-6.33664608001709,-2.957869529724121,active,0.0
1920,role_labeled,no_prime_eos,no_prime_eos,,a wife helps a winner .,a winner is helped by a wife .,a,wife,a,winner,help,helps,helped,"[""VERB=help"", ""AGENT=wife"", ""PATIENT=winner""]","Event roles: VERB=help; AGENT=wife; PATIENT=winner
Sentence: the",Sentence: the,first_noun,-3.8082919120788574,-5.1874237060546875,-1.37913179397583,active,0.0
1920,role_labeled,filler,filler,The signal flickered across the screen .,a wife helps a winner .,a winner is helped by a wife .,a,wife,a,winner,help,helps,helped,"[""VERB=help"", ""AGENT=wife"", ""PATIENT=winner""]","Prime sentence: The signal flickered across the screen .
Event roles: VERB=help; AGENT=wife; PATIENT=winner
Sentence: the",Sentence: the,first_noun,-5.046416282653809,-7.68126106262207,-2.6348447799682617,active,0.0
1921,role_labeled,active,active,a singer kills a soldier .,an employer kills a father .,a father is killed by an employer .,an,employer,a,father,kill,kills,killed,"[""VERB=kill"", ""PATIENT=father"", ""AGENT=employer""]","Prime sentence: a singer kills a soldier .
Event roles: VERB=kill; PATIENT=father; AGENT=employer
Sentence: the",Sentence: the,first_noun,-7.214707374572754,-4.266273498535156,2.9484338760375977,passive,1.0
1921,role_labeled,passive,passive,a soldier is killed by a singer .,an employer kills a father .,a father is killed by an employer .,an,employer,a,father,kill,kills,killed,"[""VERB=kill"", ""PATIENT=father"", ""AGENT=employer""]","Prime sentence: a soldier is killed by a singer .
Event roles: VERB=kill; PATIENT=father; AGENT=employer
Sentence: the",Sentence: the,first_noun,-7.049616813659668,-4.311006546020508,2.73861026763916,passive,1.0
1921,role_labeled,no_prime_eos,no_prime_eos,,an employer kills a father .,a father is killed by an employer .,an,employer,a,father,kill,kills,killed,"[""VERB=kill"", ""PATIENT=father"", ""AGENT=employer""]","Event roles: VERB=kill; PATIENT=father; AGENT=employer
Sentence: the",Sentence: the,first_noun,-5.843778610229492,-4.676612854003906,1.167165756225586,passive,1.0
1921,role_labeled,filler,filler,The jacket hung behind the chair .,an employer kills a father .,a father is killed by an employer .,an,employer,a,father,kill,kills,killed,"[""VERB=kill"", ""PATIENT=father"", ""AGENT=employer""]","Prime sentence: The jacket hung behind the chair .
Event roles: VERB=kill; PATIENT=father; AGENT=employer
Sentence: the",Sentence: the,first_noun,-8.162881851196289,-5.594265460968018,2.5686163902282715,passive,1.0
1922,role_labeled,active,active,an opponent judges a parent .,a boy judges a brother .,a brother is judged by a boy .,a,boy,a,brother,judg,judges,judged,"[""PATIENT=brother"", ""VERB=judg"", ""AGENT=boy""]","Prime sentence: an opponent judges a parent .
Event roles: PATIENT=brother; VERB=judg; AGENT=boy
Sentence: the",Sentence: the,first_noun,-2.8049228191375732,-4.470954895019531,-1.666032075881958,active,0.0
1922,role_labeled,passive,passive,a parent is judged by an opponent .,a boy judges a brother .,a brother is judged by a boy .,a,boy,a,brother,judg,judges,judged,"[""PATIENT=brother"", ""VERB=judg"", ""AGENT=boy""]","Prime sentence: a parent is judged by an opponent .
Event roles: PATIENT=brother; VERB=judg; AGENT=boy
Sentence: the",Sentence: the,first_noun,-3.541761636734009,-5.15671443939209,-1.614952802658081,active,0.0
1922,role_labeled,no_prime_eos,no_prime_eos,,a boy judges a brother .,a brother is judged by a boy .,a,boy,a,brother,judg,judges,judged,"[""PATIENT=brother"", ""VERB=judg"", ""AGENT=boy""]","Event roles: PATIENT=brother; VERB=judg; AGENT=boy
Sentence: the",Sentence: the,first_noun,-3.3256676197052,-5.217351913452148,-1.8916842937469482,active,0.0
1922,role_labeled,filler,filler,The radio crackled in the attic .,a boy judges a brother .,a brother is judged by a boy .,a,boy,a,brother,judg,judges,judged,"[""PATIENT=brother"", ""VERB=judg"", ""AGENT=boy""]","Prime sentence: The radio crackled in the attic .
Event roles: PATIENT=brother; VERB=judg; AGENT=boy
Sentence: the",Sentence: the,first_noun,-3.4636340141296387,-6.403728008270264,-2.940093994140625,active,0.0
1923,role_labeled,active,active,an author follows a bishop .,a minister follows a mother .,a mother is followed by a minister .,a,minister,a,mother,follow,follows,followed,"[""PATIENT=mother"", ""AGENT=minister"", ""VERB=follow""]","Prime sentence: an author follows a bishop .
Event roles: PATIENT=mother; AGENT=minister; VERB=follow
Sentence: the",Sentence: the,first_noun,-4.96610164642334,-4.289789199829102,0.6763124465942383,passive,1.0
1923,role_labeled,passive,passive,a bishop is followed by an author .,a minister follows a mother .,a mother is followed by a minister .,a,minister,a,mother,follow,follows,followed,"[""PATIENT=mother"", ""AGENT=minister"", ""VERB=follow""]","Prime sentence: a bishop is followed by an author .
Event roles: PATIENT=mother; AGENT=minister; VERB=follow
Sentence: the",Sentence: the,first_noun,-4.888452529907227,-4.226576805114746,0.6618757247924805,passive,1.0
1923,role_labeled,no_prime_eos,no_prime_eos,,a minister follows a mother .,a mother is followed by a minister .,a,minister,a,mother,follow,follows,followed,"[""PATIENT=mother"", ""AGENT=minister"", ""VERB=follow""]","Event roles: PATIENT=mother; AGENT=minister; VERB=follow
Sentence: the",Sentence: the,first_noun,-4.392894744873047,-3.8062734603881836,0.5866212844848633,passive,1.0
1923,role_labeled,filler,filler,The baker laughed during breakfast .,a minister follows a mother .,a mother is followed by a minister .,a,minister,a,mother,follow,follows,followed,"[""PATIENT=mother"", ""AGENT=minister"", ""VERB=follow""]","Prime sentence: The baker laughed during breakfast .
Event roles: PATIENT=mother; AGENT=minister; VERB=follow
Sentence: the",Sentence: the,first_noun,-4.681864261627197,-3.7013463973999023,0.9805178642272949,passive,1.0
1924,role_labeled,active,active,a minister joins a mother .,an aunt joins an author .,an author is joined by an aunt .,an,aunt,an,author,join,joins,joined,"[""VERB=join"", ""PATIENT=author"", ""AGENT=aunt""]","Prime sentence: a minister joins a mother .
Event roles: VERB=join; PATIENT=author; AGENT=aunt
Sentence: the",Sentence: the,first_noun,-6.050380229949951,-5.984366416931152,0.06601381301879883,passive,1.0
1924,role_labeled,passive,passive,a mother is joined by a minister .,an aunt joins an author .,an author is joined by an aunt .,an,aunt,an,author,join,joins,joined,"[""VERB=join"", ""PATIENT=author"", ""AGENT=aunt""]","Prime sentence: a mother is joined by a minister .
Event roles: VERB=join; PATIENT=author; AGENT=aunt
Sentence: the",Sentence: the,first_noun,-6.502412796020508,-6.1794514656066895,0.32296133041381836,passive,1.0
1924,role_labeled,no_prime_eos,no_prime_eos,,an aunt joins an author .,an author is joined by an aunt .,an,aunt,an,author,join,joins,joined,"[""VERB=join"", ""PATIENT=author"", ""AGENT=aunt""]","Event roles: VERB=join; PATIENT=author; AGENT=aunt
Sentence: the",Sentence: the,first_noun,-8.238008499145508,-4.867344379425049,3.370664119720459,passive,1.0
1924,role_labeled,filler,filler,The window rattled during the storm .,an aunt joins an author .,an author is joined by an aunt .,an,aunt,an,author,join,joins,joined,"[""VERB=join"", ""PATIENT=author"", ""AGENT=aunt""]","Prime sentence: The window rattled during the storm .
Event roles: VERB=join; PATIENT=author; AGENT=aunt
Sentence: the",Sentence: the,first_noun,-8.844892501831055,-8.951702117919922,-0.10680961608886719,active,0.0
1925,role_labeled,active,active,a winner embraces a woman .,a husband embraces a kid .,a kid is embraced by a husband .,a,husband,a,kid,embrac,embraces,embraced,"[""VERB=embrac"", ""AGENT=husband"", ""PATIENT=kid""]","Prime sentence: a winner embraces a woman .
Event roles: VERB=embrac; AGENT=husband; PATIENT=kid
Sentence: the",Sentence: the,first_noun,-4.242079257965088,-6.32620906829834,-2.084129810333252,active,0.0
1925,role_labeled,passive,passive,a woman is embraced by a winner .,a husband embraces a kid .,a kid is embraced by a husband .,a,husband,a,kid,embrac,embraces,embraced,"[""VERB=embrac"", ""AGENT=husband"", ""PATIENT=kid""]","Prime sentence: a woman is embraced by a winner .
Event roles: VERB=embrac; AGENT=husband; PATIENT=kid
Sentence: the",Sentence: the,first_noun,-4.158167362213135,-6.5721588134765625,-2.4139914512634277,active,0.0
1925,role_labeled,no_prime_eos,no_prime_eos,,a husband embraces a kid .,a kid is embraced by a husband .,a,husband,a,kid,embrac,embraces,embraced,"[""VERB=embrac"", ""AGENT=husband"", ""PATIENT=kid""]","Event roles: VERB=embrac; AGENT=husband; PATIENT=kid
Sentence: the",Sentence: the,first_noun,-3.8474392890930176,-6.130436897277832,-2.2829976081848145,active,0.0
1925,role_labeled,filler,filler,The radio crackled in the attic .,a husband embraces a kid .,a kid is embraced by a husband .,a,husband,a,kid,embrac,embraces,embraced,"[""VERB=embrac"", ""AGENT=husband"", ""PATIENT=kid""]","Prime sentence: The radio crackled in the attic .
Event roles: VERB=embrac; AGENT=husband; PATIENT=kid
Sentence: the",Sentence: the,first_noun,-5.382530212402344,-5.99834680557251,-0.615816593170166,active,0.0
1926,role_labeled,active,active,a bishop chases a boy .,a mother chases a nurse .,a nurse is chased by a mother .,a,mother,a,nurse,chas,chases,chased,"[""VERB=chas"", ""AGENT=mother"", ""PATIENT=nurse""]","Prime sentence: a bishop chases a boy .
Event roles: VERB=chas; AGENT=mother; PATIENT=nurse
Sentence: the",Sentence: the,first_noun,-4.052989959716797,-4.9742608070373535,-0.9212708473205566,active,0.0
1926,role_labeled,passive,passive,a boy is chased by a bishop .,a mother chases a nurse .,a nurse is chased by a mother .,a,mother,a,nurse,chas,chases,chased,"[""VERB=chas"", ""AGENT=mother"", ""PATIENT=nurse""]","Prime sentence: a boy is chased by a bishop .
Event roles: VERB=chas; AGENT=mother; PATIENT=nurse
Sentence: the",Sentence: the,first_noun,-4.46722936630249,-5.117044448852539,-0.6498150825500488,active,0.0
1926,role_labeled,no_prime_eos,no_prime_eos,,a mother chases a nurse .,a nurse is chased by a mother .,a,mother,a,nurse,chas,chases,chased,"[""VERB=chas"", ""AGENT=mother"", ""PATIENT=nurse""]","Event roles: VERB=chas; AGENT=mother; PATIENT=nurse
Sentence: the",Sentence: the,first_noun,-4.064490795135498,-4.425458908081055,-0.36096811294555664,active,0.0
1926,role_labeled,filler,filler,The lantern glowed near sunset .,a mother chases a nurse .,a nurse is chased by a mother .,a,mother,a,nurse,chas,chases,chased,"[""VERB=chas"", ""AGENT=mother"", ""PATIENT=nurse""]","Prime sentence: The lantern glowed near sunset .
Event roles: VERB=chas; AGENT=mother; PATIENT=nurse
Sentence: the",Sentence: the,first_noun,-4.956397533416748,-5.993551254272461,-1.037153720855713,active,0.0
1927,role_labeled,active,active,an uncle punches a wife .,a guy punches a hero .,a hero is punched by a guy .,a,guy,a,hero,punch,punches,punched,"[""PATIENT=hero"", ""AGENT=guy"", ""VERB=punch""]","Prime sentence: an uncle punches a wife .
Event roles: PATIENT=hero; AGENT=guy; VERB=punch
Sentence: the",Sentence: the,first_noun,-3.9392130374908447,-4.8088836669921875,-0.8696706295013428,active,0.0
1927,role_labeled,passive,passive,a wife is punched by an uncle .,a guy punches a hero .,a hero is punched by a guy .,a,guy,a,hero,punch,punches,punched,"[""PATIENT=hero"", ""AGENT=guy"", ""VERB=punch""]","Prime sentence: a wife is punched by an uncle .
Event roles: PATIENT=hero; AGENT=guy; VERB=punch
Sentence: the",Sentence: the,first_noun,-4.476316928863525,-5.000280380249023,-0.523963451385498,active,0.0
1927,role_labeled,no_prime_eos,no_prime_eos,,a guy punches a hero .,a hero is punched by a guy .,a,guy,a,hero,punch,punches,punched,"[""PATIENT=hero"", ""AGENT=guy"", ""VERB=punch""]","Event roles: PATIENT=hero; AGENT=guy; VERB=punch
Sentence: the",Sentence: the,first_noun,-3.735807418823242,-3.384787082672119,0.35102033615112305,passive,1.0
1927,role_labeled,filler,filler,The captain waited beside the harbor .,a guy punches a hero .,a hero is punched by a guy .,a,guy,a,hero,punch,punches,punched,"[""PATIENT=hero"", ""AGENT=guy"", ""VERB=punch""]","Prime sentence: The captain waited beside the harbor .
Event roles: PATIENT=hero; AGENT=guy; VERB=punch
Sentence: the",Sentence: the,first_noun,-5.344874382019043,-5.365021705627441,-0.020147323608398438,active,0.0
1928,role_labeled,active,active,an aunt drags an author .,a mayor drags a minister .,a minister is dragged by a mayor .,a,mayor,a,minister,drag,drags,dragged,"[""VERB=drag"", ""AGENT=mayor"", ""PATIENT=minister""]","Prime sentence: an aunt drags an author .
Event roles: VERB=drag; AGENT=mayor; PATIENT=minister
Sentence: the",Sentence: the,first_noun,-2.680830955505371,-4.598837852478027,-1.9180068969726562,active,0.0
1928,role_labeled,passive,passive,an author is dragged by an aunt .,a mayor drags a minister .,a minister is dragged by a mayor .,a,mayor,a,minister,drag,drags,dragged,"[""VERB=drag"", ""AGENT=mayor"", ""PATIENT=minister""]","Prime sentence: an author is dragged by an aunt .
Event roles: VERB=drag; AGENT=mayor; PATIENT=minister
Sentence: the",Sentence: the,first_noun,-2.677011251449585,-4.919963836669922,-2.242952585220337,active,0.0
1928,role_labeled,no_prime_eos,no_prime_eos,,a mayor drags a minister .,a minister is dragged by a mayor .,a,mayor,a,minister,drag,drags,dragged,"[""VERB=drag"", ""AGENT=mayor"", ""PATIENT=minister""]","Event roles: VERB=drag; AGENT=mayor; PATIENT=minister
Sentence: the",Sentence: the,first_noun,-3.042656421661377,-4.639843940734863,-1.5971875190734863,active,0.0
1928,role_labeled,filler,filler,The kettle whistled in the kitchen .,a mayor drags a minister .,a minister is dragged by a mayor .,a,mayor,a,minister,drag,drags,dragged,"[""VERB=drag"", ""AGENT=mayor"", ""PATIENT=minister""]","Prime sentence: The kettle whistled in the kitchen .
Event roles: VERB=drag; AGENT=mayor; PATIENT=minister
Sentence: the",Sentence: the,first_noun,-4.317398548126221,-6.243271350860596,-1.925872802734375,active,0.0
1929,role_labeled,active,active,a kid judges a king .,a winner judges a woman .,a woman is judged by a winner .,a,winner,a,woman,judg,judges,judged,"[""PATIENT=woman"", ""VERB=judg"", ""AGENT=winner""]","Prime sentence: a kid judges a king .
Event roles: PATIENT=woman; VERB=judg; AGENT=winner
Sentence: the",Sentence: the,first_noun,-6.224679946899414,-4.172257423400879,2.052422523498535,passive,1.0
1929,role_labeled,passive,passive,a king is judged by a kid .,a winner judges a woman .,a woman is judged by a winner .,a,winner,a,woman,judg,judges,judged,"[""PATIENT=woman"", ""VERB=judg"", ""AGENT=winner""]","Prime sentence: a king is judged by a kid .
Event roles: PATIENT=woman; VERB=judg; AGENT=winner
Sentence: the",Sentence: the,first_noun,-6.5954694747924805,-4.617236137390137,1.9782333374023438,passive,1.0
1929,role_labeled,no_prime_eos,no_prime_eos,,a winner judges a woman .,a woman is judged by a winner .,a,winner,a,woman,judg,judges,judged,"[""PATIENT=woman"", ""VERB=judg"", ""AGENT=winner""]","Event roles: PATIENT=woman; VERB=judg; AGENT=winner
Sentence: the",Sentence: the,first_noun,-4.073807239532471,-2.8547847270965576,1.219022512435913,passive,1.0
1929,role_labeled,filler,filler,The painter waited near the doorway .,a winner judges a woman .,a woman is judged by a winner .,a,winner,a,woman,judg,judges,judged,"[""PATIENT=woman"", ""VERB=judg"", ""AGENT=winner""]","Prime sentence: The painter waited near the doorway .
Event roles: PATIENT=woman; VERB=judg; AGENT=winner
Sentence: the",Sentence: the,first_noun,-7.254400253295898,-2.761115789413452,4.493284463882446,passive,1.0
1930,role_labeled,active,active,an opponent embraces a parent .,a boy embraces a brother .,a brother is embraced by a boy .,a,boy,a,brother,embrac,embraces,embraced,"[""AGENT=boy"", ""VERB=embrac"", ""PATIENT=brother""]","Prime sentence: an opponent embraces a parent .
Event roles: AGENT=boy; VERB=embrac; PATIENT=brother
Sentence: the",Sentence: the,first_noun,-3.287001609802246,-5.884897232055664,-2.597895622253418,active,0.0
1930,role_labeled,passive,passive,a parent is embraced by an opponent .,a boy embraces a brother .,a brother is embraced by a boy .,a,boy,a,brother,embrac,embraces,embraced,"[""AGENT=boy"", ""VERB=embrac"", ""PATIENT=brother""]","Prime sentence: a parent is embraced by an opponent .
Event roles: AGENT=boy; VERB=embrac; PATIENT=brother
Sentence: the",Sentence: the,first_noun,-3.304096221923828,-6.081704139709473,-2.7776079177856445,active,0.0
1930,role_labeled,no_prime_eos,no_prime_eos,,a boy embraces a brother .,a brother is embraced by a boy .,a,boy,a,brother,embrac,embraces,embraced,"[""AGENT=boy"", ""VERB=embrac"", ""PATIENT=brother""]","Event roles: AGENT=boy; VERB=embrac; PATIENT=brother
Sentence: the",Sentence: the,first_noun,-2.7786951065063477,-5.8541460037231445,-3.075450897216797,active,0.0
1930,role_labeled,filler,filler,The garden brightened after rain .,a boy embraces a brother .,a brother is embraced by a boy .,a,boy,a,brother,embrac,embraces,embraced,"[""AGENT=boy"", ""VERB=embrac"", ""PATIENT=brother""]","Prime sentence: The garden brightened after rain .
Event roles: AGENT=boy; VERB=embrac; PATIENT=brother
Sentence: the",Sentence: the,first_noun,-4.215949058532715,-7.763376235961914,-3.547427177429199,active,0.0
1931,role_labeled,active,active,a secretary describes a sheriff .,a doctor describes an employee .,an employee is described by a doctor .,a,doctor,an,employee,describ,describes,described,"[""PATIENT=employee"", ""AGENT=doctor"", ""VERB=describ""]","Prime sentence: a secretary describes a sheriff .
Event roles: PATIENT=employee; AGENT=doctor; VERB=describ
Sentence: the",Sentence: the,first_noun,-3.037060022354126,-4.552359580993652,-1.5152995586395264,active,0.0
1931,role_labeled,passive,passive,a sheriff is described by a secretary .,a doctor describes an employee .,an employee is described by a doctor .,a,doctor,an,employee,describ,describes,described,"[""PATIENT=employee"", ""AGENT=doctor"", ""VERB=describ""]","Prime sentence: a sheriff is described by a secretary .
Event roles: PATIENT=employee; AGENT=doctor; VERB=describ
Sentence: the",Sentence: the,first_noun,-3.0940349102020264,-4.386894226074219,-1.2928593158721924,active,0.0
1931,role_labeled,no_prime_eos,no_prime_eos,,a doctor describes an employee .,an employee is described by a doctor .,a,doctor,an,employee,describ,describes,described,"[""PATIENT=employee"", ""AGENT=doctor"", ""VERB=describ""]","Event roles: PATIENT=employee; AGENT=doctor; VERB=describ
Sentence: the",Sentence: the,first_noun,-2.845985174179077,-4.730136394500732,-1.8841512203216553,active,0.0
1931,role_labeled,filler,filler,The painter waited near the doorway .,a doctor describes an employee .,an employee is described by a doctor .,a,doctor,an,employee,describ,describes,described,"[""PATIENT=employee"", ""AGENT=doctor"", ""VERB=describ""]","Prime sentence: The painter waited near the doorway .
Event roles: PATIENT=employee; AGENT=doctor; VERB=describ
Sentence: the",Sentence: the,first_noun,-3.060323476791382,-5.664585113525391,-2.604261636734009,active,0.0
1932,role_labeled,active,active,a sheriff forgives a singer .,an employee forgives an employer .,an employer is forgiven by an employee .,an,employee,an,employer,forgiv,forgives,forgiven,"[""AGENT=employee"", ""PATIENT=employer"", ""VERB=forgiv""]","Prime sentence: a sheriff forgives a singer .
Event roles: AGENT=employee; PATIENT=employer; VERB=forgiv
Sentence: the",Sentence: the,first_noun,-4.666718482971191,-5.382930755615234,-0.716212272644043,active,0.0
1932,role_labeled,passive,passive,a singer is forgiven by a sheriff .,an employee forgives an employer .,an employer is forgiven by an employee .,an,employee,an,employer,forgiv,forgives,forgiven,"[""AGENT=employee"", ""PATIENT=employer"", ""VERB=forgiv""]","Prime sentence: a singer is forgiven by a sheriff .
Event roles: AGENT=employee; PATIENT=employer; VERB=forgiv
Sentence: the",Sentence: the,first_noun,-5.002930641174316,-5.6287360191345215,-0.6258053779602051,active,0.0
1932,role_labeled,no_prime_eos,no_prime_eos,,an employee forgives an employer .,an employer is forgiven by an employee .,an,employee,an,employer,forgiv,forgives,forgiven,"[""AGENT=employee"", ""PATIENT=employer"", ""VERB=forgiv""]","Event roles: AGENT=employee; PATIENT=employer; VERB=forgiv
Sentence: the",Sentence: the,first_noun,-3.452420711517334,-5.02051305770874,-1.5680923461914062,active,0.0
1932,role_labeled,filler,filler,The window rattled during the storm .,an employee forgives an employer .,an employer is forgiven by an employee .,an,employee,an,employer,forgiv,forgives,forgiven,"[""AGENT=employee"", ""PATIENT=employer"", ""VERB=forgiv""]","Prime sentence: The window rattled during the storm .
Event roles: AGENT=employee; PATIENT=employer; VERB=forgiv
Sentence: the",Sentence: the,first_noun,-6.616476535797119,-8.554098129272461,-1.9376215934753418,active,0.0
1933,role_labeled,active,active,a doctor grabs an employee .,a scientist grabs a secretary .,a secretary is grabbed by a scientist .,a,scientist,a,secretary,grab,grabs,grabbed,"[""PATIENT=secretary"", ""AGENT=scientist"", ""VERB=grab""]","Prime sentence: a doctor grabs an employee .
Event roles: PATIENT=secretary; AGENT=scientist; VERB=grab
Sentence: the",Sentence: the,first_noun,-3.2873077392578125,-3.8637664318084717,-0.5764586925506592,active,0.0
1933,role_labeled,passive,passive,an employee is grabbed by a doctor .,a scientist grabs a secretary .,a secretary is grabbed by a scientist .,a,scientist,a,secretary,grab,grabs,grabbed,"[""PATIENT=secretary"", ""AGENT=scientist"", ""VERB=grab""]","Prime sentence: an employee is grabbed by a doctor .
Event roles: PATIENT=secretary; AGENT=scientist; VERB=grab
Sentence: the",Sentence: the,first_noun,-3.7400169372558594,-4.498544692993164,-0.7585277557373047,active,0.0
1933,role_labeled,no_prime_eos,no_prime_eos,,a scientist grabs a secretary .,a secretary is grabbed by a scientist .,a,scientist,a,secretary,grab,grabs,grabbed,"[""PATIENT=secretary"", ""AGENT=scientist"", ""VERB=grab""]","Event roles: PATIENT=secretary; AGENT=scientist; VERB=grab
Sentence: the",Sentence: the,first_noun,-4.0544047355651855,-6.742398738861084,-2.6879940032958984,active,0.0
1933,role_labeled,filler,filler,The garden brightened after rain .,a scientist grabs a secretary .,a secretary is grabbed by a scientist .,a,scientist,a,secretary,grab,grabs,grabbed,"[""PATIENT=secretary"", ""AGENT=scientist"", ""VERB=grab""]","Prime sentence: The garden brightened after rain .
Event roles: PATIENT=secretary; AGENT=scientist; VERB=grab
Sentence: the",Sentence: the,first_noun,-6.499931812286377,-8.07801342010498,-1.5780816078186035,active,0.0
1934,role_labeled,active,active,a hero strikes a husband .,an uncle strikes a wife .,a wife is struck by an uncle .,an,uncle,a,wife,strik,strikes,struck,"[""PATIENT=wife"", ""AGENT=uncle"", ""VERB=strik""]","Prime sentence: a hero strikes a husband .
Event roles: PATIENT=wife; AGENT=uncle; VERB=strik
Sentence: the",Sentence: the,first_noun,-6.701715469360352,-3.4415855407714844,3.260129928588867,passive,1.0
1934,role_labeled,passive,passive,a husband is struck by a hero .,an uncle strikes a wife .,a wife is struck by an uncle .,an,uncle,a,wife,strik,strikes,struck,"[""PATIENT=wife"", ""AGENT=uncle"", ""VERB=strik""]","Prime sentence: a husband is struck by a hero .
Event roles: PATIENT=wife; AGENT=uncle; VERB=strik
Sentence: the",Sentence: the,first_noun,-6.263376235961914,-3.328249216079712,2.935127019882202,passive,1.0
1934,role_labeled,no_prime_eos,no_prime_eos,,an uncle strikes a wife .,a wife is struck by an uncle .,an,uncle,a,wife,strik,strikes,struck,"[""PATIENT=wife"", ""AGENT=uncle"", ""VERB=strik""]","Event roles: PATIENT=wife; AGENT=uncle; VERB=strik
Sentence: the",Sentence: the,first_noun,-6.906129360198975,-3.766218662261963,3.1399106979370117,passive,1.0
1934,role_labeled,filler,filler,The notebook stayed on the shelf .,an uncle strikes a wife .,a wife is struck by an uncle .,an,uncle,a,wife,strik,strikes,struck,"[""PATIENT=wife"", ""AGENT=uncle"", ""VERB=strik""]","Prime sentence: The notebook stayed on the shelf .
Event roles: PATIENT=wife; AGENT=uncle; VERB=strik
Sentence: the",Sentence: the,first_noun,-6.4302520751953125,-4.072208404541016,2.358043670654297,passive,1.0
1935,role_labeled,active,active,an author comforts a bishop .,a minister comforts a mother .,a mother is comforted by a minister .,a,minister,a,mother,comfort,comforts,comforted,"[""PATIENT=mother"", ""VERB=comfort"", ""AGENT=minister""]","Prime sentence: an author comforts a bishop .
Event roles: PATIENT=mother; VERB=comfort; AGENT=minister
Sentence: the",Sentence: the,first_noun,-5.044984340667725,-4.613093376159668,0.43189096450805664,passive,1.0
1935,role_labeled,passive,passive,a bishop is comforted by an author .,a minister comforts a mother .,a mother is comforted by a minister .,a,minister,a,mother,comfort,comforts,comforted,"[""PATIENT=mother"", ""VERB=comfort"", ""AGENT=minister""]","Prime sentence: a bishop is comforted by an author .
Event roles: PATIENT=mother; VERB=comfort; AGENT=minister
Sentence: the",Sentence: the,first_noun,-4.88625955581665,-4.4017229080200195,0.48453664779663086,passive,1.0
1935,role_labeled,no_prime_eos,no_prime_eos,,a minister comforts a mother .,a mother is comforted by a minister .,a,minister,a,mother,comfort,comforts,comforted,"[""PATIENT=mother"", ""VERB=comfort"", ""AGENT=minister""]","Event roles: PATIENT=mother; VERB=comfort; AGENT=minister
Sentence: the",Sentence: the,first_noun,-4.51521110534668,-3.789297342300415,0.7259137630462646,passive,1.0
1935,role_labeled,filler,filler,The singer smiled after rehearsal .,a minister comforts a mother .,a mother is comforted by a minister .,a,minister,a,mother,comfort,comforts,comforted,"[""PATIENT=mother"", ""VERB=comfort"", ""AGENT=minister""]","Prime sentence: The singer smiled after rehearsal .
Event roles: PATIENT=mother; VERB=comfort; AGENT=minister
Sentence: the",Sentence: the,first_noun,-4.817460536956787,-4.133777141571045,0.6836833953857422,passive,1.0
1936,role_labeled,active,active,a kid discovers a king .,a winner discovers a woman .,a woman is discovered by a winner .,a,winner,a,woman,discover,discovers,discovered,"[""VERB=discover"", ""PATIENT=woman"", ""AGENT=winner""]","Prime sentence: a kid discovers a king .
Event roles: VERB=discover; PATIENT=woman; AGENT=winner
Sentence: the",Sentence: the,first_noun,-5.4831767082214355,-4.257528781890869,1.2256479263305664,passive,1.0
1936,role_labeled,passive,passive,a king is discovered by a kid .,a winner discovers a woman .,a woman is discovered by a winner .,a,winner,a,woman,discover,discovers,discovered,"[""VERB=discover"", ""PATIENT=woman"", ""AGENT=winner""]","Prime sentence: a king is discovered by a kid .
Event roles: VERB=discover; PATIENT=woman; AGENT=winner
Sentence: the",Sentence: the,first_noun,-5.847905158996582,-4.67229700088501,1.1756081581115723,passive,1.0
1936,role_labeled,no_prime_eos,no_prime_eos,,a winner discovers a woman .,a woman is discovered by a winner .,a,winner,a,woman,discover,discovers,discovered,"[""VERB=discover"", ""PATIENT=woman"", ""AGENT=winner""]","Event roles: VERB=discover; PATIENT=woman; AGENT=winner
Sentence: the",Sentence: the,first_noun,-3.8859896659851074,-3.241072654724121,0.6449170112609863,passive,1.0
1936,role_labeled,filler,filler,The jacket hung behind the chair .,a winner discovers a woman .,a woman is discovered by a winner .,a,winner,a,woman,discover,discovers,discovered,"[""VERB=discover"", ""PATIENT=woman"", ""AGENT=winner""]","Prime sentence: The jacket hung behind the chair .
Event roles: VERB=discover; PATIENT=woman; AGENT=winner
Sentence: the",Sentence: the,first_noun,-6.894482612609863,-4.027767181396484,2.866715431213379,passive,1.0
1937,role_labeled,active,active,a buddy catches a candidate .,a parent catches a partner .,a partner is caught by a parent .,a,parent,a,partner,catch,catches,caught,"[""VERB=catch"", ""AGENT=parent"", ""PATIENT=partner""]","Prime sentence: a buddy catches a candidate .
Event roles: VERB=catch; AGENT=parent; PATIENT=partner
Sentence: the",Sentence: the,first_noun,-4.934284687042236,-5.666638374328613,-0.732353687286377,active,0.0
1937,role_labeled,passive,passive,a candidate is caught by a buddy .,a parent catches a partner .,a partner is caught by a parent .,a,parent,a,partner,catch,catches,caught,"[""VERB=catch"", ""AGENT=parent"", ""PATIENT=partner""]","Prime sentence: a candidate is caught by a buddy .
Event roles: VERB=catch; AGENT=parent; PATIENT=partner
Sentence: the",Sentence: the,first_noun,-4.356460094451904,-5.017409801483154,-0.66094970703125,active,0.0
1937,role_labeled,no_prime_eos,no_prime_eos,,a parent catches a partner .,a partner is caught by a parent .,a,parent,a,partner,catch,catches,caught,"[""VERB=catch"", ""AGENT=parent"", ""PATIENT=partner""]","Event roles: VERB=catch; AGENT=parent; PATIENT=partner
Sentence: the",Sentence: the,first_noun,-4.6958909034729,-6.927140235900879,-2.2312493324279785,active,0.0
1937,role_labeled,filler,filler,The tourist wandered through the plaza .,a parent catches a partner .,a partner is caught by a parent .,a,parent,a,partner,catch,catches,caught,"[""VERB=catch"", ""AGENT=parent"", ""PATIENT=partner""]","Prime sentence: The tourist wandered through the plaza .
Event roles: VERB=catch; AGENT=parent; PATIENT=partner
Sentence: the",Sentence: the,first_noun,-5.418071746826172,-7.929922103881836,-2.511850357055664,active,0.0
1938,role_labeled,active,active,an attorney discovers an aunt .,a manager discovers a mayor .,a mayor is discovered by a manager .,a,manager,a,mayor,discover,discovers,discovered,"[""VERB=discover"", ""PATIENT=mayor"", ""AGENT=manager""]","Prime sentence: an attorney discovers an aunt .
Event roles: VERB=discover; PATIENT=mayor; AGENT=manager
Sentence: the",Sentence: the,first_noun,-5.507136344909668,-1.9442846775054932,3.562851667404175,passive,1.0
1938,role_labeled,passive,passive,an aunt is discovered by an attorney .,a manager discovers a mayor .,a mayor is discovered by a manager .,a,manager,a,mayor,discover,discovers,discovered,"[""VERB=discover"", ""PATIENT=mayor"", ""AGENT=manager""]","Prime sentence: an aunt is discovered by an attorney .
Event roles: VERB=discover; PATIENT=mayor; AGENT=manager
Sentence: the",Sentence: the,first_noun,-5.480413436889648,-1.9521490335464478,3.5282644033432007,passive,1.0
1938,role_labeled,no_prime_eos,no_prime_eos,,a manager discovers a mayor .,a mayor is discovered by a manager .,a,manager,a,mayor,discover,discovers,discovered,"[""VERB=discover"", ""PATIENT=mayor"", ""AGENT=manager""]","Event roles: VERB=discover; PATIENT=mayor; AGENT=manager
Sentence: the",Sentence: the,first_noun,-5.061159133911133,-2.5159480571746826,2.54521107673645,passive,1.0
1938,role_labeled,filler,filler,The planet shimmered above the valley .,a manager discovers a mayor .,a mayor is discovered by a manager .,a,manager,a,mayor,discover,discovers,discovered,"[""VERB=discover"", ""PATIENT=mayor"", ""AGENT=manager""]","Prime sentence: The planet shimmered above the valley .
Event roles: VERB=discover; PATIENT=mayor; AGENT=manager
Sentence: the",Sentence: the,first_noun,-7.387821197509766,-4.086615562438965,3.301205635070801,passive,1.0
1939,role_labeled,active,active,a child kills a colonel .,a priest kills a prince .,a prince is killed by a priest .,a,priest,a,prince,kill,kills,killed,"[""VERB=kill"", ""AGENT=priest"", ""PATIENT=prince""]","Prime sentence: a child kills a colonel .
Event roles: VERB=kill; AGENT=priest; PATIENT=prince
Sentence: the",Sentence: the,first_noun,-3.616321563720703,-4.05397891998291,-0.43765735626220703,active,0.0
1939,role_labeled,passive,passive,a colonel is killed by a child .,a priest kills a prince .,a prince is killed by a priest .,a,priest,a,prince,kill,kills,killed,"[""VERB=kill"", ""AGENT=priest"", ""PATIENT=prince""]","Prime sentence: a colonel is killed by a child .
Event roles: VERB=kill; AGENT=priest; PATIENT=prince
Sentence: the",Sentence: the,first_noun,-2.8736159801483154,-3.7490038871765137,-0.8753879070281982,active,0.0
1939,role_labeled,no_prime_eos,no_prime_eos,,a priest kills a prince .,a prince is killed by a priest .,a,priest,a,prince,kill,kills,killed,"[""VERB=kill"", ""AGENT=priest"", ""PATIENT=prince""]","Event roles: VERB=kill; AGENT=priest; PATIENT=prince
Sentence: the",Sentence: the,first_noun,-3.845122814178467,-3.7486023902893066,0.09652042388916016,passive,1.0
1939,role_labeled,filler,filler,The baker laughed during breakfast .,a priest kills a prince .,a prince is killed by a priest .,a,priest,a,prince,kill,kills,killed,"[""VERB=kill"", ""AGENT=priest"", ""PATIENT=prince""]","Prime sentence: The baker laughed during breakfast .
Event roles: VERB=kill; AGENT=priest; PATIENT=prince
Sentence: the",Sentence: the,first_noun,-3.1301422119140625,-4.479630470275879,-1.3494882583618164,active,0.0
1940,role_labeled,active,active,a woman embraces a worker .,a kid embraces a king .,a king is embraced by a kid .,a,kid,a,king,embrac,embraces,embraced,"[""VERB=embrac"", ""AGENT=kid"", ""PATIENT=king""]","Prime sentence: a woman embraces a worker .
Event roles: VERB=embrac; AGENT=kid; PATIENT=king
Sentence: the",Sentence: the,first_noun,-6.806602478027344,-3.43522310256958,3.3713793754577637,passive,1.0
1940,role_labeled,passive,passive,a worker is embraced by a woman .,a kid embraces a king .,a king is embraced by a kid .,a,kid,a,king,embrac,embraces,embraced,"[""VERB=embrac"", ""AGENT=kid"", ""PATIENT=king""]","Prime sentence: a worker is embraced by a woman .
Event roles: VERB=embrac; AGENT=kid; PATIENT=king
Sentence: the",Sentence: the,first_noun,-6.591370582580566,-3.2330968379974365,3.35827374458313,passive,1.0
1940,role_labeled,no_prime_eos,no_prime_eos,,a kid embraces a king .,a king is embraced by a kid .,a,kid,a,king,embrac,embraces,embraced,"[""VERB=embrac"", ""AGENT=kid"", ""PATIENT=king""]","Event roles: VERB=embrac; AGENT=kid; PATIENT=king
Sentence: the",Sentence: the,first_noun,-6.944619178771973,-3.9773521423339844,2.9672670364379883,passive,1.0
1940,role_labeled,filler,filler,The engine cooled before dawn .,a kid embraces a king .,a king is embraced by a kid .,a,kid,a,king,embrac,embraces,embraced,"[""VERB=embrac"", ""AGENT=kid"", ""PATIENT=king""]","Prime sentence: The engine cooled before dawn .
Event roles: VERB=embrac; AGENT=kid; PATIENT=king
Sentence: the",Sentence: the,first_noun,-6.902174949645996,-4.425020217895508,2.4771547317504883,passive,1.0
1941,role_labeled,active,active,a soldier punches a son .,a father punches a friend .,a friend is punched by a father .,a,father,a,friend,punch,punches,punched,"[""AGENT=father"", ""PATIENT=friend"", ""VERB=punch""]","Prime sentence: a soldier punches a son .
Event roles: AGENT=father; PATIENT=friend; VERB=punch
Sentence: the",Sentence: the,first_noun,-2.1100711822509766,-5.622385501861572,-3.5123143196105957,active,0.0
1941,role_labeled,passive,passive,a son is punched by a soldier .,a father punches a friend .,a friend is punched by a father .,a,father,a,friend,punch,punches,punched,"[""AGENT=father"", ""PATIENT=friend"", ""VERB=punch""]","Prime sentence: a son is punched by a soldier .
Event roles: AGENT=father; PATIENT=friend; VERB=punch
Sentence: the",Sentence: the,first_noun,-2.1418800354003906,-5.4953413009643555,-3.353461265563965,active,0.0
1941,role_labeled,no_prime_eos,no_prime_eos,,a father punches a friend .,a friend is punched by a father .,a,father,a,friend,punch,punches,punched,"[""AGENT=father"", ""PATIENT=friend"", ""VERB=punch""]","Event roles: AGENT=father; PATIENT=friend; VERB=punch
Sentence: the",Sentence: the,first_noun,-3.155043840408325,-5.897920608520508,-2.7428767681121826,active,0.0
1941,role_labeled,filler,filler,The signal flickered across the screen .,a father punches a friend .,a friend is punched by a father .,a,father,a,friend,punch,punches,punched,"[""AGENT=father"", ""PATIENT=friend"", ""VERB=punch""]","Prime sentence: The signal flickered across the screen .
Event roles: AGENT=father; PATIENT=friend; VERB=punch
Sentence: the",Sentence: the,first_noun,-3.9719042778015137,-7.089317798614502,-3.1174135208129883,active,0.0
1942,role_labeled,active,active,an adult hurries an attorney .,a man hurries a manager .,a manager is hurried by a man .,a,man,a,manager,hurry,hurries,hurried,"[""VERB=hurry"", ""AGENT=man"", ""PATIENT=manager""]","Prime sentence: an adult hurries an attorney .
Event roles: VERB=hurry; AGENT=man; PATIENT=manager
Sentence: the",Sentence: the,first_noun,-3.8839921951293945,-4.487115859985352,-0.603123664855957,active,0.0
1942,role_labeled,passive,passive,an attorney is hurried by an adult .,a man hurries a manager .,a manager is hurried by a man .,a,man,a,manager,hurry,hurries,hurried,"[""VERB=hurry"", ""AGENT=man"", ""PATIENT=manager""]","Prime sentence: an attorney is hurried by an adult .
Event roles: VERB=hurry; AGENT=man; PATIENT=manager
Sentence: the",Sentence: the,first_noun,-3.982750654220581,-5.004734992980957,-1.021984338760376,active,0.0
1942,role_labeled,no_prime_eos,no_prime_eos,,a man hurries a manager .,a manager is hurried by a man .,a,man,a,manager,hurry,hurries,hurried,"[""VERB=hurry"", ""AGENT=man"", ""PATIENT=manager""]","Event roles: VERB=hurry; AGENT=man; PATIENT=manager
Sentence: the",Sentence: the,first_noun,-3.8817028999328613,-4.465674877166748,-0.5839719772338867,active,0.0
1942,role_labeled,filler,filler,The kettle whistled in the kitchen .,a man hurries a manager .,a manager is hurried by a man .,a,man,a,manager,hurry,hurries,hurried,"[""VERB=hurry"", ""AGENT=man"", ""PATIENT=manager""]","Prime sentence: The kettle whistled in the kitchen .
Event roles: VERB=hurry; AGENT=man; PATIENT=manager
Sentence: the",Sentence: the,first_noun,-4.535290718078613,-5.873778820037842,-1.3384881019592285,active,0.0
1943,role_labeled,active,active,a princess asks a professor .,a colonel asks a cop .,a cop is asked by a colonel .,a,colonel,a,cop,ask,asks,asked,"[""AGENT=colonel"", ""PATIENT=cop"", ""VERB=ask""]","Prime sentence: a princess asks a professor .
Event roles: AGENT=colonel; PATIENT=cop; VERB=ask
Sentence: the",Sentence: the,first_noun,-3.7738356590270996,-5.056797027587891,-1.282961368560791,active,0.0
1943,role_labeled,passive,passive,a professor is asked by a princess .,a colonel asks a cop .,a cop is asked by a colonel .,a,colonel,a,cop,ask,asks,asked,"[""AGENT=colonel"", ""PATIENT=cop"", ""VERB=ask""]","Prime sentence: a professor is asked by a princess .
Event roles: AGENT=colonel; PATIENT=cop; VERB=ask
Sentence: the",Sentence: the,first_noun,-3.156014919281006,-4.690448760986328,-1.5344338417053223,active,0.0
1943,role_labeled,no_prime_eos,no_prime_eos,,a colonel asks a cop .,a cop is asked by a colonel .,a,colonel,a,cop,ask,asks,asked,"[""AGENT=colonel"", ""PATIENT=cop"", ""VERB=ask""]","Event roles: AGENT=colonel; PATIENT=cop; VERB=ask
Sentence: the",Sentence: the,first_noun,-4.497744560241699,-5.72102165222168,-1.2232770919799805,active,0.0
1943,role_labeled,filler,filler,The sculpture stood in the hallway .,a colonel asks a cop .,a cop is asked by a colonel .,a,colonel,a,cop,ask,asks,asked,"[""AGENT=colonel"", ""PATIENT=cop"", ""VERB=ask""]","Prime sentence: The sculpture stood in the hallway .
Event roles: AGENT=colonel; PATIENT=cop; VERB=ask
Sentence: the",Sentence: the,first_noun,-4.276365280151367,-5.526946544647217,-1.2505812644958496,active,0.0
1944,role_labeled,active,active,a child hurries a colonel .,a priest hurries a prince .,a prince is hurried by a priest .,a,priest,a,prince,hurry,hurries,hurried,"[""AGENT=priest"", ""PATIENT=prince"", ""VERB=hurry""]","Prime sentence: a child hurries a colonel .
Event roles: AGENT=priest; PATIENT=prince; VERB=hurry
Sentence: the",Sentence: the,first_noun,-3.8948967456817627,-4.09964656829834,-0.20474982261657715,active,0.0
1944,role_labeled,passive,passive,a colonel is hurried by a child .,a priest hurries a prince .,a prince is hurried by a priest .,a,priest,a,prince,hurry,hurries,hurried,"[""AGENT=priest"", ""PATIENT=prince"", ""VERB=hurry""]","Prime sentence: a colonel is hurried by a child .
Event roles: AGENT=priest; PATIENT=prince; VERB=hurry
Sentence: the",Sentence: the,first_noun,-3.423609733581543,-4.311629772186279,-0.8880200386047363,active,0.0
1944,role_labeled,no_prime_eos,no_prime_eos,,a priest hurries a prince .,a prince is hurried by a priest .,a,priest,a,prince,hurry,hurries,hurried,"[""AGENT=priest"", ""PATIENT=prince"", ""VERB=hurry""]","Event roles: AGENT=priest; PATIENT=prince; VERB=hurry
Sentence: the",Sentence: the,first_noun,-3.5327653884887695,-3.741950511932373,-0.20918512344360352,active,0.0
1944,role_labeled,filler,filler,The lantern glowed near sunset .,a priest hurries a prince .,a prince is hurried by a priest .,a,priest,a,prince,hurry,hurries,hurried,"[""AGENT=priest"", ""PATIENT=prince"", ""VERB=hurry""]","Prime sentence: The lantern glowed near sunset .
Event roles: AGENT=priest; PATIENT=prince; VERB=hurry
Sentence: the",Sentence: the,first_noun,-4.800596237182617,-5.488018035888672,-0.6874217987060547,active,0.0
1945,role_labeled,active,active,a chief chases a child .,a president chases a priest .,a priest is chased by a president .,a,president,a,priest,chas,chases,chased,"[""PATIENT=priest"", ""VERB=chas"", ""AGENT=president""]","Prime sentence: a chief chases a child .
Event roles: PATIENT=priest; VERB=chas; AGENT=president
Sentence: the",Sentence: the,first_noun,-4.0478692054748535,-3.8395910263061523,0.20827817916870117,passive,1.0
1945,role_labeled,passive,passive,a child is chased by a chief .,a president chases a priest .,a priest is chased by a president .,a,president,a,priest,chas,chases,chased,"[""PATIENT=priest"", ""VERB=chas"", ""AGENT=president""]","Prime sentence: a child is chased by a chief .
Event roles: PATIENT=priest; VERB=chas; AGENT=president
Sentence: the",Sentence: the,first_noun,-3.953293800354004,-3.5917091369628906,0.3615846633911133,passive,1.0
1945,role_labeled,no_prime_eos,no_prime_eos,,a president chases a priest .,a priest is chased by a president .,a,president,a,priest,chas,chases,chased,"[""PATIENT=priest"", ""VERB=chas"", ""AGENT=president""]","Event roles: PATIENT=priest; VERB=chas; AGENT=president
Sentence: the",Sentence: the,first_noun,-4.203537940979004,-3.9828364849090576,0.2207014560699463,passive,1.0
1945,role_labeled,filler,filler,The window rattled during the storm .,a president chases a priest .,a priest is chased by a president .,a,president,a,priest,chas,chases,chased,"[""PATIENT=priest"", ""VERB=chas"", ""AGENT=president""]","Prime sentence: The window rattled during the storm .
Event roles: PATIENT=priest; VERB=chas; AGENT=president
Sentence: the",Sentence: the,first_noun,-5.071301460266113,-5.535481929779053,-0.46418046951293945,active,0.0
1946,role_labeled,active,active,a writer raises an actor .,a lady raises a lawyer .,a lawyer is raised by a lady .,a,lady,a,lawyer,rais,raises,raised,"[""PATIENT=lawyer"", ""AGENT=lady"", ""VERB=rais""]","Prime sentence: a writer raises an actor .
Event roles: PATIENT=lawyer; AGENT=lady; VERB=rais
Sentence: the",Sentence: the,first_noun,-5.776066780090332,-4.135639190673828,1.640427589416504,passive,1.0
1946,role_labeled,passive,passive,an actor is raised by a writer .,a lady raises a lawyer .,a lawyer is raised by a lady .,a,lady,a,lawyer,rais,raises,raised,"[""PATIENT=lawyer"", ""AGENT=lady"", ""VERB=rais""]","Prime sentence: an actor is raised by a writer .
Event roles: PATIENT=lawyer; AGENT=lady; VERB=rais
Sentence: the",Sentence: the,first_noun,-6.259951114654541,-4.795522689819336,1.464428424835205,passive,1.0
1946,role_labeled,no_prime_eos,no_prime_eos,,a lady raises a lawyer .,a lawyer is raised by a lady .,a,lady,a,lawyer,rais,raises,raised,"[""PATIENT=lawyer"", ""AGENT=lady"", ""VERB=rais""]","Event roles: PATIENT=lawyer; AGENT=lady; VERB=rais
Sentence: the",Sentence: the,first_noun,-5.778729438781738,-5.094789505004883,0.6839399337768555,passive,1.0
1946,role_labeled,filler,filler,The package arrived before noon .,a lady raises a lawyer .,a lawyer is raised by a lady .,a,lady,a,lawyer,rais,raises,raised,"[""PATIENT=lawyer"", ""AGENT=lady"", ""VERB=rais""]","Prime sentence: The package arrived before noon .
Event roles: PATIENT=lawyer; AGENT=lady; VERB=rais
Sentence: the",Sentence: the,first_noun,-5.1322526931762695,-5.479608058929443,-0.34735536575317383,active,0.0
1947,role_labeled,active,active,a woman chases a worker .,a kid chases a king .,a king is chased by a kid .,a,kid,a,king,chas,chases,chased,"[""VERB=chas"", ""AGENT=kid"", ""PATIENT=king""]","Prime sentence: a woman chases a worker .
Event roles: VERB=chas; AGENT=kid; PATIENT=king
Sentence: the",Sentence: the,first_noun,-6.234407424926758,-3.4875166416168213,2.7468907833099365,passive,1.0
1947,role_labeled,passive,passive,a worker is chased by a woman .,a kid chases a king .,a king is chased by a kid .,a,kid,a,king,chas,chases,chased,"[""VERB=chas"", ""AGENT=kid"", ""PATIENT=king""]","Prime sentence: a worker is chased by a woman .
Event roles: VERB=chas; AGENT=kid; PATIENT=king
Sentence: the",Sentence: the,first_noun,-6.188129425048828,-3.3740460872650146,2.8140833377838135,passive,1.0
1947,role_labeled,no_prime_eos,no_prime_eos,,a kid chases a king .,a king is chased by a kid .,a,kid,a,king,chas,chases,chased,"[""VERB=chas"", ""AGENT=kid"", ""PATIENT=king""]","Event roles: VERB=chas; AGENT=kid; PATIENT=king
Sentence: the",Sentence: the,first_noun,-6.726894378662109,-4.017490863800049,2.7094035148620605,passive,1.0
1947,role_labeled,filler,filler,The traveler rested beside the river .,a kid chases a king .,a king is chased by a kid .,a,kid,a,king,chas,chases,chased,"[""VERB=chas"", ""AGENT=kid"", ""PATIENT=king""]","Prime sentence: The traveler rested beside the river .
Event roles: VERB=chas; AGENT=kid; PATIENT=king
Sentence: the",Sentence: the,first_noun,-6.991106033325195,-2.6209561824798584,4.370149850845337,passive,1.0
1948,role_labeled,active,active,a parent hurts a partner .,a brother hurts a buddy .,a buddy is hurt by a brother .,a,brother,a,buddy,hurt,hurts,hurt,"[""VERB=hurt"", ""AGENT=brother"", ""PATIENT=buddy""]","Prime sentence: a parent hurts a partner .
Event roles: VERB=hurt; AGENT=brother; PATIENT=buddy
Sentence: the",Sentence: the,first_noun,-4.62845516204834,-8.908610343933105,-4.280155181884766,active,0.0
1948,role_labeled,passive,passive,a partner is hurt by a parent .,a brother hurts a buddy .,a buddy is hurt by a brother .,a,brother,a,buddy,hurt,hurts,hurt,"[""VERB=hurt"", ""AGENT=brother"", ""PATIENT=buddy""]","Prime sentence: a partner is hurt by a parent .
Event roles: VERB=hurt; AGENT=brother; PATIENT=buddy
Sentence: the",Sentence: the,first_noun,-4.27549934387207,-8.208803176879883,-3.9333038330078125,active,0.0
1948,role_labeled,no_prime_eos,no_prime_eos,,a brother hurts a buddy .,a buddy is hurt by a brother .,a,brother,a,buddy,hurt,hurts,hurt,"[""VERB=hurt"", ""AGENT=brother"", ""PATIENT=buddy""]","Event roles: VERB=hurt; AGENT=brother; PATIENT=buddy
Sentence: the",Sentence: the,first_noun,-4.87134313583374,-8.468770980834961,-3.5974278450012207,active,0.0
1948,role_labeled,filler,filler,The notebook stayed on the shelf .,a brother hurts a buddy .,a buddy is hurt by a brother .,a,brother,a,buddy,hurt,hurts,hurt,"[""VERB=hurt"", ""AGENT=brother"", ""PATIENT=buddy""]","Prime sentence: The notebook stayed on the shelf .
Event roles: VERB=hurt; AGENT=brother; PATIENT=buddy
Sentence: the",Sentence: the,first_noun,-5.979598045349121,-8.503157615661621,-2.5235595703125,active,0.0
1949,role_labeled,active,active,a physician kills a pilot .,a candidate kills a captain .,a captain is killed by a candidate .,a,candidate,a,captain,kill,kills,killed,"[""AGENT=candidate"", ""VERB=kill"", ""PATIENT=captain""]","Prime sentence: a physician kills a pilot .
Event roles: AGENT=candidate; VERB=kill; PATIENT=captain
Sentence: the",Sentence: the,first_noun,-5.119443416595459,-3.5268397331237793,1.5926036834716797,passive,1.0
1949,role_labeled,passive,passive,a pilot is killed by a physician .,a candidate kills a captain .,a captain is killed by a candidate .,a,candidate,a,captain,kill,kills,killed,"[""AGENT=candidate"", ""VERB=kill"", ""PATIENT=captain""]","Prime sentence: a pilot is killed by a physician .
Event roles: AGENT=candidate; VERB=kill; PATIENT=captain
Sentence: the",Sentence: the,first_noun,-5.052318572998047,-3.412390947341919,1.639927625656128,passive,1.0
1949,role_labeled,no_prime_eos,no_prime_eos,,a candidate kills a captain .,a captain is killed by a candidate .,a,candidate,a,captain,kill,kills,killed,"[""AGENT=candidate"", ""VERB=kill"", ""PATIENT=captain""]","Event roles: AGENT=candidate; VERB=kill; PATIENT=captain
Sentence: the",Sentence: the,first_noun,-3.952643632888794,-3.3816933631896973,0.5709502696990967,passive,1.0
1949,role_labeled,filler,filler,The package arrived before noon .,a candidate kills a captain .,a captain is killed by a candidate .,a,candidate,a,captain,kill,kills,killed,"[""AGENT=candidate"", ""VERB=kill"", ""PATIENT=captain""]","Prime sentence: The package arrived before noon .
Event roles: AGENT=candidate; VERB=kill; PATIENT=captain
Sentence: the",Sentence: the,first_noun,-5.810197830200195,-3.756300926208496,2.053896903991699,passive,1.0
1950,role_labeled,active,active,a girl comforts a guest .,a son comforts a student .,a student is comforted by a son .,a,son,a,student,comfort,comforts,comforted,"[""AGENT=son"", ""PATIENT=student"", ""VERB=comfort""]","Prime sentence: a girl comforts a guest .
Event roles: AGENT=son; PATIENT=student; VERB=comfort
Sentence: the",Sentence: the,first_noun,-5.706336975097656,-4.310449600219727,1.3958873748779297,passive,1.0
1950,role_labeled,passive,passive,a guest is comforted by a girl .,a son comforts a student .,a student is comforted by a son .,a,son,a,student,comfort,comforts,comforted,"[""AGENT=son"", ""PATIENT=student"", ""VERB=comfort""]","Prime sentence: a guest is comforted by a girl .
Event roles: AGENT=son; PATIENT=student; VERB=comfort
Sentence: the",Sentence: the,first_noun,-5.3788862228393555,-4.244266510009766,1.1346197128295898,passive,1.0
1950,role_labeled,no_prime_eos,no_prime_eos,,a son comforts a student .,a student is comforted by a son .,a,son,a,student,comfort,comforts,comforted,"[""AGENT=son"", ""PATIENT=student"", ""VERB=comfort""]","Event roles: AGENT=son; PATIENT=student; VERB=comfort
Sentence: the",Sentence: the,first_noun,-5.428741455078125,-3.4181125164031982,2.0106289386749268,passive,1.0
1950,role_labeled,filler,filler,The painter waited near the doorway .,a son comforts a student .,a student is comforted by a son .,a,son,a,student,comfort,comforts,comforted,"[""AGENT=son"", ""PATIENT=student"", ""VERB=comfort""]","Prime sentence: The painter waited near the doorway .
Event roles: AGENT=son; PATIENT=student; VERB=comfort
Sentence: the",Sentence: the,first_noun,-5.009387969970703,-3.831339120864868,1.178048849105835,passive,1.0
1951,role_labeled,active,active,a scientist helps a secretary .,a daughter helps a doctor .,a doctor is helped by a daughter .,a,daughter,a,doctor,help,helps,helped,"[""AGENT=daughter"", ""VERB=help"", ""PATIENT=doctor""]","Prime sentence: a scientist helps a secretary .
Event roles: AGENT=daughter; VERB=help; PATIENT=doctor
Sentence: the",Sentence: the,first_noun,-4.590508460998535,-2.707976818084717,1.8825316429138184,passive,1.0
1951,role_labeled,passive,passive,a secretary is helped by a scientist .,a daughter helps a doctor .,a doctor is helped by a daughter .,a,daughter,a,doctor,help,helps,helped,"[""AGENT=daughter"", ""VERB=help"", ""PATIENT=doctor""]","Prime sentence: a secretary is helped by a scientist .
Event roles: AGENT=daughter; VERB=help; PATIENT=doctor
Sentence: the",Sentence: the,first_noun,-5.515336036682129,-2.791649103164673,2.723686933517456,passive,1.0
1951,role_labeled,no_prime_eos,no_prime_eos,,a daughter helps a doctor .,a doctor is helped by a daughter .,a,daughter,a,doctor,help,helps,helped,"[""AGENT=daughter"", ""VERB=help"", ""PATIENT=doctor""]","Event roles: AGENT=daughter; VERB=help; PATIENT=doctor
Sentence: the",Sentence: the,first_noun,-4.489050388336182,-3.4747612476348877,1.014289140701294,passive,1.0
1951,role_labeled,filler,filler,The market opened after sunrise .,a daughter helps a doctor .,a doctor is helped by a daughter .,a,daughter,a,doctor,help,helps,helped,"[""AGENT=daughter"", ""VERB=help"", ""PATIENT=doctor""]","Prime sentence: The market opened after sunrise .
Event roles: AGENT=daughter; VERB=help; PATIENT=doctor
Sentence: the",Sentence: the,first_noun,-6.280300140380859,-4.564767837524414,1.7155323028564453,passive,1.0
1952,role_labeled,active,active,a daughter washes a doctor .,a reader washes a scientist .,a scientist is washed by a reader .,a,reader,a,scientist,wash,washes,washed,"[""PATIENT=scientist"", ""AGENT=reader"", ""VERB=wash""]","Prime sentence: a daughter washes a doctor .
Event roles: PATIENT=scientist; AGENT=reader; VERB=wash
Sentence: the",Sentence: the,first_noun,-5.800535202026367,-3.9948196411132812,1.805715560913086,passive,1.0
1952,role_labeled,passive,passive,a doctor is washed by a daughter .,a reader washes a scientist .,a scientist is washed by a reader .,a,reader,a,scientist,wash,washes,washed,"[""PATIENT=scientist"", ""AGENT=reader"", ""VERB=wash""]","Prime sentence: a doctor is washed by a daughter .
Event roles: PATIENT=scientist; AGENT=reader; VERB=wash
Sentence: the",Sentence: the,first_noun,-5.988156795501709,-3.8823535442352295,2.1058032512664795,passive,1.0
1952,role_labeled,no_prime_eos,no_prime_eos,,a reader washes a scientist .,a scientist is washed by a reader .,a,reader,a,scientist,wash,washes,washed,"[""PATIENT=scientist"", ""AGENT=reader"", ""VERB=wash""]","Event roles: PATIENT=scientist; AGENT=reader; VERB=wash
Sentence: the",Sentence: the,first_noun,-4.718967437744141,-4.772325038909912,-0.053357601165771484,active,0.0
1952,role_labeled,filler,filler,The painter waited near the doorway .,a reader washes a scientist .,a scientist is washed by a reader .,a,reader,a,scientist,wash,washes,washed,"[""PATIENT=scientist"", ""AGENT=reader"", ""VERB=wash""]","Prime sentence: The painter waited near the doorway .
Event roles: PATIENT=scientist; AGENT=reader; VERB=wash
Sentence: the",Sentence: the,first_noun,-6.141906261444092,-3.5152883529663086,2.626617908477783,passive,1.0
1953,role_labeled,active,active,a physician selects a pilot .,a candidate selects a captain .,a captain is selected by a candidate .,a,candidate,a,captain,select,selects,selected,"[""AGENT=candidate"", ""PATIENT=captain"", ""VERB=select""]","Prime sentence: a physician selects a pilot .
Event roles: AGENT=candidate; PATIENT=captain; VERB=select
Sentence: the",Sentence: the,first_noun,-3.7985551357269287,-2.529071092605591,1.269484043121338,passive,1.0
1953,role_labeled,passive,passive,a pilot is selected by a physician .,a candidate selects a captain .,a captain is selected by a candidate .,a,candidate,a,captain,select,selects,selected,"[""AGENT=candidate"", ""PATIENT=captain"", ""VERB=select""]","Prime sentence: a pilot is selected by a physician .
Event roles: AGENT=candidate; PATIENT=captain; VERB=select
Sentence: the",Sentence: the,first_noun,-4.449138641357422,-2.8589744567871094,1.5901641845703125,passive,1.0
1953,role_labeled,no_prime_eos,no_prime_eos,,a candidate selects a captain .,a captain is selected by a candidate .,a,candidate,a,captain,select,selects,selected,"[""AGENT=candidate"", ""PATIENT=captain"", ""VERB=select""]","Event roles: AGENT=candidate; PATIENT=captain; VERB=select
Sentence: the",Sentence: the,first_noun,-4.180126190185547,-3.103010892868042,1.0771152973175049,passive,1.0
1953,role_labeled,filler,filler,The pillow rested on the sofa .,a candidate selects a captain .,a captain is selected by a candidate .,a,candidate,a,captain,select,selects,selected,"[""AGENT=candidate"", ""PATIENT=captain"", ""VERB=select""]","Prime sentence: The pillow rested on the sofa .
Event roles: AGENT=candidate; PATIENT=captain; VERB=select
Sentence: the",Sentence: the,first_noun,-6.986956596374512,-4.0459489822387695,2.941007614135742,passive,1.0
1954,role_labeled,active,active,a professor helps a reader .,a cop helps a cousin .,a cousin is helped by a cop .,a,cop,a,cousin,help,helps,helped,"[""VERB=help"", ""PATIENT=cousin"", ""AGENT=cop""]","Prime sentence: a professor helps a reader .
Event roles: VERB=help; PATIENT=cousin; AGENT=cop
Sentence: the",Sentence: the,first_noun,-5.635191440582275,-8.340481758117676,-2.7052903175354004,active,0.0
1954,role_labeled,passive,passive,a reader is helped by a professor .,a cop helps a cousin .,a cousin is helped by a cop .,a,cop,a,cousin,help,helps,helped,"[""VERB=help"", ""PATIENT=cousin"", ""AGENT=cop""]","Prime sentence: a reader is helped by a professor .
Event roles: VERB=help; PATIENT=cousin; AGENT=cop
Sentence: the",Sentence: the,first_noun,-6.14133882522583,-9.026081085205078,-2.884742259979248,active,0.0
1954,role_labeled,no_prime_eos,no_prime_eos,,a cop helps a cousin .,a cousin is helped by a cop .,a,cop,a,cousin,help,helps,helped,"[""VERB=help"", ""PATIENT=cousin"", ""AGENT=cop""]","Event roles: VERB=help; PATIENT=cousin; AGENT=cop
Sentence: the",Sentence: the,first_noun,-5.6189045906066895,-9.095870971679688,-3.476966381072998,active,0.0
1954,role_labeled,filler,filler,The teacher listened during assembly .,a cop helps a cousin .,a cousin is helped by a cop .,a,cop,a,cousin,help,helps,helped,"[""VERB=help"", ""PATIENT=cousin"", ""AGENT=cop""]","Prime sentence: The teacher listened during assembly .
Event roles: VERB=help; PATIENT=cousin; AGENT=cop
Sentence: the",Sentence: the,first_noun,-5.039296627044678,-7.093227386474609,-2.0539307594299316,active,0.0
1955,role_labeled,active,active,an adult hurts an attorney .,a man hurts a manager .,a manager is hurt by a man .,a,man,a,manager,hurt,hurts,hurt,"[""PATIENT=manager"", ""VERB=hurt"", ""AGENT=man""]","Prime sentence: an adult hurts an attorney .
Event roles: PATIENT=manager; VERB=hurt; AGENT=man
Sentence: the",Sentence: the,first_noun,-4.373795509338379,-3.526238441467285,0.8475570678710938,passive,1.0
1955,role_labeled,passive,passive,an attorney is hurt by an adult .,a man hurts a manager .,a manager is hurt by a man .,a,man,a,manager,hurt,hurts,hurt,"[""PATIENT=manager"", ""VERB=hurt"", ""AGENT=man""]","Prime sentence: an attorney is hurt by an adult .
Event roles: PATIENT=manager; VERB=hurt; AGENT=man
Sentence: the",Sentence: the,first_noun,-4.401444911956787,-3.438007354736328,0.963437557220459,passive,1.0
1955,role_labeled,no_prime_eos,no_prime_eos,,a man hurts a manager .,a manager is hurt by a man .,a,man,a,manager,hurt,hurts,hurt,"[""PATIENT=manager"", ""VERB=hurt"", ""AGENT=man""]","Event roles: PATIENT=manager; VERB=hurt; AGENT=man
Sentence: the",Sentence: the,first_noun,-4.001404762268066,-4.260793685913086,-0.25938892364501953,active,0.0
1955,role_labeled,filler,filler,The baker laughed during breakfast .,a man hurts a manager .,a manager is hurt by a man .,a,man,a,manager,hurt,hurts,hurt,"[""PATIENT=manager"", ""VERB=hurt"", ""AGENT=man""]","Prime sentence: The baker laughed during breakfast .
Event roles: PATIENT=manager; VERB=hurt; AGENT=man
Sentence: the",Sentence: the,first_noun,-3.822852373123169,-2.794408082962036,1.0284442901611328,passive,1.0
1956,role_labeled,active,active,a guy washes a hero .,a teacher washes an uncle .,an uncle is washed by a teacher .,a,teacher,an,uncle,wash,washes,washed,"[""AGENT=teacher"", ""VERB=wash"", ""PATIENT=uncle""]","Prime sentence: a guy washes a hero .
Event roles: AGENT=teacher; VERB=wash; PATIENT=uncle
Sentence: the",Sentence: the,first_noun,-3.876462459564209,-6.01339864730835,-2.1369361877441406,active,0.0
1956,role_labeled,passive,passive,a hero is washed by a guy .,a teacher washes an uncle .,an uncle is washed by a teacher .,a,teacher,an,uncle,wash,washes,washed,"[""AGENT=teacher"", ""VERB=wash"", ""PATIENT=uncle""]","Prime sentence: a hero is washed by a guy .
Event roles: AGENT=teacher; VERB=wash; PATIENT=uncle
Sentence: the",Sentence: the,first_noun,-4.306097984313965,-6.403489112854004,-2.097391128540039,active,0.0
1956,role_labeled,no_prime_eos,no_prime_eos,,a teacher washes an uncle .,an uncle is washed by a teacher .,a,teacher,an,uncle,wash,washes,washed,"[""AGENT=teacher"", ""VERB=wash"", ""PATIENT=uncle""]","Event roles: AGENT=teacher; VERB=wash; PATIENT=uncle
Sentence: the",Sentence: the,first_noun,-2.9595797061920166,-7.250892639160156,-4.29131293296814,active,0.0
1956,role_labeled,filler,filler,The engine cooled before dawn .,a teacher washes an uncle .,an uncle is washed by a teacher .,a,teacher,an,uncle,wash,washes,washed,"[""AGENT=teacher"", ""VERB=wash"", ""PATIENT=uncle""]","Prime sentence: The engine cooled before dawn .
Event roles: AGENT=teacher; VERB=wash; PATIENT=uncle
Sentence: the",Sentence: the,first_noun,-4.98443078994751,-7.3149333000183105,-2.330502510070801,active,0.0
1957,role_labeled,active,active,a wife surprises a winner .,a hero surprises a husband .,a husband is surprised by a hero .,a,hero,a,husband,surpris,surprises,surprised,"[""PATIENT=husband"", ""AGENT=hero"", ""VERB=surpris""]","Prime sentence: a wife surprises a winner .
Event roles: PATIENT=husband; AGENT=hero; VERB=surpris
Sentence: the",Sentence: the,first_noun,-4.599674224853516,-3.3246452808380127,1.275028944015503,passive,1.0
1957,role_labeled,passive,passive,a winner is surprised by a wife .,a hero surprises a husband .,a husband is surprised by a hero .,a,hero,a,husband,surpris,surprises,surprised,"[""PATIENT=husband"", ""AGENT=hero"", ""VERB=surpris""]","Prime sentence: a winner is surprised by a wife .
Event roles: PATIENT=husband; AGENT=hero; VERB=surpris
Sentence: the",Sentence: the,first_noun,-4.727656364440918,-3.6206085681915283,1.1070477962493896,passive,1.0
1957,role_labeled,no_prime_eos,no_prime_eos,,a hero surprises a husband .,a husband is surprised by a hero .,a,hero,a,husband,surpris,surprises,surprised,"[""PATIENT=husband"", ""AGENT=hero"", ""VERB=surpris""]","Event roles: PATIENT=husband; AGENT=hero; VERB=surpris
Sentence: the",Sentence: the,first_noun,-3.524855375289917,-4.583196640014648,-1.0583412647247314,active,0.0
1957,role_labeled,filler,filler,The signal flickered across the screen .,a hero surprises a husband .,a husband is surprised by a hero .,a,hero,a,husband,surpris,surprises,surprised,"[""PATIENT=husband"", ""AGENT=hero"", ""VERB=surpris""]","Prime sentence: The signal flickered across the screen .
Event roles: PATIENT=husband; AGENT=hero; VERB=surpris
Sentence: the",Sentence: the,first_noun,-4.967600345611572,-5.4221930503845215,-0.4545927047729492,active,0.0
1958,role_labeled,active,active,a husband kills a kid .,a wife kills a winner .,a winner is killed by a wife .,a,wife,a,winner,kill,kills,killed,"[""AGENT=wife"", ""PATIENT=winner"", ""VERB=kill""]","Prime sentence: a husband kills a kid .
Event roles: AGENT=wife; PATIENT=winner; VERB=kill
Sentence: the",Sentence: the,first_noun,-1.966010570526123,-6.6738786697387695,-4.7078680992126465,active,0.0
1958,role_labeled,passive,passive,a kid is killed by a husband .,a wife kills a winner .,a winner is killed by a wife .,a,wife,a,winner,kill,kills,killed,"[""AGENT=wife"", ""PATIENT=winner"", ""VERB=kill""]","Prime sentence: a kid is killed by a husband .
Event roles: AGENT=wife; PATIENT=winner; VERB=kill
Sentence: the",Sentence: the,first_noun,-1.9732178449630737,-6.360322952270508,-4.387105107307434,active,0.0
1958,role_labeled,no_prime_eos,no_prime_eos,,a wife kills a winner .,a winner is killed by a wife .,a,wife,a,winner,kill,kills,killed,"[""AGENT=wife"", ""PATIENT=winner"", ""VERB=kill""]","Event roles: AGENT=wife; PATIENT=winner; VERB=kill
Sentence: the",Sentence: the,first_noun,-3.2690272331237793,-4.642950534820557,-1.3739233016967773,active,0.0
1958,role_labeled,filler,filler,The package arrived before noon .,a wife kills a winner .,a winner is killed by a wife .,a,wife,a,winner,kill,kills,killed,"[""AGENT=wife"", ""PATIENT=winner"", ""VERB=kill""]","Prime sentence: The package arrived before noon .
Event roles: AGENT=wife; PATIENT=winner; VERB=kill
Sentence: the",Sentence: the,first_noun,-3.378697395324707,-5.991941928863525,-2.6132445335388184,active,0.0
1959,role_labeled,active,active,a cop judges a cousin .,a princess judges a professor .,a professor is judged by a princess .,a,princess,a,professor,judg,judges,judged,"[""PATIENT=professor"", ""AGENT=princess"", ""VERB=judg""]","Prime sentence: a cop judges a cousin .
Event roles: PATIENT=professor; AGENT=princess; VERB=judg
Sentence: the",Sentence: the,first_noun,-4.998554229736328,-3.8489019870758057,1.1496522426605225,passive,1.0
1959,role_labeled,passive,passive,a cousin is judged by a cop .,a princess judges a professor .,a professor is judged by a princess .,a,princess,a,professor,judg,judges,judged,"[""PATIENT=professor"", ""AGENT=princess"", ""VERB=judg""]","Prime sentence: a cousin is judged by a cop .
Event roles: PATIENT=professor; AGENT=princess; VERB=judg
Sentence: the",Sentence: the,first_noun,-5.254680633544922,-4.1343994140625,1.1202812194824219,passive,1.0
1959,role_labeled,no_prime_eos,no_prime_eos,,a princess judges a professor .,a professor is judged by a princess .,a,princess,a,professor,judg,judges,judged,"[""PATIENT=professor"", ""AGENT=princess"", ""VERB=judg""]","Event roles: PATIENT=professor; AGENT=princess; VERB=judg
Sentence: the",Sentence: the,first_noun,-4.575582027435303,-4.726969242095947,-0.15138721466064453,active,0.0
1959,role_labeled,filler,filler,The kettle whistled in the kitchen .,a princess judges a professor .,a professor is judged by a princess .,a,princess,a,professor,judg,judges,judged,"[""PATIENT=professor"", ""AGENT=princess"", ""VERB=judg""]","Prime sentence: The kettle whistled in the kitchen .
Event roles: PATIENT=professor; AGENT=princess; VERB=judg
Sentence: the",Sentence: the,first_noun,-6.984801769256592,-5.771078109741211,1.2137236595153809,passive,1.0
1960,role_labeled,active,active,a scientist strikes a secretary .,a daughter strikes a doctor .,a doctor is struck by a daughter .,a,daughter,a,doctor,strik,strikes,struck,"[""VERB=strik"", ""PATIENT=doctor"", ""AGENT=daughter""]","Prime sentence: a scientist strikes a secretary .
Event roles: VERB=strik; PATIENT=doctor; AGENT=daughter
Sentence: the",Sentence: the,first_noun,-5.695091247558594,-2.910781145095825,2.7843101024627686,passive,1.0
1960,role_labeled,passive,passive,a secretary is struck by a scientist .,a daughter strikes a doctor .,a doctor is struck by a daughter .,a,daughter,a,doctor,strik,strikes,struck,"[""VERB=strik"", ""PATIENT=doctor"", ""AGENT=daughter""]","Prime sentence: a secretary is struck by a scientist .
Event roles: VERB=strik; PATIENT=doctor; AGENT=daughter
Sentence: the",Sentence: the,first_noun,-5.929755210876465,-2.909416913986206,3.020338296890259,passive,1.0
1960,role_labeled,no_prime_eos,no_prime_eos,,a daughter strikes a doctor .,a doctor is struck by a daughter .,a,daughter,a,doctor,strik,strikes,struck,"[""VERB=strik"", ""PATIENT=doctor"", ""AGENT=daughter""]","Event roles: VERB=strik; PATIENT=doctor; AGENT=daughter
Sentence: the",Sentence: the,first_noun,-4.974717140197754,-3.687965154647827,1.2867519855499268,passive,1.0
1960,role_labeled,filler,filler,The witness paused near the doorway .,a daughter strikes a doctor .,a doctor is struck by a daughter .,a,daughter,a,doctor,strik,strikes,struck,"[""VERB=strik"", ""PATIENT=doctor"", ""AGENT=daughter""]","Prime sentence: The witness paused near the doorway .
Event roles: VERB=strik; PATIENT=doctor; AGENT=daughter
Sentence: the",Sentence: the,first_noun,-5.886868000030518,-2.8925299644470215,2.994338035583496,passive,1.0
1961,role_labeled,active,active,an attorney helps an aunt .,a manager helps a mayor .,a mayor is helped by a manager .,a,manager,a,mayor,help,helps,helped,"[""VERB=help"", ""PATIENT=mayor"", ""AGENT=manager""]","Prime sentence: an attorney helps an aunt .
Event roles: VERB=help; PATIENT=mayor; AGENT=manager
Sentence: the",Sentence: the,first_noun,-5.562373638153076,-2.0974864959716797,3.4648871421813965,passive,1.0
1961,role_labeled,passive,passive,an aunt is helped by an attorney .,a manager helps a mayor .,a mayor is helped by a manager .,a,manager,a,mayor,help,helps,helped,"[""VERB=help"", ""PATIENT=mayor"", ""AGENT=manager""]","Prime sentence: an aunt is helped by an attorney .
Event roles: VERB=help; PATIENT=mayor; AGENT=manager
Sentence: the",Sentence: the,first_noun,-5.518138408660889,-1.996497631072998,3.5216407775878906,passive,1.0
1961,role_labeled,no_prime_eos,no_prime_eos,,a manager helps a mayor .,a mayor is helped by a manager .,a,manager,a,mayor,help,helps,helped,"[""VERB=help"", ""PATIENT=mayor"", ""AGENT=manager""]","Event roles: VERB=help; PATIENT=mayor; AGENT=manager
Sentence: the",Sentence: the,first_noun,-5.358126640319824,-2.5234534740448,2.8346731662750244,passive,1.0
1961,role_labeled,filler,filler,The planet shimmered above the valley .,a manager helps a mayor .,a mayor is helped by a manager .,a,manager,a,mayor,help,helps,helped,"[""VERB=help"", ""PATIENT=mayor"", ""AGENT=manager""]","Prime sentence: The planet shimmered above the valley .
Event roles: VERB=help; PATIENT=mayor; AGENT=manager
Sentence: the",Sentence: the,first_noun,-7.2024455070495605,-3.9212255477905273,3.281219959259033,passive,1.0
1962,role_labeled,active,active,a candidate washes a captain .,a partner washes a physician .,a physician is washed by a partner .,a,partner,a,physician,wash,washes,washed,"[""AGENT=partner"", ""PATIENT=physician"", ""VERB=wash""]","Prime sentence: a candidate washes a captain .
Event roles: AGENT=partner; PATIENT=physician; VERB=wash
Sentence: the",Sentence: the,first_noun,-6.794754981994629,-5.00051212310791,1.7942428588867188,passive,1.0
1962,role_labeled,passive,passive,a captain is washed by a candidate .,a partner washes a physician .,a physician is washed by a partner .,a,partner,a,physician,wash,washes,washed,"[""AGENT=partner"", ""PATIENT=physician"", ""VERB=wash""]","Prime sentence: a captain is washed by a candidate .
Event roles: AGENT=partner; PATIENT=physician; VERB=wash
Sentence: the",Sentence: the,first_noun,-7.19188928604126,-5.319728374481201,1.8721609115600586,passive,1.0
1962,role_labeled,no_prime_eos,no_prime_eos,,a partner washes a physician .,a physician is washed by a partner .,a,partner,a,physician,wash,washes,washed,"[""AGENT=partner"", ""PATIENT=physician"", ""VERB=wash""]","Event roles: AGENT=partner; PATIENT=physician; VERB=wash
Sentence: the",Sentence: the,first_noun,-6.856784343719482,-4.063752174377441,2.793032169342041,passive,1.0
1962,role_labeled,filler,filler,The garden brightened after rain .,a partner washes a physician .,a physician is washed by a partner .,a,partner,a,physician,wash,washes,washed,"[""AGENT=partner"", ""PATIENT=physician"", ""VERB=wash""]","Prime sentence: The garden brightened after rain .
Event roles: AGENT=partner; PATIENT=physician; VERB=wash
Sentence: the",Sentence: the,first_noun,-8.71773624420166,-7.8101348876953125,0.9076013565063477,passive,1.0
1963,role_labeled,active,active,a singer describes a soldier .,an employer describes a father .,a father is described by an employer .,an,employer,a,father,describ,describes,described,"[""VERB=describ"", ""AGENT=employer"", ""PATIENT=father""]","Prime sentence: a singer describes a soldier .
Event roles: VERB=describ; AGENT=employer; PATIENT=father
Sentence: the",Sentence: the,first_noun,-7.077197074890137,-4.572033882141113,2.5051631927490234,passive,1.0
1963,role_labeled,passive,passive,a soldier is described by a singer .,an employer describes a father .,a father is described by an employer .,an,employer,a,father,describ,describes,described,"[""VERB=describ"", ""AGENT=employer"", ""PATIENT=father""]","Prime sentence: a soldier is described by a singer .
Event roles: VERB=describ; AGENT=employer; PATIENT=father
Sentence: the",Sentence: the,first_noun,-7.22683048248291,-4.547780990600586,2.679049491882324,passive,1.0
1963,role_labeled,no_prime_eos,no_prime_eos,,an employer describes a father .,a father is described by an employer .,an,employer,a,father,describ,describes,described,"[""VERB=describ"", ""AGENT=employer"", ""PATIENT=father""]","Event roles: VERB=describ; AGENT=employer; PATIENT=father
Sentence: the",Sentence: the,first_noun,-5.298763275146484,-4.669356346130371,0.6294069290161133,passive,1.0
1963,role_labeled,filler,filler,The engine cooled before dawn .,an employer describes a father .,a father is described by an employer .,an,employer,a,father,describ,describes,described,"[""VERB=describ"", ""AGENT=employer"", ""PATIENT=father""]","Prime sentence: The engine cooled before dawn .
Event roles: VERB=describ; AGENT=employer; PATIENT=father
Sentence: the",Sentence: the,first_noun,-8.368453979492188,-5.296553134918213,3.0719008445739746,passive,1.0
1964,role_labeled,active,active,a student surprises a teacher .,a girl surprises a guest .,a guest is surprised by a girl .,a,girl,a,guest,surpris,surprises,surprised,"[""PATIENT=guest"", ""AGENT=girl"", ""VERB=surpris""]","Prime sentence: a student surprises a teacher .
Event roles: PATIENT=guest; AGENT=girl; VERB=surpris
Sentence: the",Sentence: the,first_noun,-2.430328607559204,-5.292816162109375,-2.862487554550171,active,0.0
1964,role_labeled,passive,passive,a teacher is surprised by a student .,a girl surprises a guest .,a guest is surprised by a girl .,a,girl,a,guest,surpris,surprises,surprised,"[""PATIENT=guest"", ""AGENT=girl"", ""VERB=surpris""]","Prime sentence: a teacher is surprised by a student .
Event roles: PATIENT=guest; AGENT=girl; VERB=surpris
Sentence: the",Sentence: the,first_noun,-2.4953622817993164,-5.0925517082214355,-2.597189426422119,active,0.0
1964,role_labeled,no_prime_eos,no_prime_eos,,a girl surprises a guest .,a guest is surprised by a girl .,a,girl,a,guest,surpris,surprises,surprised,"[""PATIENT=guest"", ""AGENT=girl"", ""VERB=surpris""]","Event roles: PATIENT=guest; AGENT=girl; VERB=surpris
Sentence: the",Sentence: the,first_noun,-2.526421546936035,-5.891619682312012,-3.3651981353759766,active,0.0
1964,role_labeled,filler,filler,The singer smiled after rehearsal .,a girl surprises a guest .,a guest is surprised by a girl .,a,girl,a,guest,surpris,surprises,surprised,"[""PATIENT=guest"", ""AGENT=girl"", ""VERB=surpris""]","Prime sentence: The singer smiled after rehearsal .
Event roles: PATIENT=guest; AGENT=girl; VERB=surpris
Sentence: the",Sentence: the,first_noun,-2.824845552444458,-5.395301342010498,-2.57045578956604,active,0.0
1965,role_labeled,active,active,a worker protects a writer .,a king protects a lady .,a lady is protected by a king .,a,king,a,lady,protect,protects,protected,"[""PATIENT=lady"", ""VERB=protect"", ""AGENT=king""]","Prime sentence: a worker protects a writer .
Event roles: PATIENT=lady; VERB=protect; AGENT=king
Sentence: the",Sentence: the,first_noun,-2.8807547092437744,-4.936389923095703,-2.0556352138519287,active,0.0
1965,role_labeled,passive,passive,a writer is protected by a worker .,a king protects a lady .,a lady is protected by a king .,a,king,a,lady,protect,protects,protected,"[""PATIENT=lady"", ""VERB=protect"", ""AGENT=king""]","Prime sentence: a writer is protected by a worker .
Event roles: PATIENT=lady; VERB=protect; AGENT=king
Sentence: the",Sentence: the,first_noun,-2.6553261280059814,-5.056303977966309,-2.400977849960327,active,0.0
1965,role_labeled,no_prime_eos,no_prime_eos,,a king protects a lady .,a lady is protected by a king .,a,king,a,lady,protect,protects,protected,"[""PATIENT=lady"", ""VERB=protect"", ""AGENT=king""]","Event roles: PATIENT=lady; VERB=protect; AGENT=king
Sentence: the",Sentence: the,first_noun,-2.962973117828369,-4.650554656982422,-1.6875815391540527,active,0.0
1965,role_labeled,filler,filler,The radio crackled in the attic .,a king protects a lady .,a lady is protected by a king .,a,king,a,lady,protect,protects,protected,"[""PATIENT=lady"", ""VERB=protect"", ""AGENT=king""]","Prime sentence: The radio crackled in the attic .
Event roles: PATIENT=lady; VERB=protect; AGENT=king
Sentence: the",Sentence: the,first_noun,-4.853659629821777,-5.477818489074707,-0.6241588592529297,active,0.0
1966,role_labeled,active,active,a woman protects a worker .,a kid protects a king .,a king is protected by a kid .,a,kid,a,king,protect,protects,protected,"[""AGENT=kid"", ""VERB=protect"", ""PATIENT=king""]","Prime sentence: a woman protects a worker .
Event roles: AGENT=kid; VERB=protect; PATIENT=king
Sentence: the",Sentence: the,first_noun,-5.614906311035156,-3.1361734867095947,2.4787328243255615,passive,1.0
1966,role_labeled,passive,passive,a worker is protected by a woman .,a kid protects a king .,a king is protected by a kid .,a,kid,a,king,protect,protects,protected,"[""AGENT=kid"", ""VERB=protect"", ""PATIENT=king""]","Prime sentence: a worker is protected by a woman .
Event roles: AGENT=kid; VERB=protect; PATIENT=king
Sentence: the",Sentence: the,first_noun,-4.822588920593262,-2.56109881401062,2.2614901065826416,passive,1.0
1966,role_labeled,no_prime_eos,no_prime_eos,,a kid protects a king .,a king is protected by a kid .,a,kid,a,king,protect,protects,protected,"[""AGENT=kid"", ""VERB=protect"", ""PATIENT=king""]","Event roles: AGENT=kid; VERB=protect; PATIENT=king
Sentence: the",Sentence: the,first_noun,-5.295999526977539,-3.610278606414795,1.6857209205627441,passive,1.0
1966,role_labeled,filler,filler,The witness paused near the doorway .,a kid protects a king .,a king is protected by a kid .,a,kid,a,king,protect,protects,protected,"[""AGENT=kid"", ""VERB=protect"", ""PATIENT=king""]","Prime sentence: The witness paused near the doorway .
Event roles: AGENT=kid; VERB=protect; PATIENT=king
Sentence: the",Sentence: the,first_noun,-3.311899185180664,-4.439255714416504,-1.1273565292358398,active,0.0
1967,role_labeled,active,active,a bishop bothers a boy .,a mother bothers a nurse .,a nurse is bothered by a mother .,a,mother,a,nurse,bother,bothers,bothered,"[""AGENT=mother"", ""PATIENT=nurse"", ""VERB=bother""]","Prime sentence: a bishop bothers a boy .
Event roles: AGENT=mother; PATIENT=nurse; VERB=bother
Sentence: the",Sentence: the,first_noun,-3.491123676300049,-4.3940348625183105,-0.9029111862182617,active,0.0
1967,role_labeled,passive,passive,a boy is bothered by a bishop .,a mother bothers a nurse .,a nurse is bothered by a mother .,a,mother,a,nurse,bother,bothers,bothered,"[""AGENT=mother"", ""PATIENT=nurse"", ""VERB=bother""]","Prime sentence: a boy is bothered by a bishop .
Event roles: AGENT=mother; PATIENT=nurse; VERB=bother
Sentence: the",Sentence: the,first_noun,-3.9295732975006104,-4.701799392700195,-0.772226095199585,active,0.0
1967,role_labeled,no_prime_eos,no_prime_eos,,a mother bothers a nurse .,a nurse is bothered by a mother .,a,mother,a,nurse,bother,bothers,bothered,"[""AGENT=mother"", ""PATIENT=nurse"", ""VERB=bother""]","Event roles: AGENT=mother; PATIENT=nurse; VERB=bother
Sentence: the",Sentence: the,first_noun,-3.0934109687805176,-3.4682793617248535,-0.37486839294433594,active,0.0
1967,role_labeled,filler,filler,The jacket hung behind the chair .,a mother bothers a nurse .,a nurse is bothered by a mother .,a,mother,a,nurse,bother,bothers,bothered,"[""AGENT=mother"", ""PATIENT=nurse"", ""VERB=bother""]","Prime sentence: The jacket hung behind the chair .
Event roles: AGENT=mother; PATIENT=nurse; VERB=bother
Sentence: the",Sentence: the,first_noun,-4.538243293762207,-3.5514273643493652,0.9868159294128418,passive,1.0
1968,role_labeled,active,active,a sheriff strikes a singer .,an employee strikes an employer .,an employer is struck by an employee .,an,employee,an,employer,strik,strikes,struck,"[""AGENT=employee"", ""PATIENT=employer"", ""VERB=strik""]","Prime sentence: a sheriff strikes a singer .
Event roles: AGENT=employee; PATIENT=employer; VERB=strik
Sentence: the",Sentence: the,first_noun,-5.260117530822754,-5.945703506469727,-0.6855859756469727,active,0.0
1968,role_labeled,passive,passive,a singer is struck by a sheriff .,an employee strikes an employer .,an employer is struck by an employee .,an,employee,an,employer,strik,strikes,struck,"[""AGENT=employee"", ""PATIENT=employer"", ""VERB=strik""]","Prime sentence: a singer is struck by a sheriff .
Event roles: AGENT=employee; PATIENT=employer; VERB=strik
Sentence: the",Sentence: the,first_noun,-4.849360942840576,-5.636608600616455,-0.7872476577758789,active,0.0
1968,role_labeled,no_prime_eos,no_prime_eos,,an employee strikes an employer .,an employer is struck by an employee .,an,employee,an,employer,strik,strikes,struck,"[""AGENT=employee"", ""PATIENT=employer"", ""VERB=strik""]","Event roles: AGENT=employee; PATIENT=employer; VERB=strik
Sentence: the",Sentence: the,first_noun,-3.416076421737671,-4.976458549499512,-1.5603821277618408,active,0.0
1968,role_labeled,filler,filler,The pillow rested on the sofa .,an employee strikes an employer .,an employer is struck by an employee .,an,employee,an,employer,strik,strikes,struck,"[""AGENT=employee"", ""PATIENT=employer"", ""VERB=strik""]","Prime sentence: The pillow rested on the sofa .
Event roles: AGENT=employee; PATIENT=employer; VERB=strik
Sentence: the",Sentence: the,first_noun,-6.214234352111816,-7.419651508331299,-1.2054171562194824,active,0.0
1969,role_labeled,active,active,an employer kisses a father .,a sheriff kisses a singer .,a singer is kissed by a sheriff .,a,sheriff,a,singer,kiss,kisses,kissed,"[""VERB=kiss"", ""PATIENT=singer"", ""AGENT=sheriff""]","Prime sentence: an employer kisses a father .
Event roles: VERB=kiss; PATIENT=singer; AGENT=sheriff
Sentence: the",Sentence: the,first_noun,-4.6387481689453125,-6.651463508605957,-2.0127153396606445,active,0.0
1969,role_labeled,passive,passive,a father is kissed by an employer .,a sheriff kisses a singer .,a singer is kissed by a sheriff .,a,sheriff,a,singer,kiss,kisses,kissed,"[""VERB=kiss"", ""PATIENT=singer"", ""AGENT=sheriff""]","Prime sentence: a father is kissed by an employer .
Event roles: VERB=kiss; PATIENT=singer; AGENT=sheriff
Sentence: the",Sentence: the,first_noun,-5.13519287109375,-6.72532844543457,-1.5901355743408203,active,0.0
1969,role_labeled,no_prime_eos,no_prime_eos,,a sheriff kisses a singer .,a singer is kissed by a sheriff .,a,sheriff,a,singer,kiss,kisses,kissed,"[""VERB=kiss"", ""PATIENT=singer"", ""AGENT=sheriff""]","Event roles: VERB=kiss; PATIENT=singer; AGENT=sheriff
Sentence: the",Sentence: the,first_noun,-6.290752410888672,-5.575632572174072,0.7151198387145996,passive,1.0
1969,role_labeled,filler,filler,The pillow rested on the sofa .,a sheriff kisses a singer .,a singer is kissed by a sheriff .,a,sheriff,a,singer,kiss,kisses,kissed,"[""VERB=kiss"", ""PATIENT=singer"", ""AGENT=sheriff""]","Prime sentence: The pillow rested on the sofa .
Event roles: VERB=kiss; PATIENT=singer; AGENT=sheriff
Sentence: the",Sentence: the,first_noun,-6.919943809509277,-7.5270843505859375,-0.6071405410766602,active,0.0
1970,role_labeled,active,active,an aunt embraces an author .,a mayor embraces a minister .,a minister is embraced by a mayor .,a,mayor,a,minister,embrac,embraces,embraced,"[""AGENT=mayor"", ""VERB=embrac"", ""PATIENT=minister""]","Prime sentence: an aunt embraces an author .
Event roles: AGENT=mayor; VERB=embrac; PATIENT=minister
Sentence: the",Sentence: the,first_noun,-3.4158012866973877,-5.182706832885742,-1.7669055461883545,active,0.0
1970,role_labeled,passive,passive,an author is embraced by an aunt .,a mayor embraces a minister .,a minister is embraced by a mayor .,a,mayor,a,minister,embrac,embraces,embraced,"[""AGENT=mayor"", ""VERB=embrac"", ""PATIENT=minister""]","Prime sentence: an author is embraced by an aunt .
Event roles: AGENT=mayor; VERB=embrac; PATIENT=minister
Sentence: the",Sentence: the,first_noun,-3.5078704357147217,-5.338415622711182,-1.83054518699646,active,0.0
1970,role_labeled,no_prime_eos,no_prime_eos,,a mayor embraces a minister .,a minister is embraced by a mayor .,a,mayor,a,minister,embrac,embraces,embraced,"[""AGENT=mayor"", ""VERB=embrac"", ""PATIENT=minister""]","Event roles: AGENT=mayor; VERB=embrac; PATIENT=minister
Sentence: the",Sentence: the,first_noun,-2.8169939517974854,-4.854544639587402,-2.037550687789917,active,0.0
1970,role_labeled,filler,filler,The traveler rested beside the river .,a mayor embraces a minister .,a minister is embraced by a mayor .,a,mayor,a,minister,embrac,embraces,embraced,"[""AGENT=mayor"", ""VERB=embrac"", ""PATIENT=minister""]","Prime sentence: The traveler rested beside the river .
Event roles: AGENT=mayor; VERB=embrac; PATIENT=minister
Sentence: the",Sentence: the,first_noun,-3.6932637691497803,-5.256523132324219,-1.5632593631744385,active,0.0
1971,role_labeled,active,active,a brother punches a buddy .,an opponent punches a parent .,a parent is punched by an opponent .,an,opponent,a,parent,punch,punches,punched,"[""PATIENT=parent"", ""VERB=punch"", ""AGENT=opponent""]","Prime sentence: a brother punches a buddy .
Event roles: PATIENT=parent; VERB=punch; AGENT=opponent
Sentence: the",Sentence: the,first_noun,-7.1596879959106445,-5.311400413513184,1.848287582397461,passive,1.0
1971,role_labeled,passive,passive,a buddy is punched by a brother .,an opponent punches a parent .,a parent is punched by an opponent .,an,opponent,a,parent,punch,punches,punched,"[""PATIENT=parent"", ""VERB=punch"", ""AGENT=opponent""]","Prime sentence: a buddy is punched by a brother .
Event roles: PATIENT=parent; VERB=punch; AGENT=opponent
Sentence: the",Sentence: the,first_noun,-6.7726850509643555,-5.003143310546875,1.7695417404174805,passive,1.0
1971,role_labeled,no_prime_eos,no_prime_eos,,an opponent punches a parent .,a parent is punched by an opponent .,an,opponent,a,parent,punch,punches,punched,"[""PATIENT=parent"", ""VERB=punch"", ""AGENT=opponent""]","Event roles: PATIENT=parent; VERB=punch; AGENT=opponent
Sentence: the",Sentence: the,first_noun,-5.014039993286133,-5.5667924880981445,-0.5527524948120117,active,0.0
1971,role_labeled,filler,filler,The violin echoed in the theater .,an opponent punches a parent .,a parent is punched by an opponent .,an,opponent,a,parent,punch,punches,punched,"[""PATIENT=parent"", ""VERB=punch"", ""AGENT=opponent""]","Prime sentence: The violin echoed in the theater .
Event roles: PATIENT=parent; VERB=punch; AGENT=opponent
Sentence: the",Sentence: the,first_noun,-8.69757080078125,-7.1324028968811035,1.5651679039001465,passive,1.0
1972,role_labeled,active,active,a captain selects a champion .,a physician selects a pilot .,a pilot is selected by a physician .,a,physician,a,pilot,select,selects,selected,"[""PATIENT=pilot"", ""AGENT=physician"", ""VERB=select""]","Prime sentence: a captain selects a champion .
Event roles: PATIENT=pilot; AGENT=physician; VERB=select
Sentence: the",Sentence: the,first_noun,-4.558370590209961,-2.725214958190918,1.833155632019043,passive,1.0
1972,role_labeled,passive,passive,a champion is selected by a captain .,a physician selects a pilot .,a pilot is selected by a physician .,a,physician,a,pilot,select,selects,selected,"[""PATIENT=pilot"", ""AGENT=physician"", ""VERB=select""]","Prime sentence: a champion is selected by a captain .
Event roles: PATIENT=pilot; AGENT=physician; VERB=select
Sentence: the",Sentence: the,first_noun,-5.022294521331787,-3.2091307640075684,1.8131637573242188,passive,1.0
1972,role_labeled,no_prime_eos,no_prime_eos,,a physician selects a pilot .,a pilot is selected by a physician .,a,physician,a,pilot,select,selects,selected,"[""PATIENT=pilot"", ""AGENT=physician"", ""VERB=select""]","Event roles: PATIENT=pilot; AGENT=physician; VERB=select
Sentence: the",Sentence: the,first_noun,-4.494441986083984,-3.4946043491363525,0.9998376369476318,passive,1.0
1972,role_labeled,filler,filler,The violin echoed in the theater .,a physician selects a pilot .,a pilot is selected by a physician .,a,physician,a,pilot,select,selects,selected,"[""PATIENT=pilot"", ""AGENT=physician"", ""VERB=select""]","Prime sentence: The violin echoed in the theater .
Event roles: PATIENT=pilot; AGENT=physician; VERB=select
Sentence: the",Sentence: the,first_noun,-5.591609477996826,-4.581465244293213,1.0101442337036133,passive,1.0
1973,role_labeled,active,active,an author beats a bishop .,a minister beats a mother .,a mother is beaten by a minister .,a,minister,a,mother,beat,beats,beaten,"[""VERB=beat"", ""PATIENT=mother"", ""AGENT=minister""]","Prime sentence: an author beats a bishop .
Event roles: VERB=beat; PATIENT=mother; AGENT=minister
Sentence: the",Sentence: the,first_noun,-5.127054691314697,-4.795807361602783,0.33124732971191406,passive,1.0
1973,role_labeled,passive,passive,a bishop is beaten by an author .,a minister beats a mother .,a mother is beaten by a minister .,a,minister,a,mother,beat,beats,beaten,"[""VERB=beat"", ""PATIENT=mother"", ""AGENT=minister""]","Prime sentence: a bishop is beaten by an author .
Event roles: VERB=beat; PATIENT=mother; AGENT=minister
Sentence: the",Sentence: the,first_noun,-4.925025939941406,-5.028583526611328,-0.10355758666992188,active,0.0
1973,role_labeled,no_prime_eos,no_prime_eos,,a minister beats a mother .,a mother is beaten by a minister .,a,minister,a,mother,beat,beats,beaten,"[""VERB=beat"", ""PATIENT=mother"", ""AGENT=minister""]","Event roles: VERB=beat; PATIENT=mother; AGENT=minister
Sentence: the",Sentence: the,first_noun,-5.069551467895508,-4.9403510093688965,0.12920045852661133,passive,1.0
1973,role_labeled,filler,filler,The captain waited beside the harbor .,a minister beats a mother .,a mother is beaten by a minister .,a,minister,a,mother,beat,beats,beaten,"[""VERB=beat"", ""PATIENT=mother"", ""AGENT=minister""]","Prime sentence: The captain waited beside the harbor .
Event roles: VERB=beat; PATIENT=mother; AGENT=minister
Sentence: the",Sentence: the,first_noun,-5.7114481925964355,-5.189292907714844,0.5221552848815918,passive,1.0
1974,role_labeled,active,active,a singer beats a soldier .,an employer beats a father .,a father is beaten by an employer .,an,employer,a,father,beat,beats,beaten,"[""VERB=beat"", ""AGENT=employer"", ""PATIENT=father""]","Prime sentence: a singer beats a soldier .
Event roles: VERB=beat; AGENT=employer; PATIENT=father
Sentence: the",Sentence: the,first_noun,-7.0889811515808105,-4.477530479431152,2.611450672149658,passive,1.0
1974,role_labeled,passive,passive,a soldier is beaten by a singer .,an employer beats a father .,a father is beaten by an employer .,an,employer,a,father,beat,beats,beaten,"[""VERB=beat"", ""AGENT=employer"", ""PATIENT=father""]","Prime sentence: a soldier is beaten by a singer .
Event roles: VERB=beat; AGENT=employer; PATIENT=father
Sentence: the",Sentence: the,first_noun,-6.7376203536987305,-4.384778022766113,2.352842330932617,passive,1.0
1974,role_labeled,no_prime_eos,no_prime_eos,,an employer beats a father .,a father is beaten by an employer .,an,employer,a,father,beat,beats,beaten,"[""VERB=beat"", ""AGENT=employer"", ""PATIENT=father""]","Event roles: VERB=beat; AGENT=employer; PATIENT=father
Sentence: the",Sentence: the,first_noun,-5.154615879058838,-4.854593276977539,0.30002260208129883,passive,1.0
1974,role_labeled,filler,filler,The kettle whistled in the kitchen .,an employer beats a father .,a father is beaten by an employer .,an,employer,a,father,beat,beats,beaten,"[""VERB=beat"", ""AGENT=employer"", ""PATIENT=father""]","Prime sentence: The kettle whistled in the kitchen .
Event roles: VERB=beat; AGENT=employer; PATIENT=father
Sentence: the",Sentence: the,first_noun,-8.343215942382812,-5.9640421867370605,2.379173755645752,passive,1.0
1975,role_labeled,active,active,a secretary teaches a sheriff .,a doctor teaches an employee .,an employee is taught by a doctor .,a,doctor,an,employee,teach,teaches,taught,"[""VERB=teach"", ""AGENT=doctor"", ""PATIENT=employee""]","Prime sentence: a secretary teaches a sheriff .
Event roles: VERB=teach; AGENT=doctor; PATIENT=employee
Sentence: the",Sentence: the,first_noun,-3.2077929973602295,-6.084008693695068,-2.876215696334839,active,0.0
1975,role_labeled,passive,passive,a sheriff is taught by a secretary .,a doctor teaches an employee .,an employee is taught by a doctor .,a,doctor,an,employee,teach,teaches,taught,"[""VERB=teach"", ""AGENT=doctor"", ""PATIENT=employee""]","Prime sentence: a sheriff is taught by a secretary .
Event roles: VERB=teach; AGENT=doctor; PATIENT=employee
Sentence: the",Sentence: the,first_noun,-3.4869449138641357,-6.259564399719238,-2.7726194858551025,active,0.0
1975,role_labeled,no_prime_eos,no_prime_eos,,a doctor teaches an employee .,an employee is taught by a doctor .,a,doctor,an,employee,teach,teaches,taught,"[""VERB=teach"", ""AGENT=doctor"", ""PATIENT=employee""]","Event roles: VERB=teach; AGENT=doctor; PATIENT=employee
Sentence: the",Sentence: the,first_noun,-3.133409023284912,-5.742587089538574,-2.609178066253662,active,0.0
1975,role_labeled,filler,filler,The radio crackled in the attic .,a doctor teaches an employee .,an employee is taught by a doctor .,a,doctor,an,employee,teach,teaches,taught,"[""VERB=teach"", ""AGENT=doctor"", ""PATIENT=employee""]","Prime sentence: The radio crackled in the attic .
Event roles: VERB=teach; AGENT=doctor; PATIENT=employee
Sentence: the",Sentence: the,first_noun,-4.266105651855469,-8.070295333862305,-3.804189682006836,active,0.0
1976,role_labeled,active,active,a guest hurries a guy .,a student hurries a teacher .,a teacher is hurried by a student .,a,student,a,teacher,hurry,hurries,hurried,"[""PATIENT=teacher"", ""VERB=hurry"", ""AGENT=student""]","Prime sentence: a guest hurries a guy .
Event roles: PATIENT=teacher; VERB=hurry; AGENT=student
Sentence: the",Sentence: the,first_noun,-2.8662033081054688,-2.1893625259399414,0.6768407821655273,passive,1.0
1976,role_labeled,passive,passive,a guy is hurried by a guest .,a student hurries a teacher .,a teacher is hurried by a student .,a,student,a,teacher,hurry,hurries,hurried,"[""PATIENT=teacher"", ""VERB=hurry"", ""AGENT=student""]","Prime sentence: a guy is hurried by a guest .
Event roles: PATIENT=teacher; VERB=hurry; AGENT=student
Sentence: the",Sentence: the,first_noun,-3.15824031829834,-2.4618988037109375,0.6963415145874023,passive,1.0
1976,role_labeled,no_prime_eos,no_prime_eos,,a student hurries a teacher .,a teacher is hurried by a student .,a,student,a,teacher,hurry,hurries,hurried,"[""PATIENT=teacher"", ""VERB=hurry"", ""AGENT=student""]","Event roles: PATIENT=teacher; VERB=hurry; AGENT=student
Sentence: the",Sentence: the,first_noun,-2.825396776199341,-2.2207448482513428,0.604651927947998,passive,1.0
1976,role_labeled,filler,filler,The sculpture stood in the hallway .,a student hurries a teacher .,a teacher is hurried by a student .,a,student,a,teacher,hurry,hurries,hurried,"[""PATIENT=teacher"", ""VERB=hurry"", ""AGENT=student""]","Prime sentence: The sculpture stood in the hallway .
Event roles: PATIENT=teacher; VERB=hurry; AGENT=student
Sentence: the",Sentence: the,first_noun,-3.1085574626922607,-2.5886261463165283,0.5199313163757324,passive,1.0
1977,role_labeled,active,active,a lady kisses a lawyer .,a worker kisses a writer .,a writer is kissed by a worker .,a,worker,a,writer,kiss,kisses,kissed,"[""PATIENT=writer"", ""AGENT=worker"", ""VERB=kiss""]","Prime sentence: a lady kisses a lawyer .
Event roles: PATIENT=writer; AGENT=worker; VERB=kiss
Sentence: the",Sentence: the,first_noun,-6.064179420471191,-5.841911792755127,0.22226762771606445,passive,1.0
1977,role_labeled,passive,passive,a lawyer is kissed by a lady .,a worker kisses a writer .,a writer is kissed by a worker .,a,worker,a,writer,kiss,kisses,kissed,"[""PATIENT=writer"", ""AGENT=worker"", ""VERB=kiss""]","Prime sentence: a lawyer is kissed by a lady .
Event roles: PATIENT=writer; AGENT=worker; VERB=kiss
Sentence: the",Sentence: the,first_noun,-5.648050308227539,-5.144092559814453,0.5039577484130859,passive,1.0
1977,role_labeled,no_prime_eos,no_prime_eos,,a worker kisses a writer .,a writer is kissed by a worker .,a,worker,a,writer,kiss,kisses,kissed,"[""PATIENT=writer"", ""AGENT=worker"", ""VERB=kiss""]","Event roles: PATIENT=writer; AGENT=worker; VERB=kiss
Sentence: the",Sentence: the,first_noun,-5.3480424880981445,-5.835900783538818,-0.48785829544067383,active,0.0
1977,role_labeled,filler,filler,The market opened after sunrise .,a worker kisses a writer .,a writer is kissed by a worker .,a,worker,a,writer,kiss,kisses,kissed,"[""PATIENT=writer"", ""AGENT=worker"", ""VERB=kiss""]","Prime sentence: The market opened after sunrise .
Event roles: PATIENT=writer; AGENT=worker; VERB=kiss
Sentence: the",Sentence: the,first_noun,-7.403805732727051,-7.71524715423584,-0.31144142150878906,active,0.0
1978,role_labeled,active,active,a worker follows a writer .,a king follows a lady .,a lady is followed by a king .,a,king,a,lady,follow,follows,followed,"[""AGENT=king"", ""VERB=follow"", ""PATIENT=lady""]","Prime sentence: a worker follows a writer .
Event roles: AGENT=king; VERB=follow; PATIENT=lady
Sentence: the",Sentence: the,first_noun,-2.2635910511016846,-5.189384460449219,-2.925793409347534,active,0.0
1978,role_labeled,passive,passive,a writer is followed by a worker .,a king follows a lady .,a lady is followed by a king .,a,king,a,lady,follow,follows,followed,"[""AGENT=king"", ""VERB=follow"", ""PATIENT=lady""]","Prime sentence: a writer is followed by a worker .
Event roles: AGENT=king; VERB=follow; PATIENT=lady
Sentence: the",Sentence: the,first_noun,-2.16628098487854,-5.541535377502441,-3.3752543926239014,active,0.0
1978,role_labeled,no_prime_eos,no_prime_eos,,a king follows a lady .,a lady is followed by a king .,a,king,a,lady,follow,follows,followed,"[""AGENT=king"", ""VERB=follow"", ""PATIENT=lady""]","Event roles: AGENT=king; VERB=follow; PATIENT=lady
Sentence: the",Sentence: the,first_noun,-2.9835057258605957,-5.707451820373535,-2.7239460945129395,active,0.0
1978,role_labeled,filler,filler,The traveler rested beside the river .,a king follows a lady .,a lady is followed by a king .,a,king,a,lady,follow,follows,followed,"[""AGENT=king"", ""VERB=follow"", ""PATIENT=lady""]","Prime sentence: The traveler rested beside the river .
Event roles: AGENT=king; VERB=follow; PATIENT=lady
Sentence: the",Sentence: the,first_noun,-1.801357626914978,-4.698769569396973,-2.8974119424819946,active,0.0
1979,role_labeled,active,active,an opponent strikes a parent .,a boy strikes a brother .,a brother is struck by a boy .,a,boy,a,brother,strik,strikes,struck,"[""VERB=strik"", ""PATIENT=brother"", ""AGENT=boy""]","Prime sentence: an opponent strikes a parent .
Event roles: VERB=strik; PATIENT=brother; AGENT=boy
Sentence: the",Sentence: the,first_noun,-3.0439300537109375,-4.85321044921875,-1.8092803955078125,active,0.0
1979,role_labeled,passive,passive,a parent is struck by an opponent .,a boy strikes a brother .,a brother is struck by a boy .,a,boy,a,brother,strik,strikes,struck,"[""VERB=strik"", ""PATIENT=brother"", ""AGENT=boy""]","Prime sentence: a parent is struck by an opponent .
Event roles: VERB=strik; PATIENT=brother; AGENT=boy
Sentence: the",Sentence: the,first_noun,-3.1152360439300537,-5.529506683349609,-2.4142706394195557,active,0.0
1979,role_labeled,no_prime_eos,no_prime_eos,,a boy strikes a brother .,a brother is struck by a boy .,a,boy,a,brother,strik,strikes,struck,"[""VERB=strik"", ""PATIENT=brother"", ""AGENT=boy""]","Event roles: VERB=strik; PATIENT=brother; AGENT=boy
Sentence: the",Sentence: the,first_noun,-3.809617042541504,-6.06981897354126,-2.260201930999756,active,0.0
1979,role_labeled,filler,filler,The market opened after sunrise .,a boy strikes a brother .,a brother is struck by a boy .,a,boy,a,brother,strik,strikes,struck,"[""VERB=strik"", ""PATIENT=brother"", ""AGENT=boy""]","Prime sentence: The market opened after sunrise .
Event roles: VERB=strik; PATIENT=brother; AGENT=boy
Sentence: the",Sentence: the,first_noun,-4.88129186630249,-7.5374932289123535,-2.6562013626098633,active,0.0
1980,role_labeled,active,active,a singer joins a soldier .,an employer joins a father .,a father is joined by an employer .,an,employer,a,father,join,joins,joined,"[""PATIENT=father"", ""VERB=join"", ""AGENT=employer""]","Prime sentence: a singer joins a soldier .
Event roles: PATIENT=father; VERB=join; AGENT=employer
Sentence: the",Sentence: the,first_noun,-7.130184173583984,-3.853363275527954,3.2768208980560303,passive,1.0
1980,role_labeled,passive,passive,a soldier is joined by a singer .,an employer joins a father .,a father is joined by an employer .,an,employer,a,father,join,joins,joined,"[""PATIENT=father"", ""VERB=join"", ""AGENT=employer""]","Prime sentence: a soldier is joined by a singer .
Event roles: PATIENT=father; VERB=join; AGENT=employer
Sentence: the",Sentence: the,first_noun,-7.000418663024902,-3.741554021835327,3.258864641189575,passive,1.0
1980,role_labeled,no_prime_eos,no_prime_eos,,an employer joins a father .,a father is joined by an employer .,an,employer,a,father,join,joins,joined,"[""PATIENT=father"", ""VERB=join"", ""AGENT=employer""]","Event roles: PATIENT=father; VERB=join; AGENT=employer
Sentence: the",Sentence: the,first_noun,-5.697329044342041,-3.564229965209961,2.13309907913208,passive,1.0
1980,role_labeled,filler,filler,The painter waited near the doorway .,an employer joins a father .,a father is joined by an employer .,an,employer,a,father,join,joins,joined,"[""PATIENT=father"", ""VERB=join"", ""AGENT=employer""]","Prime sentence: The painter waited near the doorway .
Event roles: PATIENT=father; VERB=join; AGENT=employer
Sentence: the",Sentence: the,first_noun,-6.689850807189941,-3.7330715656280518,2.9567792415618896,passive,1.0
1981,role_labeled,active,active,an opponent comforts a parent .,a boy comforts a brother .,a brother is comforted by a boy .,a,boy,a,brother,comfort,comforts,comforted,"[""PATIENT=brother"", ""AGENT=boy"", ""VERB=comfort""]","Prime sentence: an opponent comforts a parent .
Event roles: PATIENT=brother; AGENT=boy; VERB=comfort
Sentence: the",Sentence: the,first_noun,-3.3357994556427,-5.705685615539551,-2.3698861598968506,active,0.0
1981,role_labeled,passive,passive,a parent is comforted by an opponent .,a boy comforts a brother .,a brother is comforted by a boy .,a,boy,a,brother,comfort,comforts,comforted,"[""PATIENT=brother"", ""AGENT=boy"", ""VERB=comfort""]","Prime sentence: a parent is comforted by an opponent .
Event roles: PATIENT=brother; AGENT=boy; VERB=comfort
Sentence: the",Sentence: the,first_noun,-3.6622238159179688,-5.950065612792969,-2.287841796875,active,0.0
1981,role_labeled,no_prime_eos,no_prime_eos,,a boy comforts a brother .,a brother is comforted by a boy .,a,boy,a,brother,comfort,comforts,comforted,"[""PATIENT=brother"", ""AGENT=boy"", ""VERB=comfort""]","Event roles: PATIENT=brother; AGENT=boy; VERB=comfort
Sentence: the",Sentence: the,first_noun,-3.521947145462036,-5.883187294006348,-2.3612401485443115,active,0.0
1981,role_labeled,filler,filler,The baker laughed during breakfast .,a boy comforts a brother .,a brother is comforted by a boy .,a,boy,a,brother,comfort,comforts,comforted,"[""PATIENT=brother"", ""AGENT=boy"", ""VERB=comfort""]","Prime sentence: The baker laughed during breakfast .
Event roles: PATIENT=brother; AGENT=boy; VERB=comfort
Sentence: the",Sentence: the,first_noun,-2.798184871673584,-5.981270790100098,-3.1830859184265137,active,0.0
1982,role_labeled,active,active,a mayor kills a minister .,an attorney kills an aunt .,an aunt is killed by an attorney .,an,attorney,an,aunt,kill,kills,killed,"[""AGENT=attorney"", ""VERB=kill"", ""PATIENT=aunt""]","Prime sentence: a mayor kills a minister .
Event roles: AGENT=attorney; VERB=kill; PATIENT=aunt
Sentence: the",Sentence: the,first_noun,-5.105404853820801,-7.667665481567383,-2.562260627746582,active,0.0
1982,role_labeled,passive,passive,a minister is killed by a mayor .,an attorney kills an aunt .,an aunt is killed by an attorney .,an,attorney,an,aunt,kill,kills,killed,"[""AGENT=attorney"", ""VERB=kill"", ""PATIENT=aunt""]","Prime sentence: a minister is killed by a mayor .
Event roles: AGENT=attorney; VERB=kill; PATIENT=aunt
Sentence: the",Sentence: the,first_noun,-5.121011257171631,-8.045242309570312,-2.9242310523986816,active,0.0
1982,role_labeled,no_prime_eos,no_prime_eos,,an attorney kills an aunt .,an aunt is killed by an attorney .,an,attorney,an,aunt,kill,kills,killed,"[""AGENT=attorney"", ""VERB=kill"", ""PATIENT=aunt""]","Event roles: AGENT=attorney; VERB=kill; PATIENT=aunt
Sentence: the",Sentence: the,first_noun,-5.726339340209961,-9.169715881347656,-3.4433765411376953,active,0.0
1982,role_labeled,filler,filler,The signal flickered across the screen .,an attorney kills an aunt .,an aunt is killed by an attorney .,an,attorney,an,aunt,kill,kills,killed,"[""AGENT=attorney"", ""VERB=kill"", ""PATIENT=aunt""]","Prime sentence: The signal flickered across the screen .
Event roles: AGENT=attorney; VERB=kill; PATIENT=aunt
Sentence: the",Sentence: the,first_noun,-7.1333818435668945,-9.27389907836914,-2.140517234802246,active,0.0
1983,role_labeled,active,active,a father strikes a friend .,a singer strikes a soldier .,a soldier is struck by a singer .,a,singer,a,soldier,strik,strikes,struck,"[""VERB=strik"", ""PATIENT=soldier"", ""AGENT=singer""]","Prime sentence: a father strikes a friend .
Event roles: VERB=strik; PATIENT=soldier; AGENT=singer
Sentence: the",Sentence: the,first_noun,-6.752852916717529,-4.390671730041504,2.3621811866760254,passive,1.0
1983,role_labeled,passive,passive,a friend is struck by a father .,a singer strikes a soldier .,a soldier is struck by a singer .,a,singer,a,soldier,strik,strikes,struck,"[""VERB=strik"", ""PATIENT=soldier"", ""AGENT=singer""]","Prime sentence: a friend is struck by a father .
Event roles: VERB=strik; PATIENT=soldier; AGENT=singer
Sentence: the",Sentence: the,first_noun,-5.769705772399902,-3.6829824447631836,2.0867233276367188,passive,1.0
1983,role_labeled,no_prime_eos,no_prime_eos,,a singer strikes a soldier .,a soldier is struck by a singer .,a,singer,a,soldier,strik,strikes,struck,"[""VERB=strik"", ""PATIENT=soldier"", ""AGENT=singer""]","Event roles: VERB=strik; PATIENT=soldier; AGENT=singer
Sentence: the",Sentence: the,first_noun,-5.286186218261719,-4.116952896118164,1.1692333221435547,passive,1.0
1983,role_labeled,filler,filler,The witness paused near the doorway .,a singer strikes a soldier .,a soldier is struck by a singer .,a,singer,a,soldier,strik,strikes,struck,"[""VERB=strik"", ""PATIENT=soldier"", ""AGENT=singer""]","Prime sentence: The witness paused near the doorway .
Event roles: VERB=strik; PATIENT=soldier; AGENT=singer
Sentence: the",Sentence: the,first_noun,-4.942315101623535,-1.7952905893325806,3.1470245122909546,passive,1.0
1984,role_labeled,active,active,a president forgives a priest .,a champion forgives a chief .,a chief is forgiven by a champion .,a,champion,a,chief,forgiv,forgives,forgiven,"[""VERB=forgiv"", ""PATIENT=chief"", ""AGENT=champion""]","Prime sentence: a president forgives a priest .
Event roles: VERB=forgiv; PATIENT=chief; AGENT=champion
Sentence: the",Sentence: the,first_noun,-8.261180877685547,-5.0355024337768555,3.2256784439086914,passive,1.0
1984,role_labeled,passive,passive,a priest is forgiven by a president .,a champion forgives a chief .,a chief is forgiven by a champion .,a,champion,a,chief,forgiv,forgives,forgiven,"[""VERB=forgiv"", ""PATIENT=chief"", ""AGENT=champion""]","Prime sentence: a priest is forgiven by a president .
Event roles: VERB=forgiv; PATIENT=chief; AGENT=champion
Sentence: the",Sentence: the,first_noun,-7.912870407104492,-5.124809265136719,2.7880611419677734,passive,1.0
1984,role_labeled,no_prime_eos,no_prime_eos,,a champion forgives a chief .,a chief is forgiven by a champion .,a,champion,a,chief,forgiv,forgives,forgiven,"[""VERB=forgiv"", ""PATIENT=chief"", ""AGENT=champion""]","Event roles: VERB=forgiv; PATIENT=chief; AGENT=champion
Sentence: the",Sentence: the,first_noun,-5.985992431640625,-5.073724746704102,0.9122676849365234,passive,1.0
1984,role_labeled,filler,filler,The planet shimmered above the valley .,a champion forgives a chief .,a chief is forgiven by a champion .,a,champion,a,chief,forgiv,forgives,forgiven,"[""VERB=forgiv"", ""PATIENT=chief"", ""AGENT=champion""]","Prime sentence: The planet shimmered above the valley .
Event roles: VERB=forgiv; PATIENT=chief; AGENT=champion
Sentence: the",Sentence: the,first_noun,-8.262639999389648,-6.633105278015137,1.6295347213745117,passive,1.0
1985,role_labeled,active,active,a kid kills a king .,a winner kills a woman .,a woman is killed by a winner .,a,winner,a,woman,kill,kills,killed,"[""PATIENT=woman"", ""VERB=kill"", ""AGENT=winner""]","Prime sentence: a kid kills a king .
Event roles: PATIENT=woman; VERB=kill; AGENT=winner
Sentence: the",Sentence: the,first_noun,-6.231171607971191,-4.023039817810059,2.208131790161133,passive,1.0
1985,role_labeled,passive,passive,a king is killed by a kid .,a winner kills a woman .,a woman is killed by a winner .,a,winner,a,woman,kill,kills,killed,"[""PATIENT=woman"", ""VERB=kill"", ""AGENT=winner""]","Prime sentence: a king is killed by a kid .
Event roles: PATIENT=woman; VERB=kill; AGENT=winner
Sentence: the",Sentence: the,first_noun,-6.164709091186523,-4.224285125732422,1.9404239654541016,passive,1.0
1985,role_labeled,no_prime_eos,no_prime_eos,,a winner kills a woman .,a woman is killed by a winner .,a,winner,a,woman,kill,kills,killed,"[""PATIENT=woman"", ""VERB=kill"", ""AGENT=winner""]","Event roles: PATIENT=woman; VERB=kill; AGENT=winner
Sentence: the",Sentence: the,first_noun,-4.081301689147949,-2.850804090499878,1.2304975986480713,passive,1.0
1985,role_labeled,filler,filler,The signal flickered across the screen .,a winner kills a woman .,a woman is killed by a winner .,a,winner,a,woman,kill,kills,killed,"[""PATIENT=woman"", ""VERB=kill"", ""AGENT=winner""]","Prime sentence: The signal flickered across the screen .
Event roles: PATIENT=woman; VERB=kill; AGENT=winner
Sentence: the",Sentence: the,first_noun,-7.005862236022949,-3.2316789627075195,3.7741832733154297,passive,1.0
1986,role_labeled,active,active,a physician forgets a pilot .,a candidate forgets a captain .,a captain is forgotten by a candidate .,a,candidate,a,captain,forget,forgets,forgotten,"[""PATIENT=captain"", ""VERB=forget"", ""AGENT=candidate""]","Prime sentence: a physician forgets a pilot .
Event roles: PATIENT=captain; VERB=forget; AGENT=candidate
Sentence: the",Sentence: the,first_noun,-6.205244541168213,-3.029877185821533,3.1753673553466797,passive,1.0
1986,role_labeled,passive,passive,a pilot is forgotten by a physician .,a candidate forgets a captain .,a captain is forgotten by a candidate .,a,candidate,a,captain,forget,forgets,forgotten,"[""PATIENT=captain"", ""VERB=forget"", ""AGENT=candidate""]","Prime sentence: a pilot is forgotten by a physician .
Event roles: PATIENT=captain; VERB=forget; AGENT=candidate
Sentence: the",Sentence: the,first_noun,-6.006474494934082,-3.339710235595703,2.666764259338379,passive,1.0
1986,role_labeled,no_prime_eos,no_prime_eos,,a candidate forgets a captain .,a captain is forgotten by a candidate .,a,candidate,a,captain,forget,forgets,forgotten,"[""PATIENT=captain"", ""VERB=forget"", ""AGENT=candidate""]","Event roles: PATIENT=captain; VERB=forget; AGENT=candidate
Sentence: the",Sentence: the,first_noun,-5.389524936676025,-3.2918548583984375,2.097670078277588,passive,1.0
1986,role_labeled,filler,filler,The witness paused near the doorway .,a candidate forgets a captain .,a captain is forgotten by a candidate .,a,candidate,a,captain,forget,forgets,forgotten,"[""PATIENT=captain"", ""VERB=forget"", ""AGENT=candidate""]","Prime sentence: The witness paused near the doorway .
Event roles: PATIENT=captain; VERB=forget; AGENT=candidate
Sentence: the",Sentence: the,first_noun,-6.792693138122559,-2.5397260189056396,4.252967119216919,passive,1.0
1987,role_labeled,active,active,a cop hurts a cousin .,a princess hurts a professor .,a professor is hurt by a princess .,a,princess,a,professor,hurt,hurts,hurt,"[""AGENT=princess"", ""VERB=hurt"", ""PATIENT=professor""]","Prime sentence: a cop hurts a cousin .
Event roles: AGENT=princess; VERB=hurt; PATIENT=professor
Sentence: the",Sentence: the,first_noun,-5.637947082519531,-4.244535446166992,1.393411636352539,passive,1.0
1987,role_labeled,passive,passive,a cousin is hurt by a cop .,a princess hurts a professor .,a professor is hurt by a princess .,a,princess,a,professor,hurt,hurts,hurt,"[""AGENT=princess"", ""VERB=hurt"", ""PATIENT=professor""]","Prime sentence: a cousin is hurt by a cop .
Event roles: AGENT=princess; VERB=hurt; PATIENT=professor
Sentence: the",Sentence: the,first_noun,-5.420200347900391,-4.2622504234313965,1.1579499244689941,passive,1.0
1987,role_labeled,no_prime_eos,no_prime_eos,,a princess hurts a professor .,a professor is hurt by a princess .,a,princess,a,professor,hurt,hurts,hurt,"[""AGENT=princess"", ""VERB=hurt"", ""PATIENT=professor""]","Event roles: AGENT=princess; VERB=hurt; PATIENT=professor
Sentence: the",Sentence: the,first_noun,-4.40463924407959,-4.564476013183594,-0.1598367691040039,active,0.0
1987,role_labeled,filler,filler,The teacher listened during assembly .,a princess hurts a professor .,a professor is hurt by a princess .,a,princess,a,professor,hurt,hurts,hurt,"[""AGENT=princess"", ""VERB=hurt"", ""PATIENT=professor""]","Prime sentence: The teacher listened during assembly .
Event roles: AGENT=princess; VERB=hurt; PATIENT=professor
Sentence: the",Sentence: the,first_noun,-3.336956262588501,-3.896287441253662,-0.5593311786651611,active,0.0
1988,role_labeled,active,active,a guy discovers a hero .,a teacher discovers an uncle .,an uncle is discovered by a teacher .,a,teacher,an,uncle,discover,discovers,discovered,"[""VERB=discover"", ""PATIENT=uncle"", ""AGENT=teacher""]","Prime sentence: a guy discovers a hero .
Event roles: VERB=discover; PATIENT=uncle; AGENT=teacher
Sentence: the",Sentence: the,first_noun,-4.000722885131836,-7.079866409301758,-3.079143524169922,active,0.0
1988,role_labeled,passive,passive,a hero is discovered by a guy .,a teacher discovers an uncle .,an uncle is discovered by a teacher .,a,teacher,an,uncle,discover,discovers,discovered,"[""VERB=discover"", ""PATIENT=uncle"", ""AGENT=teacher""]","Prime sentence: a hero is discovered by a guy .
Event roles: VERB=discover; PATIENT=uncle; AGENT=teacher
Sentence: the",Sentence: the,first_noun,-3.9667110443115234,-6.750148773193359,-2.783437728881836,active,0.0
1988,role_labeled,no_prime_eos,no_prime_eos,,a teacher discovers an uncle .,an uncle is discovered by a teacher .,a,teacher,an,uncle,discover,discovers,discovered,"[""VERB=discover"", ""PATIENT=uncle"", ""AGENT=teacher""]","Event roles: VERB=discover; PATIENT=uncle; AGENT=teacher
Sentence: the",Sentence: the,first_noun,-3.1987524032592773,-8.04826831817627,-4.849515914916992,active,0.0
1988,role_labeled,filler,filler,The teacher listened during assembly .,a teacher discovers an uncle .,an uncle is discovered by a teacher .,a,teacher,an,uncle,discover,discovers,discovered,"[""VERB=discover"", ""PATIENT=uncle"", ""AGENT=teacher""]","Prime sentence: The teacher listened during assembly .
Event roles: VERB=discover; PATIENT=uncle; AGENT=teacher
Sentence: the",Sentence: the,first_noun,-0.8937597274780273,-6.304315090179443,-5.410555362701416,active,0.0
1989,role_labeled,active,active,a guest teaches a guy .,a student teaches a teacher .,a teacher is taught by a student .,a,student,a,teacher,teach,teaches,taught,"[""VERB=teach"", ""AGENT=student"", ""PATIENT=teacher""]","Prime sentence: a guest teaches a guy .
Event roles: VERB=teach; AGENT=student; PATIENT=teacher
Sentence: the",Sentence: the,first_noun,-3.215698480606079,-2.654205560684204,0.561492919921875,passive,1.0
1989,role_labeled,passive,passive,a guy is taught by a guest .,a student teaches a teacher .,a teacher is taught by a student .,a,student,a,teacher,teach,teaches,taught,"[""VERB=teach"", ""AGENT=student"", ""PATIENT=teacher""]","Prime sentence: a guy is taught by a guest .
Event roles: VERB=teach; AGENT=student; PATIENT=teacher
Sentence: the",Sentence: the,first_noun,-3.1565606594085693,-2.790517807006836,0.3660428524017334,passive,1.0
1989,role_labeled,no_prime_eos,no_prime_eos,,a student teaches a teacher .,a teacher is taught by a student .,a,student,a,teacher,teach,teaches,taught,"[""VERB=teach"", ""AGENT=student"", ""PATIENT=teacher""]","Event roles: VERB=teach; AGENT=student; PATIENT=teacher
Sentence: the",Sentence: the,first_noun,-3.2224583625793457,-3.0939855575561523,0.12847280502319336,passive,1.0
1989,role_labeled,filler,filler,The painter waited near the doorway .,a student teaches a teacher .,a teacher is taught by a student .,a,student,a,teacher,teach,teaches,taught,"[""VERB=teach"", ""AGENT=student"", ""PATIENT=teacher""]","Prime sentence: The painter waited near the doorway .
Event roles: VERB=teach; AGENT=student; PATIENT=teacher
Sentence: the",Sentence: the,first_noun,-3.0177419185638428,-2.341942071914673,0.6757998466491699,passive,1.0
1990,role_labeled,active,active,a boy selects a brother .,a nurse selects an opponent .,an opponent is selected by a nurse .,a,nurse,an,opponent,select,selects,selected,"[""PATIENT=opponent"", ""VERB=select"", ""AGENT=nurse""]","Prime sentence: a boy selects a brother .
Event roles: PATIENT=opponent; VERB=select; AGENT=nurse
Sentence: the",Sentence: the,first_noun,-3.7004871368408203,-6.461806297302246,-2.761319160461426,active,0.0
1990,role_labeled,passive,passive,a brother is selected by a boy .,a nurse selects an opponent .,an opponent is selected by a nurse .,a,nurse,an,opponent,select,selects,selected,"[""PATIENT=opponent"", ""VERB=select"", ""AGENT=nurse""]","Prime sentence: a brother is selected by a boy .
Event roles: PATIENT=opponent; VERB=select; AGENT=nurse
Sentence: the",Sentence: the,first_noun,-3.5623819828033447,-6.703771591186523,-3.1413896083831787,active,0.0
1990,role_labeled,no_prime_eos,no_prime_eos,,a nurse selects an opponent .,an opponent is selected by a nurse .,a,nurse,an,opponent,select,selects,selected,"[""PATIENT=opponent"", ""VERB=select"", ""AGENT=nurse""]","Event roles: PATIENT=opponent; VERB=select; AGENT=nurse
Sentence: the",Sentence: the,first_noun,-3.036257743835449,-5.585629940032959,-2.5493721961975098,active,0.0
1990,role_labeled,filler,filler,The painter waited near the doorway .,a nurse selects an opponent .,an opponent is selected by a nurse .,a,nurse,an,opponent,select,selects,selected,"[""PATIENT=opponent"", ""VERB=select"", ""AGENT=nurse""]","Prime sentence: The painter waited near the doorway .
Event roles: PATIENT=opponent; VERB=select; AGENT=nurse
Sentence: the",Sentence: the,first_noun,-2.974264144897461,-7.377594947814941,-4.4033308029174805,active,0.0
1991,role_labeled,active,active,a champion carries a chief .,a pilot carries a president .,a president is carried by a pilot .,a,pilot,a,president,carry,carries,carried,"[""PATIENT=president"", ""AGENT=pilot"", ""VERB=carry""]","Prime sentence: a champion carries a chief .
Event roles: PATIENT=president; AGENT=pilot; VERB=carry
Sentence: the",Sentence: the,first_noun,-4.509687900543213,-3.905287265777588,0.604400634765625,passive,1.0
1991,role_labeled,passive,passive,a chief is carried by a champion .,a pilot carries a president .,a president is carried by a pilot .,a,pilot,a,president,carry,carries,carried,"[""PATIENT=president"", ""AGENT=pilot"", ""VERB=carry""]","Prime sentence: a chief is carried by a champion .
Event roles: PATIENT=president; AGENT=pilot; VERB=carry
Sentence: the",Sentence: the,first_noun,-4.5530266761779785,-4.023591995239258,0.5294346809387207,passive,1.0
1991,role_labeled,no_prime_eos,no_prime_eos,,a pilot carries a president .,a president is carried by a pilot .,a,pilot,a,president,carry,carries,carried,"[""PATIENT=president"", ""AGENT=pilot"", ""VERB=carry""]","Event roles: PATIENT=president; AGENT=pilot; VERB=carry
Sentence: the",Sentence: the,first_noun,-2.6367759704589844,-3.741323471069336,-1.1045475006103516,active,0.0
1991,role_labeled,filler,filler,The signal flickered across the screen .,a pilot carries a president .,a president is carried by a pilot .,a,pilot,a,president,carry,carries,carried,"[""PATIENT=president"", ""AGENT=pilot"", ""VERB=carry""]","Prime sentence: The signal flickered across the screen .
Event roles: PATIENT=president; AGENT=pilot; VERB=carry
Sentence: the",Sentence: the,first_noun,-2.739511251449585,-4.708041191101074,-1.9685299396514893,active,0.0
1992,role_labeled,active,active,an author discovers a bishop .,a minister discovers a mother .,a mother is discovered by a minister .,a,minister,a,mother,discover,discovers,discovered,"[""AGENT=minister"", ""VERB=discover"", ""PATIENT=mother""]","Prime sentence: an author discovers a bishop .
Event roles: AGENT=minister; VERB=discover; PATIENT=mother
Sentence: the",Sentence: the,first_noun,-4.0929436683654785,-5.147904872894287,-1.0549612045288086,active,0.0
1992,role_labeled,passive,passive,a bishop is discovered by an author .,a minister discovers a mother .,a mother is discovered by a minister .,a,minister,a,mother,discover,discovers,discovered,"[""AGENT=minister"", ""VERB=discover"", ""PATIENT=mother""]","Prime sentence: a bishop is discovered by an author .
Event roles: AGENT=minister; VERB=discover; PATIENT=mother
Sentence: the",Sentence: the,first_noun,-4.2381591796875,-5.003674507141113,-0.7655153274536133,active,0.0
1992,role_labeled,no_prime_eos,no_prime_eos,,a minister discovers a mother .,a mother is discovered by a minister .,a,minister,a,mother,discover,discovers,discovered,"[""AGENT=minister"", ""VERB=discover"", ""PATIENT=mother""]","Event roles: AGENT=minister; VERB=discover; PATIENT=mother
Sentence: the",Sentence: the,first_noun,-3.8144259452819824,-4.224056720733643,-0.40963077545166016,active,0.0
1992,role_labeled,filler,filler,The notebook stayed on the shelf .,a minister discovers a mother .,a mother is discovered by a minister .,a,minister,a,mother,discover,discovers,discovered,"[""AGENT=minister"", ""VERB=discover"", ""PATIENT=mother""]","Prime sentence: The notebook stayed on the shelf .
Event roles: AGENT=minister; VERB=discover; PATIENT=mother
Sentence: the",Sentence: the,first_noun,-6.134783744812012,-4.9395012855529785,1.1952824592590332,passive,1.0
1993,role_labeled,active,active,a president helps a priest .,a champion helps a chief .,a chief is helped by a champion .,a,champion,a,chief,help,helps,helped,"[""AGENT=champion"", ""VERB=help"", ""PATIENT=chief""]","Prime sentence: a president helps a priest .
Event roles: AGENT=champion; VERB=help; PATIENT=chief
Sentence: the",Sentence: the,first_noun,-7.173433303833008,-5.124638557434082,2.048794746398926,passive,1.0
1993,role_labeled,passive,passive,a priest is helped by a president .,a champion helps a chief .,a chief is helped by a champion .,a,champion,a,chief,help,helps,helped,"[""AGENT=champion"", ""VERB=help"", ""PATIENT=chief""]","Prime sentence: a priest is helped by a president .
Event roles: AGENT=champion; VERB=help; PATIENT=chief
Sentence: the",Sentence: the,first_noun,-6.294976711273193,-5.057399749755859,1.237576961517334,passive,1.0
1993,role_labeled,no_prime_eos,no_prime_eos,,a champion helps a chief .,a chief is helped by a champion .,a,champion,a,chief,help,helps,helped,"[""AGENT=champion"", ""VERB=help"", ""PATIENT=chief""]","Event roles: AGENT=champion; VERB=help; PATIENT=chief
Sentence: the",Sentence: the,first_noun,-4.091590404510498,-4.510194301605225,-0.41860389709472656,active,0.0
1993,role_labeled,filler,filler,The garden brightened after rain .,a champion helps a chief .,a chief is helped by a champion .,a,champion,a,chief,help,helps,helped,"[""AGENT=champion"", ""VERB=help"", ""PATIENT=chief""]","Prime sentence: The garden brightened after rain .
Event roles: AGENT=champion; VERB=help; PATIENT=chief
Sentence: the",Sentence: the,first_noun,-7.921921730041504,-6.5371809005737305,1.3847408294677734,passive,1.0
1994,role_labeled,active,active,a manager helps a mayor .,an adult helps an attorney .,an attorney is helped by an adult .,an,adult,an,attorney,help,helps,helped,"[""VERB=help"", ""PATIENT=attorney"", ""AGENT=adult""]","Prime sentence: a manager helps a mayor .
Event roles: VERB=help; PATIENT=attorney; AGENT=adult
Sentence: the",Sentence: the,first_noun,-6.400162696838379,-6.274345874786377,0.12581682205200195,passive,1.0
1994,role_labeled,passive,passive,a mayor is helped by a manager .,an adult helps an attorney .,an attorney is helped by an adult .,an,adult,an,attorney,help,helps,helped,"[""VERB=help"", ""PATIENT=attorney"", ""AGENT=adult""]","Prime sentence: a mayor is helped by a manager .
Event roles: VERB=help; PATIENT=attorney; AGENT=adult
Sentence: the",Sentence: the,first_noun,-6.334414482116699,-6.233339309692383,0.1010751724243164,passive,1.0
1994,role_labeled,no_prime_eos,no_prime_eos,,an adult helps an attorney .,an attorney is helped by an adult .,an,adult,an,attorney,help,helps,helped,"[""VERB=help"", ""PATIENT=attorney"", ""AGENT=adult""]","Event roles: VERB=help; PATIENT=attorney; AGENT=adult
Sentence: the",Sentence: the,first_noun,-4.842243194580078,-6.77570104598999,-1.933457851409912,active,0.0
1994,role_labeled,filler,filler,The radio crackled in the attic .,an adult helps an attorney .,an attorney is helped by an adult .,an,adult,an,attorney,help,helps,helped,"[""VERB=help"", ""PATIENT=attorney"", ""AGENT=adult""]","Prime sentence: The radio crackled in the attic .
Event roles: VERB=help; PATIENT=attorney; AGENT=adult
Sentence: the",Sentence: the,first_noun,-6.243319988250732,-6.781111717224121,-0.5377917289733887,active,0.0
1995,role_labeled,active,active,a pilot embraces a president .,a captain embraces a champion .,a champion is embraced by a captain .,a,captain,a,champion,embrac,embraces,embraced,"[""VERB=embrac"", ""PATIENT=champion"", ""AGENT=captain""]","Prime sentence: a pilot embraces a president .
Event roles: VERB=embrac; PATIENT=champion; AGENT=captain
Sentence: the",Sentence: the,first_noun,-4.718518257141113,-7.4542131423950195,-2.7356948852539062,active,0.0
1995,role_labeled,passive,passive,a president is embraced by a pilot .,a captain embraces a champion .,a champion is embraced by a captain .,a,captain,a,champion,embrac,embraces,embraced,"[""VERB=embrac"", ""PATIENT=champion"", ""AGENT=captain""]","Prime sentence: a president is embraced by a pilot .
Event roles: VERB=embrac; PATIENT=champion; AGENT=captain
Sentence: the",Sentence: the,first_noun,-4.71454381942749,-7.535672187805176,-2.8211283683776855,active,0.0
1995,role_labeled,no_prime_eos,no_prime_eos,,a captain embraces a champion .,a champion is embraced by a captain .,a,captain,a,champion,embrac,embraces,embraced,"[""VERB=embrac"", ""PATIENT=champion"", ""AGENT=captain""]","Event roles: VERB=embrac; PATIENT=champion; AGENT=captain
Sentence: the",Sentence: the,first_noun,-3.83304762840271,-5.721500396728516,-1.8884527683258057,active,0.0
1995,role_labeled,filler,filler,The signal flickered across the screen .,a captain embraces a champion .,a champion is embraced by a captain .,a,captain,a,champion,embrac,embraces,embraced,"[""VERB=embrac"", ""PATIENT=champion"", ""AGENT=captain""]","Prime sentence: The signal flickered across the screen .
Event roles: VERB=embrac; PATIENT=champion; AGENT=captain
Sentence: the",Sentence: the,first_noun,-3.80997896194458,-5.969377040863037,-2.159398078918457,active,0.0
1996,role_labeled,active,active,a secretary judges a sheriff .,a doctor judges an employee .,an employee is judged by a doctor .,a,doctor,an,employee,judg,judges,judged,"[""PATIENT=employee"", ""VERB=judg"", ""AGENT=doctor""]","Prime sentence: a secretary judges a sheriff .
Event roles: PATIENT=employee; VERB=judg; AGENT=doctor
Sentence: the",Sentence: the,first_noun,-3.143656015396118,-4.963417053222656,-1.819761037826538,active,0.0
1996,role_labeled,passive,passive,a sheriff is judged by a secretary .,a doctor judges an employee .,an employee is judged by a doctor .,a,doctor,an,employee,judg,judges,judged,"[""PATIENT=employee"", ""VERB=judg"", ""AGENT=doctor""]","Prime sentence: a sheriff is judged by a secretary .
Event roles: PATIENT=employee; VERB=judg; AGENT=doctor
Sentence: the",Sentence: the,first_noun,-3.1049957275390625,-4.920548439025879,-1.8155527114868164,active,0.0
1996,role_labeled,no_prime_eos,no_prime_eos,,a doctor judges an employee .,an employee is judged by a doctor .,a,doctor,an,employee,judg,judges,judged,"[""PATIENT=employee"", ""VERB=judg"", ""AGENT=doctor""]","Event roles: PATIENT=employee; VERB=judg; AGENT=doctor
Sentence: the",Sentence: the,first_noun,-2.948665142059326,-4.7082200050354,-1.7595548629760742,active,0.0
1996,role_labeled,filler,filler,The baker laughed during breakfast .,a doctor judges an employee .,an employee is judged by a doctor .,a,doctor,an,employee,judg,judges,judged,"[""PATIENT=employee"", ""VERB=judg"", ""AGENT=doctor""]","Prime sentence: The baker laughed during breakfast .
Event roles: PATIENT=employee; VERB=judg; AGENT=doctor
Sentence: the",Sentence: the,first_noun,-2.46467924118042,-5.053640365600586,-2.588961124420166,active,0.0
1997,role_labeled,active,active,a singer grabs a soldier .,an employer grabs a father .,a father is grabbed by an employer .,an,employer,a,father,grab,grabs,grabbed,"[""VERB=grab"", ""PATIENT=father"", ""AGENT=employer""]","Prime sentence: a singer grabs a soldier .
Event roles: VERB=grab; PATIENT=father; AGENT=employer
Sentence: the",Sentence: the,first_noun,-8.000162124633789,-4.525571823120117,3.474590301513672,passive,1.0
1997,role_labeled,passive,passive,a soldier is grabbed by a singer .,an employer grabs a father .,a father is grabbed by an employer .,an,employer,a,father,grab,grabs,grabbed,"[""VERB=grab"", ""PATIENT=father"", ""AGENT=employer""]","Prime sentence: a soldier is grabbed by a singer .
Event roles: VERB=grab; PATIENT=father; AGENT=employer
Sentence: the",Sentence: the,first_noun,-7.422757148742676,-4.63937520980835,2.783381938934326,passive,1.0
1997,role_labeled,no_prime_eos,no_prime_eos,,an employer grabs a father .,a father is grabbed by an employer .,an,employer,a,father,grab,grabs,grabbed,"[""VERB=grab"", ""PATIENT=father"", ""AGENT=employer""]","Event roles: VERB=grab; PATIENT=father; AGENT=employer
Sentence: the",Sentence: the,first_noun,-6.035384654998779,-4.83112907409668,1.2042555809020996,passive,1.0
1997,role_labeled,filler,filler,The singer smiled after rehearsal .,an employer grabs a father .,a father is grabbed by an employer .,an,employer,a,father,grab,grabs,grabbed,"[""VERB=grab"", ""PATIENT=father"", ""AGENT=employer""]","Prime sentence: The singer smiled after rehearsal .
Event roles: VERB=grab; PATIENT=father; AGENT=employer
Sentence: the",Sentence: the,first_noun,-8.229446411132812,-4.831713676452637,3.397732734680176,passive,1.0
1998,role_labeled,active,active,a cousin selects a daughter .,a professor selects a reader .,a reader is selected by a professor .,a,professor,a,reader,select,selects,selected,"[""VERB=select"", ""PATIENT=reader"", ""AGENT=professor""]","Prime sentence: a cousin selects a daughter .
Event roles: VERB=select; PATIENT=reader; AGENT=professor
Sentence: the",Sentence: the,first_noun,-3.6410200595855713,-6.012560844421387,-2.3715407848358154,active,0.0
1998,role_labeled,passive,passive,a daughter is selected by a cousin .,a professor selects a reader .,a reader is selected by a professor .,a,professor,a,reader,select,selects,selected,"[""VERB=select"", ""PATIENT=reader"", ""AGENT=professor""]","Prime sentence: a daughter is selected by a cousin .
Event roles: VERB=select; PATIENT=reader; AGENT=professor
Sentence: the",Sentence: the,first_noun,-3.7098193168640137,-6.1976189613342285,-2.487799644470215,active,0.0
1998,role_labeled,no_prime_eos,no_prime_eos,,a professor selects a reader .,a reader is selected by a professor .,a,professor,a,reader,select,selects,selected,"[""VERB=select"", ""PATIENT=reader"", ""AGENT=professor""]","Event roles: VERB=select; PATIENT=reader; AGENT=professor
Sentence: the",Sentence: the,first_noun,-4.230693340301514,-5.768651962280273,-1.5379586219787598,active,0.0
1998,role_labeled,filler,filler,The lantern glowed near sunset .,a professor selects a reader .,a reader is selected by a professor .,a,professor,a,reader,select,selects,selected,"[""VERB=select"", ""PATIENT=reader"", ""AGENT=professor""]","Prime sentence: The lantern glowed near sunset .
Event roles: VERB=select; PATIENT=reader; AGENT=professor
Sentence: the",Sentence: the,first_noun,-4.774956226348877,-8.142471313476562,-3.3675150871276855,active,0.0
1999,role_labeled,active,active,a pilot destroys a president .,a captain destroys a champion .,a champion is destroyed by a captain .,a,captain,a,champion,destroy,destroys,destroyed,"[""AGENT=captain"", ""VERB=destroy"", ""PATIENT=champion""]","Prime sentence: a pilot destroys a president .
Event roles: AGENT=captain; VERB=destroy; PATIENT=champion
Sentence: the",Sentence: the,first_noun,-3.3738198280334473,-7.2565226554870605,-3.8827028274536133,active,0.0
1999,role_labeled,passive,passive,a president is destroyed by a pilot .,a captain destroys a champion .,a champion is destroyed by a captain .,a,captain,a,champion,destroy,destroys,destroyed,"[""AGENT=captain"", ""VERB=destroy"", ""PATIENT=champion""]","Prime sentence: a president is destroyed by a pilot .
Event roles: AGENT=captain; VERB=destroy; PATIENT=champion
Sentence: the",Sentence: the,first_noun,-3.86043643951416,-7.7545342445373535,-3.8940978050231934,active,0.0
1999,role_labeled,no_prime_eos,no_prime_eos,,a captain destroys a champion .,a champion is destroyed by a captain .,a,captain,a,champion,destroy,destroys,destroyed,"[""AGENT=captain"", ""VERB=destroy"", ""PATIENT=champion""]","Event roles: AGENT=captain; VERB=destroy; PATIENT=champion
Sentence: the",Sentence: the,first_noun,-2.77587628364563,-5.1868696212768555,-2.4109933376312256,active,0.0
1999,role_labeled,filler,filler,The blanket dried on the line .,a captain destroys a champion .,a champion is destroyed by a captain .,a,captain,a,champion,destroy,destroys,destroyed,"[""AGENT=captain"", ""VERB=destroy"", ""PATIENT=champion""]","Prime sentence: The blanket dried on the line .
Event roles: AGENT=captain; VERB=destroy; PATIENT=champion
Sentence: the",Sentence: the,first_noun,-4.510406970977783,-6.3970489501953125,-1.8866419792175293,active,0.0
2000,role_labeled,active,active,a teacher washes an uncle .,a guest washes a guy .,a guy is washed by a guest .,a,guest,a,guy,wash,washes,washed,"[""AGENT=guest"", ""PATIENT=guy"", ""VERB=wash""]","Prime sentence: a teacher washes an uncle .
Event roles: AGENT=guest; PATIENT=guy; VERB=wash
Sentence: the",Sentence: the,first_noun,-5.8914289474487305,-4.0758056640625,1.8156232833862305,passive,1.0
2000,role_labeled,passive,passive,an uncle is washed by a teacher .,a guest washes a guy .,a guy is washed by a guest .,a,guest,a,guy,wash,washes,washed,"[""AGENT=guest"", ""PATIENT=guy"", ""VERB=wash""]","Prime sentence: an uncle is washed by a teacher .
Event roles: AGENT=guest; PATIENT=guy; VERB=wash
Sentence: the",Sentence: the,first_noun,-5.903326988220215,-4.3619279861450195,1.5413990020751953,passive,1.0
2000,role_labeled,no_prime_eos,no_prime_eos,,a guest washes a guy .,a guy is washed by a guest .,a,guest,a,guy,wash,washes,washed,"[""AGENT=guest"", ""PATIENT=guy"", ""VERB=wash""]","Event roles: AGENT=guest; PATIENT=guy; VERB=wash
Sentence: the",Sentence: the,first_noun,-4.7238969802856445,-3.9830987453460693,0.7407982349395752,passive,1.0
2000,role_labeled,filler,filler,The garden brightened after rain .,a guest washes a guy .,a guy is washed by a guest .,a,guest,a,guy,wash,washes,washed,"[""AGENT=guest"", ""PATIENT=guy"", ""VERB=wash""]","Prime sentence: The garden brightened after rain .
Event roles: AGENT=guest; PATIENT=guy; VERB=wash
Sentence: the",Sentence: the,first_noun,-6.540583610534668,-5.877135753631592,0.6634478569030762,passive,1.0
2001,role_labeled,active,active,a guy judges a hero .,a teacher judges an uncle .,an uncle is judged by a teacher .,a,teacher,an,uncle,judg,judges,judged,"[""PATIENT=uncle"", ""VERB=judg"", ""AGENT=teacher""]","Prime sentence: a guy judges a hero .
Event roles: PATIENT=uncle; VERB=judg; AGENT=teacher
Sentence: the",Sentence: the,first_noun,-4.3340301513671875,-6.64605712890625,-2.3120269775390625,active,0.0
2001,role_labeled,passive,passive,a hero is judged by a guy .,a teacher judges an uncle .,an uncle is judged by a teacher .,a,teacher,an,uncle,judg,judges,judged,"[""PATIENT=uncle"", ""VERB=judg"", ""AGENT=teacher""]","Prime sentence: a hero is judged by a guy .
Event roles: PATIENT=uncle; VERB=judg; AGENT=teacher
Sentence: the",Sentence: the,first_noun,-4.297539710998535,-6.168619155883789,-1.871079444885254,active,0.0
2001,role_labeled,no_prime_eos,no_prime_eos,,a teacher judges an uncle .,an uncle is judged by a teacher .,a,teacher,an,uncle,judg,judges,judged,"[""PATIENT=uncle"", ""VERB=judg"", ""AGENT=teacher""]","Event roles: PATIENT=uncle; VERB=judg; AGENT=teacher
Sentence: the",Sentence: the,first_noun,-3.1805179119110107,-7.046125888824463,-3.865607976913452,active,0.0
2001,role_labeled,filler,filler,The jacket hung behind the chair .,a teacher judges an uncle .,an uncle is judged by a teacher .,a,teacher,an,uncle,judg,judges,judged,"[""PATIENT=uncle"", ""VERB=judg"", ""AGENT=teacher""]","Prime sentence: The jacket hung behind the chair .
Event roles: PATIENT=uncle; VERB=judg; AGENT=teacher
Sentence: the",Sentence: the,first_noun,-3.9216458797454834,-6.324945449829102,-2.403299570083618,active,0.0
2002,role_labeled,active,active,a girl forgets a guest .,a son forgets a student .,a student is forgotten by a son .,a,son,a,student,forget,forgets,forgotten,"[""VERB=forget"", ""AGENT=son"", ""PATIENT=student""]","Prime sentence: a girl forgets a guest .
Event roles: VERB=forget; AGENT=son; PATIENT=student
Sentence: the",Sentence: the,first_noun,-5.559590816497803,-4.247391700744629,1.3121991157531738,passive,1.0
2002,role_labeled,passive,passive,a guest is forgotten by a girl .,a son forgets a student .,a student is forgotten by a son .,a,son,a,student,forget,forgets,forgotten,"[""VERB=forget"", ""AGENT=son"", ""PATIENT=student""]","Prime sentence: a guest is forgotten by a girl .
Event roles: VERB=forget; AGENT=son; PATIENT=student
Sentence: the",Sentence: the,first_noun,-5.471081733703613,-4.435253143310547,1.0358285903930664,passive,1.0
2002,role_labeled,no_prime_eos,no_prime_eos,,a son forgets a student .,a student is forgotten by a son .,a,son,a,student,forget,forgets,forgotten,"[""VERB=forget"", ""AGENT=son"", ""PATIENT=student""]","Event roles: VERB=forget; AGENT=son; PATIENT=student
Sentence: the",Sentence: the,first_noun,-5.748687744140625,-3.5772249698638916,2.1714627742767334,passive,1.0
2002,role_labeled,filler,filler,The teacher listened during assembly .,a son forgets a student .,a student is forgotten by a son .,a,son,a,student,forget,forgets,forgotten,"[""VERB=forget"", ""AGENT=son"", ""PATIENT=student""]","Prime sentence: The teacher listened during assembly .
Event roles: VERB=forget; AGENT=son; PATIENT=student
Sentence: the",Sentence: the,first_noun,-4.962809085845947,-2.9601850509643555,2.002624034881592,passive,1.0
2003,role_labeled,active,active,a friend washes a girl .,a soldier washes a son .,a son is washed by a soldier .,a,soldier,a,son,wash,washes,washed,"[""PATIENT=son"", ""VERB=wash"", ""AGENT=soldier""]","Prime sentence: a friend washes a girl .
Event roles: PATIENT=son; VERB=wash; AGENT=soldier
Sentence: the",Sentence: the,first_noun,-3.110809803009033,-4.214349269866943,-1.1035394668579102,active,0.0
2003,role_labeled,passive,passive,a girl is washed by a friend .,a soldier washes a son .,a son is washed by a soldier .,a,soldier,a,son,wash,washes,washed,"[""PATIENT=son"", ""VERB=wash"", ""AGENT=soldier""]","Prime sentence: a girl is washed by a friend .
Event roles: PATIENT=son; VERB=wash; AGENT=soldier
Sentence: the",Sentence: the,first_noun,-3.1143734455108643,-4.6424970626831055,-1.5281236171722412,active,0.0
2003,role_labeled,no_prime_eos,no_prime_eos,,a soldier washes a son .,a son is washed by a soldier .,a,soldier,a,son,wash,washes,washed,"[""PATIENT=son"", ""VERB=wash"", ""AGENT=soldier""]","Event roles: PATIENT=son; VERB=wash; AGENT=soldier
Sentence: the",Sentence: the,first_noun,-3.683032274246216,-4.233556747436523,-0.5505244731903076,active,0.0
2003,role_labeled,filler,filler,The notebook stayed on the shelf .,a soldier washes a son .,a son is washed by a soldier .,a,soldier,a,son,wash,washes,washed,"[""PATIENT=son"", ""VERB=wash"", ""AGENT=soldier""]","Prime sentence: The notebook stayed on the shelf .
Event roles: PATIENT=son; VERB=wash; AGENT=soldier
Sentence: the",Sentence: the,first_noun,-4.438384056091309,-5.387450218200684,-0.949066162109375,active,0.0
2004,role_labeled,active,active,a prince grabs a princess .,a child grabs a colonel .,a colonel is grabbed by a child .,a,child,a,colonel,grab,grabs,grabbed,"[""AGENT=child"", ""VERB=grab"", ""PATIENT=colonel""]","Prime sentence: a prince grabs a princess .
Event roles: AGENT=child; VERB=grab; PATIENT=colonel
Sentence: the",Sentence: the,first_noun,-3.8904595375061035,-4.690459728240967,-0.8000001907348633,active,0.0
2004,role_labeled,passive,passive,a princess is grabbed by a prince .,a child grabs a colonel .,a colonel is grabbed by a child .,a,child,a,colonel,grab,grabs,grabbed,"[""AGENT=child"", ""VERB=grab"", ""PATIENT=colonel""]","Prime sentence: a princess is grabbed by a prince .
Event roles: AGENT=child; VERB=grab; PATIENT=colonel
Sentence: the",Sentence: the,first_noun,-4.12870454788208,-5.25920295715332,-1.1304984092712402,active,0.0
2004,role_labeled,no_prime_eos,no_prime_eos,,a child grabs a colonel .,a colonel is grabbed by a child .,a,child,a,colonel,grab,grabs,grabbed,"[""AGENT=child"", ""VERB=grab"", ""PATIENT=colonel""]","Event roles: AGENT=child; VERB=grab; PATIENT=colonel
Sentence: the",Sentence: the,first_noun,-3.7679309844970703,-5.069707870483398,-1.3017768859863281,active,0.0
2004,role_labeled,filler,filler,The tourist wandered through the plaza .,a child grabs a colonel .,a colonel is grabbed by a child .,a,child,a,colonel,grab,grabs,grabbed,"[""AGENT=child"", ""VERB=grab"", ""PATIENT=colonel""]","Prime sentence: The tourist wandered through the plaza .
Event roles: AGENT=child; VERB=grab; PATIENT=colonel
Sentence: the",Sentence: the,first_noun,-3.5121519565582275,-5.0384626388549805,-1.526310682296753,active,0.0
2005,role_labeled,active,active,a bishop raises a boy .,a mother raises a nurse .,a nurse is raised by a mother .,a,mother,a,nurse,rais,raises,raised,"[""PATIENT=nurse"", ""VERB=rais"", ""AGENT=mother""]","Prime sentence: a bishop raises a boy .
Event roles: PATIENT=nurse; VERB=rais; AGENT=mother
Sentence: the",Sentence: the,first_noun,-3.6570146083831787,-3.7892262935638428,-0.13221168518066406,active,0.0
2005,role_labeled,passive,passive,a boy is raised by a bishop .,a mother raises a nurse .,a nurse is raised by a mother .,a,mother,a,nurse,rais,raises,raised,"[""PATIENT=nurse"", ""VERB=rais"", ""AGENT=mother""]","Prime sentence: a boy is raised by a bishop .
Event roles: PATIENT=nurse; VERB=rais; AGENT=mother
Sentence: the",Sentence: the,first_noun,-4.078373908996582,-3.9451546669006348,0.13321924209594727,passive,1.0
2005,role_labeled,no_prime_eos,no_prime_eos,,a mother raises a nurse .,a nurse is raised by a mother .,a,mother,a,nurse,rais,raises,raised,"[""PATIENT=nurse"", ""VERB=rais"", ""AGENT=mother""]","Event roles: PATIENT=nurse; VERB=rais; AGENT=mother
Sentence: the",Sentence: the,first_noun,-3.5654850006103516,-3.4492058753967285,0.11627912521362305,passive,1.0
2005,role_labeled,filler,filler,The jacket hung behind the chair .,a mother raises a nurse .,a nurse is raised by a mother .,a,mother,a,nurse,rais,raises,raised,"[""PATIENT=nurse"", ""VERB=rais"", ""AGENT=mother""]","Prime sentence: The jacket hung behind the chair .
Event roles: PATIENT=nurse; VERB=rais; AGENT=mother
Sentence: the",Sentence: the,first_noun,-4.484455108642578,-2.899386167526245,1.585068941116333,passive,1.0
2006,role_labeled,active,active,a leader follows a man .,an actor follows an actress .,an actress is followed by an actor .,an,actor,an,actress,follow,follows,followed,"[""AGENT=actor"", ""VERB=follow"", ""PATIENT=actress""]","Prime sentence: a leader follows a man .
Event roles: AGENT=actor; VERB=follow; PATIENT=actress
Sentence: the",Sentence: the,first_noun,-4.773009777069092,-7.058154106140137,-2.285144329071045,active,0.0
2006,role_labeled,passive,passive,a man is followed by a leader .,an actor follows an actress .,an actress is followed by an actor .,an,actor,an,actress,follow,follows,followed,"[""AGENT=actor"", ""VERB=follow"", ""PATIENT=actress""]","Prime sentence: a man is followed by a leader .
Event roles: AGENT=actor; VERB=follow; PATIENT=actress
Sentence: the",Sentence: the,first_noun,-4.799444198608398,-7.124848365783691,-2.325404167175293,active,0.0
2006,role_labeled,no_prime_eos,no_prime_eos,,an actor follows an actress .,an actress is followed by an actor .,an,actor,an,actress,follow,follows,followed,"[""AGENT=actor"", ""VERB=follow"", ""PATIENT=actress""]","Event roles: AGENT=actor; VERB=follow; PATIENT=actress
Sentence: the",Sentence: the,first_noun,-3.58195161819458,-5.818759918212891,-2.2368083000183105,active,0.0
2006,role_labeled,filler,filler,The pillow rested on the sofa .,an actor follows an actress .,an actress is followed by an actor .,an,actor,an,actress,follow,follows,followed,"[""AGENT=actor"", ""VERB=follow"", ""PATIENT=actress""]","Prime sentence: The pillow rested on the sofa .
Event roles: AGENT=actor; VERB=follow; PATIENT=actress
Sentence: the",Sentence: the,first_noun,-6.521636009216309,-7.535600662231445,-1.0139646530151367,active,0.0
2007,role_labeled,active,active,a leader drags a man .,an actor drags an actress .,an actress is dragged by an actor .,an,actor,an,actress,drag,drags,dragged,"[""VERB=drag"", ""AGENT=actor"", ""PATIENT=actress""]","Prime sentence: a leader drags a man .
Event roles: VERB=drag; AGENT=actor; PATIENT=actress
Sentence: the",Sentence: the,first_noun,-5.394142150878906,-7.231107711791992,-1.836965560913086,active,0.0
2007,role_labeled,passive,passive,a man is dragged by a leader .,an actor drags an actress .,an actress is dragged by an actor .,an,actor,an,actress,drag,drags,dragged,"[""VERB=drag"", ""AGENT=actor"", ""PATIENT=actress""]","Prime sentence: a man is dragged by a leader .
Event roles: VERB=drag; AGENT=actor; PATIENT=actress
Sentence: the",Sentence: the,first_noun,-5.320066452026367,-7.236697196960449,-1.916630744934082,active,0.0
2007,role_labeled,no_prime_eos,no_prime_eos,,an actor drags an actress .,an actress is dragged by an actor .,an,actor,an,actress,drag,drags,dragged,"[""VERB=drag"", ""AGENT=actor"", ""PATIENT=actress""]","Event roles: VERB=drag; AGENT=actor; PATIENT=actress
Sentence: the",Sentence: the,first_noun,-4.335119724273682,-6.371575355529785,-2.0364556312561035,active,0.0
2007,role_labeled,filler,filler,The captain waited beside the harbor .,an actor drags an actress .,an actress is dragged by an actor .,an,actor,an,actress,drag,drags,dragged,"[""VERB=drag"", ""AGENT=actor"", ""PATIENT=actress""]","Prime sentence: The captain waited beside the harbor .
Event roles: VERB=drag; AGENT=actor; PATIENT=actress
Sentence: the",Sentence: the,first_noun,-7.1239118576049805,-7.693181991577148,-0.569270133972168,active,0.0
2008,role_labeled,active,active,a professor carries a reader .,a cop carries a cousin .,a cousin is carried by a cop .,a,cop,a,cousin,carry,carries,carried,"[""PATIENT=cousin"", ""VERB=carry"", ""AGENT=cop""]","Prime sentence: a professor carries a reader .
Event roles: PATIENT=cousin; VERB=carry; AGENT=cop
Sentence: the",Sentence: the,first_noun,-5.684237480163574,-8.069114685058594,-2.3848772048950195,active,0.0
2008,role_labeled,passive,passive,a reader is carried by a professor .,a cop carries a cousin .,a cousin is carried by a cop .,a,cop,a,cousin,carry,carries,carried,"[""PATIENT=cousin"", ""VERB=carry"", ""AGENT=cop""]","Prime sentence: a reader is carried by a professor .
Event roles: PATIENT=cousin; VERB=carry; AGENT=cop
Sentence: the",Sentence: the,first_noun,-6.34536075592041,-8.649770736694336,-2.304409980773926,active,0.0
2008,role_labeled,no_prime_eos,no_prime_eos,,a cop carries a cousin .,a cousin is carried by a cop .,a,cop,a,cousin,carry,carries,carried,"[""PATIENT=cousin"", ""VERB=carry"", ""AGENT=cop""]","Event roles: PATIENT=cousin; VERB=carry; AGENT=cop
Sentence: the",Sentence: the,first_noun,-5.5251288414001465,-7.879499435424805,-2.354370594024658,active,0.0
2008,role_labeled,filler,filler,The package arrived before noon .,a cop carries a cousin .,a cousin is carried by a cop .,a,cop,a,cousin,carry,carries,carried,"[""PATIENT=cousin"", ""VERB=carry"", ""AGENT=cop""]","Prime sentence: The package arrived before noon .
Event roles: PATIENT=cousin; VERB=carry; AGENT=cop
Sentence: the",Sentence: the,first_noun,-7.1731858253479,-7.915247917175293,-0.7420620918273926,active,0.0
2009,role_labeled,active,active,a doctor washes an employee .,a scientist washes a secretary .,a secretary is washed by a scientist .,a,scientist,a,secretary,wash,washes,washed,"[""AGENT=scientist"", ""VERB=wash"", ""PATIENT=secretary""]","Prime sentence: a doctor washes an employee .
Event roles: AGENT=scientist; VERB=wash; PATIENT=secretary
Sentence: the",Sentence: the,first_noun,-4.055367946624756,-5.556308269500732,-1.5009403228759766,active,0.0
2009,role_labeled,passive,passive,an employee is washed by a doctor .,a scientist washes a secretary .,a secretary is washed by a scientist .,a,scientist,a,secretary,wash,washes,washed,"[""AGENT=scientist"", ""VERB=wash"", ""PATIENT=secretary""]","Prime sentence: an employee is washed by a doctor .
Event roles: AGENT=scientist; VERB=wash; PATIENT=secretary
Sentence: the",Sentence: the,first_noun,-4.013843536376953,-5.780392646789551,-1.7665491104125977,active,0.0
2009,role_labeled,no_prime_eos,no_prime_eos,,a scientist washes a secretary .,a secretary is washed by a scientist .,a,scientist,a,secretary,wash,washes,washed,"[""AGENT=scientist"", ""VERB=wash"", ""PATIENT=secretary""]","Event roles: AGENT=scientist; VERB=wash; PATIENT=secretary
Sentence: the",Sentence: the,first_noun,-4.347654819488525,-6.8003668785095215,-2.452712059020996,active,0.0
2009,role_labeled,filler,filler,The painter waited near the doorway .,a scientist washes a secretary .,a secretary is washed by a scientist .,a,scientist,a,secretary,wash,washes,washed,"[""AGENT=scientist"", ""VERB=wash"", ""PATIENT=secretary""]","Prime sentence: The painter waited near the doorway .
Event roles: AGENT=scientist; VERB=wash; PATIENT=secretary
Sentence: the",Sentence: the,first_noun,-3.5392770767211914,-5.282005310058594,-1.7427282333374023,active,0.0
2010,role_labeled,active,active,a lawyer raises a leader .,a writer raises an actor .,an actor is raised by a writer .,a,writer,an,actor,rais,raises,raised,"[""PATIENT=actor"", ""VERB=rais"", ""AGENT=writer""]","Prime sentence: a lawyer raises a leader .
Event roles: PATIENT=actor; VERB=rais; AGENT=writer
Sentence: the",Sentence: the,first_noun,-5.57096529006958,-3.8563642501831055,1.7146010398864746,passive,1.0
2010,role_labeled,passive,passive,a leader is raised by a lawyer .,a writer raises an actor .,an actor is raised by a writer .,a,writer,an,actor,rais,raises,raised,"[""PATIENT=actor"", ""VERB=rais"", ""AGENT=writer""]","Prime sentence: a leader is raised by a lawyer .
Event roles: PATIENT=actor; VERB=rais; AGENT=writer
Sentence: the",Sentence: the,first_noun,-6.182090759277344,-4.664608001708984,1.5174827575683594,passive,1.0
2010,role_labeled,no_prime_eos,no_prime_eos,,a writer raises an actor .,an actor is raised by a writer .,a,writer,an,actor,rais,raises,raised,"[""PATIENT=actor"", ""VERB=rais"", ""AGENT=writer""]","Event roles: PATIENT=actor; VERB=rais; AGENT=writer
Sentence: the",Sentence: the,first_noun,-5.318474292755127,-4.610723495483398,0.7077507972717285,passive,1.0
2010,role_labeled,filler,filler,The radio crackled in the attic .,a writer raises an actor .,an actor is raised by a writer .,a,writer,an,actor,rais,raises,raised,"[""PATIENT=actor"", ""VERB=rais"", ""AGENT=writer""]","Prime sentence: The radio crackled in the attic .
Event roles: PATIENT=actor; VERB=rais; AGENT=writer
Sentence: the",Sentence: the,first_noun,-7.578413963317871,-6.858318328857422,0.7200956344604492,passive,1.0
2011,role_labeled,active,active,a minister raises a mother .,an aunt raises an author .,an author is raised by an aunt .,an,aunt,an,author,rais,raises,raised,"[""AGENT=aunt"", ""VERB=rais"", ""PATIENT=author""]","Prime sentence: a minister raises a mother .
Event roles: AGENT=aunt; VERB=rais; PATIENT=author
Sentence: the",Sentence: the,first_noun,-5.098906517028809,-6.130801200866699,-1.0318946838378906,active,0.0
2011,role_labeled,passive,passive,a mother is raised by a minister .,an aunt raises an author .,an author is raised by an aunt .,an,aunt,an,author,rais,raises,raised,"[""AGENT=aunt"", ""VERB=rais"", ""PATIENT=author""]","Prime sentence: a mother is raised by a minister .
Event roles: AGENT=aunt; VERB=rais; PATIENT=author
Sentence: the",Sentence: the,first_noun,-5.909365653991699,-6.007442474365234,-0.09807682037353516,active,0.0
2011,role_labeled,no_prime_eos,no_prime_eos,,an aunt raises an author .,an author is raised by an aunt .,an,aunt,an,author,rais,raises,raised,"[""AGENT=aunt"", ""VERB=rais"", ""PATIENT=author""]","Event roles: AGENT=aunt; VERB=rais; PATIENT=author
Sentence: the",Sentence: the,first_noun,-8.698212623596191,-4.500554084777832,4.197658538818359,passive,1.0
2011,role_labeled,filler,filler,The baker laughed during breakfast .,an aunt raises an author .,an author is raised by an aunt .,an,aunt,an,author,rais,raises,raised,"[""AGENT=aunt"", ""VERB=rais"", ""PATIENT=author""]","Prime sentence: The baker laughed during breakfast .
Event roles: AGENT=aunt; VERB=rais; PATIENT=author
Sentence: the",Sentence: the,first_noun,-5.10689640045166,-6.180633068084717,-1.0737366676330566,active,0.0
2012,role_labeled,active,active,a student selects a teacher .,a girl selects a guest .,a guest is selected by a girl .,a,girl,a,guest,select,selects,selected,"[""AGENT=girl"", ""PATIENT=guest"", ""VERB=select""]","Prime sentence: a student selects a teacher .
Event roles: AGENT=girl; PATIENT=guest; VERB=select
Sentence: the",Sentence: the,first_noun,-1.4310320615768433,-5.057989120483398,-3.626957058906555,active,0.0
2012,role_labeled,passive,passive,a teacher is selected by a student .,a girl selects a guest .,a guest is selected by a girl .,a,girl,a,guest,select,selects,selected,"[""AGENT=girl"", ""PATIENT=guest"", ""VERB=select""]","Prime sentence: a teacher is selected by a student .
Event roles: AGENT=girl; PATIENT=guest; VERB=select
Sentence: the",Sentence: the,first_noun,-2.1573424339294434,-5.600465297698975,-3.4431228637695312,active,0.0
2012,role_labeled,no_prime_eos,no_prime_eos,,a girl selects a guest .,a guest is selected by a girl .,a,girl,a,guest,select,selects,selected,"[""AGENT=girl"", ""PATIENT=guest"", ""VERB=select""]","Event roles: AGENT=girl; PATIENT=guest; VERB=select
Sentence: the",Sentence: the,first_noun,-2.2030844688415527,-4.541475296020508,-2.338390827178955,active,0.0
2012,role_labeled,filler,filler,The painter waited near the doorway .,a girl selects a guest .,a guest is selected by a girl .,a,girl,a,guest,select,selects,selected,"[""AGENT=girl"", ""PATIENT=guest"", ""VERB=select""]","Prime sentence: The painter waited near the doorway .
Event roles: AGENT=girl; PATIENT=guest; VERB=select
Sentence: the",Sentence: the,first_noun,-2.5516600608825684,-4.841431140899658,-2.28977108001709,active,0.0
2013,role_labeled,active,active,a kid bothers a king .,a winner bothers a woman .,a woman is bothered by a winner .,a,winner,a,woman,bother,bothers,bothered,"[""VERB=bother"", ""PATIENT=woman"", ""AGENT=winner""]","Prime sentence: a kid bothers a king .
Event roles: VERB=bother; PATIENT=woman; AGENT=winner
Sentence: the",Sentence: the,first_noun,-7.037348747253418,-4.967818260192871,2.069530487060547,passive,1.0
2013,role_labeled,passive,passive,a king is bothered by a kid .,a winner bothers a woman .,a woman is bothered by a winner .,a,winner,a,woman,bother,bothers,bothered,"[""VERB=bother"", ""PATIENT=woman"", ""AGENT=winner""]","Prime sentence: a king is bothered by a kid .
Event roles: VERB=bother; PATIENT=woman; AGENT=winner
Sentence: the",Sentence: the,first_noun,-6.866941452026367,-4.872876167297363,1.994065284729004,passive,1.0
2013,role_labeled,no_prime_eos,no_prime_eos,,a winner bothers a woman .,a woman is bothered by a winner .,a,winner,a,woman,bother,bothers,bothered,"[""VERB=bother"", ""PATIENT=woman"", ""AGENT=winner""]","Event roles: VERB=bother; PATIENT=woman; AGENT=winner
Sentence: the",Sentence: the,first_noun,-4.2213873863220215,-3.561767101287842,0.6596202850341797,passive,1.0
2013,role_labeled,filler,filler,The signal flickered across the screen .,a winner bothers a woman .,a woman is bothered by a winner .,a,winner,a,woman,bother,bothers,bothered,"[""VERB=bother"", ""PATIENT=woman"", ""AGENT=winner""]","Prime sentence: The signal flickered across the screen .
Event roles: VERB=bother; PATIENT=woman; AGENT=winner
Sentence: the",Sentence: the,first_noun,-6.757036209106445,-3.8242146968841553,2.93282151222229,passive,1.0
2014,role_labeled,active,active,a woman bothers a worker .,a kid bothers a king .,a king is bothered by a kid .,a,kid,a,king,bother,bothers,bothered,"[""PATIENT=king"", ""AGENT=kid"", ""VERB=bother""]","Prime sentence: a woman bothers a worker .
Event roles: PATIENT=king; AGENT=kid; VERB=bother
Sentence: the",Sentence: the,first_noun,-5.010034561157227,-3.0061404705047607,2.003894090652466,passive,1.0
2014,role_labeled,passive,passive,a worker is bothered by a woman .,a kid bothers a king .,a king is bothered by a kid .,a,kid,a,king,bother,bothers,bothered,"[""PATIENT=king"", ""AGENT=kid"", ""VERB=bother""]","Prime sentence: a worker is bothered by a woman .
Event roles: PATIENT=king; AGENT=kid; VERB=bother
Sentence: the",Sentence: the,first_noun,-5.0232648849487305,-2.3349742889404297,2.688290596008301,passive,1.0
2014,role_labeled,no_prime_eos,no_prime_eos,,a kid bothers a king .,a king is bothered by a kid .,a,kid,a,king,bother,bothers,bothered,"[""PATIENT=king"", ""AGENT=kid"", ""VERB=bother""]","Event roles: PATIENT=king; AGENT=kid; VERB=bother
Sentence: the",Sentence: the,first_noun,-5.747879981994629,-3.5118625164031982,2.2360174655914307,passive,1.0
2014,role_labeled,filler,filler,The captain waited beside the harbor .,a kid bothers a king .,a king is bothered by a kid .,a,kid,a,king,bother,bothers,bothered,"[""PATIENT=king"", ""AGENT=kid"", ""VERB=bother""]","Prime sentence: The captain waited beside the harbor .
Event roles: PATIENT=king; AGENT=kid; VERB=bother
Sentence: the",Sentence: the,first_noun,-5.136430740356445,-2.6943202018737793,2.442110538482666,passive,1.0
2015,role_labeled,active,active,a husband understands a kid .,a wife understands a winner .,a winner is understood by a wife .,a,wife,a,winner,understand,understands,understood,"[""AGENT=wife"", ""VERB=understand"", ""PATIENT=winner""]","Prime sentence: a husband understands a kid .
Event roles: AGENT=wife; VERB=understand; PATIENT=winner
Sentence: the",Sentence: the,first_noun,-3.046692371368408,-7.484203338623047,-4.437510967254639,active,0.0
2015,role_labeled,passive,passive,a kid is understood by a husband .,a wife understands a winner .,a winner is understood by a wife .,a,wife,a,winner,understand,understands,understood,"[""AGENT=wife"", ""VERB=understand"", ""PATIENT=winner""]","Prime sentence: a kid is understood by a husband .
Event roles: AGENT=wife; VERB=understand; PATIENT=winner
Sentence: the",Sentence: the,first_noun,-2.9132091999053955,-7.417017936706543,-4.5038087368011475,active,0.0
2015,role_labeled,no_prime_eos,no_prime_eos,,a wife understands a winner .,a winner is understood by a wife .,a,wife,a,winner,understand,understands,understood,"[""AGENT=wife"", ""VERB=understand"", ""PATIENT=winner""]","Event roles: AGENT=wife; VERB=understand; PATIENT=winner
Sentence: the",Sentence: the,first_noun,-2.944657802581787,-5.324151515960693,-2.3794937133789062,active,0.0
2015,role_labeled,filler,filler,The planet shimmered above the valley .,a wife understands a winner .,a winner is understood by a wife .,a,wife,a,winner,understand,understands,understood,"[""AGENT=wife"", ""VERB=understand"", ""PATIENT=winner""]","Prime sentence: The planet shimmered above the valley .
Event roles: AGENT=wife; VERB=understand; PATIENT=winner
Sentence: the",Sentence: the,first_noun,-5.180835723876953,-9.306293487548828,-4.125457763671875,active,0.0
2016,role_labeled,active,active,a child judges a colonel .,a priest judges a prince .,a prince is judged by a priest .,a,priest,a,prince,judg,judges,judged,"[""AGENT=priest"", ""VERB=judg"", ""PATIENT=prince""]","Prime sentence: a child judges a colonel .
Event roles: AGENT=priest; VERB=judg; PATIENT=prince
Sentence: the",Sentence: the,first_noun,-4.064396858215332,-4.545265197753906,-0.4808683395385742,active,0.0
2016,role_labeled,passive,passive,a colonel is judged by a child .,a priest judges a prince .,a prince is judged by a priest .,a,priest,a,prince,judg,judges,judged,"[""AGENT=priest"", ""VERB=judg"", ""PATIENT=prince""]","Prime sentence: a colonel is judged by a child .
Event roles: AGENT=priest; VERB=judg; PATIENT=prince
Sentence: the",Sentence: the,first_noun,-3.5243122577667236,-4.437853813171387,-0.9135415554046631,active,0.0
2016,role_labeled,no_prime_eos,no_prime_eos,,a priest judges a prince .,a prince is judged by a priest .,a,priest,a,prince,judg,judges,judged,"[""AGENT=priest"", ""VERB=judg"", ""PATIENT=prince""]","Event roles: AGENT=priest; VERB=judg; PATIENT=prince
Sentence: the",Sentence: the,first_noun,-3.5804758071899414,-3.9487295150756836,-0.3682537078857422,active,0.0
2016,role_labeled,filler,filler,The violin echoed in the theater .,a priest judges a prince .,a prince is judged by a priest .,a,priest,a,prince,judg,judges,judged,"[""AGENT=priest"", ""VERB=judg"", ""PATIENT=prince""]","Prime sentence: The violin echoed in the theater .
Event roles: AGENT=priest; VERB=judg; PATIENT=prince
Sentence: the",Sentence: the,first_noun,-3.958181858062744,-5.231933116912842,-1.2737512588500977,active,0.0
2017,role_labeled,active,active,a pilot hurts a president .,a captain hurts a champion .,a champion is hurt by a captain .,a,captain,a,champion,hurt,hurts,hurt,"[""VERB=hurt"", ""PATIENT=champion"", ""AGENT=captain""]","Prime sentence: a pilot hurts a president .
Event roles: VERB=hurt; PATIENT=champion; AGENT=captain
Sentence: the",Sentence: the,first_noun,-4.380073547363281,-7.384969711303711,-3.0048961639404297,active,0.0
2017,role_labeled,passive,passive,a president is hurt by a pilot .,a captain hurts a champion .,a champion is hurt by a captain .,a,captain,a,champion,hurt,hurts,hurt,"[""VERB=hurt"", ""PATIENT=champion"", ""AGENT=captain""]","Prime sentence: a president is hurt by a pilot .
Event roles: VERB=hurt; PATIENT=champion; AGENT=captain
Sentence: the",Sentence: the,first_noun,-4.0675859451293945,-7.747088432312012,-3.679502487182617,active,0.0
2017,role_labeled,no_prime_eos,no_prime_eos,,a captain hurts a champion .,a champion is hurt by a captain .,a,captain,a,champion,hurt,hurts,hurt,"[""VERB=hurt"", ""PATIENT=champion"", ""AGENT=captain""]","Event roles: VERB=hurt; PATIENT=champion; AGENT=captain
Sentence: the",Sentence: the,first_noun,-3.7043299674987793,-4.673977851867676,-0.9696478843688965,active,0.0
2017,role_labeled,filler,filler,The radio crackled in the attic .,a captain hurts a champion .,a champion is hurt by a captain .,a,captain,a,champion,hurt,hurts,hurt,"[""VERB=hurt"", ""PATIENT=champion"", ""AGENT=captain""]","Prime sentence: The radio crackled in the attic .
Event roles: VERB=hurt; PATIENT=champion; AGENT=captain
Sentence: the",Sentence: the,first_noun,-5.213406562805176,-7.735323429107666,-2.5219168663024902,active,0.0
2018,role_labeled,active,active,a lawyer chases a leader .,a writer chases an actor .,an actor is chased by a writer .,a,writer,an,actor,chas,chases,chased,"[""PATIENT=actor"", ""VERB=chas"", ""AGENT=writer""]","Prime sentence: a lawyer chases a leader .
Event roles: PATIENT=actor; VERB=chas; AGENT=writer
Sentence: the",Sentence: the,first_noun,-5.928919792175293,-4.456836700439453,1.4720830917358398,passive,1.0
2018,role_labeled,passive,passive,a leader is chased by a lawyer .,a writer chases an actor .,an actor is chased by a writer .,a,writer,an,actor,chas,chases,chased,"[""PATIENT=actor"", ""VERB=chas"", ""AGENT=writer""]","Prime sentence: a leader is chased by a lawyer .
Event roles: PATIENT=actor; VERB=chas; AGENT=writer
Sentence: the",Sentence: the,first_noun,-6.282656669616699,-4.633374214172363,1.649282455444336,passive,1.0
2018,role_labeled,no_prime_eos,no_prime_eos,,a writer chases an actor .,an actor is chased by a writer .,a,writer,an,actor,chas,chases,chased,"[""PATIENT=actor"", ""VERB=chas"", ""AGENT=writer""]","Event roles: PATIENT=actor; VERB=chas; AGENT=writer
Sentence: the",Sentence: the,first_noun,-5.179389476776123,-4.556228160858154,0.6231613159179688,passive,1.0
2018,role_labeled,filler,filler,The package arrived before noon .,a writer chases an actor .,an actor is chased by a writer .,a,writer,an,actor,chas,chases,chased,"[""PATIENT=actor"", ""VERB=chas"", ""AGENT=writer""]","Prime sentence: The package arrived before noon .
Event roles: PATIENT=actor; VERB=chas; AGENT=writer
Sentence: the",Sentence: the,first_noun,-7.346536636352539,-6.566006660461426,0.7805299758911133,passive,1.0
2019,role_labeled,active,active,a boy hurts a brother .,a nurse hurts an opponent .,an opponent is hurt by a nurse .,a,nurse,an,opponent,hurt,hurts,hurt,"[""VERB=hurt"", ""AGENT=nurse"", ""PATIENT=opponent""]","Prime sentence: a boy hurts a brother .
Event roles: VERB=hurt; AGENT=nurse; PATIENT=opponent
Sentence: the",Sentence: the,first_noun,-4.436733245849609,-7.48042631149292,-3.0436930656433105,active,0.0
2019,role_labeled,passive,passive,a brother is hurt by a boy .,a nurse hurts an opponent .,an opponent is hurt by a nurse .,a,nurse,an,opponent,hurt,hurts,hurt,"[""VERB=hurt"", ""AGENT=nurse"", ""PATIENT=opponent""]","Prime sentence: a brother is hurt by a boy .
Event roles: VERB=hurt; AGENT=nurse; PATIENT=opponent
Sentence: the",Sentence: the,first_noun,-4.319990158081055,-7.230010986328125,-2.9100208282470703,active,0.0
2019,role_labeled,no_prime_eos,no_prime_eos,,a nurse hurts an opponent .,an opponent is hurt by a nurse .,a,nurse,an,opponent,hurt,hurts,hurt,"[""VERB=hurt"", ""AGENT=nurse"", ""PATIENT=opponent""]","Event roles: VERB=hurt; AGENT=nurse; PATIENT=opponent
Sentence: the",Sentence: the,first_noun,-3.741471767425537,-5.084504127502441,-1.3430323600769043,active,0.0
2019,role_labeled,filler,filler,The sculpture stood in the hallway .,a nurse hurts an opponent .,an opponent is hurt by a nurse .,a,nurse,an,opponent,hurt,hurts,hurt,"[""VERB=hurt"", ""AGENT=nurse"", ""PATIENT=opponent""]","Prime sentence: The sculpture stood in the hallway .
Event roles: VERB=hurt; AGENT=nurse; PATIENT=opponent
Sentence: the",Sentence: the,first_noun,-4.25914192199707,-6.394585132598877,-2.1354432106018066,active,0.0
2020,role_labeled,active,active,a teacher beats an uncle .,a guest beats a guy .,a guy is beaten by a guest .,a,guest,a,guy,beat,beats,beaten,"[""PATIENT=guy"", ""VERB=beat"", ""AGENT=guest""]","Prime sentence: a teacher beats an uncle .
Event roles: PATIENT=guy; VERB=beat; AGENT=guest
Sentence: the",Sentence: the,first_noun,-6.312508583068848,-4.1997857093811035,2.112722873687744,passive,1.0
2020,role_labeled,passive,passive,an uncle is beaten by a teacher .,a guest beats a guy .,a guy is beaten by a guest .,a,guest,a,guy,beat,beats,beaten,"[""PATIENT=guy"", ""VERB=beat"", ""AGENT=guest""]","Prime sentence: an uncle is beaten by a teacher .
Event roles: PATIENT=guy; VERB=beat; AGENT=guest
Sentence: the",Sentence: the,first_noun,-5.792656898498535,-4.201325416564941,1.5913314819335938,passive,1.0
2020,role_labeled,no_prime_eos,no_prime_eos,,a guest beats a guy .,a guy is beaten by a guest .,a,guest,a,guy,beat,beats,beaten,"[""PATIENT=guy"", ""VERB=beat"", ""AGENT=guest""]","Event roles: PATIENT=guy; VERB=beat; AGENT=guest
Sentence: the",Sentence: the,first_noun,-5.144289016723633,-4.114558219909668,1.0297307968139648,passive,1.0
2020,role_labeled,filler,filler,The signal flickered across the screen .,a guest beats a guy .,a guy is beaten by a guest .,a,guest,a,guy,beat,beats,beaten,"[""PATIENT=guy"", ""VERB=beat"", ""AGENT=guest""]","Prime sentence: The signal flickered across the screen .
Event roles: PATIENT=guy; VERB=beat; AGENT=guest
Sentence: the",Sentence: the,first_noun,-5.713238716125488,-4.73911190032959,0.9741268157958984,passive,1.0
2021,role_labeled,active,active,a prince kisses a princess .,a child kisses a colonel .,a colonel is kissed by a child .,a,child,a,colonel,kiss,kisses,kissed,"[""AGENT=child"", ""PATIENT=colonel"", ""VERB=kiss""]","Prime sentence: a prince kisses a princess .
Event roles: AGENT=child; PATIENT=colonel; VERB=kiss
Sentence: the",Sentence: the,first_noun,-4.307847023010254,-4.659595489501953,-0.3517484664916992,active,0.0
2021,role_labeled,passive,passive,a princess is kissed by a prince .,a child kisses a colonel .,a colonel is kissed by a child .,a,child,a,colonel,kiss,kisses,kissed,"[""AGENT=child"", ""PATIENT=colonel"", ""VERB=kiss""]","Prime sentence: a princess is kissed by a prince .
Event roles: AGENT=child; PATIENT=colonel; VERB=kiss
Sentence: the",Sentence: the,first_noun,-4.334724426269531,-4.929593086242676,-0.5948686599731445,active,0.0
2021,role_labeled,no_prime_eos,no_prime_eos,,a child kisses a colonel .,a colonel is kissed by a child .,a,child,a,colonel,kiss,kisses,kissed,"[""AGENT=child"", ""PATIENT=colonel"", ""VERB=kiss""]","Event roles: AGENT=child; PATIENT=colonel; VERB=kiss
Sentence: the",Sentence: the,first_noun,-4.279070854187012,-4.771641731262207,-0.4925708770751953,active,0.0
2021,role_labeled,filler,filler,The painter waited near the doorway .,a child kisses a colonel .,a colonel is kissed by a child .,a,child,a,colonel,kiss,kisses,kissed,"[""AGENT=child"", ""PATIENT=colonel"", ""VERB=kiss""]","Prime sentence: The painter waited near the doorway .
Event roles: AGENT=child; PATIENT=colonel; VERB=kiss
Sentence: the",Sentence: the,first_noun,-3.6165850162506104,-4.284969329833984,-0.668384313583374,active,0.0
2022,role_labeled,active,active,a singer asks a soldier .,an employer asks a father .,a father is asked by an employer .,an,employer,a,father,ask,asks,asked,"[""VERB=ask"", ""PATIENT=father"", ""AGENT=employer""]","Prime sentence: a singer asks a soldier .
Event roles: VERB=ask; PATIENT=father; AGENT=employer
Sentence: the",Sentence: the,first_noun,-7.3857421875,-4.466503143310547,2.919239044189453,passive,1.0
2022,role_labeled,passive,passive,a soldier is asked by a singer .,an employer asks a father .,a father is asked by an employer .,an,employer,a,father,ask,asks,asked,"[""VERB=ask"", ""PATIENT=father"", ""AGENT=employer""]","Prime sentence: a soldier is asked by a singer .
Event roles: VERB=ask; PATIENT=father; AGENT=employer
Sentence: the",Sentence: the,first_noun,-7.479422569274902,-4.711448669433594,2.7679738998413086,passive,1.0
2022,role_labeled,no_prime_eos,no_prime_eos,,an employer asks a father .,a father is asked by an employer .,an,employer,a,father,ask,asks,asked,"[""VERB=ask"", ""PATIENT=father"", ""AGENT=employer""]","Event roles: VERB=ask; PATIENT=father; AGENT=employer
Sentence: the",Sentence: the,first_noun,-5.514580249786377,-4.6048712730407715,0.9097089767456055,passive,1.0
2022,role_labeled,filler,filler,The signal flickered across the screen .,an employer asks a father .,a father is asked by an employer .,an,employer,a,father,ask,asks,asked,"[""VERB=ask"", ""PATIENT=father"", ""AGENT=employer""]","Prime sentence: The signal flickered across the screen .
Event roles: VERB=ask; PATIENT=father; AGENT=employer
Sentence: the",Sentence: the,first_noun,-7.606415748596191,-5.227092742919922,2.3793230056762695,passive,1.0
2023,role_labeled,active,active,an employee carries an employer .,a secretary carries a sheriff .,a sheriff is carried by a secretary .,a,secretary,a,sheriff,carry,carries,carried,"[""PATIENT=sheriff"", ""AGENT=secretary"", ""VERB=carry""]","Prime sentence: an employee carries an employer .
Event roles: PATIENT=sheriff; AGENT=secretary; VERB=carry
Sentence: the",Sentence: the,first_noun,-4.857387542724609,-3.530369520187378,1.3270180225372314,passive,1.0
2023,role_labeled,passive,passive,an employer is carried by an employee .,a secretary carries a sheriff .,a sheriff is carried by a secretary .,a,secretary,a,sheriff,carry,carries,carried,"[""PATIENT=sheriff"", ""AGENT=secretary"", ""VERB=carry""]","Prime sentence: an employer is carried by an employee .
Event roles: PATIENT=sheriff; AGENT=secretary; VERB=carry
Sentence: the",Sentence: the,first_noun,-5.81807279586792,-3.8528733253479004,1.9651994705200195,passive,1.0
2023,role_labeled,no_prime_eos,no_prime_eos,,a secretary carries a sheriff .,a sheriff is carried by a secretary .,a,secretary,a,sheriff,carry,carries,carried,"[""PATIENT=sheriff"", ""AGENT=secretary"", ""VERB=carry""]","Event roles: PATIENT=sheriff; AGENT=secretary; VERB=carry
Sentence: the",Sentence: the,first_noun,-5.236039638519287,-6.504295825958252,-1.2682561874389648,active,0.0
2023,role_labeled,filler,filler,The traveler rested beside the river .,a secretary carries a sheriff .,a sheriff is carried by a secretary .,a,secretary,a,sheriff,carry,carries,carried,"[""PATIENT=sheriff"", ""AGENT=secretary"", ""VERB=carry""]","Prime sentence: The traveler rested beside the river .
Event roles: PATIENT=sheriff; AGENT=secretary; VERB=carry
Sentence: the",Sentence: the,first_noun,-6.351468563079834,-4.6118035316467285,1.7396650314331055,passive,1.0
2024,role_labeled,active,active,an uncle joins a wife .,a guy joins a hero .,a hero is joined by a guy .,a,guy,a,hero,join,joins,joined,"[""AGENT=guy"", ""PATIENT=hero"", ""VERB=join""]","Prime sentence: an uncle joins a wife .
Event roles: AGENT=guy; PATIENT=hero; VERB=join
Sentence: the",Sentence: the,first_noun,-3.750279426574707,-4.183271408081055,-0.43299198150634766,active,0.0
2024,role_labeled,passive,passive,a wife is joined by an uncle .,a guy joins a hero .,a hero is joined by a guy .,a,guy,a,hero,join,joins,joined,"[""AGENT=guy"", ""PATIENT=hero"", ""VERB=join""]","Prime sentence: a wife is joined by an uncle .
Event roles: AGENT=guy; PATIENT=hero; VERB=join
Sentence: the",Sentence: the,first_noun,-4.666921615600586,-4.535030364990234,0.13189125061035156,passive,1.0
2024,role_labeled,no_prime_eos,no_prime_eos,,a guy joins a hero .,a hero is joined by a guy .,a,guy,a,hero,join,joins,joined,"[""AGENT=guy"", ""PATIENT=hero"", ""VERB=join""]","Event roles: AGENT=guy; PATIENT=hero; VERB=join
Sentence: the",Sentence: the,first_noun,-4.156800270080566,-3.4695308208465576,0.6872694492340088,passive,1.0
2024,role_labeled,filler,filler,The traveler rested beside the river .,a guy joins a hero .,a hero is joined by a guy .,a,guy,a,hero,join,joins,joined,"[""AGENT=guy"", ""PATIENT=hero"", ""VERB=join""]","Prime sentence: The traveler rested beside the river .
Event roles: AGENT=guy; PATIENT=hero; VERB=join
Sentence: the",Sentence: the,first_noun,-4.94368839263916,-5.042539596557617,-0.09885120391845703,active,0.0
2025,role_labeled,active,active,a lady punches a lawyer .,a worker punches a writer .,a writer is punched by a worker .,a,worker,a,writer,punch,punches,punched,"[""VERB=punch"", ""PATIENT=writer"", ""AGENT=worker""]","Prime sentence: a lady punches a lawyer .
Event roles: VERB=punch; PATIENT=writer; AGENT=worker
Sentence: the",Sentence: the,first_noun,-5.91740608215332,-5.658673286437988,0.25873279571533203,passive,1.0
2025,role_labeled,passive,passive,a lawyer is punched by a lady .,a worker punches a writer .,a writer is punched by a worker .,a,worker,a,writer,punch,punches,punched,"[""VERB=punch"", ""PATIENT=writer"", ""AGENT=worker""]","Prime sentence: a lawyer is punched by a lady .
Event roles: VERB=punch; PATIENT=writer; AGENT=worker
Sentence: the",Sentence: the,first_noun,-5.411711692810059,-4.542685508728027,0.8690261840820312,passive,1.0
2025,role_labeled,no_prime_eos,no_prime_eos,,a worker punches a writer .,a writer is punched by a worker .,a,worker,a,writer,punch,punches,punched,"[""VERB=punch"", ""PATIENT=writer"", ""AGENT=worker""]","Event roles: VERB=punch; PATIENT=writer; AGENT=worker
Sentence: the",Sentence: the,first_noun,-5.160390853881836,-5.470154285430908,-0.30976343154907227,active,0.0
2025,role_labeled,filler,filler,The pillow rested on the sofa .,a worker punches a writer .,a writer is punched by a worker .,a,worker,a,writer,punch,punches,punched,"[""VERB=punch"", ""PATIENT=writer"", ""AGENT=worker""]","Prime sentence: The pillow rested on the sofa .
Event roles: VERB=punch; PATIENT=writer; AGENT=worker
Sentence: the",Sentence: the,first_noun,-7.350337505340576,-6.839341640472412,0.5109958648681641,passive,1.0
2026,role_labeled,active,active,a friend joins a girl .,a soldier joins a son .,a son is joined by a soldier .,a,soldier,a,son,join,joins,joined,"[""AGENT=soldier"", ""PATIENT=son"", ""VERB=join""]","Prime sentence: a friend joins a girl .
Event roles: AGENT=soldier; PATIENT=son; VERB=join
Sentence: the",Sentence: the,first_noun,-3.1501426696777344,-5.21237850189209,-2.0622358322143555,active,0.0
2026,role_labeled,passive,passive,a girl is joined by a friend .,a soldier joins a son .,a son is joined by a soldier .,a,soldier,a,son,join,joins,joined,"[""AGENT=soldier"", ""PATIENT=son"", ""VERB=join""]","Prime sentence: a girl is joined by a friend .
Event roles: AGENT=soldier; PATIENT=son; VERB=join
Sentence: the",Sentence: the,first_noun,-3.195915937423706,-5.4655256271362305,-2.2696096897125244,active,0.0
2026,role_labeled,no_prime_eos,no_prime_eos,,a soldier joins a son .,a son is joined by a soldier .,a,soldier,a,son,join,joins,joined,"[""AGENT=soldier"", ""PATIENT=son"", ""VERB=join""]","Event roles: AGENT=soldier; PATIENT=son; VERB=join
Sentence: the",Sentence: the,first_noun,-3.3068387508392334,-4.620635032653809,-1.3137962818145752,active,0.0
2026,role_labeled,filler,filler,The jacket hung behind the chair .,a soldier joins a son .,a son is joined by a soldier .,a,soldier,a,son,join,joins,joined,"[""AGENT=soldier"", ""PATIENT=son"", ""VERB=join""]","Prime sentence: The jacket hung behind the chair .
Event roles: AGENT=soldier; PATIENT=son; VERB=join
Sentence: the",Sentence: the,first_noun,-4.633204460144043,-6.213658332824707,-1.580453872680664,active,0.0
2027,role_labeled,active,active,a cousin forgets a daughter .,a professor forgets a reader .,a reader is forgotten by a professor .,a,professor,a,reader,forget,forgets,forgotten,"[""AGENT=professor"", ""VERB=forget"", ""PATIENT=reader""]","Prime sentence: a cousin forgets a daughter .
Event roles: AGENT=professor; VERB=forget; PATIENT=reader
Sentence: the",Sentence: the,first_noun,-3.594446897506714,-7.054269790649414,-3.4598228931427,active,0.0
2027,role_labeled,passive,passive,a daughter is forgotten by a cousin .,a professor forgets a reader .,a reader is forgotten by a professor .,a,professor,a,reader,forget,forgets,forgotten,"[""AGENT=professor"", ""VERB=forget"", ""PATIENT=reader""]","Prime sentence: a daughter is forgotten by a cousin .
Event roles: AGENT=professor; VERB=forget; PATIENT=reader
Sentence: the",Sentence: the,first_noun,-3.610558271408081,-6.748348236083984,-3.1377899646759033,active,0.0
2027,role_labeled,no_prime_eos,no_prime_eos,,a professor forgets a reader .,a reader is forgotten by a professor .,a,professor,a,reader,forget,forgets,forgotten,"[""AGENT=professor"", ""VERB=forget"", ""PATIENT=reader""]","Event roles: AGENT=professor; VERB=forget; PATIENT=reader
Sentence: the",Sentence: the,first_noun,-3.3974263668060303,-5.595111846923828,-2.197685480117798,active,0.0
2027,role_labeled,filler,filler,The violin echoed in the theater .,a professor forgets a reader .,a reader is forgotten by a professor .,a,professor,a,reader,forget,forgets,forgotten,"[""AGENT=professor"", ""VERB=forget"", ""PATIENT=reader""]","Prime sentence: The violin echoed in the theater .
Event roles: AGENT=professor; VERB=forget; PATIENT=reader
Sentence: the",Sentence: the,first_noun,-4.1328444480896,-7.343774795532227,-3.210930347442627,active,0.0
2028,role_labeled,active,active,a girl asks a guest .,a son asks a student .,a student is asked by a son .,a,son,a,student,ask,asks,asked,"[""PATIENT=student"", ""AGENT=son"", ""VERB=ask""]","Prime sentence: a girl asks a guest .
Event roles: PATIENT=student; AGENT=son; VERB=ask
Sentence: the",Sentence: the,first_noun,-5.173479080200195,-3.2597694396972656,1.9137096405029297,passive,1.0
2028,role_labeled,passive,passive,a guest is asked by a girl .,a son asks a student .,a student is asked by a son .,a,son,a,student,ask,asks,asked,"[""PATIENT=student"", ""AGENT=son"", ""VERB=ask""]","Prime sentence: a guest is asked by a girl .
Event roles: PATIENT=student; AGENT=son; VERB=ask
Sentence: the",Sentence: the,first_noun,-5.170825004577637,-2.945091724395752,2.2257332801818848,passive,1.0
2028,role_labeled,no_prime_eos,no_prime_eos,,a son asks a student .,a student is asked by a son .,a,son,a,student,ask,asks,asked,"[""PATIENT=student"", ""AGENT=son"", ""VERB=ask""]","Event roles: PATIENT=student; AGENT=son; VERB=ask
Sentence: the",Sentence: the,first_noun,-4.388803005218506,-3.176145553588867,1.2126574516296387,passive,1.0
2028,role_labeled,filler,filler,The planet shimmered above the valley .,a son asks a student .,a student is asked by a son .,a,son,a,student,ask,asks,asked,"[""PATIENT=student"", ""AGENT=son"", ""VERB=ask""]","Prime sentence: The planet shimmered above the valley .
Event roles: PATIENT=student; AGENT=son; VERB=ask
Sentence: the",Sentence: the,first_noun,-5.964652061462402,-5.054213523864746,0.9104385375976562,passive,1.0
2029,role_labeled,active,active,a child teaches a colonel .,a priest teaches a prince .,a prince is taught by a priest .,a,priest,a,prince,teach,teaches,taught,"[""AGENT=priest"", ""VERB=teach"", ""PATIENT=prince""]","Prime sentence: a child teaches a colonel .
Event roles: AGENT=priest; VERB=teach; PATIENT=prince
Sentence: the",Sentence: the,first_noun,-3.720543384552002,-4.200494766235352,-0.4799513816833496,active,0.0
2029,role_labeled,passive,passive,a colonel is taught by a child .,a priest teaches a prince .,a prince is taught by a priest .,a,priest,a,prince,teach,teaches,taught,"[""AGENT=priest"", ""VERB=teach"", ""PATIENT=prince""]","Prime sentence: a colonel is taught by a child .
Event roles: AGENT=priest; VERB=teach; PATIENT=prince
Sentence: the",Sentence: the,first_noun,-3.5976758003234863,-4.218157768249512,-0.6204819679260254,active,0.0
2029,role_labeled,no_prime_eos,no_prime_eos,,a priest teaches a prince .,a prince is taught by a priest .,a,priest,a,prince,teach,teaches,taught,"[""AGENT=priest"", ""VERB=teach"", ""PATIENT=prince""]","Event roles: AGENT=priest; VERB=teach; PATIENT=prince
Sentence: the",Sentence: the,first_noun,-3.405991554260254,-4.012701034545898,-0.6067094802856445,active,0.0
2029,role_labeled,filler,filler,The engine cooled before dawn .,a priest teaches a prince .,a prince is taught by a priest .,a,priest,a,prince,teach,teaches,taught,"[""AGENT=priest"", ""VERB=teach"", ""PATIENT=prince""]","Prime sentence: The engine cooled before dawn .
Event roles: AGENT=priest; VERB=teach; PATIENT=prince
Sentence: the",Sentence: the,first_noun,-4.514375686645508,-4.970549583435059,-0.4561738967895508,active,0.0
2030,role_labeled,active,active,a scientist hurts a secretary .,a daughter hurts a doctor .,a doctor is hurt by a daughter .,a,daughter,a,doctor,hurt,hurts,hurt,"[""AGENT=daughter"", ""VERB=hurt"", ""PATIENT=doctor""]","Prime sentence: a scientist hurts a secretary .
Event roles: AGENT=daughter; VERB=hurt; PATIENT=doctor
Sentence: the",Sentence: the,first_noun,-4.910382270812988,-2.3996331691741943,2.510749101638794,passive,1.0
2030,role_labeled,passive,passive,a secretary is hurt by a scientist .,a daughter hurts a doctor .,a doctor is hurt by a daughter .,a,daughter,a,doctor,hurt,hurts,hurt,"[""AGENT=daughter"", ""VERB=hurt"", ""PATIENT=doctor""]","Prime sentence: a secretary is hurt by a scientist .
Event roles: AGENT=daughter; VERB=hurt; PATIENT=doctor
Sentence: the",Sentence: the,first_noun,-4.968327522277832,-2.428898811340332,2.5394287109375,passive,1.0
2030,role_labeled,no_prime_eos,no_prime_eos,,a daughter hurts a doctor .,a doctor is hurt by a daughter .,a,daughter,a,doctor,hurt,hurts,hurt,"[""AGENT=daughter"", ""VERB=hurt"", ""PATIENT=doctor""]","Event roles: AGENT=daughter; VERB=hurt; PATIENT=doctor
Sentence: the",Sentence: the,first_noun,-4.666074752807617,-3.2420687675476074,1.4240059852600098,passive,1.0
2030,role_labeled,filler,filler,The painter waited near the doorway .,a daughter hurts a doctor .,a doctor is hurt by a daughter .,a,daughter,a,doctor,hurt,hurts,hurt,"[""AGENT=daughter"", ""VERB=hurt"", ""PATIENT=doctor""]","Prime sentence: The painter waited near the doorway .
Event roles: AGENT=daughter; VERB=hurt; PATIENT=doctor
Sentence: the",Sentence: the,first_noun,-5.328580856323242,-2.835421323776245,2.493159532546997,passive,1.0
2031,role_labeled,active,active,a husband joins a kid .,a wife joins a winner .,a winner is joined by a wife .,a,wife,a,winner,join,joins,joined,"[""PATIENT=winner"", ""VERB=join"", ""AGENT=wife""]","Prime sentence: a husband joins a kid .
Event roles: PATIENT=winner; VERB=join; AGENT=wife
Sentence: the",Sentence: the,first_noun,-2.951084613800049,-6.744930267333984,-3.7938456535339355,active,0.0
2031,role_labeled,passive,passive,a kid is joined by a husband .,a wife joins a winner .,a winner is joined by a wife .,a,wife,a,winner,join,joins,joined,"[""PATIENT=winner"", ""VERB=join"", ""AGENT=wife""]","Prime sentence: a kid is joined by a husband .
Event roles: PATIENT=winner; VERB=join; AGENT=wife
Sentence: the",Sentence: the,first_noun,-3.0593152046203613,-6.12025785446167,-3.0609426498413086,active,0.0
2031,role_labeled,no_prime_eos,no_prime_eos,,a wife joins a winner .,a winner is joined by a wife .,a,wife,a,winner,join,joins,joined,"[""PATIENT=winner"", ""VERB=join"", ""AGENT=wife""]","Event roles: PATIENT=winner; VERB=join; AGENT=wife
Sentence: the",Sentence: the,first_noun,-3.966169834136963,-4.293259143829346,-0.3270893096923828,active,0.0
2031,role_labeled,filler,filler,The traveler rested beside the river .,a wife joins a winner .,a winner is joined by a wife .,a,wife,a,winner,join,joins,joined,"[""PATIENT=winner"", ""VERB=join"", ""AGENT=wife""]","Prime sentence: The traveler rested beside the river .
Event roles: PATIENT=winner; VERB=join; AGENT=wife
Sentence: the",Sentence: the,first_noun,-4.924478530883789,-8.318817138671875,-3.394338607788086,active,0.0
2032,role_labeled,active,active,a singer hurries a soldier .,an employer hurries a father .,a father is hurried by an employer .,an,employer,a,father,hurry,hurries,hurried,"[""AGENT=employer"", ""VERB=hurry"", ""PATIENT=father""]","Prime sentence: a singer hurries a soldier .
Event roles: AGENT=employer; VERB=hurry; PATIENT=father
Sentence: the",Sentence: the,first_noun,-6.464537620544434,-4.511146545410156,1.9533910751342773,passive,1.0
2032,role_labeled,passive,passive,a soldier is hurried by a singer .,an employer hurries a father .,a father is hurried by an employer .,an,employer,a,father,hurry,hurries,hurried,"[""AGENT=employer"", ""VERB=hurry"", ""PATIENT=father""]","Prime sentence: a soldier is hurried by a singer .
Event roles: AGENT=employer; VERB=hurry; PATIENT=father
Sentence: the",Sentence: the,first_noun,-6.671194076538086,-4.731307029724121,1.9398870468139648,passive,1.0
2032,role_labeled,no_prime_eos,no_prime_eos,,an employer hurries a father .,a father is hurried by an employer .,an,employer,a,father,hurry,hurries,hurried,"[""AGENT=employer"", ""VERB=hurry"", ""PATIENT=father""]","Event roles: AGENT=employer; VERB=hurry; PATIENT=father
Sentence: the",Sentence: the,first_noun,-5.048846244812012,-5.165884494781494,-0.11703824996948242,active,0.0
2032,role_labeled,filler,filler,The engine cooled before dawn .,an employer hurries a father .,a father is hurried by an employer .,an,employer,a,father,hurry,hurries,hurried,"[""AGENT=employer"", ""VERB=hurry"", ""PATIENT=father""]","Prime sentence: The engine cooled before dawn .
Event roles: AGENT=employer; VERB=hurry; PATIENT=father
Sentence: the",Sentence: the,first_noun,-7.982887268066406,-5.376538276672363,2.606348991394043,passive,1.0
2033,role_labeled,active,active,a teacher punches an uncle .,a guest punches a guy .,a guy is punched by a guest .,a,guest,a,guy,punch,punches,punched,"[""PATIENT=guy"", ""AGENT=guest"", ""VERB=punch""]","Prime sentence: a teacher punches an uncle .
Event roles: PATIENT=guy; AGENT=guest; VERB=punch
Sentence: the",Sentence: the,first_noun,-6.001384735107422,-4.072221755981445,1.9291629791259766,passive,1.0
2033,role_labeled,passive,passive,an uncle is punched by a teacher .,a guest punches a guy .,a guy is punched by a guest .,a,guest,a,guy,punch,punches,punched,"[""PATIENT=guy"", ""AGENT=guest"", ""VERB=punch""]","Prime sentence: an uncle is punched by a teacher .
Event roles: PATIENT=guy; AGENT=guest; VERB=punch
Sentence: the",Sentence: the,first_noun,-5.548117637634277,-4.000091552734375,1.5480260848999023,passive,1.0
2033,role_labeled,no_prime_eos,no_prime_eos,,a guest punches a guy .,a guy is punched by a guest .,a,guest,a,guy,punch,punches,punched,"[""PATIENT=guy"", ""AGENT=guest"", ""VERB=punch""]","Event roles: PATIENT=guy; AGENT=guest; VERB=punch
Sentence: the",Sentence: the,first_noun,-4.913942337036133,-3.946272611618042,0.9676697254180908,passive,1.0
2033,role_labeled,filler,filler,The painter waited near the doorway .,a guest punches a guy .,a guy is punched by a guest .,a,guest,a,guy,punch,punches,punched,"[""PATIENT=guy"", ""AGENT=guest"", ""VERB=punch""]","Prime sentence: The painter waited near the doorway .
Event roles: PATIENT=guy; AGENT=guest; VERB=punch
Sentence: the",Sentence: the,first_noun,-4.904806137084961,-3.750447988510132,1.154358148574829,passive,1.0
2034,role_labeled,active,active,a friend embraces a girl .,a soldier embraces a son .,a son is embraced by a soldier .,a,soldier,a,son,embrac,embraces,embraced,"[""VERB=embrac"", ""PATIENT=son"", ""AGENT=soldier""]","Prime sentence: a friend embraces a girl .
Event roles: VERB=embrac; PATIENT=son; AGENT=soldier
Sentence: the",Sentence: the,first_noun,-4.550016403198242,-5.371163368225098,-0.8211469650268555,active,0.0
2034,role_labeled,passive,passive,a girl is embraced by a friend .,a soldier embraces a son .,a son is embraced by a soldier .,a,soldier,a,son,embrac,embraces,embraced,"[""VERB=embrac"", ""PATIENT=son"", ""AGENT=soldier""]","Prime sentence: a girl is embraced by a friend .
Event roles: VERB=embrac; PATIENT=son; AGENT=soldier
Sentence: the",Sentence: the,first_noun,-4.485875129699707,-5.581432342529297,-1.0955572128295898,active,0.0
2034,role_labeled,no_prime_eos,no_prime_eos,,a soldier embraces a son .,a son is embraced by a soldier .,a,soldier,a,son,embrac,embraces,embraced,"[""VERB=embrac"", ""PATIENT=son"", ""AGENT=soldier""]","Event roles: VERB=embrac; PATIENT=son; AGENT=soldier
Sentence: the",Sentence: the,first_noun,-4.271749973297119,-5.405479431152344,-1.1337294578552246,active,0.0
2034,role_labeled,filler,filler,The garden brightened after rain .,a soldier embraces a son .,a son is embraced by a soldier .,a,soldier,a,son,embrac,embraces,embraced,"[""VERB=embrac"", ""PATIENT=son"", ""AGENT=soldier""]","Prime sentence: The garden brightened after rain .
Event roles: VERB=embrac; PATIENT=son; AGENT=soldier
Sentence: the",Sentence: the,first_noun,-6.127227783203125,-5.895456314086914,0.23177146911621094,passive,1.0
2035,role_labeled,active,active,a husband surprises a kid .,a wife surprises a winner .,a winner is surprised by a wife .,a,wife,a,winner,surpris,surprises,surprised,"[""AGENT=wife"", ""VERB=surpris"", ""PATIENT=winner""]","Prime sentence: a husband surprises a kid .
Event roles: AGENT=wife; VERB=surpris; PATIENT=winner
Sentence: the",Sentence: the,first_noun,-2.7536191940307617,-7.233509540557861,-4.4798903465271,active,0.0
2035,role_labeled,passive,passive,a kid is surprised by a husband .,a wife surprises a winner .,a winner is surprised by a wife .,a,wife,a,winner,surpris,surprises,surprised,"[""AGENT=wife"", ""VERB=surpris"", ""PATIENT=winner""]","Prime sentence: a kid is surprised by a husband .
Event roles: AGENT=wife; VERB=surpris; PATIENT=winner
Sentence: the",Sentence: the,first_noun,-2.4061334133148193,-7.17838191986084,-4.7722485065460205,active,0.0
2035,role_labeled,no_prime_eos,no_prime_eos,,a wife surprises a winner .,a winner is surprised by a wife .,a,wife,a,winner,surpris,surprises,surprised,"[""AGENT=wife"", ""VERB=surpris"", ""PATIENT=winner""]","Event roles: AGENT=wife; VERB=surpris; PATIENT=winner
Sentence: the",Sentence: the,first_noun,-3.006227493286133,-5.023688316345215,-2.017460823059082,active,0.0
2035,role_labeled,filler,filler,The tourist wandered through the plaza .,a wife surprises a winner .,a winner is surprised by a wife .,a,wife,a,winner,surpris,surprises,surprised,"[""AGENT=wife"", ""VERB=surpris"", ""PATIENT=winner""]","Prime sentence: The tourist wandered through the plaza .
Event roles: AGENT=wife; VERB=surpris; PATIENT=winner
Sentence: the",Sentence: the,first_noun,-3.6206142902374268,-7.799036979675293,-4.178422689437866,active,0.0
2036,role_labeled,active,active,a winner hurries a woman .,a husband hurries a kid .,a kid is hurried by a husband .,a,husband,a,kid,hurry,hurries,hurried,"[""AGENT=husband"", ""VERB=hurry"", ""PATIENT=kid""]","Prime sentence: a winner hurries a woman .
Event roles: AGENT=husband; VERB=hurry; PATIENT=kid
Sentence: the",Sentence: the,first_noun,-3.4543323516845703,-6.073664665222168,-2.6193323135375977,active,0.0
2036,role_labeled,passive,passive,a woman is hurried by a winner .,a husband hurries a kid .,a kid is hurried by a husband .,a,husband,a,kid,hurry,hurries,hurried,"[""AGENT=husband"", ""VERB=hurry"", ""PATIENT=kid""]","Prime sentence: a woman is hurried by a winner .
Event roles: AGENT=husband; VERB=hurry; PATIENT=kid
Sentence: the",Sentence: the,first_noun,-3.7449264526367188,-6.105020523071289,-2.3600940704345703,active,0.0
2036,role_labeled,no_prime_eos,no_prime_eos,,a husband hurries a kid .,a kid is hurried by a husband .,a,husband,a,kid,hurry,hurries,hurried,"[""AGENT=husband"", ""VERB=hurry"", ""PATIENT=kid""]","Event roles: AGENT=husband; VERB=hurry; PATIENT=kid
Sentence: the",Sentence: the,first_noun,-3.339686632156372,-5.407868385314941,-2.0681817531585693,active,0.0
2036,role_labeled,filler,filler,The teacher listened during assembly .,a husband hurries a kid .,a kid is hurried by a husband .,a,husband,a,kid,hurry,hurries,hurried,"[""AGENT=husband"", ""VERB=hurry"", ""PATIENT=kid""]","Prime sentence: The teacher listened during assembly .
Event roles: AGENT=husband; VERB=hurry; PATIENT=kid
Sentence: the",Sentence: the,first_noun,-3.3845396041870117,-4.3556904792785645,-0.9711508750915527,active,0.0
2037,role_labeled,active,active,a president bothers a priest .,a champion bothers a chief .,a chief is bothered by a champion .,a,champion,a,chief,bother,bothers,bothered,"[""PATIENT=chief"", ""VERB=bother"", ""AGENT=champion""]","Prime sentence: a president bothers a priest .
Event roles: PATIENT=chief; VERB=bother; AGENT=champion
Sentence: the",Sentence: the,first_noun,-8.620307922363281,-4.777976989746094,3.8423309326171875,passive,1.0
2037,role_labeled,passive,passive,a priest is bothered by a president .,a champion bothers a chief .,a chief is bothered by a champion .,a,champion,a,chief,bother,bothers,bothered,"[""PATIENT=chief"", ""VERB=bother"", ""AGENT=champion""]","Prime sentence: a priest is bothered by a president .
Event roles: PATIENT=chief; VERB=bother; AGENT=champion
Sentence: the",Sentence: the,first_noun,-8.173160552978516,-4.719308853149414,3.4538516998291016,passive,1.0
2037,role_labeled,no_prime_eos,no_prime_eos,,a champion bothers a chief .,a chief is bothered by a champion .,a,champion,a,chief,bother,bothers,bothered,"[""PATIENT=chief"", ""VERB=bother"", ""AGENT=champion""]","Event roles: PATIENT=chief; VERB=bother; AGENT=champion
Sentence: the",Sentence: the,first_noun,-5.559704303741455,-4.082027912139893,1.4776763916015625,passive,1.0
2037,role_labeled,filler,filler,The package arrived before noon .,a champion bothers a chief .,a chief is bothered by a champion .,a,champion,a,chief,bother,bothers,bothered,"[""PATIENT=chief"", ""VERB=bother"", ""AGENT=champion""]","Prime sentence: The package arrived before noon .
Event roles: PATIENT=chief; VERB=bother; AGENT=champion
Sentence: the",Sentence: the,first_noun,-6.993781089782715,-6.099158763885498,0.8946223258972168,passive,1.0
2038,role_labeled,active,active,a pilot discovers a president .,a captain discovers a champion .,a champion is discovered by a captain .,a,captain,a,champion,discover,discovers,discovered,"[""AGENT=captain"", ""VERB=discover"", ""PATIENT=champion""]","Prime sentence: a pilot discovers a president .
Event roles: AGENT=captain; VERB=discover; PATIENT=champion
Sentence: the",Sentence: the,first_noun,-3.8576486110687256,-7.5434465408325195,-3.685797929763794,active,0.0
2038,role_labeled,passive,passive,a president is discovered by a pilot .,a captain discovers a champion .,a champion is discovered by a captain .,a,captain,a,champion,discover,discovers,discovered,"[""AGENT=captain"", ""VERB=discover"", ""PATIENT=champion""]","Prime sentence: a president is discovered by a pilot .
Event roles: AGENT=captain; VERB=discover; PATIENT=champion
Sentence: the",Sentence: the,first_noun,-3.5765039920806885,-7.3767194747924805,-3.800215482711792,active,0.0
2038,role_labeled,no_prime_eos,no_prime_eos,,a captain discovers a champion .,a champion is discovered by a captain .,a,captain,a,champion,discover,discovers,discovered,"[""AGENT=captain"", ""VERB=discover"", ""PATIENT=champion""]","Event roles: AGENT=captain; VERB=discover; PATIENT=champion
Sentence: the",Sentence: the,first_noun,-2.82763934135437,-4.942242622375488,-2.114603281021118,active,0.0
2038,role_labeled,filler,filler,The lantern glowed near sunset .,a captain discovers a champion .,a champion is discovered by a captain .,a,captain,a,champion,discover,discovers,discovered,"[""AGENT=captain"", ""VERB=discover"", ""PATIENT=champion""]","Prime sentence: The lantern glowed near sunset .
Event roles: AGENT=captain; VERB=discover; PATIENT=champion
Sentence: the",Sentence: the,first_noun,-4.144990921020508,-6.913007736206055,-2.768016815185547,active,0.0
2039,role_labeled,active,active,a chief discovers a child .,a president discovers a priest .,a priest is discovered by a president .,a,president,a,priest,discover,discovers,discovered,"[""VERB=discover"", ""PATIENT=priest"", ""AGENT=president""]","Prime sentence: a chief discovers a child .
Event roles: VERB=discover; PATIENT=priest; AGENT=president
Sentence: the",Sentence: the,first_noun,-3.501856565475464,-3.7924580574035645,-0.2906014919281006,active,0.0
2039,role_labeled,passive,passive,a child is discovered by a chief .,a president discovers a priest .,a priest is discovered by a president .,a,president,a,priest,discover,discovers,discovered,"[""VERB=discover"", ""PATIENT=priest"", ""AGENT=president""]","Prime sentence: a child is discovered by a chief .
Event roles: VERB=discover; PATIENT=priest; AGENT=president
Sentence: the",Sentence: the,first_noun,-3.2422327995300293,-3.688586711883545,-0.4463539123535156,active,0.0
2039,role_labeled,no_prime_eos,no_prime_eos,,a president discovers a priest .,a priest is discovered by a president .,a,president,a,priest,discover,discovers,discovered,"[""VERB=discover"", ""PATIENT=priest"", ""AGENT=president""]","Event roles: VERB=discover; PATIENT=priest; AGENT=president
Sentence: the",Sentence: the,first_noun,-3.788163185119629,-4.637158393859863,-0.8489952087402344,active,0.0
2039,role_labeled,filler,filler,The traveler rested beside the river .,a president discovers a priest .,a priest is discovered by a president .,a,president,a,priest,discover,discovers,discovered,"[""VERB=discover"", ""PATIENT=priest"", ""AGENT=president""]","Prime sentence: The traveler rested beside the river .
Event roles: VERB=discover; PATIENT=priest; AGENT=president
Sentence: the",Sentence: the,first_noun,-5.228269100189209,-4.024308204650879,1.20396089553833,passive,1.0
2040,role_labeled,active,active,a priest comforts a prince .,a chief comforts a child .,a child is comforted by a chief .,a,chief,a,child,comfort,comforts,comforted,"[""PATIENT=child"", ""AGENT=chief"", ""VERB=comfort""]","Prime sentence: a priest comforts a prince .
Event roles: PATIENT=child; AGENT=chief; VERB=comfort
Sentence: the",Sentence: the,first_noun,-4.934926986694336,-4.100844383239746,0.8340826034545898,passive,1.0
2040,role_labeled,passive,passive,a prince is comforted by a priest .,a chief comforts a child .,a child is comforted by a chief .,a,chief,a,child,comfort,comforts,comforted,"[""PATIENT=child"", ""AGENT=chief"", ""VERB=comfort""]","Prime sentence: a prince is comforted by a priest .
Event roles: PATIENT=child; AGENT=chief; VERB=comfort
Sentence: the",Sentence: the,first_noun,-4.845925331115723,-3.9290530681610107,0.9168722629547119,passive,1.0
2040,role_labeled,no_prime_eos,no_prime_eos,,a chief comforts a child .,a child is comforted by a chief .,a,chief,a,child,comfort,comforts,comforted,"[""PATIENT=child"", ""AGENT=chief"", ""VERB=comfort""]","Event roles: PATIENT=child; AGENT=chief; VERB=comfort
Sentence: the",Sentence: the,first_noun,-3.9995124340057373,-3.7285711765289307,0.27094125747680664,passive,1.0
2040,role_labeled,filler,filler,The baker laughed during breakfast .,a chief comforts a child .,a child is comforted by a chief .,a,chief,a,child,comfort,comforts,comforted,"[""PATIENT=child"", ""AGENT=chief"", ""VERB=comfort""]","Prime sentence: The baker laughed during breakfast .
Event roles: PATIENT=child; AGENT=chief; VERB=comfort
Sentence: the",Sentence: the,first_noun,-4.633175849914551,-3.8305323123931885,0.8026435375213623,passive,1.0
2041,role_labeled,active,active,a child bothers a colonel .,a priest bothers a prince .,a prince is bothered by a priest .,a,priest,a,prince,bother,bothers,bothered,"[""PATIENT=prince"", ""AGENT=priest"", ""VERB=bother""]","Prime sentence: a child bothers a colonel .
Event roles: PATIENT=prince; AGENT=priest; VERB=bother
Sentence: the",Sentence: the,first_noun,-3.822943925857544,-4.207226753234863,-0.38428282737731934,active,0.0
2041,role_labeled,passive,passive,a colonel is bothered by a child .,a priest bothers a prince .,a prince is bothered by a priest .,a,priest,a,prince,bother,bothers,bothered,"[""PATIENT=prince"", ""AGENT=priest"", ""VERB=bother""]","Prime sentence: a colonel is bothered by a child .
Event roles: PATIENT=prince; AGENT=priest; VERB=bother
Sentence: the",Sentence: the,first_noun,-3.3455543518066406,-3.952460289001465,-0.6069059371948242,active,0.0
2041,role_labeled,no_prime_eos,no_prime_eos,,a priest bothers a prince .,a prince is bothered by a priest .,a,priest,a,prince,bother,bothers,bothered,"[""PATIENT=prince"", ""AGENT=priest"", ""VERB=bother""]","Event roles: PATIENT=prince; AGENT=priest; VERB=bother
Sentence: the",Sentence: the,first_noun,-3.449887752532959,-4.197093486785889,-0.7472057342529297,active,0.0
2041,role_labeled,filler,filler,The kettle whistled in the kitchen .,a priest bothers a prince .,a prince is bothered by a priest .,a,priest,a,prince,bother,bothers,bothered,"[""PATIENT=prince"", ""AGENT=priest"", ""VERB=bother""]","Prime sentence: The kettle whistled in the kitchen .
Event roles: PATIENT=prince; AGENT=priest; VERB=bother
Sentence: the",Sentence: the,first_noun,-5.088780403137207,-6.357854843139648,-1.2690744400024414,active,0.0
2042,role_labeled,active,active,a wife bothers a winner .,a hero bothers a husband .,a husband is bothered by a hero .,a,hero,a,husband,bother,bothers,bothered,"[""VERB=bother"", ""PATIENT=husband"", ""AGENT=hero""]","Prime sentence: a wife bothers a winner .
Event roles: VERB=bother; PATIENT=husband; AGENT=hero
Sentence: the",Sentence: the,first_noun,-5.180831432342529,-3.697730541229248,1.4831008911132812,passive,1.0
2042,role_labeled,passive,passive,a winner is bothered by a wife .,a hero bothers a husband .,a husband is bothered by a hero .,a,hero,a,husband,bother,bothers,bothered,"[""VERB=bother"", ""PATIENT=husband"", ""AGENT=hero""]","Prime sentence: a winner is bothered by a wife .
Event roles: VERB=bother; PATIENT=husband; AGENT=hero
Sentence: the",Sentence: the,first_noun,-5.295398712158203,-4.431643962860107,0.8637547492980957,passive,1.0
2042,role_labeled,no_prime_eos,no_prime_eos,,a hero bothers a husband .,a husband is bothered by a hero .,a,hero,a,husband,bother,bothers,bothered,"[""VERB=bother"", ""PATIENT=husband"", ""AGENT=hero""]","Event roles: VERB=bother; PATIENT=husband; AGENT=hero
Sentence: the",Sentence: the,first_noun,-3.846290349960327,-5.091677665710449,-1.245387315750122,active,0.0
2042,role_labeled,filler,filler,The blanket dried on the line .,a hero bothers a husband .,a husband is bothered by a hero .,a,hero,a,husband,bother,bothers,bothered,"[""VERB=bother"", ""PATIENT=husband"", ""AGENT=hero""]","Prime sentence: The blanket dried on the line .
Event roles: VERB=bother; PATIENT=husband; AGENT=hero
Sentence: the",Sentence: the,first_noun,-6.969550132751465,-6.222657203674316,0.7468929290771484,passive,1.0
2043,role_labeled,active,active,a prince follows a princess .,a child follows a colonel .,a colonel is followed by a child .,a,child,a,colonel,follow,follows,followed,"[""VERB=follow"", ""AGENT=child"", ""PATIENT=colonel""]","Prime sentence: a prince follows a princess .
Event roles: VERB=follow; AGENT=child; PATIENT=colonel
Sentence: the",Sentence: the,first_noun,-4.409239292144775,-5.954840183258057,-1.5456008911132812,active,0.0
2043,role_labeled,passive,passive,a princess is followed by a prince .,a child follows a colonel .,a colonel is followed by a child .,a,child,a,colonel,follow,follows,followed,"[""VERB=follow"", ""AGENT=child"", ""PATIENT=colonel""]","Prime sentence: a princess is followed by a prince .
Event roles: VERB=follow; AGENT=child; PATIENT=colonel
Sentence: the",Sentence: the,first_noun,-4.479182243347168,-6.389486789703369,-1.9103045463562012,active,0.0
2043,role_labeled,no_prime_eos,no_prime_eos,,a child follows a colonel .,a colonel is followed by a child .,a,child,a,colonel,follow,follows,followed,"[""VERB=follow"", ""AGENT=child"", ""PATIENT=colonel""]","Event roles: VERB=follow; AGENT=child; PATIENT=colonel
Sentence: the",Sentence: the,first_noun,-4.681818008422852,-5.302448749542236,-0.6206307411193848,active,0.0
2043,role_labeled,filler,filler,The teacher listened during assembly .,a child follows a colonel .,a colonel is followed by a child .,a,child,a,colonel,follow,follows,followed,"[""VERB=follow"", ""AGENT=child"", ""PATIENT=colonel""]","Prime sentence: The teacher listened during assembly .
Event roles: VERB=follow; AGENT=child; PATIENT=colonel
Sentence: the",Sentence: the,first_noun,-3.3858399391174316,-4.57172155380249,-1.1858816146850586,active,0.0
2044,role_labeled,active,active,a student follows a teacher .,a girl follows a guest .,a guest is followed by a girl .,a,girl,a,guest,follow,follows,followed,"[""VERB=follow"", ""PATIENT=guest"", ""AGENT=girl""]","Prime sentence: a student follows a teacher .
Event roles: VERB=follow; PATIENT=guest; AGENT=girl
Sentence: the",Sentence: the,first_noun,-2.840099573135376,-6.819101333618164,-3.979001760482788,active,0.0
2044,role_labeled,passive,passive,a teacher is followed by a student .,a girl follows a guest .,a guest is followed by a girl .,a,girl,a,guest,follow,follows,followed,"[""VERB=follow"", ""PATIENT=guest"", ""AGENT=girl""]","Prime sentence: a teacher is followed by a student .
Event roles: VERB=follow; PATIENT=guest; AGENT=girl
Sentence: the",Sentence: the,first_noun,-2.7779245376586914,-6.779447078704834,-4.001522541046143,active,0.0
2044,role_labeled,no_prime_eos,no_prime_eos,,a girl follows a guest .,a guest is followed by a girl .,a,girl,a,guest,follow,follows,followed,"[""VERB=follow"", ""PATIENT=guest"", ""AGENT=girl""]","Event roles: VERB=follow; PATIENT=guest; AGENT=girl
Sentence: the",Sentence: the,first_noun,-2.8836750984191895,-6.114897727966309,-3.231222629547119,active,0.0
2044,role_labeled,filler,filler,The tourist wandered through the plaza .,a girl follows a guest .,a guest is followed by a girl .,a,girl,a,guest,follow,follows,followed,"[""VERB=follow"", ""PATIENT=guest"", ""AGENT=girl""]","Prime sentence: The tourist wandered through the plaza .
Event roles: VERB=follow; PATIENT=guest; AGENT=girl
Sentence: the",Sentence: the,first_noun,-2.3926610946655273,-5.06985330581665,-2.677192211151123,active,0.0
2045,role_labeled,active,active,a friend helps a girl .,a soldier helps a son .,a son is helped by a soldier .,a,soldier,a,son,help,helps,helped,"[""PATIENT=son"", ""VERB=help"", ""AGENT=soldier""]","Prime sentence: a friend helps a girl .
Event roles: PATIENT=son; VERB=help; AGENT=soldier
Sentence: the",Sentence: the,first_noun,-3.1560399532318115,-4.540356159210205,-1.3843162059783936,active,0.0
2045,role_labeled,passive,passive,a girl is helped by a friend .,a soldier helps a son .,a son is helped by a soldier .,a,soldier,a,son,help,helps,helped,"[""PATIENT=son"", ""VERB=help"", ""AGENT=soldier""]","Prime sentence: a girl is helped by a friend .
Event roles: PATIENT=son; VERB=help; AGENT=soldier
Sentence: the",Sentence: the,first_noun,-2.954759359359741,-4.635500907897949,-1.680741548538208,active,0.0
2045,role_labeled,no_prime_eos,no_prime_eos,,a soldier helps a son .,a son is helped by a soldier .,a,soldier,a,son,help,helps,helped,"[""PATIENT=son"", ""VERB=help"", ""AGENT=soldier""]","Event roles: PATIENT=son; VERB=help; AGENT=soldier
Sentence: the",Sentence: the,first_noun,-3.4502484798431396,-4.287220001220703,-0.8369715213775635,active,0.0
2045,role_labeled,filler,filler,The captain waited beside the harbor .,a soldier helps a son .,a son is helped by a soldier .,a,soldier,a,son,help,helps,helped,"[""PATIENT=son"", ""VERB=help"", ""AGENT=soldier""]","Prime sentence: The captain waited beside the harbor .
Event roles: PATIENT=son; VERB=help; AGENT=soldier
Sentence: the",Sentence: the,first_noun,-4.195308685302734,-5.479003429412842,-1.2836947441101074,active,0.0
2046,role_labeled,active,active,a chief grabs a child .,a president grabs a priest .,a priest is grabbed by a president .,a,president,a,priest,grab,grabs,grabbed,"[""VERB=grab"", ""PATIENT=priest"", ""AGENT=president""]","Prime sentence: a chief grabs a child .
Event roles: VERB=grab; PATIENT=priest; AGENT=president
Sentence: the",Sentence: the,first_noun,-3.5186026096343994,-4.212866306304932,-0.6942636966705322,active,0.0
2046,role_labeled,passive,passive,a child is grabbed by a chief .,a president grabs a priest .,a priest is grabbed by a president .,a,president,a,priest,grab,grabs,grabbed,"[""VERB=grab"", ""PATIENT=priest"", ""AGENT=president""]","Prime sentence: a child is grabbed by a chief .
Event roles: VERB=grab; PATIENT=priest; AGENT=president
Sentence: the",Sentence: the,first_noun,-3.5938053131103516,-4.044239521026611,-0.45043420791625977,active,0.0
2046,role_labeled,no_prime_eos,no_prime_eos,,a president grabs a priest .,a priest is grabbed by a president .,a,president,a,priest,grab,grabs,grabbed,"[""VERB=grab"", ""PATIENT=priest"", ""AGENT=president""]","Event roles: VERB=grab; PATIENT=priest; AGENT=president
Sentence: the",Sentence: the,first_noun,-4.095407485961914,-4.675511837005615,-0.5801043510437012,active,0.0
2046,role_labeled,filler,filler,The traveler rested beside the river .,a president grabs a priest .,a priest is grabbed by a president .,a,president,a,priest,grab,grabs,grabbed,"[""VERB=grab"", ""PATIENT=priest"", ""AGENT=president""]","Prime sentence: The traveler rested beside the river .
Event roles: VERB=grab; PATIENT=priest; AGENT=president
Sentence: the",Sentence: the,first_noun,-5.114007949829102,-4.239328384399414,0.8746795654296875,passive,1.0
2047,role_labeled,active,active,a man asks a manager .,an actress asks an adult .,an adult is asked by an actress .,an,actress,an,adult,ask,asks,asked,"[""VERB=ask"", ""AGENT=actress"", ""PATIENT=adult""]","Prime sentence: a man asks a manager .
Event roles: VERB=ask; AGENT=actress; PATIENT=adult
Sentence: the",Sentence: the,first_noun,-6.648513317108154,-7.104042053222656,-0.45552873611450195,active,0.0
2047,role_labeled,passive,passive,a manager is asked by a man .,an actress asks an adult .,an adult is asked by an actress .,an,actress,an,adult,ask,asks,asked,"[""VERB=ask"", ""AGENT=actress"", ""PATIENT=adult""]","Prime sentence: a manager is asked by a man .
Event roles: VERB=ask; AGENT=actress; PATIENT=adult
Sentence: the",Sentence: the,first_noun,-6.560904502868652,-6.889064788818359,-0.32816028594970703,active,0.0
2047,role_labeled,no_prime_eos,no_prime_eos,,an actress asks an adult .,an adult is asked by an actress .,an,actress,an,adult,ask,asks,asked,"[""VERB=ask"", ""AGENT=actress"", ""PATIENT=adult""]","Event roles: VERB=ask; AGENT=actress; PATIENT=adult
Sentence: the",Sentence: the,first_noun,-7.109204292297363,-5.514385223388672,1.5948190689086914,passive,1.0
2047,role_labeled,filler,filler,The painter waited near the doorway .,an actress asks an adult .,an adult is asked by an actress .,an,actress,an,adult,ask,asks,asked,"[""VERB=ask"", ""AGENT=actress"", ""PATIENT=adult""]","Prime sentence: The painter waited near the doorway .
Event roles: VERB=ask; AGENT=actress; PATIENT=adult
Sentence: the",Sentence: the,first_noun,-5.720052242279053,-6.554109573364258,-0.8340573310852051,active,0.0
2048,role_labeled,active,active,a parent hurries a partner .,a brother hurries a buddy .,a buddy is hurried by a brother .,a,brother,a,buddy,hurry,hurries,hurried,"[""VERB=hurry"", ""PATIENT=buddy"", ""AGENT=brother""]","Prime sentence: a parent hurries a partner .
Event roles: VERB=hurry; PATIENT=buddy; AGENT=brother
Sentence: the",Sentence: the,first_noun,-5.801027774810791,-9.005474090576172,-3.204446315765381,active,0.0
2048,role_labeled,passive,passive,a partner is hurried by a parent .,a brother hurries a buddy .,a buddy is hurried by a brother .,a,brother,a,buddy,hurry,hurries,hurried,"[""VERB=hurry"", ""PATIENT=buddy"", ""AGENT=brother""]","Prime sentence: a partner is hurried by a parent .
Event roles: VERB=hurry; PATIENT=buddy; AGENT=brother
Sentence: the",Sentence: the,first_noun,-5.770227432250977,-8.82152271270752,-3.051295280456543,active,0.0
2048,role_labeled,no_prime_eos,no_prime_eos,,a brother hurries a buddy .,a buddy is hurried by a brother .,a,brother,a,buddy,hurry,hurries,hurried,"[""VERB=hurry"", ""PATIENT=buddy"", ""AGENT=brother""]","Event roles: VERB=hurry; PATIENT=buddy; AGENT=brother
Sentence: the",Sentence: the,first_noun,-6.140925407409668,-8.90963363647461,-2.7687082290649414,active,0.0
2048,role_labeled,filler,filler,The notebook stayed on the shelf .,a brother hurries a buddy .,a buddy is hurried by a brother .,a,brother,a,buddy,hurry,hurries,hurried,"[""VERB=hurry"", ""PATIENT=buddy"", ""AGENT=brother""]","Prime sentence: The notebook stayed on the shelf .
Event roles: VERB=hurry; PATIENT=buddy; AGENT=brother
Sentence: the",Sentence: the,first_noun,-6.866613388061523,-8.516430854797363,-1.6498174667358398,active,0.0
2049,role_labeled,active,active,a soldier strikes a son .,a father strikes a friend .,a friend is struck by a father .,a,father,a,friend,strik,strikes,struck,"[""VERB=strik"", ""PATIENT=friend"", ""AGENT=father""]","Prime sentence: a soldier strikes a son .
Event roles: VERB=strik; PATIENT=friend; AGENT=father
Sentence: the",Sentence: the,first_noun,-3.1847639083862305,-5.809175491333008,-2.6244115829467773,active,0.0
2049,role_labeled,passive,passive,a son is struck by a soldier .,a father strikes a friend .,a friend is struck by a father .,a,father,a,friend,strik,strikes,struck,"[""VERB=strik"", ""PATIENT=friend"", ""AGENT=father""]","Prime sentence: a son is struck by a soldier .
Event roles: VERB=strik; PATIENT=friend; AGENT=father
Sentence: the",Sentence: the,first_noun,-3.0923850536346436,-5.700148582458496,-2.6077635288238525,active,0.0
2049,role_labeled,no_prime_eos,no_prime_eos,,a father strikes a friend .,a friend is struck by a father .,a,father,a,friend,strik,strikes,struck,"[""VERB=strik"", ""PATIENT=friend"", ""AGENT=father""]","Event roles: VERB=strik; PATIENT=friend; AGENT=father
Sentence: the",Sentence: the,first_noun,-4.151602268218994,-6.084218502044678,-1.9326162338256836,active,0.0
2049,role_labeled,filler,filler,The painter waited near the doorway .,a father strikes a friend .,a friend is struck by a father .,a,father,a,friend,strik,strikes,struck,"[""VERB=strik"", ""PATIENT=friend"", ""AGENT=father""]","Prime sentence: The painter waited near the doorway .
Event roles: VERB=strik; PATIENT=friend; AGENT=father
Sentence: the",Sentence: the,first_noun,-3.9485840797424316,-5.2730793952941895,-1.3244953155517578,active,0.0
2050,role_labeled,active,active,a buddy surprises a candidate .,a parent surprises a partner .,a partner is surprised by a parent .,a,parent,a,partner,surpris,surprises,surprised,"[""AGENT=parent"", ""VERB=surpris"", ""PATIENT=partner""]","Prime sentence: a buddy surprises a candidate .
Event roles: AGENT=parent; VERB=surpris; PATIENT=partner
Sentence: the",Sentence: the,first_noun,-5.060873031616211,-5.95646333694458,-0.8955903053283691,active,0.0
2050,role_labeled,passive,passive,a candidate is surprised by a buddy .,a parent surprises a partner .,a partner is surprised by a parent .,a,parent,a,partner,surpris,surprises,surprised,"[""AGENT=parent"", ""VERB=surpris"", ""PATIENT=partner""]","Prime sentence: a candidate is surprised by a buddy .
Event roles: AGENT=parent; VERB=surpris; PATIENT=partner
Sentence: the",Sentence: the,first_noun,-4.801090240478516,-5.426628589630127,-0.6255383491516113,active,0.0
2050,role_labeled,no_prime_eos,no_prime_eos,,a parent surprises a partner .,a partner is surprised by a parent .,a,parent,a,partner,surpris,surprises,surprised,"[""AGENT=parent"", ""VERB=surpris"", ""PATIENT=partner""]","Event roles: AGENT=parent; VERB=surpris; PATIENT=partner
Sentence: the",Sentence: the,first_noun,-4.774641036987305,-6.848451614379883,-2.073810577392578,active,0.0
2050,role_labeled,filler,filler,The garden brightened after rain .,a parent surprises a partner .,a partner is surprised by a parent .,a,parent,a,partner,surpris,surprises,surprised,"[""AGENT=parent"", ""VERB=surpris"", ""PATIENT=partner""]","Prime sentence: The garden brightened after rain .
Event roles: AGENT=parent; VERB=surpris; PATIENT=partner
Sentence: the",Sentence: the,first_noun,-7.448634147644043,-8.508734703063965,-1.0601005554199219,active,0.0
2051,role_labeled,active,active,a physician embraces a pilot .,a candidate embraces a captain .,a captain is embraced by a candidate .,a,candidate,a,captain,embrac,embraces,embraced,"[""AGENT=candidate"", ""VERB=embrac"", ""PATIENT=captain""]","Prime sentence: a physician embraces a pilot .
Event roles: AGENT=candidate; VERB=embrac; PATIENT=captain
Sentence: the",Sentence: the,first_noun,-5.825080394744873,-3.8601365089416504,1.9649438858032227,passive,1.0
2051,role_labeled,passive,passive,a pilot is embraced by a physician .,a candidate embraces a captain .,a captain is embraced by a candidate .,a,candidate,a,captain,embrac,embraces,embraced,"[""AGENT=candidate"", ""VERB=embrac"", ""PATIENT=captain""]","Prime sentence: a pilot is embraced by a physician .
Event roles: AGENT=candidate; VERB=embrac; PATIENT=captain
Sentence: the",Sentence: the,first_noun,-5.671969413757324,-3.8778226375579834,1.7941467761993408,passive,1.0
2051,role_labeled,no_prime_eos,no_prime_eos,,a candidate embraces a captain .,a captain is embraced by a candidate .,a,candidate,a,captain,embrac,embraces,embraced,"[""AGENT=candidate"", ""VERB=embrac"", ""PATIENT=captain""]","Event roles: AGENT=candidate; VERB=embrac; PATIENT=captain
Sentence: the",Sentence: the,first_noun,-3.9468295574188232,-3.8195159435272217,0.12731361389160156,passive,1.0
2051,role_labeled,filler,filler,The package arrived before noon .,a candidate embraces a captain .,a captain is embraced by a candidate .,a,candidate,a,captain,embrac,embraces,embraced,"[""AGENT=candidate"", ""VERB=embrac"", ""PATIENT=captain""]","Prime sentence: The package arrived before noon .
Event roles: AGENT=candidate; VERB=embrac; PATIENT=captain
Sentence: the",Sentence: the,first_noun,-5.470803260803223,-3.8512210845947266,1.619582176208496,passive,1.0
2052,role_labeled,active,active,a husband chases a kid .,a wife chases a winner .,a winner is chased by a wife .,a,wife,a,winner,chas,chases,chased,"[""VERB=chas"", ""PATIENT=winner"", ""AGENT=wife""]","Prime sentence: a husband chases a kid .
Event roles: VERB=chas; PATIENT=winner; AGENT=wife
Sentence: the",Sentence: the,first_noun,-3.25221848487854,-6.757304668426514,-3.5050861835479736,active,0.0
2052,role_labeled,passive,passive,a kid is chased by a husband .,a wife chases a winner .,a winner is chased by a wife .,a,wife,a,winner,chas,chases,chased,"[""VERB=chas"", ""PATIENT=winner"", ""AGENT=wife""]","Prime sentence: a kid is chased by a husband .
Event roles: VERB=chas; PATIENT=winner; AGENT=wife
Sentence: the",Sentence: the,first_noun,-3.15228533744812,-6.825435638427734,-3.6731503009796143,active,0.0
2052,role_labeled,no_prime_eos,no_prime_eos,,a wife chases a winner .,a winner is chased by a wife .,a,wife,a,winner,chas,chases,chased,"[""VERB=chas"", ""PATIENT=winner"", ""AGENT=wife""]","Event roles: VERB=chas; PATIENT=winner; AGENT=wife
Sentence: the",Sentence: the,first_noun,-4.192668437957764,-5.338460922241211,-1.1457924842834473,active,0.0
2052,role_labeled,filler,filler,The planet shimmered above the valley .,a wife chases a winner .,a winner is chased by a wife .,a,wife,a,winner,chas,chases,chased,"[""VERB=chas"", ""PATIENT=winner"", ""AGENT=wife""]","Prime sentence: The planet shimmered above the valley .
Event roles: VERB=chas; PATIENT=winner; AGENT=wife
Sentence: the",Sentence: the,first_noun,-6.037728309631348,-8.927099227905273,-2.889370918273926,active,0.0
2053,role_labeled,active,active,a partner carries a physician .,a buddy carries a candidate .,a candidate is carried by a buddy .,a,buddy,a,candidate,carry,carries,carried,"[""AGENT=buddy"", ""VERB=carry"", ""PATIENT=candidate""]","Prime sentence: a partner carries a physician .
Event roles: AGENT=buddy; VERB=carry; PATIENT=candidate
Sentence: the",Sentence: the,first_noun,-7.605495929718018,-5.254486083984375,2.3510098457336426,passive,1.0
2053,role_labeled,passive,passive,a physician is carried by a partner .,a buddy carries a candidate .,a candidate is carried by a buddy .,a,buddy,a,candidate,carry,carries,carried,"[""AGENT=buddy"", ""VERB=carry"", ""PATIENT=candidate""]","Prime sentence: a physician is carried by a partner .
Event roles: AGENT=buddy; VERB=carry; PATIENT=candidate
Sentence: the",Sentence: the,first_noun,-9.257213592529297,-5.985101699829102,3.2721118927001953,passive,1.0
2053,role_labeled,no_prime_eos,no_prime_eos,,a buddy carries a candidate .,a candidate is carried by a buddy .,a,buddy,a,candidate,carry,carries,carried,"[""AGENT=buddy"", ""VERB=carry"", ""PATIENT=candidate""]","Event roles: AGENT=buddy; VERB=carry; PATIENT=candidate
Sentence: the",Sentence: the,first_noun,-7.289362907409668,-4.9148945808410645,2.3744683265686035,passive,1.0
2053,role_labeled,filler,filler,The garden brightened after rain .,a buddy carries a candidate .,a candidate is carried by a buddy .,a,buddy,a,candidate,carry,carries,carried,"[""AGENT=buddy"", ""VERB=carry"", ""PATIENT=candidate""]","Prime sentence: The garden brightened after rain .
Event roles: AGENT=buddy; VERB=carry; PATIENT=candidate
Sentence: the",Sentence: the,first_noun,-10.466209411621094,-7.7745256423950195,2.691683769226074,passive,1.0
2054,role_labeled,active,active,a guest helps a guy .,a student helps a teacher .,a teacher is helped by a student .,a,student,a,teacher,help,helps,helped,"[""PATIENT=teacher"", ""VERB=help"", ""AGENT=student""]","Prime sentence: a guest helps a guy .
Event roles: PATIENT=teacher; VERB=help; AGENT=student
Sentence: the",Sentence: the,first_noun,-3.189244031906128,-2.288593292236328,0.9006507396697998,passive,1.0
2054,role_labeled,passive,passive,a guy is helped by a guest .,a student helps a teacher .,a teacher is helped by a student .,a,student,a,teacher,help,helps,helped,"[""PATIENT=teacher"", ""VERB=help"", ""AGENT=student""]","Prime sentence: a guy is helped by a guest .
Event roles: PATIENT=teacher; VERB=help; AGENT=student
Sentence: the",Sentence: the,first_noun,-2.817613363265991,-2.113023281097412,0.7045900821685791,passive,1.0
2054,role_labeled,no_prime_eos,no_prime_eos,,a student helps a teacher .,a teacher is helped by a student .,a,student,a,teacher,help,helps,helped,"[""PATIENT=teacher"", ""VERB=help"", ""AGENT=student""]","Event roles: PATIENT=teacher; VERB=help; AGENT=student
Sentence: the",Sentence: the,first_noun,-2.8140957355499268,-2.2380330562591553,0.5760626792907715,passive,1.0
2054,role_labeled,filler,filler,The jacket hung behind the chair .,a student helps a teacher .,a teacher is helped by a student .,a,student,a,teacher,help,helps,helped,"[""PATIENT=teacher"", ""VERB=help"", ""AGENT=student""]","Prime sentence: The jacket hung behind the chair .
Event roles: PATIENT=teacher; VERB=help; AGENT=student
Sentence: the",Sentence: the,first_noun,-3.5992183685302734,-2.8602075576782227,0.7390108108520508,passive,1.0
2055,role_labeled,active,active,a man destroys a manager .,an actress destroys an adult .,an adult is destroyed by an actress .,an,actress,an,adult,destroy,destroys,destroyed,"[""AGENT=actress"", ""PATIENT=adult"", ""VERB=destroy""]","Prime sentence: a man destroys a manager .
Event roles: AGENT=actress; PATIENT=adult; VERB=destroy
Sentence: the",Sentence: the,first_noun,-6.190964698791504,-7.0461626052856445,-0.8551979064941406,active,0.0
2055,role_labeled,passive,passive,a manager is destroyed by a man .,an actress destroys an adult .,an adult is destroyed by an actress .,an,actress,an,adult,destroy,destroys,destroyed,"[""AGENT=actress"", ""PATIENT=adult"", ""VERB=destroy""]","Prime sentence: a manager is destroyed by a man .
Event roles: AGENT=actress; PATIENT=adult; VERB=destroy
Sentence: the",Sentence: the,first_noun,-6.454069137573242,-7.120809078216553,-0.6667399406433105,active,0.0
2055,role_labeled,no_prime_eos,no_prime_eos,,an actress destroys an adult .,an adult is destroyed by an actress .,an,actress,an,adult,destroy,destroys,destroyed,"[""AGENT=actress"", ""PATIENT=adult"", ""VERB=destroy""]","Event roles: AGENT=actress; PATIENT=adult; VERB=destroy
Sentence: the",Sentence: the,first_noun,-6.524023056030273,-5.629866600036621,0.8941564559936523,passive,1.0
2055,role_labeled,filler,filler,The blanket dried on the line .,an actress destroys an adult .,an adult is destroyed by an actress .,an,actress,an,adult,destroy,destroys,destroyed,"[""AGENT=actress"", ""PATIENT=adult"", ""VERB=destroy""]","Prime sentence: The blanket dried on the line .
Event roles: AGENT=actress; PATIENT=adult; VERB=destroy
Sentence: the",Sentence: the,first_noun,-7.893682956695557,-7.768086910247803,0.1255960464477539,passive,1.0
2056,role_labeled,active,active,a mayor forgives a minister .,an attorney forgives an aunt .,an aunt is forgiven by an attorney .,an,attorney,an,aunt,forgiv,forgives,forgiven,"[""AGENT=attorney"", ""VERB=forgiv"", ""PATIENT=aunt""]","Prime sentence: a mayor forgives a minister .
Event roles: AGENT=attorney; VERB=forgiv; PATIENT=aunt
Sentence: the",Sentence: the,first_noun,-5.258462429046631,-7.765091419219971,-2.50662899017334,active,0.0
2056,role_labeled,passive,passive,a minister is forgiven by a mayor .,an attorney forgives an aunt .,an aunt is forgiven by an attorney .,an,attorney,an,aunt,forgiv,forgives,forgiven,"[""AGENT=attorney"", ""VERB=forgiv"", ""PATIENT=aunt""]","Prime sentence: a minister is forgiven by a mayor .
Event roles: AGENT=attorney; VERB=forgiv; PATIENT=aunt
Sentence: the",Sentence: the,first_noun,-5.180367469787598,-8.192625999450684,-3.012258529663086,active,0.0
2056,role_labeled,no_prime_eos,no_prime_eos,,an attorney forgives an aunt .,an aunt is forgiven by an attorney .,an,attorney,an,aunt,forgiv,forgives,forgiven,"[""AGENT=attorney"", ""VERB=forgiv"", ""PATIENT=aunt""]","Event roles: AGENT=attorney; VERB=forgiv; PATIENT=aunt
Sentence: the",Sentence: the,first_noun,-5.2307939529418945,-9.112238883972168,-3.8814449310302734,active,0.0
2056,role_labeled,filler,filler,The radio crackled in the attic .,an attorney forgives an aunt .,an aunt is forgiven by an attorney .,an,attorney,an,aunt,forgiv,forgives,forgiven,"[""AGENT=attorney"", ""VERB=forgiv"", ""PATIENT=aunt""]","Prime sentence: The radio crackled in the attic .
Event roles: AGENT=attorney; VERB=forgiv; PATIENT=aunt
Sentence: the",Sentence: the,first_noun,-6.290517807006836,-6.922956466674805,-0.6324386596679688,active,0.0
2057,role_labeled,active,active,an attorney hurts an aunt .,a manager hurts a mayor .,a mayor is hurt by a manager .,a,manager,a,mayor,hurt,hurts,hurt,"[""VERB=hurt"", ""PATIENT=mayor"", ""AGENT=manager""]","Prime sentence: an attorney hurts an aunt .
Event roles: VERB=hurt; PATIENT=mayor; AGENT=manager
Sentence: the",Sentence: the,first_noun,-5.535419464111328,-2.309222459793091,3.2261970043182373,passive,1.0
2057,role_labeled,passive,passive,an aunt is hurt by an attorney .,a manager hurts a mayor .,a mayor is hurt by a manager .,a,manager,a,mayor,hurt,hurts,hurt,"[""VERB=hurt"", ""PATIENT=mayor"", ""AGENT=manager""]","Prime sentence: an aunt is hurt by an attorney .
Event roles: VERB=hurt; PATIENT=mayor; AGENT=manager
Sentence: the",Sentence: the,first_noun,-5.412187576293945,-2.2599503993988037,3.1522371768951416,passive,1.0
2057,role_labeled,no_prime_eos,no_prime_eos,,a manager hurts a mayor .,a mayor is hurt by a manager .,a,manager,a,mayor,hurt,hurts,hurt,"[""VERB=hurt"", ""PATIENT=mayor"", ""AGENT=manager""]","Event roles: VERB=hurt; PATIENT=mayor; AGENT=manager
Sentence: the",Sentence: the,first_noun,-5.413347244262695,-2.5947988033294678,2.8185484409332275,passive,1.0
2057,role_labeled,filler,filler,The garden brightened after rain .,a manager hurts a mayor .,a mayor is hurt by a manager .,a,manager,a,mayor,hurt,hurts,hurt,"[""VERB=hurt"", ""PATIENT=mayor"", ""AGENT=manager""]","Prime sentence: The garden brightened after rain .
Event roles: VERB=hurt; PATIENT=mayor; AGENT=manager
Sentence: the",Sentence: the,first_noun,-7.158308029174805,-4.394083023071289,2.7642250061035156,passive,1.0
2058,role_labeled,active,active,a worker comforts a writer .,a king comforts a lady .,a lady is comforted by a king .,a,king,a,lady,comfort,comforts,comforted,"[""AGENT=king"", ""PATIENT=lady"", ""VERB=comfort""]","Prime sentence: a worker comforts a writer .
Event roles: AGENT=king; PATIENT=lady; VERB=comfort
Sentence: the",Sentence: the,first_noun,-2.8464176654815674,-5.450681686401367,-2.6042640209198,active,0.0
2058,role_labeled,passive,passive,a writer is comforted by a worker .,a king comforts a lady .,a lady is comforted by a king .,a,king,a,lady,comfort,comforts,comforted,"[""AGENT=king"", ""PATIENT=lady"", ""VERB=comfort""]","Prime sentence: a writer is comforted by a worker .
Event roles: AGENT=king; PATIENT=lady; VERB=comfort
Sentence: the",Sentence: the,first_noun,-2.9820845127105713,-5.516482353210449,-2.534397840499878,active,0.0
2058,role_labeled,no_prime_eos,no_prime_eos,,a king comforts a lady .,a lady is comforted by a king .,a,king,a,lady,comfort,comforts,comforted,"[""AGENT=king"", ""PATIENT=lady"", ""VERB=comfort""]","Event roles: AGENT=king; PATIENT=lady; VERB=comfort
Sentence: the",Sentence: the,first_noun,-3.363729238510132,-5.058258056640625,-1.6945288181304932,active,0.0
2058,role_labeled,filler,filler,The garden brightened after rain .,a king comforts a lady .,a lady is comforted by a king .,a,king,a,lady,comfort,comforts,comforted,"[""AGENT=king"", ""PATIENT=lady"", ""VERB=comfort""]","Prime sentence: The garden brightened after rain .
Event roles: AGENT=king; PATIENT=lady; VERB=comfort
Sentence: the",Sentence: the,first_noun,-3.921501636505127,-4.846532344818115,-0.9250307083129883,active,0.0
2059,role_labeled,active,active,a physician hurts a pilot .,a candidate hurts a captain .,a captain is hurt by a candidate .,a,candidate,a,captain,hurt,hurts,hurt,"[""PATIENT=captain"", ""VERB=hurt"", ""AGENT=candidate""]","Prime sentence: a physician hurts a pilot .
Event roles: PATIENT=captain; VERB=hurt; AGENT=candidate
Sentence: the",Sentence: the,first_noun,-6.1678924560546875,-3.108898401260376,3.0589940547943115,passive,1.0
2059,role_labeled,passive,passive,a pilot is hurt by a physician .,a candidate hurts a captain .,a captain is hurt by a candidate .,a,candidate,a,captain,hurt,hurts,hurt,"[""PATIENT=captain"", ""VERB=hurt"", ""AGENT=candidate""]","Prime sentence: a pilot is hurt by a physician .
Event roles: PATIENT=captain; VERB=hurt; AGENT=candidate
Sentence: the",Sentence: the,first_noun,-5.717398643493652,-3.210524797439575,2.506873846054077,passive,1.0
2059,role_labeled,no_prime_eos,no_prime_eos,,a candidate hurts a captain .,a captain is hurt by a candidate .,a,candidate,a,captain,hurt,hurts,hurt,"[""PATIENT=captain"", ""VERB=hurt"", ""AGENT=candidate""]","Event roles: PATIENT=captain; VERB=hurt; AGENT=candidate
Sentence: the",Sentence: the,first_noun,-5.040164947509766,-3.266541004180908,1.7736239433288574,passive,1.0
2059,role_labeled,filler,filler,The kettle whistled in the kitchen .,a candidate hurts a captain .,a captain is hurt by a candidate .,a,candidate,a,captain,hurt,hurts,hurt,"[""PATIENT=captain"", ""VERB=hurt"", ""AGENT=candidate""]","Prime sentence: The kettle whistled in the kitchen .
Event roles: PATIENT=captain; VERB=hurt; AGENT=candidate
Sentence: the",Sentence: the,first_noun,-6.895452499389648,-4.243429660797119,2.6520228385925293,passive,1.0
2060,role_labeled,active,active,an employer grabs a father .,a sheriff grabs a singer .,a singer is grabbed by a sheriff .,a,sheriff,a,singer,grab,grabs,grabbed,"[""VERB=grab"", ""AGENT=sheriff"", ""PATIENT=singer""]","Prime sentence: an employer grabs a father .
Event roles: VERB=grab; AGENT=sheriff; PATIENT=singer
Sentence: the",Sentence: the,first_noun,-3.548701524734497,-5.9709272384643555,-2.4222257137298584,active,0.0
2060,role_labeled,passive,passive,a father is grabbed by an employer .,a sheriff grabs a singer .,a singer is grabbed by a sheriff .,a,sheriff,a,singer,grab,grabs,grabbed,"[""VERB=grab"", ""AGENT=sheriff"", ""PATIENT=singer""]","Prime sentence: a father is grabbed by an employer .
Event roles: VERB=grab; AGENT=sheriff; PATIENT=singer
Sentence: the",Sentence: the,first_noun,-4.231321334838867,-6.045510292053223,-1.8141889572143555,active,0.0
2060,role_labeled,no_prime_eos,no_prime_eos,,a sheriff grabs a singer .,a singer is grabbed by a sheriff .,a,sheriff,a,singer,grab,grabs,grabbed,"[""VERB=grab"", ""AGENT=sheriff"", ""PATIENT=singer""]","Event roles: VERB=grab; AGENT=sheriff; PATIENT=singer
Sentence: the",Sentence: the,first_noun,-6.237105369567871,-6.039554595947266,0.19755077362060547,passive,1.0
2060,role_labeled,filler,filler,The painter waited near the doorway .,a sheriff grabs a singer .,a singer is grabbed by a sheriff .,a,sheriff,a,singer,grab,grabs,grabbed,"[""VERB=grab"", ""AGENT=sheriff"", ""PATIENT=singer""]","Prime sentence: The painter waited near the doorway .
Event roles: VERB=grab; AGENT=sheriff; PATIENT=singer
Sentence: the",Sentence: the,first_noun,-4.717541217803955,-4.788802146911621,-0.07126092910766602,active,0.0
2061,role_labeled,active,active,a manager forgives a mayor .,an adult forgives an attorney .,an attorney is forgiven by an adult .,an,adult,an,attorney,forgiv,forgives,forgiven,"[""VERB=forgiv"", ""AGENT=adult"", ""PATIENT=attorney""]","Prime sentence: a manager forgives a mayor .
Event roles: VERB=forgiv; AGENT=adult; PATIENT=attorney
Sentence: the",Sentence: the,first_noun,-6.663236618041992,-6.804152488708496,-0.1409158706665039,active,0.0
2061,role_labeled,passive,passive,a mayor is forgiven by a manager .,an adult forgives an attorney .,an attorney is forgiven by an adult .,an,adult,an,attorney,forgiv,forgives,forgiven,"[""VERB=forgiv"", ""AGENT=adult"", ""PATIENT=attorney""]","Prime sentence: a mayor is forgiven by a manager .
Event roles: VERB=forgiv; AGENT=adult; PATIENT=attorney
Sentence: the",Sentence: the,first_noun,-6.658934593200684,-6.928630352020264,-0.2696957588195801,active,0.0
2061,role_labeled,no_prime_eos,no_prime_eos,,an adult forgives an attorney .,an attorney is forgiven by an adult .,an,adult,an,attorney,forgiv,forgives,forgiven,"[""VERB=forgiv"", ""AGENT=adult"", ""PATIENT=attorney""]","Event roles: VERB=forgiv; AGENT=adult; PATIENT=attorney
Sentence: the",Sentence: the,first_noun,-5.762548923492432,-6.751891136169434,-0.989342212677002,active,0.0
2061,role_labeled,filler,filler,The window rattled during the storm .,an adult forgives an attorney .,an attorney is forgiven by an adult .,an,adult,an,attorney,forgiv,forgives,forgiven,"[""VERB=forgiv"", ""AGENT=adult"", ""PATIENT=attorney""]","Prime sentence: The window rattled during the storm .
Event roles: VERB=forgiv; AGENT=adult; PATIENT=attorney
Sentence: the",Sentence: the,first_noun,-7.691722869873047,-7.723053932189941,-0.03133106231689453,active,0.0
2062,role_labeled,active,active,a cousin describes a daughter .,a professor describes a reader .,a reader is described by a professor .,a,professor,a,reader,describ,describes,described,"[""VERB=describ"", ""PATIENT=reader"", ""AGENT=professor""]","Prime sentence: a cousin describes a daughter .
Event roles: VERB=describ; PATIENT=reader; AGENT=professor
Sentence: the",Sentence: the,first_noun,-4.259681701660156,-6.828408241271973,-2.5687265396118164,active,0.0
2062,role_labeled,passive,passive,a daughter is described by a cousin .,a professor describes a reader .,a reader is described by a professor .,a,professor,a,reader,describ,describes,described,"[""VERB=describ"", ""PATIENT=reader"", ""AGENT=professor""]","Prime sentence: a daughter is described by a cousin .
Event roles: VERB=describ; PATIENT=reader; AGENT=professor
Sentence: the",Sentence: the,first_noun,-4.203253746032715,-6.345191955566406,-2.1419382095336914,active,0.0
2062,role_labeled,no_prime_eos,no_prime_eos,,a professor describes a reader .,a reader is described by a professor .,a,professor,a,reader,describ,describes,described,"[""VERB=describ"", ""PATIENT=reader"", ""AGENT=professor""]","Event roles: VERB=describ; PATIENT=reader; AGENT=professor
Sentence: the",Sentence: the,first_noun,-4.341812610626221,-5.955992698669434,-1.614180088043213,active,0.0
2062,role_labeled,filler,filler,The blanket dried on the line .,a professor describes a reader .,a reader is described by a professor .,a,professor,a,reader,describ,describes,described,"[""VERB=describ"", ""PATIENT=reader"", ""AGENT=professor""]","Prime sentence: The blanket dried on the line .
Event roles: VERB=describ; PATIENT=reader; AGENT=professor
Sentence: the",Sentence: the,first_noun,-4.773029327392578,-7.759230613708496,-2.986201286315918,active,0.0
2063,role_labeled,active,active,a parent follows a partner .,a brother follows a buddy .,a buddy is followed by a brother .,a,brother,a,buddy,follow,follows,followed,"[""PATIENT=buddy"", ""AGENT=brother"", ""VERB=follow""]","Prime sentence: a parent follows a partner .
Event roles: PATIENT=buddy; AGENT=brother; VERB=follow
Sentence: the",Sentence: the,first_noun,-4.847420692443848,-7.973297119140625,-3.1258764266967773,active,0.0
2063,role_labeled,passive,passive,a partner is followed by a parent .,a brother follows a buddy .,a buddy is followed by a brother .,a,brother,a,buddy,follow,follows,followed,"[""PATIENT=buddy"", ""AGENT=brother"", ""VERB=follow""]","Prime sentence: a partner is followed by a parent .
Event roles: PATIENT=buddy; AGENT=brother; VERB=follow
Sentence: the",Sentence: the,first_noun,-4.8681440353393555,-7.501717567443848,-2.633573532104492,active,0.0
2063,role_labeled,no_prime_eos,no_prime_eos,,a brother follows a buddy .,a buddy is followed by a brother .,a,brother,a,buddy,follow,follows,followed,"[""PATIENT=buddy"", ""AGENT=brother"", ""VERB=follow""]","Event roles: PATIENT=buddy; AGENT=brother; VERB=follow
Sentence: the",Sentence: the,first_noun,-4.8201093673706055,-7.355802536010742,-2.5356931686401367,active,0.0
2063,role_labeled,filler,filler,The kettle whistled in the kitchen .,a brother follows a buddy .,a buddy is followed by a brother .,a,brother,a,buddy,follow,follows,followed,"[""PATIENT=buddy"", ""AGENT=brother"", ""VERB=follow""]","Prime sentence: The kettle whistled in the kitchen .
Event roles: PATIENT=buddy; AGENT=brother; VERB=follow
Sentence: the",Sentence: the,first_noun,-7.976215839385986,-10.061866760253906,-2.08565092086792,active,0.0
2064,role_labeled,active,active,a manager describes a mayor .,an adult describes an attorney .,an attorney is described by an adult .,an,adult,an,attorney,describ,describes,described,"[""AGENT=adult"", ""PATIENT=attorney"", ""VERB=describ""]","Prime sentence: a manager describes a mayor .
Event roles: AGENT=adult; PATIENT=attorney; VERB=describ
Sentence: the",Sentence: the,first_noun,-6.033356666564941,-5.465204238891602,0.5681524276733398,passive,1.0
2064,role_labeled,passive,passive,a mayor is described by a manager .,an adult describes an attorney .,an attorney is described by an adult .,an,adult,an,attorney,describ,describes,described,"[""AGENT=adult"", ""PATIENT=attorney"", ""VERB=describ""]","Prime sentence: a mayor is described by a manager .
Event roles: AGENT=adult; PATIENT=attorney; VERB=describ
Sentence: the",Sentence: the,first_noun,-6.043505668640137,-5.750913619995117,0.29259204864501953,passive,1.0
2064,role_labeled,no_prime_eos,no_prime_eos,,an adult describes an attorney .,an attorney is described by an adult .,an,adult,an,attorney,describ,describes,described,"[""AGENT=adult"", ""PATIENT=attorney"", ""VERB=describ""]","Event roles: AGENT=adult; PATIENT=attorney; VERB=describ
Sentence: the",Sentence: the,first_noun,-4.785627365112305,-6.356077194213867,-1.5704498291015625,active,0.0
2064,role_labeled,filler,filler,The signal flickered across the screen .,an adult describes an attorney .,an attorney is described by an adult .,an,adult,an,attorney,describ,describes,described,"[""AGENT=adult"", ""PATIENT=attorney"", ""VERB=describ""]","Prime sentence: The signal flickered across the screen .
Event roles: AGENT=adult; PATIENT=attorney; VERB=describ
Sentence: the",Sentence: the,first_noun,-6.374171257019043,-6.926507949829102,-0.5523366928100586,active,0.0
2065,role_labeled,active,active,a priest selects a prince .,a chief selects a child .,a child is selected by a chief .,a,chief,a,child,select,selects,selected,"[""VERB=select"", ""PATIENT=child"", ""AGENT=chief""]","Prime sentence: a priest selects a prince .
Event roles: VERB=select; PATIENT=child; AGENT=chief
Sentence: the",Sentence: the,first_noun,-4.032624244689941,-4.239607334136963,-0.20698308944702148,active,0.0
2065,role_labeled,passive,passive,a prince is selected by a priest .,a chief selects a child .,a child is selected by a chief .,a,chief,a,child,select,selects,selected,"[""VERB=select"", ""PATIENT=child"", ""AGENT=chief""]","Prime sentence: a prince is selected by a priest .
Event roles: VERB=select; PATIENT=child; AGENT=chief
Sentence: the",Sentence: the,first_noun,-4.189309597015381,-3.9362423419952393,0.2530672550201416,passive,1.0
2065,role_labeled,no_prime_eos,no_prime_eos,,a chief selects a child .,a child is selected by a chief .,a,chief,a,child,select,selects,selected,"[""VERB=select"", ""PATIENT=child"", ""AGENT=chief""]","Event roles: VERB=select; PATIENT=child; AGENT=chief
Sentence: the",Sentence: the,first_noun,-4.18237829208374,-4.30950927734375,-0.12713098526000977,active,0.0
2065,role_labeled,filler,filler,The teacher listened during assembly .,a chief selects a child .,a child is selected by a chief .,a,chief,a,child,select,selects,selected,"[""VERB=select"", ""PATIENT=child"", ""AGENT=chief""]","Prime sentence: The teacher listened during assembly .
Event roles: VERB=select; PATIENT=child; AGENT=chief
Sentence: the",Sentence: the,first_noun,-3.1821532249450684,-3.2168636322021484,-0.03471040725708008,active,0.0
2066,role_labeled,active,active,an actor forgets an actress .,a lawyer forgets a leader .,a leader is forgotten by a lawyer .,a,lawyer,a,leader,forget,forgets,forgotten,"[""AGENT=lawyer"", ""PATIENT=leader"", ""VERB=forget""]","Prime sentence: an actor forgets an actress .
Event roles: AGENT=lawyer; PATIENT=leader; VERB=forget
Sentence: the",Sentence: the,first_noun,-4.59852409362793,-6.060159683227539,-1.4616355895996094,active,0.0
2066,role_labeled,passive,passive,an actress is forgotten by an actor .,a lawyer forgets a leader .,a leader is forgotten by a lawyer .,a,lawyer,a,leader,forget,forgets,forgotten,"[""AGENT=lawyer"", ""PATIENT=leader"", ""VERB=forget""]","Prime sentence: an actress is forgotten by an actor .
Event roles: AGENT=lawyer; PATIENT=leader; VERB=forget
Sentence: the",Sentence: the,first_noun,-4.364043235778809,-6.346438407897949,-1.9823951721191406,active,0.0
2066,role_labeled,no_prime_eos,no_prime_eos,,a lawyer forgets a leader .,a leader is forgotten by a lawyer .,a,lawyer,a,leader,forget,forgets,forgotten,"[""AGENT=lawyer"", ""PATIENT=leader"", ""VERB=forget""]","Event roles: AGENT=lawyer; PATIENT=leader; VERB=forget
Sentence: the",Sentence: the,first_noun,-4.493740558624268,-5.128210067749023,-0.6344695091247559,active,0.0
2066,role_labeled,filler,filler,The pillow rested on the sofa .,a lawyer forgets a leader .,a leader is forgotten by a lawyer .,a,lawyer,a,leader,forget,forgets,forgotten,"[""AGENT=lawyer"", ""PATIENT=leader"", ""VERB=forget""]","Prime sentence: The pillow rested on the sofa .
Event roles: AGENT=lawyer; PATIENT=leader; VERB=forget
Sentence: the",Sentence: the,first_noun,-5.631662368774414,-8.022415161132812,-2.3907527923583984,active,0.0
2067,role_labeled,active,active,an opponent forgets a parent .,a boy forgets a brother .,a brother is forgotten by a boy .,a,boy,a,brother,forget,forgets,forgotten,"[""VERB=forget"", ""PATIENT=brother"", ""AGENT=boy""]","Prime sentence: an opponent forgets a parent .
Event roles: VERB=forget; PATIENT=brother; AGENT=boy
Sentence: the",Sentence: the,first_noun,-3.6543197631835938,-5.440229892730713,-1.7859101295471191,active,0.0
2067,role_labeled,passive,passive,a parent is forgotten by an opponent .,a boy forgets a brother .,a brother is forgotten by a boy .,a,boy,a,brother,forget,forgets,forgotten,"[""VERB=forget"", ""PATIENT=brother"", ""AGENT=boy""]","Prime sentence: a parent is forgotten by an opponent .
Event roles: VERB=forget; PATIENT=brother; AGENT=boy
Sentence: the",Sentence: the,first_noun,-3.833034038543701,-5.823930263519287,-1.990896224975586,active,0.0
2067,role_labeled,no_prime_eos,no_prime_eos,,a boy forgets a brother .,a brother is forgotten by a boy .,a,boy,a,brother,forget,forgets,forgotten,"[""VERB=forget"", ""PATIENT=brother"", ""AGENT=boy""]","Event roles: VERB=forget; PATIENT=brother; AGENT=boy
Sentence: the",Sentence: the,first_noun,-4.0046491622924805,-6.098136901855469,-2.0934877395629883,active,0.0
2067,role_labeled,filler,filler,The captain waited beside the harbor .,a boy forgets a brother .,a brother is forgotten by a boy .,a,boy,a,brother,forget,forgets,forgotten,"[""VERB=forget"", ""PATIENT=brother"", ""AGENT=boy""]","Prime sentence: The captain waited beside the harbor .
Event roles: VERB=forget; PATIENT=brother; AGENT=boy
Sentence: the",Sentence: the,first_noun,-4.187382221221924,-7.007233619689941,-2.8198513984680176,active,0.0
2068,role_labeled,active,active,a prince beats a princess .,a child beats a colonel .,a colonel is beaten by a child .,a,child,a,colonel,beat,beats,beaten,"[""AGENT=child"", ""VERB=beat"", ""PATIENT=colonel""]","Prime sentence: a prince beats a princess .
Event roles: AGENT=child; VERB=beat; PATIENT=colonel
Sentence: the",Sentence: the,first_noun,-4.146843910217285,-4.862837791442871,-0.7159938812255859,active,0.0
2068,role_labeled,passive,passive,a princess is beaten by a prince .,a child beats a colonel .,a colonel is beaten by a child .,a,child,a,colonel,beat,beats,beaten,"[""AGENT=child"", ""VERB=beat"", ""PATIENT=colonel""]","Prime sentence: a princess is beaten by a prince .
Event roles: AGENT=child; VERB=beat; PATIENT=colonel
Sentence: the",Sentence: the,first_noun,-4.18043327331543,-5.138155460357666,-0.9577221870422363,active,0.0
2068,role_labeled,no_prime_eos,no_prime_eos,,a child beats a colonel .,a colonel is beaten by a child .,a,child,a,colonel,beat,beats,beaten,"[""AGENT=child"", ""VERB=beat"", ""PATIENT=colonel""]","Event roles: AGENT=child; VERB=beat; PATIENT=colonel
Sentence: the",Sentence: the,first_noun,-4.326168060302734,-4.926558971405029,-0.6003909111022949,active,0.0
2068,role_labeled,filler,filler,The pillow rested on the sofa .,a child beats a colonel .,a colonel is beaten by a child .,a,child,a,colonel,beat,beats,beaten,"[""AGENT=child"", ""VERB=beat"", ""PATIENT=colonel""]","Prime sentence: The pillow rested on the sofa .
Event roles: AGENT=child; VERB=beat; PATIENT=colonel
Sentence: the",Sentence: the,first_noun,-4.609006404876709,-6.08452033996582,-1.4755139350891113,active,0.0
2069,role_labeled,active,active,a worker drags a writer .,a king drags a lady .,a lady is dragged by a king .,a,king,a,lady,drag,drags,dragged,"[""PATIENT=lady"", ""AGENT=king"", ""VERB=drag""]","Prime sentence: a worker drags a writer .
Event roles: PATIENT=lady; AGENT=king; VERB=drag
Sentence: the",Sentence: the,first_noun,-2.430767059326172,-4.7854437828063965,-2.3546767234802246,active,0.0
2069,role_labeled,passive,passive,a writer is dragged by a worker .,a king drags a lady .,a lady is dragged by a king .,a,king,a,lady,drag,drags,dragged,"[""PATIENT=lady"", ""AGENT=king"", ""VERB=drag""]","Prime sentence: a writer is dragged by a worker .
Event roles: PATIENT=lady; AGENT=king; VERB=drag
Sentence: the",Sentence: the,first_noun,-2.963054656982422,-5.128146648406982,-2.1650919914245605,active,0.0
2069,role_labeled,no_prime_eos,no_prime_eos,,a king drags a lady .,a lady is dragged by a king .,a,king,a,lady,drag,drags,dragged,"[""PATIENT=lady"", ""AGENT=king"", ""VERB=drag""]","Event roles: PATIENT=lady; AGENT=king; VERB=drag
Sentence: the",Sentence: the,first_noun,-2.492973804473877,-5.094855785369873,-2.601881980895996,active,0.0
2069,role_labeled,filler,filler,The tourist wandered through the plaza .,a king drags a lady .,a lady is dragged by a king .,a,king,a,lady,drag,drags,dragged,"[""PATIENT=lady"", ""AGENT=king"", ""VERB=drag""]","Prime sentence: The tourist wandered through the plaza .
Event roles: PATIENT=lady; AGENT=king; VERB=drag
Sentence: the",Sentence: the,first_noun,-3.165357828140259,-3.4679458141326904,-0.30258798599243164,active,0.0
2070,role_labeled,active,active,a president hurts a priest .,a champion hurts a chief .,a chief is hurt by a champion .,a,champion,a,chief,hurt,hurts,hurt,"[""VERB=hurt"", ""AGENT=champion"", ""PATIENT=chief""]","Prime sentence: a president hurts a priest .
Event roles: VERB=hurt; AGENT=champion; PATIENT=chief
Sentence: the",Sentence: the,first_noun,-7.866177082061768,-5.439238548278809,2.426938533782959,passive,1.0
2070,role_labeled,passive,passive,a priest is hurt by a president .,a champion hurts a chief .,a chief is hurt by a champion .,a,champion,a,chief,hurt,hurts,hurt,"[""VERB=hurt"", ""AGENT=champion"", ""PATIENT=chief""]","Prime sentence: a priest is hurt by a president .
Event roles: VERB=hurt; AGENT=champion; PATIENT=chief
Sentence: the",Sentence: the,first_noun,-6.641692161560059,-5.103669166564941,1.5380229949951172,passive,1.0
2070,role_labeled,no_prime_eos,no_prime_eos,,a champion hurts a chief .,a chief is hurt by a champion .,a,champion,a,chief,hurt,hurts,hurt,"[""VERB=hurt"", ""AGENT=champion"", ""PATIENT=chief""]","Event roles: VERB=hurt; AGENT=champion; PATIENT=chief
Sentence: the",Sentence: the,first_noun,-4.637938976287842,-4.582947731018066,0.05499124526977539,passive,1.0
2070,role_labeled,filler,filler,The teacher listened during assembly .,a champion hurts a chief .,a chief is hurt by a champion .,a,champion,a,chief,hurt,hurts,hurt,"[""VERB=hurt"", ""AGENT=champion"", ""PATIENT=chief""]","Prime sentence: The teacher listened during assembly .
Event roles: VERB=hurt; AGENT=champion; PATIENT=chief
Sentence: the",Sentence: the,first_noun,-4.99315071105957,-4.181036949157715,0.8121137619018555,passive,1.0
2071,role_labeled,active,active,a daughter hurts a doctor .,a reader hurts a scientist .,a scientist is hurt by a reader .,a,reader,a,scientist,hurt,hurts,hurt,"[""PATIENT=scientist"", ""AGENT=reader"", ""VERB=hurt""]","Prime sentence: a daughter hurts a doctor .
Event roles: PATIENT=scientist; AGENT=reader; VERB=hurt
Sentence: the",Sentence: the,first_noun,-6.059640407562256,-3.8993427753448486,2.1602976322174072,passive,1.0
2071,role_labeled,passive,passive,a doctor is hurt by a daughter .,a reader hurts a scientist .,a scientist is hurt by a reader .,a,reader,a,scientist,hurt,hurts,hurt,"[""PATIENT=scientist"", ""AGENT=reader"", ""VERB=hurt""]","Prime sentence: a doctor is hurt by a daughter .
Event roles: PATIENT=scientist; AGENT=reader; VERB=hurt
Sentence: the",Sentence: the,first_noun,-6.090313911437988,-3.151080846786499,2.9392330646514893,passive,1.0
2071,role_labeled,no_prime_eos,no_prime_eos,,a reader hurts a scientist .,a scientist is hurt by a reader .,a,reader,a,scientist,hurt,hurts,hurt,"[""PATIENT=scientist"", ""AGENT=reader"", ""VERB=hurt""]","Event roles: PATIENT=scientist; AGENT=reader; VERB=hurt
Sentence: the",Sentence: the,first_noun,-4.673417091369629,-4.340920448303223,0.33249664306640625,passive,1.0
2071,role_labeled,filler,filler,The sculpture stood in the hallway .,a reader hurts a scientist .,a scientist is hurt by a reader .,a,reader,a,scientist,hurt,hurts,hurt,"[""PATIENT=scientist"", ""AGENT=reader"", ""VERB=hurt""]","Prime sentence: The sculpture stood in the hallway .
Event roles: PATIENT=scientist; AGENT=reader; VERB=hurt
Sentence: the",Sentence: the,first_noun,-6.32041072845459,-4.089584827423096,2.230825901031494,passive,1.0
2072,role_labeled,active,active,a mother describes a nurse .,an author describes a bishop .,a bishop is described by an author .,an,author,a,bishop,describ,describes,described,"[""AGENT=author"", ""PATIENT=bishop"", ""VERB=describ""]","Prime sentence: a mother describes a nurse .
Event roles: AGENT=author; PATIENT=bishop; VERB=describ
Sentence: the",Sentence: the,first_noun,-5.389186859130859,-3.9424140453338623,1.446772813796997,passive,1.0
2072,role_labeled,passive,passive,a nurse is described by a mother .,an author describes a bishop .,a bishop is described by an author .,an,author,a,bishop,describ,describes,described,"[""AGENT=author"", ""PATIENT=bishop"", ""VERB=describ""]","Prime sentence: a nurse is described by a mother .
Event roles: AGENT=author; PATIENT=bishop; VERB=describ
Sentence: the",Sentence: the,first_noun,-5.117313385009766,-3.705552339553833,1.4117610454559326,passive,1.0
2072,role_labeled,no_prime_eos,no_prime_eos,,an author describes a bishop .,a bishop is described by an author .,an,author,a,bishop,describ,describes,described,"[""AGENT=author"", ""PATIENT=bishop"", ""VERB=describ""]","Event roles: AGENT=author; PATIENT=bishop; VERB=describ
Sentence: the",Sentence: the,first_noun,-4.241824150085449,-3.8124840259552,0.429340124130249,passive,1.0
2072,role_labeled,filler,filler,The notebook stayed on the shelf .,an author describes a bishop .,a bishop is described by an author .,an,author,a,bishop,describ,describes,described,"[""AGENT=author"", ""PATIENT=bishop"", ""VERB=describ""]","Prime sentence: The notebook stayed on the shelf .
Event roles: AGENT=author; PATIENT=bishop; VERB=describ
Sentence: the",Sentence: the,first_noun,-6.272970199584961,-4.775277137756348,1.4976930618286133,passive,1.0
2073,role_labeled,active,active,a friend protects a girl .,a soldier protects a son .,a son is protected by a soldier .,a,soldier,a,son,protect,protects,protected,"[""VERB=protect"", ""PATIENT=son"", ""AGENT=soldier""]","Prime sentence: a friend protects a girl .
Event roles: VERB=protect; PATIENT=son; AGENT=soldier
Sentence: the",Sentence: the,first_noun,-3.636089563369751,-4.844664096832275,-1.2085745334625244,active,0.0
2073,role_labeled,passive,passive,a girl is protected by a friend .,a soldier protects a son .,a son is protected by a soldier .,a,soldier,a,son,protect,protects,protected,"[""VERB=protect"", ""PATIENT=son"", ""AGENT=soldier""]","Prime sentence: a girl is protected by a friend .
Event roles: VERB=protect; PATIENT=son; AGENT=soldier
Sentence: the",Sentence: the,first_noun,-3.5776968002319336,-5.223179340362549,-1.6454825401306152,active,0.0
2073,role_labeled,no_prime_eos,no_prime_eos,,a soldier protects a son .,a son is protected by a soldier .,a,soldier,a,son,protect,protects,protected,"[""VERB=protect"", ""PATIENT=son"", ""AGENT=soldier""]","Event roles: VERB=protect; PATIENT=son; AGENT=soldier
Sentence: the",Sentence: the,first_noun,-4.218683242797852,-5.2195305824279785,-1.000847339630127,active,0.0
2073,role_labeled,filler,filler,The teacher listened during assembly .,a soldier protects a son .,a son is protected by a soldier .,a,soldier,a,son,protect,protects,protected,"[""VERB=protect"", ""PATIENT=son"", ""AGENT=soldier""]","Prime sentence: The teacher listened during assembly .
Event roles: VERB=protect; PATIENT=son; AGENT=soldier
Sentence: the",Sentence: the,first_noun,-3.1868667602539062,-4.7404890060424805,-1.5536222457885742,active,0.0
2074,role_labeled,active,active,a captain carries a champion .,a physician carries a pilot .,a pilot is carried by a physician .,a,physician,a,pilot,carry,carries,carried,"[""PATIENT=pilot"", ""AGENT=physician"", ""VERB=carry""]","Prime sentence: a captain carries a champion .
Event roles: PATIENT=pilot; AGENT=physician; VERB=carry
Sentence: the",Sentence: the,first_noun,-6.036890029907227,-4.335862159729004,1.7010278701782227,passive,1.0
2074,role_labeled,passive,passive,a champion is carried by a captain .,a physician carries a pilot .,a pilot is carried by a physician .,a,physician,a,pilot,carry,carries,carried,"[""PATIENT=pilot"", ""AGENT=physician"", ""VERB=carry""]","Prime sentence: a champion is carried by a captain .
Event roles: PATIENT=pilot; AGENT=physician; VERB=carry
Sentence: the",Sentence: the,first_noun,-5.979531764984131,-4.936629772186279,1.0429019927978516,passive,1.0
2074,role_labeled,no_prime_eos,no_prime_eos,,a physician carries a pilot .,a pilot is carried by a physician .,a,physician,a,pilot,carry,carries,carried,"[""PATIENT=pilot"", ""AGENT=physician"", ""VERB=carry""]","Event roles: PATIENT=pilot; AGENT=physician; VERB=carry
Sentence: the",Sentence: the,first_noun,-4.544173717498779,-3.1388635635375977,1.4053101539611816,passive,1.0
2074,role_labeled,filler,filler,The kettle whistled in the kitchen .,a physician carries a pilot .,a pilot is carried by a physician .,a,physician,a,pilot,carry,carries,carried,"[""PATIENT=pilot"", ""AGENT=physician"", ""VERB=carry""]","Prime sentence: The kettle whistled in the kitchen .
Event roles: PATIENT=pilot; AGENT=physician; VERB=carry
Sentence: the",Sentence: the,first_noun,-6.508481025695801,-4.9321794509887695,1.5763015747070312,passive,1.0
2075,role_labeled,active,active,a leader understands a man .,an actor understands an actress .,an actress is understood by an actor .,an,actor,an,actress,understand,understands,understood,"[""AGENT=actor"", ""PATIENT=actress"", ""VERB=understand""]","Prime sentence: a leader understands a man .
Event roles: AGENT=actor; PATIENT=actress; VERB=understand
Sentence: the",Sentence: the,first_noun,-5.50559139251709,-7.648059844970703,-2.1424684524536133,active,0.0
2075,role_labeled,passive,passive,a man is understood by a leader .,an actor understands an actress .,an actress is understood by an actor .,an,actor,an,actress,understand,understands,understood,"[""AGENT=actor"", ""PATIENT=actress"", ""VERB=understand""]","Prime sentence: a man is understood by a leader .
Event roles: AGENT=actor; PATIENT=actress; VERB=understand
Sentence: the",Sentence: the,first_noun,-5.4005255699157715,-7.669673919677734,-2.269148349761963,active,0.0
2075,role_labeled,no_prime_eos,no_prime_eos,,an actor understands an actress .,an actress is understood by an actor .,an,actor,an,actress,understand,understands,understood,"[""AGENT=actor"", ""PATIENT=actress"", ""VERB=understand""]","Event roles: AGENT=actor; PATIENT=actress; VERB=understand
Sentence: the",Sentence: the,first_noun,-4.208900451660156,-6.49277400970459,-2.2838735580444336,active,0.0
2075,role_labeled,filler,filler,The teacher listened during assembly .,an actor understands an actress .,an actress is understood by an actor .,an,actor,an,actress,understand,understands,understood,"[""AGENT=actor"", ""PATIENT=actress"", ""VERB=understand""]","Prime sentence: The teacher listened during assembly .
Event roles: AGENT=actor; PATIENT=actress; VERB=understand
Sentence: the",Sentence: the,first_noun,-4.775522232055664,-6.879676818847656,-2.104154586791992,active,0.0
2076,role_labeled,active,active,a son washes a student .,a friend washes a girl .,a girl is washed by a friend .,a,friend,a,girl,wash,washes,washed,"[""PATIENT=girl"", ""AGENT=friend"", ""VERB=wash""]","Prime sentence: a son washes a student .
Event roles: PATIENT=girl; AGENT=friend; VERB=wash
Sentence: the",Sentence: the,first_noun,-4.860757827758789,-2.767714023590088,2.093043804168701,passive,1.0
2076,role_labeled,passive,passive,a student is washed by a son .,a friend washes a girl .,a girl is washed by a friend .,a,friend,a,girl,wash,washes,washed,"[""PATIENT=girl"", ""AGENT=friend"", ""VERB=wash""]","Prime sentence: a student is washed by a son .
Event roles: PATIENT=girl; AGENT=friend; VERB=wash
Sentence: the",Sentence: the,first_noun,-4.918702125549316,-2.6965889930725098,2.2221131324768066,passive,1.0
2076,role_labeled,no_prime_eos,no_prime_eos,,a friend washes a girl .,a girl is washed by a friend .,a,friend,a,girl,wash,washes,washed,"[""PATIENT=girl"", ""AGENT=friend"", ""VERB=wash""]","Event roles: PATIENT=girl; AGENT=friend; VERB=wash
Sentence: the",Sentence: the,first_noun,-5.425638198852539,-2.398310661315918,3.027327537536621,passive,1.0
2076,role_labeled,filler,filler,The planet shimmered above the valley .,a friend washes a girl .,a girl is washed by a friend .,a,friend,a,girl,wash,washes,washed,"[""PATIENT=girl"", ""AGENT=friend"", ""VERB=wash""]","Prime sentence: The planet shimmered above the valley .
Event roles: PATIENT=girl; AGENT=friend; VERB=wash
Sentence: the",Sentence: the,first_noun,-7.6740922927856445,-3.5213170051574707,4.152775287628174,passive,1.0
2077,role_labeled,active,active,a leader strikes a man .,an actor strikes an actress .,an actress is struck by an actor .,an,actor,an,actress,strik,strikes,struck,"[""VERB=strik"", ""AGENT=actor"", ""PATIENT=actress""]","Prime sentence: a leader strikes a man .
Event roles: VERB=strik; AGENT=actor; PATIENT=actress
Sentence: the",Sentence: the,first_noun,-5.61611270904541,-7.75262451171875,-2.13651180267334,active,0.0
2077,role_labeled,passive,passive,a man is struck by a leader .,an actor strikes an actress .,an actress is struck by an actor .,an,actor,an,actress,strik,strikes,struck,"[""VERB=strik"", ""AGENT=actor"", ""PATIENT=actress""]","Prime sentence: a man is struck by a leader .
Event roles: VERB=strik; AGENT=actor; PATIENT=actress
Sentence: the",Sentence: the,first_noun,-5.011096477508545,-7.143138885498047,-2.132042407989502,active,0.0
2077,role_labeled,no_prime_eos,no_prime_eos,,an actor strikes an actress .,an actress is struck by an actor .,an,actor,an,actress,strik,strikes,struck,"[""VERB=strik"", ""AGENT=actor"", ""PATIENT=actress""]","Event roles: VERB=strik; AGENT=actor; PATIENT=actress
Sentence: the",Sentence: the,first_noun,-4.312569618225098,-6.266823768615723,-1.954254150390625,active,0.0
2077,role_labeled,filler,filler,The notebook stayed on the shelf .,an actor strikes an actress .,an actress is struck by an actor .,an,actor,an,actress,strik,strikes,struck,"[""VERB=strik"", ""AGENT=actor"", ""PATIENT=actress""]","Prime sentence: The notebook stayed on the shelf .
Event roles: VERB=strik; AGENT=actor; PATIENT=actress
Sentence: the",Sentence: the,first_noun,-6.682687759399414,-7.614016532897949,-0.9313287734985352,active,0.0
2078,role_labeled,active,active,a scientist teaches a secretary .,a daughter teaches a doctor .,a doctor is taught by a daughter .,a,daughter,a,doctor,teach,teaches,taught,"[""PATIENT=doctor"", ""VERB=teach"", ""AGENT=daughter""]","Prime sentence: a scientist teaches a secretary .
Event roles: PATIENT=doctor; VERB=teach; AGENT=daughter
Sentence: the",Sentence: the,first_noun,-4.916864395141602,-2.237628698348999,2.6792356967926025,passive,1.0
2078,role_labeled,passive,passive,a secretary is taught by a scientist .,a daughter teaches a doctor .,a doctor is taught by a daughter .,a,daughter,a,doctor,teach,teaches,taught,"[""PATIENT=doctor"", ""VERB=teach"", ""AGENT=daughter""]","Prime sentence: a secretary is taught by a scientist .
Event roles: PATIENT=doctor; VERB=teach; AGENT=daughter
Sentence: the",Sentence: the,first_noun,-5.477736473083496,-2.514521837234497,2.963214635848999,passive,1.0
2078,role_labeled,no_prime_eos,no_prime_eos,,a daughter teaches a doctor .,a doctor is taught by a daughter .,a,daughter,a,doctor,teach,teaches,taught,"[""PATIENT=doctor"", ""VERB=teach"", ""AGENT=daughter""]","Event roles: PATIENT=doctor; VERB=teach; AGENT=daughter
Sentence: the",Sentence: the,first_noun,-4.898467540740967,-3.063514232635498,1.8349533081054688,passive,1.0
2078,role_labeled,filler,filler,The garden brightened after rain .,a daughter teaches a doctor .,a doctor is taught by a daughter .,a,daughter,a,doctor,teach,teaches,taught,"[""PATIENT=doctor"", ""VERB=teach"", ""AGENT=daughter""]","Prime sentence: The garden brightened after rain .
Event roles: PATIENT=doctor; VERB=teach; AGENT=daughter
Sentence: the",Sentence: the,first_noun,-6.452731132507324,-4.548160552978516,1.9045705795288086,passive,1.0
2079,role_labeled,active,active,a singer forgives a soldier .,an employer forgives a father .,a father is forgiven by an employer .,an,employer,a,father,forgiv,forgives,forgiven,"[""PATIENT=father"", ""VERB=forgiv"", ""AGENT=employer""]","Prime sentence: a singer forgives a soldier .
Event roles: PATIENT=father; VERB=forgiv; AGENT=employer
Sentence: the",Sentence: the,first_noun,-6.932555198669434,-3.7920637130737305,3.140491485595703,passive,1.0
2079,role_labeled,passive,passive,a soldier is forgiven by a singer .,an employer forgives a father .,a father is forgiven by an employer .,an,employer,a,father,forgiv,forgives,forgiven,"[""PATIENT=father"", ""VERB=forgiv"", ""AGENT=employer""]","Prime sentence: a soldier is forgiven by a singer .
Event roles: PATIENT=father; VERB=forgiv; AGENT=employer
Sentence: the",Sentence: the,first_noun,-6.9310102462768555,-3.8812203407287598,3.0497899055480957,passive,1.0
2079,role_labeled,no_prime_eos,no_prime_eos,,an employer forgives a father .,a father is forgiven by an employer .,an,employer,a,father,forgiv,forgives,forgiven,"[""PATIENT=father"", ""VERB=forgiv"", ""AGENT=employer""]","Event roles: PATIENT=father; VERB=forgiv; AGENT=employer
Sentence: the",Sentence: the,first_noun,-5.724836349487305,-3.5411970615386963,2.1836392879486084,passive,1.0
2079,role_labeled,filler,filler,The kettle whistled in the kitchen .,an employer forgives a father .,a father is forgiven by an employer .,an,employer,a,father,forgiv,forgives,forgiven,"[""PATIENT=father"", ""VERB=forgiv"", ""AGENT=employer""]","Prime sentence: The kettle whistled in the kitchen .
Event roles: PATIENT=father; VERB=forgiv; AGENT=employer
Sentence: the",Sentence: the,first_noun,-7.9754533767700195,-5.436568260192871,2.5388851165771484,passive,1.0
